name	type	PC1	PC2	PC3	PC4	PC5	PC6	PC7	PC8	PC9	PC10	BASO_COUNT	EO_COUNT	HCT	HGB	LYMPH_COUNT	MCH	MCHC	MCV	MEAN_RETIC_VOL	MONO_COUNT	MPV	NEUTRO_COUNT	PLT_COUNT	RBC_COUNT	RETIC_COUNT	WBC_COUNT
BM1077-MEP-Frozen-160107-86	MEP	21.749	-12.082	-3.1072	5.1261	3.0706	-0.17608	1.3579	-0.32392	-1.4886	-2.3274	-0.34291168297123	1.67501059505037	-0.440226901377684	0.368351183853173	-0.271117305513104	-0.682522953312569	-0.489022726064413	-0.61085426506973	0.0512703677903136	-0.425576953614544	-0.475127888388878	-0.465151390954295	-0.185857365307828	-0.624406603935365	-0.674403140894675	-0.591778741635606
singles-BM0828-MEP-160420-22	MEP	26.937	-11.434	-4.0353	4.9387	4.0379	1.2114	1.3773	0.056121	-1.3856	-2.3609	-1.12512741804213	-0.671914089585498	-1.40291404010264	-0.697519757765325	-1.59909645278017	-0.180248022934611	-1.39710710575439	-0.171377252703776	0.424004855902973	-1.26848913668396	0.839507047676095	-1.52588454861516	-1.03345355228022	-0.195944005736501	-1.35419619710894	-2.27126620854998
singles-BM0828-MEP-160420-48	MEP	28.246	-11.364	-3.9274	5.1278	3.922	0.98538	1.4049	-0.2248	-1.324	-2.5154	-0.51893437825299	-1.22041948819192	-1.31835819323588	-1.24914746848427	-0.175804742451225	0.813193367749761	0.951478700477252	1.34170550021137	0.518160283191385	-0.577561811295045	-0.383122986438523	-0.745123901885601	-0.440005114256019	0.380766741912679	2.18618256787389	-0.826707372424783
BM1077-MEP-Frozen-160107-13	MEP	32.516	-10.186	-4.2238	5.7975	3.8445	0.64138	1.8849	-0.33634	-1.4105	-2.547	0.8057368144546	0.473687829553308	1.09390928943399	1.15515494978543	0.11211067256853	-0.72062984308881	0.256230169980486	-1.04857447164421	-1.04289418363365	1.82218796649727	-0.7099612727466	0.0969470042775199	-0.335934102018412	0.457874133540677	-0.040031651419028	0.803792188567865
singles-MEP-141017-52	MEP	25.356	-12.145	-2.9767	5.263	3.1349	0.40487	1.71	-0.25686	-1.7521	-2.3996	3.09010902344706	0.245541288280723	-1.07422571065592	-1.07919847120171	0.715857552788057	-0.961284726225152	0.280306648524945	-1.10623658757596	-0.716900814086991	2.6360722291182	-0.554699610055812	-0.568894917069123	2.73300274974454	-0.4162453950103	-0.893747114401789	-0.638336107193911
singles-BM0828-MEP-160420-71	MEP	31.208	-10.341	-3.9103	5.421	4.5266	1.5616	1.6918	-0.1539	-1.6649	-2.4047	-0.670859450784612	-1.35365171530411	0.303716405031707	0.0712212864344298	0.269926863514818	-0.601394303543835	0.686010429053544	-1.168935757656	0.110780554211311	-0.894551042244033	-1.06268763921565	-0.87028925062341	-1.22263903586272	0.349442824962183	-1.08002497720386	-1.00999487674603
BM1077-MEP-Frozen-160107-5	MEP	29.947	-10.855	-3.69	5.9639	3.7559	0.5828	2.0772	-0.11719	-1.8488	-2.427	-0.407252179851962	-0.758817088197336	-0.940309269193609	-1.21252425479287	-1.2853115091181	-0.982726048969756	-0.167586343303301	-1.09599104553123	-1.36796848143117	4.38807649978877	2.05734409340055	0.697746197971724	-0.355424185196158	-0.952592970861549	-0.146967245986442	0.0564552387234115
singles-BM0828-MEP-160420-45	MEP	28.421	-10.501	-3.8962	5.2025	4.7201	1.4693	1.5709	0.19045	-1.7633	-2.2632	-0.385377183000605	0.102077915751871	-0.406414717516079	-0.643997155721491	-0.281504800257234	-1.46029924766526	-0.89097961560591	-0.449817841038658	-0.561171071722971	-1.67628588333616	-1.31774898806763	-0.51504633741593	-0.65321924958982	-1.45733135513072	-0.535932953512143	-0.849544727372736
BM1077-MEP-Frozen-160107-7	MEP	24.668	-11.654	-3.2159	5.5465	2.5461	-0.31282	1.7585	-0.35657	-1.3827	-2.3853	-0.222206402604117	1.43470717376699	-0.537453857127739	-0.473155075575809	-0.494435369015341	0.334573127472274	1.61118292242539	-0.643821739491953	-0.285960383950475	0.0452938486825522	-1.51657601803415	-0.473863978652729	0.427495077097867	0.222587822308027	-1.17921589998822	-0.921853915231698
BM1077-MEP-Frozen-160107-9	MEP	20.494	-12.103	-3.3423	4.7631	2.0234	-0.41708	1.4206	-0.077143	-1.1904	-2.236	0.0369055999325718	-0.428160104160154	-0.393726080897105	0.159851821814438	0.360560432214423	-0.0352147345160536	0.263555283126061	-0.0441167567722651	1.17035188093137	2.26801240204796	0.255340238378437	-0.358350557012314	0.606882113147188	0.143690678325498	0.710603040307422	-0.248656090547463
BM1077-MEP-Frozen-160107-12	MEP	24.838	-11.328	-3.8629	5.3509	2.919	-0.41612	1.478	-0.2595	-1.5091	-2.4759	-0.0656429319401688	1.94128063003462	-0.575918224672056	-0.0872708101329924	2.1574787617446	-0.45309960198001	-0.627085566630507	-0.744793441951537	-0.991092784846627	-0.809067117131117	-0.446792347397843	-0.0400464139869846	0.250801971954837	-0.92298417420571	-0.247736797738144	-0.510190191407292
singles-BM0828-MEP-160420-18	MEP	29.477	-10.678	-4.2809	5.1078	4.3191	1.3018	1.3966	0.070563	-1.5398	-2.3707	-0.354414306411505	-1.04013943809854	1.20628418142366	1.0733728813528	-0.424610767450242	-0.571590231674538	-0.123015189520971	-0.937051117910299	-1.07869787748856	-0.10417161230286	0.102941395122576	-1.41561915998543	1.55869477413228	0.486358614631525	-1.45055343877021	-1.29867288673147
singles-MEP-141017-9	MEP	20.474	-12.495	-3.206	4.752	2.8672	0.31565	1.2333	0.039084	-1.545	-2.1071	-0.338441438812912	1.8095944354515	-0.0634459758998087	0.500211545875558	-0.756050581824742	-0.78216904770868	-0.429116955224445	-0.245671342593229	-0.445774473866375	-0.488205480410906	-0.741473439784601	-0.55968190469532	-0.41903407916995	0.0403891092918478	-0.513701444334394	-0.432848393220627
singles-MEP-141017-21	MEP	27.464	-11.751	-2.8039	5.694	3.5556	0.50374	1.7419	-0.4414	-1.845	-2.3819	-0.157232683569869	-0.0156504924418406	-1.15193456553396	-0.406228151625747	-1.3946293250267	-2.37059213390489	-0.417231029885194	-1.44256785998548	-0.921022449619648	0.818333331443423	-0.79432333888473	-1.0823625956914	0.170028375928377	-1.58615646648808	-1.22726599783544	-1.29196522940702
singles-BM0828-MEP-160420-56	MEP	24.178	-11.704	-3.6301	4.8788	3.8122	1.0046	1.4699	0.28715	-1.5953	-2.3819	-0.474947678334674	1.75829994484906	-1.47407537820705	-0.762940142472718	-1.33874246027813	2.06959188598134	-0.0327057842374195	2.04156586121907	1.12342960172537	-1.49512688208405	-1.60287984810044	0.0490108680972503	-1.1245150650267	0.700077776970965	1.10329681033117	-1.10456291814846
singles-MEP-141017-67	MEP	17.539	-12.176	-3.6076	4.3455	2.8331	-0.013964	1.1494	0.20373	-1.4169	-1.9612	-0.53117934160062	-0.765306487722362	-0.953423033511061	-0.87543312590109	-1.22545017163304	-0.0437730851863787	-0.224949655025633	-0.542182339855749	0.249672784036249	-0.414257212631212	1.3669463513946	1.29499038857554	1.65850736618387	2.7839544335681	1.08160296673463	-1.11757685260609
singles-BM0828-MEP-160420-87	MEP	30.035	-10.734	-3.8263	4.8453	4.3458	1.3915	1.3379	-0.19161	-1.5288	-2.5494	-0.584641435165108	-0.92474109842892	-1.401716196174	-1.12869593962016	-0.559516557571433	-1.0042710543026	-0.635452238070294	-1.02515062864259	-0.972314442191429	0.311804830100838	-0.62078520285601	-0.961132484300599	-0.490234511351929	-0.579254524512916	-0.398386084839744	-1.00316109853585
singles-BM0828-MEP-160420-4	MEP	29.538	-10.738	-4.0519	5.2183	4.3668	1.5222	1.6433	0.065569	-1.4814	-2.2903	-0.392171687475996	-0.171297176864352	3.63295818640777	5.31240261627049	-1.58904577485685	-1.66576157289991	-0.035328242718983	-1.1685125965565	-1.44802806744539	-0.630878811254899	-1.8493460360494	-1.20677736012654	-1.15669681778708	1.02928280324837	0.108017538182293	-1.17010718051346
singles-BM0828-MEP-160420-25	MEP	30.923	-10.273	-3.951	5.1069	4.65	1.5763	1.456	-0.082343	-1.4771	-2.336	1.32316673672976	0.285123375687016	2.81296607567759	2.6273987202838	1.46429871909116	0.764155216107252	0.476259518317788	-0.346772198340553	1.46640784107256	0.547068939397508	-0.754298622663332	1.0082256559822	-1.38146039211465	0.0725854156467718	1.60924692739989	1.44897752848085
BM1077-MEP-Frozen-160107-15	MEP	14.631	-11.506	-3.6427	4.1153	1.6279	-0.66172	1.0709	0.32741	-1.0623	-2.0419	0.264016648132733	-0.761254088105286	-0.355409003355814	0.242506041968243	-0.339517152986431	-0.782584635555035	-0.59434473741536	-0.314945027905307	-0.048516236846707	0.356953757867886	-0.255138543071593	-0.401004762075847	0.650858751769261	-0.803734857157404	2.33073850089179	-0.83725809242504
singles-BM0828-MEP-160420-44	MEP	30.821	-10.653	-3.8519	5.3186	4.4172	1.4082	1.5825	-0.15811	-1.575	-2.4428	-1.33345752309423	-0.0714619474586128	-0.926503211414735	-0.917754426192635	-0.561564714975109	1.1598171307821	0.384114929829446	0.477710639650599	1.77061376699531	-1.15026598798066	-1.20982291350487	-0.810680254382698	-1.68907200900574	0.94907304799827	0.759725286816324	-1.44994271023459
singles-BM0828-MEP-160420-43	MEP	24.961	-12.173	-3.2356	4.9989	3.7627	1.2174	1.418	-0.31518	-1.3811	-2.3169	-0.30915572729332	-1.07588887806835	0.832148208839637	0.400162258677359	-0.815096530823812	-0.168813872315721	-0.505142690513233	0.467894220833864	-1.20040437642891	-0.310003133910693	-0.543390347447177	-0.946588041246414	0.120203339256525	0.759829467690863	-1.01148566976997	-0.991897533791661
singles-BM0828-MEP-160420-39	MEP	29.139	-10.899	-4.2139	4.8891	4.378	1.288	1.3976	-0.087387	-1.4949	-2.385	-0.554994952689949	1.86089088410814	1.72588539354375	1.71623139654965	0.878312245416597	-1.43799347623499	-0.669273666011868	-1.65079293088643	-2.25447983199464	-0.871600328404663	-0.289036463753298	0.502528382965018	-0.431405861369083	-0.231127865099214	-1.11367462105423	-0.10736666288409
BM1077-MEP-Frozen-160107-3	MEP	24.148	-11.976	-3.5319	5.2372	3.2066	0.39616	1.5954	0.060115	-1.6253	-2.3279	2.19699349566541	-0.500573332057823	-1.09962298998842	-0.861626939268481	-0.985783680479687	-0.582605755713179	-0.341723493689968	-0.877050854761453	-0.955701330858005	-0.669180978730534	1.44884040045119	0.613706512422004	0.350697767516263	-0.16646308242469	1.20045229741828	-0.938404420805601
BM1077-MEP-Frozen-160107-4	MEP	27.77	-11.555	-3.6482	5.4492	3.5975	0.64964	1.619	-0.12036	-1.7024	-2.5118	-0.467266133857597	-0.560690579784925	-0.360013634338466	-1.11098376215721	-0.828470691173825	0.0808425376244332	-0.786880197157351	-0.477229683624419	0.10360545762573	0.127244494714233	0.0193986860167513	-0.745875035316966	2.8268559834914	0.178150353406867	0.861060485271205	-0.667131775404409
singles-BM0828-MEP-160420-76	MEP	29.6	-10.915	-3.8914	5.0988	4.2567	1.3405	1.4948	-0.011687	-1.563	-2.4737	-0.26502074500768	0.266283916979919	-0.154837896042281	-0.478129235887786	1.28561623870312	-0.453917878616443	2.65994086102129	0.196134847650027	-0.824568967586355	-0.360462657575312	-1.23050726205144	1.15609779749662	0.756176239971748	-0.156973562570128	-0.415933547792085	1.44557623591747
singles-MEP-141017-38	MEP	12.655	-12.024	-3.1062	3.7745	2.1057	-0.23044	0.90317	0.4459	-1.2622	-1.9247	-0.469233367852118	2.01570060322959	-0.174633318755022	-0.571966655633421	-0.270565830723354	0.704074837325212	-0.708832487428473	0.278833917067751	1.27598713234459	2.02538484496873	1.01745283742129	1.76504922735667	1.66936431980773	0.679907650399567	-0.519734220186831	0.646547363649149
singles-BM0828-MEP-160420-12	MEP	28.169	-10.539	-4.4468	4.8588	4.3607	1.4981	1.4126	0.2308	-1.4165	-2.3643	-0.468142160905452	0.271062469031514	1.96110696952575	2.04516177612427	-0.272841472274749	1.15989354130995	0.66049468706753	0.509619912825546	0.229872225561153	-0.430674567075538	0.257541403054728	0.531627332354936	-0.631311252098787	2.81125028386469	-1.02308722511423	0.513188504324671
singles-BM0828-MEP-160420-30	MEP	29.038	-11.463	-3.3336	5.5289	4.0213	1.1923	1.6744	-0.30308	-1.6794	-2.386	0.937972344601478	-0.195224399564241	-0.319188934937233	0.326926053928126	0.0144786546901384	-0.313483437762832	0.204788498137926	-1.37199394851634	0.056949527968298	-1.00081860525708	-0.528084616167032	-1.05347268583811	-1.26998416409428	-0.771174354891649	-0.174467315729272	-0.639672671875383
BM1077-MEP-Frozen-160107-14	MEP	29.985	-11.016	-3.6217	6.0265	3.6469	0.38553	1.8172	-0.55825	-1.6427	-2.4107	0.133739092391317	0.515280492340564	-1.10575249158974	-0.662100127944233	-0.850223270436971	-1.97926134341456	-0.476011629137129	-1.7248659927296	-1.30873500957395	1.30975204619755	0.190701142608447	0.950563838507227	-0.894349863193136	-1.71315114232822	-1.03748179317073	-0.595679284670701
BM1077-MEP-Frozen-160107-45	MEP	24.282	-11.844	-3.4144	5.3501	2.742	-0.18161	1.6234	-0.29666	-1.6345	-2.3372	-0.521183816087171	-0.632774235354012	-0.261555852395238	0.142927050449328	0.448818404566059	0.44727287226	1.53514650107972	-0.07519199299554	-0.300947199565613	-0.406491769698556	2.62258108404787	-0.418910781578204	-0.659534040787405	0.260882283738444	-0.480291733618817	-0.637108222119455
singles-MEP-141017-22	MEP	16.546	-12.122	-3.0507	4.2693	2.4946	-0.17661	1.1533	0.37508	-1.3443	-2.1374	-0.361980947928961	0.325812604888703	-1.15411760195067	-1.08868687206804	-0.717302680449013	1.78492464745345	1.08861307766893	1.79744523006702	0.8967483028198	-0.0832757057952522	0.918885312667544	-0.280086304971116	0.592447271529965	0.0517132900473419	1.02148176043572	-0.327748070653068
singles-BM0828-MEP-160420-67	MEP	24.995	-12.011	-3.4335	5.0164	3.6543	0.65256	1.3738	-0.12921	-1.4486	-2.476	-0.526640389505012	-1.05491997215124	-0.77409886477301	-0.402824753585424	2.14229565461443	1.16731519486172	-0.84633630126567	0.259463326042194	1.31045271650948	-0.824899195505525	-0.82469806627849	-0.830313283685391	-0.5070362105674	-0.815443909903503	0.331151612396408	-0.793435607084529
singles-MEP-141017-34	MEP	31.782	-10.612	-2.5976	5.8334	3.834	1.1499	2.1086	-1.0194	-1.7959	-2.3902	-0.624368677257904	0.0617809165620475	-0.783564925586576	-0.353799269554298	-0.518360564665557	-0.173822046786849	-0.340532051036831	-0.885615423604518	-0.514287659147633	2.39852425839605	-0.0447953445142299	2.04770748832559	-0.105073391132079	-0.865968894288944	-0.587257683026846	-0.82510469282769
singles-BM0828-MEP-160420-23	MEP	24.414	-12.142	-3.2013	5.1714	3.4338	0.53227	1.5631	-0.011893	-1.6438	-2.3503	0.184347978185426	1.27158070031324	1.06398767880342	1.23754257598752	0.393904876709167	-0.57169610382582	0.992349728037588	0.365902877995604	-0.736121447904762	0.140585945569402	-0.0511828160949633	-0.276400930196619	-1.48748617822813	-0.263635848252632	0.618818793881177	-1.70340578434788
singles-MEP-141017-31	MEP	14.2	-12.25	-2.7913	3.9231	2.0259	-0.49012	0.84896	0.16082	-1.2217	-1.9707	-0.513659784629354	-0.221559308918469	0.122020730210204	0.816348726074085	-0.129152736634591	0.19798234664851	1.78367115524411	1.48901606228075	1.27556468174748	0.0524739942164626	1.38296683581965	-0.12575813921615	2.66125797190728	-0.06849441493672	-0.0513039819115676	-0.651336028911508
singles-BM0828-MEP-160420-79	MEP	24.144	-11.871	-4.1725	5.0533	3.8234	1.0056	1.5521	-0.21609	-1.5083	-2.2236	-0.313302601824105	-0.177267885343418	2.18427095885925	2.36429041529359	0.0429694858845658	-0.750807730424891	0.000449702530038505	-0.567431419809986	-0.969632705949832	2.07533066952729	1.46374610926795	1.52075168812989	-0.987085245319318	0.877406596792366	-0.754287613279194	1.03812647657633
BM1077-MEP-Frozen-160107-35	MEP	29.318	-10.906	-4.083	4.8925	2.9687	0.28283	1.3738	-0.59812	-1.0209	-2.5891	-0.449642056788753	1.76765095812354	-0.915671722507907	-0.679006563971611	-0.694158960053927	-0.0276775669202874	-0.328568460243193	-0.364067930017189	-1.23081190785755	-0.209312614888846	0.64823037213545	-0.829995934035582	3.15346629998897	-0.103027222292944	0.297647862285697	0.234415440682537
singles-BM0828-MEP-160420-28	MEP	27.447	-11.476	-3.9333	4.9242	3.9675	1.0186	1.3715	0.011781	-1.4647	-2.4381	-0.301455473476178	-1.13893647266018	1.55733212868849	2.00721499840634	2.12293143587205	-0.98767824041259	0.694477923552036	-1.04611987984638	-1.05504879289329	-0.481585274070435	-0.0362352360324137	0.298665500071646	-1.02736184342023	-0.42839254485564	0.119329981979696	1.48888951921123
singles-BM0828-MEP-160420-49	MEP	28.874	-11.12	-4.0281	5.1619	4.2913	1.2475	1.3103	-0.30771	-1.3661	-2.3216	-0.21154273712887	-0.447118167254812	1.61888506633096	-0.390094442070512	-0.324228598829344	0.867034801866803	0.0712552591782261	0.112805959391189	0.307642434040019	0.142776986178097	0.253481599238441	-1.87603768813465	-0.231957243195215	-0.642502979190247	0.661453313717904	-1.49739515083926
singles-MEP-141017-14	MEP	27.619	-11.723	-3.0238	5.6949	3.6104	0.52781	1.7026	-0.66011	-1.7671	-2.323	-0.654410107700332	0.0770755285808977	0.478657006619199	1.04869106701844	0.637632308430471	0.951342246274474	1.17602260321939	0.601024967182764	1.1851062775911	0.401493396710292	0.698847223192137	0.272409791181059	2.7456528952178	1.46389759365766	1.58463879824012	0.836443835183359
BM1077-MEP-Frozen-160107-22	MEP	29.977	-11.456	-3.3584	5.5546	3.4226	0.48031	2.0916	-0.45585	-1.6149	-2.2951	-0.542887904715276	-0.343796355308612	-1.02939920246591	0.465193593988054	-0.521783464573124	-1.10606894473385	-0.523204883296204	-0.699119281129923	0.123959363633649	-0.0662436346448113	-1.11917538878663	0.377499658117814	-0.568961720980057	-0.380176085519378	-1.52275554478024	-0.419903755736619
BM1077-MEP-Frozen-160107-56	MEP	19.144	-11.629	-3.5846	4.7908	2.0664	-0.44799	1.52	0.26229	-1.4745	-2.2419	-0.64611535733685	-0.768040068757384	-0.247826423659269	-0.911986155814542	-0.858147928965702	0.494521489348781	-1.03887618930989	-0.918083519760091	0.0339524467278437	-0.344134342900246	1.09292508065239	0.502865987721017	1.83627505346959	-0.479573424684908	1.01863492862224	0.609880600256523
BM1077-MEP-Frozen-160107-37	MEP	18.476	-11.922	-3.6567	4.5687	2.0143	-0.4432	1.3473	0.012631	-1.2962	-2.2443	-0.496981608571282	-0.203895698697466	-0.764458616271913	-0.596234324047934	-0.903410035569033	2.87619712100666	0.0183503293258899	1.73376694627031	2.67953534667421	1.00232565133941	-0.0373228332054238	-0.954310740939843	1.16971663280081	1.53102648713518	4.86204240913297	-0.810331841038002
singles-MEP-141017-5	MEP	16.859	-12.177	-3.2421	4.3171	2.5293	-0.23907	1.0012	0.21807	-1.321	-2.045	0.00211011107922133	2.87426109628092	-1.08469145250034	-0.833189409691972	-0.423418844963317	-0.261386316102922	-0.838683082840005	-0.113868224211052	-0.347314686264119	-0.303707674605777	-0.0736967455981427	-1.1158368901492	1.06373229979829	-0.187319817421772	-1.52605433240415	-1.07190213246139
singles-MEP-141017-90	MEP	24.884	-12.03	-3.7199	5.1987	3.5392	0.57522	1.4409	-0.38866	-1.5599	-2.3738	-0.17550345290258	-0.542543679885037	-0.0703865406923397	-0.012715808916523	-0.802216073024775	0.729312482885701	0.936453930983879	-0.161711911148155	0.349661054158595	0.619478204629712	-0.163211677723236	-1.06297735533903	0.19179271362161	0.292628069679182	-0.750398025781099	-0.857727185823901
BM1077-MEP-Frozen-160107-38	MEP	26.075	-11.349	-3.6326	5.7111	2.7686	-0.13692	1.9039	-0.26061	-1.6159	-2.4557	-0.811589667272165	-1.86501909983009	-1.27116401762653	-0.534881217309236	1.2076399608013	-1.19811139641737	-0.741229143771708	-1.51073341822942	-1.7103818020334	-0.905474467384041	-0.0663049762304505	0.673239437368647	0.608396185444193	-1.3248198232255	1.39385910764929	0.58700734435638
singles-BM0828-MEP-160420-6	MEP	29.629	-10.882	-3.5421	5.4895	4.5545	1.3673	1.8504	-0.16413	-1.698	-2.3383	1.31463392090361	-0.82754343502599	0.956365417922019	1.15324178881092	-0.321789618659746	-0.215605418347966	-0.720725377717394	0.548696935037191	0.319557218388244	-0.26137814277582	0.709549718707126	-0.465315666615854	0.635049221306709	1.02226495696059	-0.317817736837461	-0.323829700009148
BM1077-MEP-Frozen-160107-91	MEP	22.655	-11.631	-3.7513	5.2368	2.5698	-0.47382	1.7005	-0.13929	-1.475	-2.2681	3.73638717414637	0.770453009854996	-0.36218310672345	-0.911048652077187	-1.60502349124016	-1.36633793123437	-0.981403822020442	-0.30861267228537	-0.156719020198381	0.84337330582523	0.525683520121234	2.47721955744299	0.353008550838118	-1.43168820526955	-0.621284264587746	1.56722158644704
singles-BM0828-MEP-160420-41	MEP	32.883	-8.6579	-4.8132	4.8733	4.7748	1.5885	1.403	-0.2459	-1.3524	-2.5165	-0.870360763373917	-0.962717893446235	-0.343934065347404	-0.418579116955772	-1.00299958385762	0.824407013422683	-0.717289256345806	1.24214609089723	1.11884544558807	0.0629545251926939	-0.809035453157183	0.645723004176688	0.469882578373942	-0.0038233201023403	-0.797123875716779	0.51597033089513
singles-BM0828-MEP-160420-66	MEP	33.343	-10.105	-3.3928	5.7813	4.3343	1.3441	2.0354	-0.56717	-1.7947	-2.4141	-0.478175503219338	1.54294148013351	-0.791807507089315	-1.09912192123094	-0.340752989913017	-1.26551944965837	-0.915351662759938	-0.969155362600149	-1.8791599350645	0.502081364692596	-0.541636213061816	-0.341281367183333	1.67253787826321	-1.24889210662847	-0.954893250985551	-1.48344515975115
BM1077-MEP-Frozen-160107-43	MEP	25.232	-11.836	-3.4376	5.4391	2.9524	-0.024324	1.8214	-0.34447	-1.6489	-2.3621	-0.503836174268398	-0.340553803796635	-0.268220401142824	-0.221191320690644	-0.576299873777609	-0.771055456582948	-0.830093677405671	-1.11283141901181	-1.36679061164959	-0.454190228561156	3.27381462983098	-0.690468249403197	0.359729167051903	-0.698953534929706	1.12425734951284	-0.308837152820103
singles-MEP-141017-68	MEP	18.772	-12.196	-3.1299	4.6406	2.7969	-0.15778	1.3415	-0.13103	-1.7132	-2.1842	-0.232928792163552	-0.746922856707542	-0.35333197228587	-0.75212839047066	0.131203524171142	-0.77703398172794	-0.403948053072965	-0.427584862372688	-0.191695671839661	-0.713572814400728	-0.966457687473023	1.06270920270366	-1.04612986874161	-0.340145545886201	-0.5243490160346	0.680611083737025
singles-BM0828-MEP-160420-74	MEP	20.185	-12.42	-3.592	4.6811	3.205	0.50062	1.1426	-0.19936	-1.4168	-2.1622	-0.438636205018184	-0.607916767103778	0.101905340595984	-0.540399034558383	-0.257024840946709	0.872305697877674	-0.535827583494863	1.29844273790819	1.0447353048205	-0.7055370162327	-0.440829804156237	0.321137756942954	-0.182779055351195	-0.0921030143198645	0.905227259839024	-0.146060359983369
BM1077-MEP-Frozen-160107-89	MEP	19.483	-12.108	-3.7965	4.8043	2.5455	-0.2196	1.3923	-0.097059	-1.2531	-2.0793	-0.669779018278665	2.14546390857587	-0.774114325979863	-0.963013677282603	-0.177006053696962	-1.61436543197813	0.804124802486682	0.00984442106836559	1.06443882656095	0.647246070487952	1.35418826291086	1.77642316225737	1.31530748126008	-1.34341693853975	0.261392155549363	1.20881682398199
singles-BM0828-MEP-160420-89	MEP	30.252	-10.709	-4.2735	5.4703	4.3356	1.3437	1.693	-0.41785	-1.564	-2.3407	-0.472863375865392	-0.708814825984796	0.621496205050511	-0.796953512328515	0.157149821256532	-1.35198889746333	-1.21363103190632	-0.845795315763454	-1.69378957299437	-0.747247778945339	0.190376834193021	-0.395348018946379	-1.05204127326414	-0.665530165916849	-1.0267558882295	-0.272508909558818
singles-MEP-141017-36	MEP	20.821	-12.156	-3.2601	4.8129	3.0177	0.01626	1.4059	0.090141	-1.5865	-2.2661	-0.202211170380392	1.4004642745614	-1.26487242959885	-0.778443807623597	-0.49943112023844	0.172247997776459	-0.710733607641244	-0.683259659246747	-0.759767434167268	-1.15641800583593	-0.900762170755316	-1.12742771024057	-0.998216149719273	-1.16925157373022	0.402061003085913	-0.521512973901679
singles-BM0828-MEP-160420-59	MEP	24.91	-11.954	-3.5912	5.2311	3.6226	0.68216	1.6113	0.031013	-1.655	-2.2905	1.5393765118865	0.0263260210551283	-0.562771128443251	0.533189148659281	1.0023583026005	3.40809458345787	1.42782643454601	3.40336065062221	0.86087515080574	0.271165861740032	-2.15970398629484	-0.176019451404027	0.574558957089869	-0.0163209653265247	-0.373706091869016	-1.20771604589493
singles-BM0828-MEP-160420-85	MEP	27.877	-10.224	-4.2064	4.9479	4.7686	1.5904	1.5193	0.30953	-1.5198	-2.2457	-0.749158732031542	-0.943282614479605	-0.211962127991605	-0.88195733409025	1.24319307294787	-0.709963479772742	1.374734169184	-0.608293559067847	-0.367343319281478	-0.699266553871613	-1.36548257454175	0.442456785657618	-1.71338607793777	-0.484210168937697	-1.03344684715032	2.43355034188482
singles-MEP-141017-86	MEP	21.996	-12.117	-3.2949	5.082	3.0903	0.1569	1.518	-0.17695	-1.6914	-2.3543	-0.366904280608527	-0.250858937153306	-1.02881185348709	-0.821147344092142	-1.27281584654852	-0.124566515978943	-0.797594812628421	0.314496977340848	1.62010140638083	-0.94331958376594	-1.53017438407914	-0.60828171956598	-1.24257568133378	-0.100425368996043	0.454973925218746	-0.46807293687554
BM1077-MEP-Frozen-160107-36	MEP	24.068	-11.949	-3.7635	5.239	2.7979	-0.091688	1.6141	-0.32315	-1.4284	-2.2802	-0.558969185083338	-0.859131738236793	-1.05313425591952	-0.644061738371437	0.413564019200731	-0.362572076326662	-0.411020721577519	-0.868584731676971	1.53901127508186	-0.583566685921181	0.192335868999036	0.374822226157042	0.370176666361449	-1.10159704870062	0.0579577530713342	0.272362129916037
BM1077-MEP-Frozen-160107-53	MEP	24.667	-11.97	-3.4268	5.282	3.2648	0.43054	1.6335	0.023414	-1.6393	-2.3692	-0.583278194752137	1.01726061437901	-0.742591985562412	-0.35271160883554	-1.535301913245	0.491226610409228	-0.441663918267893	-0.153820120892861	-0.269793226874071	-1.08530125535115	0.336887243939221	0.250422488676626	0.577757986071822	-1.11678220202655	-0.542501444111448	1.36378940064915
BM1077-MEP-Frozen-160107-33	MEP	35.669	-5.378	-5.4118	4.8892	4.5566	1.3945	2.0812	-0.28274	-1.6758	-2.0088	1.50251272504719	0.57873661712587	0.0830658171955691	0.115445242237563	0.427396761645135	-0.836055663605211	-0.734912839821164	-2.0500496973317	-2.05622340474267	1.72539208558476	-1.0737785241509	0.0399984559307324	1.78863187296428	-0.875354879314722	0.0557798968403395	-0.0890085889870208
BM1077-MEP-Frozen-160107-17	MEP	28.133	-11.456	-3.6026	5.6783	3.2881	0.15835	1.8745	-0.29765	-1.6099	-2.4142	-0.494142280814244	0.519308515281288	-1.08058633124421	-1.01749210530414	-1.07499754638805	0.78790889663183	-1.27041550207352	0.728741982853742	-0.0047911829754849	7.22849078963644	-0.502974079371614	0.650074428969304	-1.04475510170463	0.225414325169156	-0.754485377344188	-0.306467505831216
singles-BM0828-MEP-160420-1	MEP	28.418	-11.12	-3.9506	5.0963	4.2294	1.3053	1.4875	0.04065	-1.526	-2.4292	-0.481724938692172	-0.801650079550732	0.85105018604567	0.245052422953588	-0.233387122775217	1.80991265942331	-0.446834456263384	1.42282171501474	1.37835350532661	-1.39953536587519	-2.18444037321286	0.431975561572406	-1.21874793047503	1.44162019921536	-0.00978027571365561	0.252329473132266
singles-BM0828-MEP-160420-86	MEP	29.485	-11.04	-4.0291	4.9099	4.1815	1.2418	1.4749	-0.14706	-1.3152	-2.4626	0.392374364540254	0.477854397398238	1.35832706178421	1.86774692029503	1.09947975926197	1.45130474002654	0.534749392698403	2.57899831011178	2.30912955470274	-0.375252784325041	2.28574933882947	-0.626436069771576	1.60040276174769	0.404791352032893	1.59084915671874	-1.30140262426105
BM1077-MEP-Frozen-160107-88	MEP	28.048	-11.488	-4.1721	5.3643	3.8675	0.72239	1.5452	-0.28929	-1.5143	-2.3468	2.2217435853107	-0.725774372868131	0.911403662492422	-0.659174947154535	-1.5911483269865	-0.230526912335543	0.539605917999396	-0.666472884968732	-1.20276669823179	-0.196397942205372	0.950336529868204	-0.397000201789938	0.508254430264078	-1.28535504150718	0.107760448214683	-0.298248179495241
singles-MEP-141017-88	MEP	26.716	-11.636	-3.9302	5.0131	3.9989	1.1487	1.3078	-0.26957	-1.4382	-2.3873	-0.174649294750765	-1.42152854398012	-0.347904816171075	0.695514090145463	1.10511294279246	2.54120998416925	-0.209373164184486	1.97222356092779	1.00990031051706	1.35534801757639	-1.13607075355531	1.82633954399106	-0.943930829243397	1.30382341004848	1.16361870185881	2.0319580125364
singles-MEP-141017-24	MEP	18.117	-12.427	-2.7497	4.4438	2.4685	0.020342	1.1466	0.069609	-1.4297	-2.2541	-0.884607179510175	0.200871541763184	-0.763487323120289	0.0738548533856389	-1.59038240406033	-0.394111119777453	0.926529447176928	0.0634836409402215	0.238483058396149	-0.904632793499579	0.578525547239369	-1.27647441843362	-0.619277312216126	-0.246675281765742	-0.61992449158369	-1.06062927763674
BM1077-MEP-Frozen-160107-21	MEP	33.627	-10.262	-3.7998	5.3763	3.9928	1.0937	1.9518	-0.58458	-1.4696	-2.3375	-0.0527912007836582	-0.180002780713502	-0.598191854248669	-0.546623688097318	-0.747308163074252	-1.02857671523757	-0.44121522058688	-0.739320677585031	0.726767608176465	-0.666906875019264	1.09532734606669	-0.875620982017718	1.18129394035404	-0.70115453425862	-0.358935460600446	-0.93369549333762
singles-BM0828-MEP-160420-42	MEP	30.214	-10.125	-4.3742	4.9134	4.3808	1.6856	1.4782	0.090478	-1.3123	-2.4209	-0.95894692617756	-1.08273184889388	-0.452935806550102	-1.30406169006376	0.0140921049915841	-0.880877078609101	-0.0950282915369928	0.276552109143385	-0.540229357737192	-1.3853189573944	-0.263985851706182	-1.20578325757076	1.17111825623142	-1.23760722220664	-1.00631851454346	-1.17457122601798
BM1077-MEP-Frozen-160107-6	MEP	24.502	-11.889	-4.0808	5.1869	3.3166	0.29662	1.4952	-0.16074	-1.6179	-2.2931	-0.498210724999736	2.02757568894181	1.57880403920618	1.82815707820241	-0.581130584022894	2.52685625348854	1.74899978008371	2.1141724865042	2.22313965561536	1.04836663220345	-0.969859684708466	0.951418041464255	0.683978040378222	3.45571273143001	0.386813993681734	0.804274044886588
singles-BM0828-MEP-160420-73	MEP	30.474	-10.434	-3.6727	5.1999	4.5912	1.7576	1.418	-0.3469	-1.4241	-2.3724	-0.0308662693423992	-0.520972287194482	-0.839471331105596	-0.799676523679788	1.2060855977361	-1.05424740927294	-0.259260196526843	-0.910960993402914	-1.10501776378563	-0.786423057952526	-0.144950418654309	-1.48340400792981	0.0652392994423902	-1.55990219493693	-0.402379112078239	0.308789995727952
BM1077-MEP-Frozen-160107-41	MEP	29.047	-11.285	-3.5116	5.7737	3.8942	0.72089	1.8902	-0.24603	-1.8195	-2.4253	-0.195895040250539	3.79466012409437	-1.76881962388796	-1.15254466787227	0.439158912705349	-1.24816345898243	1.66481729519229	-0.924793355985074	-0.773510695548718	-0.562891217382233	1.1769889164522	0.849702997985377	0.603282268077269	-1.24725548606222	-0.268090317695738	1.26318046637318
singles-BM0828-MEP-160420-80	MEP	31.809	-9.8667	-4.0254	5.1571	4.8509	1.5561	1.5053	-0.21467	-1.5582	-2.3635	-0.526237492610934	-1.02540419045537	-1.22838416344071	-0.62329919820082	-1.12359863786046	-0.751517443295668	0.0410026968499329	-1.20676710741091	-1.19013115712232	0.49833700134551	1.0061010990932	0.383384692842145	-1.45587701374421	-1.74833245352044	0.18392844715539	0.460478291351192
singles-BM0828-MEP-160420-70	MEP	26.865	-11.889	-3.6093	5.3191	3.3975	0.70079	1.6075	-0.38152	-1.6241	-2.4704	-0.532914274242009	-0.431570908708089	0.841176832145708	1.43534478953773	-0.655565895411917	0.100541206526872	0.270907011017197	-0.442509470348319	-0.834520571941749	-0.581771853687858	-0.502929817960599	-0.654987306445164	0.188693669994373	-0.154338451749568	-1.24246237461148	-0.325625828178345
singles-BM0828-MEP-160420-51	MEP	30.886	-9.9839	-3.954	5.2701	4.8202	1.5717	1.4765	-0.025437	-1.682	-2.3214	-0.63088376006137	1.93408038716173	0.606121502213418	0.0175966813239385	2.42592778156885	-0.667980824628474	-0.637241247331973	-0.2655029342149	-0.157606151508832	-0.931426875635215	0.361587173883838	0.403654338516856	-0.421474658790142	-0.407985107775711	-1.01983852481088	0.652442458170915
BM1077-MEP-Frozen-160107-49	MEP	29.704	-11.031	-4.1478	5.5884	4.0677	0.83495	1.7531	-0.16246	-1.6978	-2.3311	-0.768043654525828	0.032213073038841	2.14967113464494	2.74846890886388	0.787207594460282	-0.750416715710274	-1.05780794388974	-0.0935038241974051	0.6427834591426	-1.08528681492177	3.89671089893107	-0.492436296842977	1.00811156686992	2.08343165978995	-0.951154549658419	-0.306839767997902
BM1077-MEP-Frozen-160107-59	MEP	33.647	-9.5361	-2.9473	6.1753	4.5317	1.1779	2.1326	-0.26943	-1.9105	-2.3048	1.18776546060175	0.671065309704476	-0.826531554637354	-0.955481880499264	0.731252281724158	0.258233423821108	-1.17815789827209	0.42475761341355	0.183114704937192	1.09514864795631	1.20326486495109	1.14127740278213	-0.747461049144199	0.700427116165603	-2.13408884096933	0.457931524908047
singles-MEP-141017-30	MEP	31.616	-10.133	-3.0478	6.2314	4.0459	0.96926	1.8914	-1.1036	-1.7666	-2.2089	3.25805353206639	-0.729097941524487	-0.328806502695786	0.38855054026127	0.129504783160719	1.12751571871376	-0.824774179937418	1.07306959817866	2.34498229371493	1.3931925511979	-1.46344116597682	1.34345076738573	-0.846138260323794	1.67207405820272	-0.209699042636628	1.83234771964721
BM1077-MEP-Frozen-160107-52	MEP	24.869	-11.715	-3.337	5.4225	2.9754	-0.083037	1.8505	-0.039394	-1.7121	-2.3623	-0.761008848735649	-1.38004685462809	-0.820011636346351	-0.592952374208411	0.629152796566756	0.456068479822608	-0.425627948049582	0.285421652696961	1.23462182682864	0.596794948121573	0.922341226872742	0.34089864088893	-0.463893323015758	0.096079843416958	-0.264847652752974	1.03663425338897
BM1077-MEP-Frozen-160107-2	MEP	30.4	-10.876	-4.4696	5.5112	3.8537	0.90589	1.8046	-0.36476	-1.5195	-2.44	-0.452562474870175	0.483029951902979	-0.62576202695103	-0.357481909980568	-0.283533551142928	0.604328695360732	0.13648435064319	-0.00440867696320266	-0.905459978308779	-0.613187301048211	-0.96214964324565	-0.940647228267102	-0.601066591564384	-0.886097659029425	0.534608143792201	-0.896390971231992
BM1077-MEP-Frozen-160107-1	MEP	22.237	-11.81	-3.5527	5.0341	2.7385	-0.37268	1.3516	0.034005	-1.6054	-2.2487	0.138970654463716	-0.773180822017155	0.797629103558365	1.27705144424218	-0.905935479816574	-0.30129621712001	0.25552188542809	-0.696114831050188	-0.936668566245407	-0.530084622824833	-0.998563281755268	-0.351693964999803	-0.973143559484913	0.438486045533868	-0.118568952505547	-0.379567994745203
singles-BM0828-MEP-160420-57	MEP	28.343	-11.733	-3.5872	5.3739	3.8331	0.93271	1.5652	-0.39589	-1.4959	-2.309	-0.124777950550007	1.68920532085155	0.786616783570109	-0.266205732884483	-0.166058761455609	-0.799513436126849	-0.0583566788141147	-0.377161479812457	-0.79270846476106	-0.962436839105182	2.42014645718648	-1.15043668633754	-0.0322290272607367	0.316704382452028	1.18281856548628	-0.983830261804863
singles-MEP-141017-70	MEP	22.13	-12.369	-2.9595	5.0188	3.057	0.30379	1.5924	-0.51332	-1.7087	-2.2644	-0.0416408023056764	-0.133395124029963	-0.383318873336956	-0.399967082436962	0.0827331249976704	-0.72176417079679	2.23419328596106	-0.931001996985604	-0.706411816595804	-0.43755404137615	-0.116170765691726	-0.106662374414324	-0.989901851281011	-0.551753099884571	-0.114331173047583	-0.571817317381689
BM1077-MEP-Frozen-160107-28	MEP	36.04	-8.1498	-3.5092	5.8001	4.4973	1.2464	2.0831	-0.18646	-1.5614	-2.1016	0.315681797212346	-0.951811359778701	0.171600448225756	-0.110910620502426	-0.732145516503513	-0.397875831154733	-0.476009904016605	-0.413081626445659	-0.433365162588548	-1.21657347723229	0.252401223328891	-0.529253777177103	1.2612324272875	-0.10400339117352	1.84104915977701	-0.145786101164141
singles-BM0828-MEP-160420-52	MEP	25.809	-11.625	-3.7767	5.0444	3.8592	0.90767	1.3663	0.17303	-1.4679	-2.3845	-0.162068361399158	-0.608056995835017	-0.212145485235343	-0.149165161218236	-0.219079929848861	-0.617118410234239	-0.0456470663027742	-0.92686553434763	-0.761395041576256	-0.345386295282472	-0.908038079600997	0.0227697422584839	-1.11822280756006	-0.248314719458169	-0.457312028765843	0.0546183947161156
BM1077-MEP-Frozen-160107-87	MEP	20.084	-12.312	-3.48	4.9061	2.592	-0.0045584	1.5227	-0.38807	-1.4433	-2.1977	-0.541688202048952	0.119044500174352	-0.0962916653531313	-0.411574186248795	-0.886106121922899	1.33722479048176	-0.590438433971925	0.91947442686671	-0.00512594499617782	-0.448642127598392	0.513386644886538	-0.644999394973627	0.838326345858173	0.984383020517149	-0.0323440805402739	0.0872058055184918
singles-BM0828-MEP-160420-69	MEP	29.467	-10.775	-3.9691	4.9061	4.4684	1.6403	1.3485	-0.26038	-1.3716	-2.3232	-0.323954857539274	-0.219623627758869	-1.28990572781842	-0.914826910494727	-0.307074972577924	-0.347917312688551	1.22318718925521	0.55981182593855	0.732918837872804	-0.64674079856502	-0.359269323950663	0.508744469687462	-0.0275881781175947	-0.0952725622679123	0.221937802099645	0.571249926003499
singles-BM0828-MEP-160420-15	MEP	30.771	-10.607	-3.8479	5.5257	4.4859	1.3812	1.613	-0.22639	-1.6125	-2.3682	0.646742381393351	-1.02613517011465	2.13652248970681	0.687454502675366	0.0821157438375949	1.64016726662043	1.08905037088124	1.87371747217193	0.425313622590665	1.21071575642433	-1.12780246149192	-0.351745606312096	-1.40681592414523	0.188811397297437	-0.360848958692434	-1.23760430823765
singles-BM0828-MEP-160420-24	MEP	31.452	-9.1478	-3.2273	5.472	4.8274	1.9602	1.6141	0.20246	-1.8129	-2.3737	-0.307464180514367	-0.637254326245003	-0.572918022102737	-0.476052189619418	1.38700509817528	0.114745009734986	-0.364479393881554	0.368386022289791	-0.0573321997263415	0.425842743134073	-0.970832966743149	2.74137994765076	-0.873821870851164	-0.799576162487983	-0.662474033880956	2.36912793199571
singles-MEP-141017-73	MEP	20.626	-11.99	-3.1838	4.7303	3.1599	0.255	1.2397	0.43607	-1.5757	-2.192	0.57391303552063	0.578773243887568	1.90618831129436	0.706181214732688	1.64036764688909	0.147721805089975	-0.244068621489392	0.749354099770406	1.34184215777125	0.0275664422040625	-0.472297048657757	1.59768183973597	-0.885669182279533	-0.703159739694984	0.807821907947471	1.47974135860037
BM1077-MEP-Frozen-160107-57	MEP	27.416	-11.642	-3.608	5.5572	3.3487	0.25575	1.7453	-0.19587	-1.5667	-2.4269	0.401622059471817	0.257313516473627	-0.675975597768649	-0.463580380729107	-0.767877290483763	-0.175782721466007	0.725449681405448	-0.594252219396908	-1.56358055314485	-0.322263567067097	2.01896718241019	-0.0271895130204846	3.50698199527849	-0.777569521769769	-1.28325400612576	0.526016097611059
singles-MEP-141017-75	MEP	31.329	-9.8618	-4.0712	6.2683	4.1633	0.61791	2.0215	-0.74073	-2.0863	-2.4612	-0.19430800676434	0.856670275164201	-1.01916049128761	-1.14031898650361	0.402241605293524	-1.56267970849823	-0.217548925765545	-0.537209212529092	0.280545630293506	-1.02538235676688	0.449421628659822	-0.332198632264199	-0.281214457043319	-1.08378203794817	-0.97299752614414	-0.144574563805559
BM1077-MEP-Frozen-160107-50	MEP	27.558	-11.495	-3.2371	5.4638	2.5982	0.20567	1.8431	-0.44882	-1.824	-2.5149	-0.387424857876956	-1.22393567136162	-0.984186951424117	-0.495540719768511	-0.177992226111793	-0.289545148733479	-0.476812283479208	-0.0989287722471053	-0.612903893238843	-0.0828714566758216	-0.243125397723697	1.12244555002428	0.530889593673693	0.494134499979854	0.436273545180853	0.597295385252898
BM1077-MEP-Frozen-160107-27	MEP	13.152	-11.939	-3.2046	3.7837	1.7859	-0.3587	0.64618	0.30216	-1.0675	-1.9095	-0.24881491953352	-0.961469558096215	-0.674019241883262	-0.729136299726116	-1.01671945400273	-1.14159297222696	-0.564201041931885	0.936597339665734	0.0940208712464902	-0.838664377681242	-0.638950577389502	-0.795950129546502	-0.28349223432366	-0.690550608405251	2.41457879360879	-0.852765697811077
BM1077-MEP-Frozen-160107-51	MEP	26.959	-11.641	-3.4896	5.5023	3.6341	0.5651	1.7496	0.075725	-1.6878	-2.35	-0.851443647738409	-0.956655735498244	-0.665561265347344	-0.674539878568615	-0.32124246359429	0.429319641570199	0.139384483073489	0.106440916962616	0.701740833570296	-1.15342298743324	-0.295300230072412	0.0627439766581891	-0.0264409945340343	-1.26778475504286	-0.606566926866085	0.00326074814043638
singles-MEP-141017-12	MEP	17.095	-12.321	-2.8753	4.3836	2.4326	-0.061917	1.184	0.25399	-1.3362	-2.164	1.52940780156852	-1.05648701329111	-0.639330550441148	0.32083748203189	1.78808599839664	0.787272057251121	-1.22965235843494	1.47965540939819	2.40903598399405	1.51632595162173	-0.430975091716107	2.82470221763335	0.227716985870323	1.07615233848539	-0.0117035505882042	4.11883750409257
BM1077-MEP-Frozen-160107-18	MEP	28.21	-11.078	-3.6007	5.8514	3.6024	0.39719	2.0032	0.089617	-1.8509	-2.3265	-0.345856246121374	0.221161964637852	-0.504080344962538	-0.0104699514642447	1.20001058758261	-0.0489407789480464	0.160343737186335	0.208821464331703	0.202121759553893	0.120234426843272	-0.791331182259869	0.193168769249361	0.251829912064874	0.207659702703536	-1.11357213706328	0.0732429616802118
singles-BM0828-MEP-160420-81	MEP	29.138	-11.188	-3.8476	5.3546	4.2532	1.274	1.5266	-0.21313	-1.5095	-2.247	-0.123858825239485	1.9885615130924	-0.924985819818213	-0.844643624377949	-0.345866322528756	-0.879843580005341	-0.483397890292872	-0.353800646759221	-0.361893295772745	-0.659283473028433	-0.497851361630469	-0.00299422859466606	-1.22529542731732	-1.10733291416833	0.972767580139052	0.686346691844243
BM1077-MEP-Frozen-160107-32	MEP	32.159	-10.433	-3.0039	5.9215	4.2193	1.1257	1.9459	-0.081122	-1.8338	-2.3801	-0.601109257646877	0.21331164276053	-0.0309353789890374	0.10995012123233	-1.25657960005957	2.76288779426628	-0.512424412101841	1.96077249259859	0.41601720761896	1.10495325201465	0.470726540881071	0.218493764600296	-1.43758920458149	1.46965690344138	1.73410580212978	-0.395901017854425
singles-BM0828-MEP-160420-93	MEP	28.759	-11.084	-4.2342	4.9128	4.2262	1.2856	1.3344	-0.34731	-1.3362	-2.4069	-0.471790033189163	-0.0865157962792446	0.624173087554836	0.591598922281078	0.17754228791633	1.73651800328654	1.06328419028055	1.19272156581514	-0.453288317697164	0.025306679907796	0.443505583515115	1.0552493291214	-0.00599727714773909	1.97750821978712	-0.666867112781383	1.52455925028992
singles-MEP-141017-60	MEP	24.271	-12.112	-3.4109	4.9388	3.1281	0.43088	1.4055	0.043207	-1.6672	-2.3985	0.123158386995772	-0.741239395188915	-0.0616702548032034	-0.517374058756121	0.900291341499241	0.808732704942593	0.156414976136752	0.930332397349321	0.641644241111131	0.672024201858694	-0.320250346658151	0.395136147234046	-0.47143081788117	-0.349070969826739	1.19356386007789	-0.188304222162381
singles-BM0828-MEP-160420-91	MEP	29.53	-11.489	-3.1516	5.5573	3.9645	0.86393	1.9546	-0.53908	-1.7453	-2.3838	1.12130570780974	-0.711655605636555	0.577104021757834	0.775962724620944	0.664465711405066	-0.779621978261237	-0.479087197288446	-0.849385927941409	-1.40490768337104	2.96399225775882	-0.372069122233145	0.492747503557815	-1.49899965574522	-0.157961901031026	-1.22626252805902	1.11268232170065
BM1077-MEP-Frozen-160107-31	MEP	27.089	-11.553	-3.8875	5.3957	3.6284	0.48077	1.7258	-0.058064	-1.6803	-2.4477	-0.534893702188585	-0.659532537165871	2.46507355202559	0.817668866944278	-0.0298695062018199	1.02181531557062	-0.418030194556862	1.87219579587897	0.730835540457454	-0.965239767357967	1.2598177048233	0.741619644171151	-0.51898248210685	0.610100892451974	0.310160636116213	0.0271967796047577
BM1077-MEP-Frozen-160107-19	MEP	23.219	-11.625	-3.7246	5.4562	2.5206	-0.26739	1.7529	-0.19057	-1.5341	-2.316	-0.776492530978481	-0.292162891014763	-1.56815595200202	-1.51177591201325	-0.173363444536903	-1.4934826851214	2.39214246897958	-0.373639566653736	0.814506144567423	1.61780173193949	0.618091926570499	-0.787855618431341	-0.692083204240301	-1.33614462338081	0.374254500623655	-0.278318684959933
singles-BM0828-MEP-160420-95	MEP	30.247	-10.532	-3.9948	4.7753	4.325	1.7712	1.5179	-0.043441	-1.3913	-2.3505	-0.133306962537275	-0.463433501723905	2.74333604964284	0.918101270871669	-0.406435228581681	-1.06499926621615	-0.37333321961137	-1.08218161066514	0.0345297485815452	-1.33853393188868	-0.774046357625572	0.740671686440569	-0.300818275756849	-0.409221592075981	0.368606485411846	0.807881205773282
BM1077-MEP-Frozen-160107-55	MEP	20.57	-11.951	-3.571	4.9467	2.6039	-0.19684	1.5592	0.039153	-1.5849	-2.2557	-0.517048488430487	1.93066224115576	-0.567894997825623	-0.411187996074719	-0.903136500843067	0.278785168681248	0.341387449527972	-0.116981050017471	-0.633721082194732	3.54894109454091	0.862646217948927	-0.48705423997027	1.10433646537498	-0.184546722597208	1.19720974458939	-0.411758030054787
BM1077-MEP-Frozen-160107-42	MEP	26.98	-11.301	-3.1408	5.8035	3.6847	0.20895	1.8965	0.12741	-1.7593	-2.3294	-0.575358673309886	-0.605472489468924	1.99812698558121	2.10260333101519	-0.545589750992256	-1.29837643050273	-0.287114186741975	-1.46073655663097	-1.54282189568177	-0.0363873364501902	-0.278907279583533	-0.821946762904771	0.746679774036482	0.381078747366194	1.96472464114367	0.0515189672394244
BM1077-MEP-Frozen-160107-34	MEP	32.044	-10.644	-3.7583	5.6898	3.6623	0.57916	1.7583	-0.53404	-1.3745	-2.5224	-0.367568828791948	-0.281846513148442	0.165190030301648	0.48372103448362	-0.721810539993528	0.113359256117257	-0.584703478087098	-0.00152130293052337	0.185128433292067	-0.325796133445837	0.324788412125017	-0.289413430992933	0.906086531867346	1.38557743609568	0.0497106068302815	-0.941822584514107
singles-MEP-141017-19	MEP	22.184	-12.39	-2.6067	5.041	3.01	0.26545	1.4237	-0.32166	-1.6351	-2.3658	0.212807881198322	1.61008087443206	0.812387652422302	0.457328256407484	0.248776842111918	-0.0919393764409306	0.642325144765863	-0.587118730496305	0.0448390244772198	0.544165514015189	-0.257069660851521	0.242804370670165	1.87940573876033	0.615110025774725	-1.59048508947969	1.54090769243798
singles-MEP-141017-45	MEP	20.317	-12.541	-3.2969	4.5358	2.7547	0.30418	1.418	-0.05697	-1.5393	-2.2335	1.75326011721363	-0.664345835595361	-0.563985604863208	-0.457070746931734	-1.02723399741994	-1.96035957421063	-0.857608725286969	-1.9222482727926	-1.61115983442586	-0.733630038933772	0.511978629574064	-0.373328201744312	0.878110258891247	-1.17780351789012	-1.47869989478177	-0.989745324832044
singles-BM0828-MEP-160420-34	MEP	28.06	-11.31	-4.1272	5.2049	4.1524	1.094	1.4932	-0.15035	-1.5185	-2.3988	-0.640835327180999	-1.6219748989342	-0.314037611761688	-1.12738258240217	0.285545990450496	-1.34879369555952	-0.919461901840519	-1.86395791410277	-1.2422606374807	-1.54956392483775	-0.413407907102449	-0.515468602998982	-0.425445525341088	-1.11923456601731	-0.703457261377733	-0.54710774792797
singles-BM0828-MEP-160420-84	MEP	30.039	-10.6	-3.9322	5.2548	4.4886	1.4344	1.4667	0.018498	-1.5343	-2.3548	1.16672239172537	1.39627155936726	0.894912105908914	1.18898510763558	1.29121361171889	2.2701068902446	-1.35163885699676	3.0701965033843	0.12220973230247	0.10324352617141	-0.126158970376481	1.11306884848389	-0.167938530523501	0.779223331433071	2.30277720472453	2.93485175017612
singles-BM0828-MEP-160420-77	MEP	29.141	-10.738	-4.3405	4.8265	4.1437	1.5409	1.4183	-0.18957	-1.1044	-2.37	-0.155245254944194	-0.618640724834601	-0.808845440697435	-0.673155309776554	8.00590042234537	-0.657747945955316	-0.1231579134165	-0.506185906108867	-0.375519076787105	-0.974052827520729	1.56486281133853	-0.171563771111102	1.54109258033622	-0.779831495567143	0.110709419170722	0.975438804636187
singles-BM0828-MEP-160420-53	MEP	28.562	-11.373	-3.9338	5.5523	3.9206	0.79256	1.8764	-0.63139	-1.6351	-2.4288	2.01064563977033	-0.877866049117864	-0.748737085461038	-0.490410909239083	-1.05333134017443	-0.539184275705918	-0.400687425161803	-0.0757936428289234	0.277455366072712	0.903502347104959	-1.59360720254139	-0.386018190898359	-0.569086284165656	-1.16508488444521	-1.4683546920255	-0.721509827807201
singles-BM0828-MEP-160420-72	MEP	27.673	-11.413	-4.0307	4.8211	3.9027	1.1749	1.1692	-0.24235	-1.3124	-2.4452	-0.642728746985471	-0.966804349965405	1.40576882425502	1.71716524694283	0.741751990002374	0.825349030813781	0.13262291332053	0.691146137579057	-0.428177435500072	-1.14455676759086	2.16919053473411	-0.651342059223289	0.826259073832941	1.74641409644113	-0.675556556855365	-1.10067309064955
singles-BM0828-MEP-160420-64	MEP	26.612	-11.577	-3.6266	5.1765	3.985	1.0604	1.6328	0.15809	-1.6474	-2.335	-0.685049255133592	1.33412011015544	-1.05908833606947	-0.54375232930967	0.900839945761079	-0.756963337880079	-0.136488452479985	-0.402580453380286	-0.754426049150262	-0.146312453543466	2.42770151711531	-0.140998481243408	0.116190246447336	-0.950017807035545	0.784128959315639	0.690612075721292
singles-MEP-141017-7	MEP	19.894	-12.408	-3.0023	4.6514	2.9107	0.017882	1.3183	-0.031652	-1.5114	-2.2442	0.453896952823449	0.523121108209736	-1.06230017296243	-1.41773533143794	0.106389705537719	0.49549968590958	0.756440194279362	0.798264325083469	0.675811630861579	0.259334174808871	0.167893410148395	-0.00427933116065373	-0.236978076873691	0.430458411039345	1.08511298395422	-0.91786095669304
singles-BM0828-MEP-160420-50	MEP	30.43	-10.246	-3.9492	5.0882	4.5365	1.6773	1.3035	-0.08107	-1.3649	-2.3757	-0.113865670199682	-0.710439672482307	-1.04259864555873	-0.88697754065378	-0.167187533254809	-0.665851405962229	-0.829024486070343	-0.131553183328475	-0.885527959675978	-1.03527227088945	0.479293265457218	-0.372319899762554	-0.685084648810763	-0.326749887808769	-0.390853459667995	-0.989779324784613
singles-BM0828-MEP-160420-54	MEP	28.049	-10.987	-4.007	5.1464	4.4074	1.3095	1.6415	0.065646	-1.6683	-2.4169	0.266071209617485	0.0842019147710043	0.151028525697884	-0.0074033534176792	0.116635748209685	0.0751121372899674	-0.696123762534475	-0.305391350422081	-1.05641040723127	0.53462093086581	-0.015170841142099	-0.631266282300203	0.278203074718022	-0.466570631546634	0.106019747302596	-0.372343806296821
BM1077-MEP-Frozen-160107-60	MEP	22.895	-11.764	-3.655	5.4518	2.7625	-0.27076	1.5994	-0.19079	-1.405	-2.2656	-0.26347922438204	-0.530262249433774	0.290249628479561	0.519270682440472	-1.1700991130309	-0.549403766978353	-0.572695550424892	-0.895731304888808	-0.489839408900453	-0.734417481371646	-0.830244410221201	-0.187344904782959	-0.686536375914198	-0.357464634101895	-1.22419600712708	0.549093072137777
BM1077-MEP-Frozen-160107-11	MEP	26.632	-11.363	-3.9523	5.5719	3.2672	0.05294	1.6711	-0.053661	-1.5717	-2.4437	-0.298990542007724	-0.724862826022307	-0.36483844530401	-0.319862752239093	-1.11245083390859	0.0221343846675903	-0.41117234897429	-0.486249493896911	0.803366628171258	-0.875258771675031	1.05790863031942	-0.0410106471202574	0.849744434040359	0.85366181469227	1.29215551158641	0.076793906169792
singles-BM0828-MEP-160420-62	MEP	28.31	-11.059	-4.4058	4.6346	3.9162	1.132	1.3293	-0.23072	-1.1363	-2.5203	-0.274842860780384	0.250276789889121	1.39899477414516	0.175317502543949	0.714808055872071	2.83300826913403	3.23563767017599	3.61878294370055	4.29981645288423	-0.418221348867881	0.392527563064927	0.255243143371263	-0.165638039811127	3.06707838543461	3.10652849714955	0.0951059569806506
singles-BM0828-MEP-160420-21	MEP	27.83	-11.511	-3.6894	5.0649	4.0269	1.2399	1.5418	-0.020923	-1.4643	-2.4209	2.01412820525548	-0.761613881624646	0.319184251230569	0.594839821444268	0.473773118206641	0.370670896029633	3.5043254904951	0.129855846286743	0.747177231222994	-0.0510638201503177	-0.462568786692721	1.3632234617826	0.211596599302157	0.248163756772112	-0.781860746165089	1.72183538757521
singles-MEP-141017-95	MEP	23.052	-12.064	-3.317	5.0205	3.3267	0.43637	1.4984	0.11557	-1.6871	-2.3534	-0.893536215515899	-0.0305767968530193	0.292328938534483	0.309025225622672	2.10970459145341	-1.02738208873624	-1.1677673865224	-1.08215230969147	-0.682091512846724	0.247553528599748	-0.762786142451887	2.45534475559058	-1.08200146070183	-0.478496150366897	-0.144774242388328	1.90563702152635
singles-BM0828-MEP-160420-90	MEP	28.024	-11.618	-3.2678	5.3376	4.0032	1.0729	1.6883	-0.12101	-1.7455	-2.4048	-0.904224895324547	1.0683981567739	-0.773787185011921	-0.286028058645822	0.996760987990159	-0.675117219941355	-1.42155184010393	-1.16139975487288	-0.823588694077859	-1.72437570427162	0.365907348568364	0.0729449235242946	1.43998982629152	-0.768396008849763	-0.340297800894572	-0.817837674869907
singles-BM0828-MEP-160420-83	MEP	27.421	-11.915	-3.1716	5.3499	3.6278	1.0259	1.813	-0.22666	-1.7108	-2.3749	-0.722073651525487	0.488884318026266	-0.970531129512011	-1.14778992959555	-0.937189440542788	-1.02792909027029	-0.293624267284615	-0.787137705148176	0.30857885810284	-0.756395671861786	-1.97361273755963	-0.32173410260346	-0.638101850429657	-0.906379290306199	-0.641686322410806	0.144392282085729
singles-BM0828-MEP-160420-65	MEP	31.618	-10.13	-4.2517	5.3322	4.4303	1.537	1.5958	-0.4161	-1.4158	-2.481	0.796882992258928	-0.0304537959645377	-0.564180204136966	-0.449664877999439	-0.539290963865425	0.912745633515876	0.134695164195484	1.53605959535312	1.30963688797106	0.308927038815832	0.512540819433165	-0.607118125654287	0.243587355931615	1.24271744300429	0.551223311017524	-0.607031748924999
singles-MEP-141017-72	MEP	27.224	-11.557	-2.9923	5.6706	4.0582	0.67991	1.6943	-0.35504	-1.8356	-2.4568	-0.538274114394804	-0.954960053073737	-0.119093983417921	0.362183699755467	-1.04061701853258	-1.12054357423743	0.00750597028001314	-1.53564539147671	-1.15750055214117	-1.01070320089552	0.154244070823474	-0.981508398494378	-1.81181510666683	-0.720438369291139	-0.240423398537441	-1.1453383974052
BM1077-MEP-Frozen-160107-96	MEP	30.909	-10.532	-3.6165	6.0465	3.5621	0.28703	2.0165	-0.16741	-1.7391	-2.5615	-0.497007970596548	-1.24464902659209	-0.843615923534022	0.419592435501451	-0.0610759983517479	-0.263562429629999	-0.425577214690046	-0.539330288546588	-1.25715155401246	0.0545604636962198	0.414656896249109	0.882238092047751	1.23543841169996	-0.930383411775275	-0.257436760359439	0.90702842630335
BM1077-MEP-Frozen-160107-16	MEP	33.023	-9.9253	-4.2566	5.8797	3.7964	0.76746	2.3644	-0.60859	-1.7739	-2.4228	-0.297825163517823	-0.658965602344715	-0.73623616070526	-0.613744202424066	1.26136299135895	-1.37791347714137	-0.900867335012017	-1.45184010322512	-0.746759797238981	0.379980106742184	1.78233644273878	-0.802559107197783	1.6412379338908	-1.02741721155118	-0.340462643092648	-0.152695533607855
BM1077-MEP-Frozen-160107-95	MEP	28.144	-11.285	-3.6351	5.8676	3.8381	0.46698	2.0429	-0.2908	-1.7817	-2.2662	1.71868056314119	-0.0982398390481895	0.389499409175069	-0.514452778600107	1.7482422535903	-1.21562594312989	0.820629914939611	0.181676522467184	1.26118965548417	1.92072010512776	0.307620687593558	2.5157790530395	0.325443841160202	-1.04058111712631	-0.585368375522836	3.17642430193163
BM1077-MEP-Frozen-160107-58	MEP	29.076	-11.036	-4.0158	5.9268	3.6114	0.50004	1.9237	-0.20473	-1.66	-2.4605	-0.266932390298213	-0.313292126196019	2.23176098013134	3.16907721880187	-1.86530805859375	0.205016098731837	0.168333195738919	-0.200564215466638	0.190893624208463	1.66092328521473	-1.87841464348542	-1.52820844135789	-1.57095759417673	2.1605781357471	-0.646471951107425	-1.24936591336946
BM1077-MEP-Frozen-160107-54	MEP	28.015	-11.269	-3.5031	5.9246	3.5827	0.39754	1.9007	-0.19124	-1.7374	-2.4852	0.394061474480449	0.854695628192316	0.707412340396545	0.904977892300052	0.898096446253674	-0.0725028912333547	-0.838117724351877	-0.206430874891952	0.597846238765525	0.735229339898119	0.282895766974446	-0.0304040885460019	-0.415087516152476	1.37352620920854	-0.0240624321587851	1.14228631837798
BM1077-MEP-Frozen-160107-46	MEP	25.224	-11.867	-3.7074	5.3653	3.0154	0.11471	1.7451	-0.45299	-1.6097	-2.39	-0.48900715563478	0.364508496926641	0.918615195661607	0.609911886350564	-1.08912233951698	-0.660045368436995	-0.227696588293605	-0.268263317305519	-1.24312876170823	-0.910871245060635	1.56048154816015	-0.199950395570531	0.430743385708046	0.78186282642696	-0.474033659024599	0.753643732059596
singles-BM0828-MEP-160420-36	MEP	28.91	-10.416	-4.3339	4.515	4.4527	1.6888	1.3466	0.13607	-1.2783	-2.2259	-0.247763610422041	1.34391647681748	-0.490737518017167	-0.552405487118313	0.661960041414824	0.361003190268793	-0.834705932837171	0.614130893619659	0.0884600600344467	-0.755491822674931	-1.15025936364108	0.310337809603942	-1.97849872506092	0.936111475475284	-1.55154526644872	-0.986517459291086
BM1077-MEP-Frozen-160107-92	MEP	35.35	-9.2134	-2.9742	5.9059	3.7377	1.2106	2.3648	-0.55334	-1.5189	-2.2002	1.36782387929607	0.00849081199487192	1.24856394648411	0.772156202072477	-0.853597356239172	0.560572640190016	-0.603131806928976	1.25154689921807	-0.156062031744648	0.0232641246908692	0.289900480090144	1.21726171337055	-0.38983523828327	1.00124640684262	-1.27842253025607	1.16746019153308
