30.252	-10.709	-4.2735	-0.431589432501617
37.784	-3.0457	-3.1938	1.645
35.233	-1.7225	-5.4094	1.645
36.304	-5.6636	-0.46282	-0.460703828239915
34.958	-1.4558	-5.6443	-0.499372522393046
35.711	-7.1492	-0.48083	-0.486879416034874
35.577	-2.1617	-5.7207	-0.316100742335881
30.384	-1.1125	-6.3906	-0.250242131986539
35.662	-6.8765	-0.14067	0.0145777960019134
37.208	-4.7836	-0.79393	-0.420563051557213
35.031	-0.73919	-5.3013	1.22508312932848
30.639	-1.4277	-6.4224	-0.476693675884945
30.396	1.5929	-2.7118	-0.310134844790348
37.36	-1.9229	-3.4248	-0.298268626085207
38.053	-4.9272	-3.8114	-0.4592328318265
25.215	3.2448	-0.1568	-0.406234678993491
37.946	-3.3618	-3.7233	-0.314725264267556
36.345	-3.4584	-0.40195	-0.584657982440186
29.468	1.8323	-1.3242	0.3252970888517
35.221	-8.5458	-1.1697	-0.0345394593112685
37.076	-4.767	-1.1442	-0.369556026688627
38.1	-6.0953	-1.2467	-0.932346821093289
37.421	-4.2265	-4.3602	-0.488668422250387
37.609	-6.1563	-1.2378	-0.409170831827969
29.628	1.4832	-0.091737	0.207140296247254
30.886	-9.9839	-3.954	-0.702103859334929
36.237	-7.9567	-0.56517	-0.200501923447891
38.043	-6.8756	-1.8666	0.857306345216616
37.508	-3.0489	-2.1855	-0.206659640588678
38.329	-4.7319	-3.6869	-0.180668385399571
34.7	-1.2137	-5.6412	-0.115116425197903
38.1	-3.8544	-2.0497	0.710655351736259
35.969	-7.2747	-0.90899	-0.509207869905659
27.088	0.10397	-6.6888	-0.343592881674288
37.973	-4.0567	-3.8317	-0.209454806975592
27.649	-11.462	-3.5438	-0.422062376701492
35.681	-8.7417	-2.8366	0.178390623792165
27.506	2.6504	-0.70193	-0.0662680894779054
29.352	-10.501	-3.6657	1.30646544456266
36.904	-6.9214	-1.6942	-0.626843599185505
35.473	-9.362	-2.7353	1.645
36.27	-3.1772	-4.7845	-0.281814696297754
28.019	-0.25125	-6.6692	0.682553607540383
33.485	-9.167	-3.831	-0.439705517009854
34.236	-10.016	-2.8261	0.711643220838949
33.449	-0.6842	-5.706	-0.303513851523967
36.817	-3.992	-1.0023	-0.713869249393787
36.439	-2.5243	-2.1194	-0.323329440186601
34.364	-0.084456	-4.3062	-0.251149003437678
35.596	-0.68966	-4.4515	-0.435346799629073
36.24	-2.3286	-1.4169	-0.671864680149966
36.865	-7.6925	-1.6333	0.484229532132592
37.22	-6.5674	-1.1292	-0.12973919707448
37.897	-4.8967	-1.5729	-0.568292099236751
35.228	-2.001	-3.9949	-0.277623023707027
33.384	-0.71081	-6.05	-0.460637446940788
36.605	-7.0821	-2.621	-0.417715648596995
34.196	-9.5363	-3.2052	-0.280705966389464
30.378	-9.9318	-4.0164	0.0888764413315837
35.451	-2.0421	-5.2604	-0.422037803639358
37.029	-6.5279	-1.0449	0.0198748879165688
36.22	-7.0306	-1.8249	-0.367137158729362
35.361	-7.6139	-0.68234	-0.477846152286339
37.68	-3.1829	-3.9933	0.0609789704939289
34.157	-1.6204	0.0068926	0.01543641141743
37.485	-7.2194	-1.5734	1.5030424511252
36.966	-5.8746	-2.2644	-0.540026830613849
36.318	-6.8931	-3.2431	-0.838957797497881
34.278	-8.7974	-3.7387	-0.385097773693851
31.307	-10.824	-3.7747	1.04126765813812
37.731	-4.9146	-1.0312	-0.563503898440328
23.754	-11.761	-3.3614	-0.4353271582818
36.647	-7.5774	-0.80506	-0.298295383565769
37.798	-6.4612	-2.1662	-0.259096421487815
37.754	-3.583	-4.2792	-0.334521375932862
35.975	-7.482	-0.79263	-0.579434943437356
37.505	-6.6685	-2.6847	-0.802135898260539
35.53	-1.198	-4.9193	0.222301183616635
37.23	-3.1353	-2.1204	-0.269711090765546
36.382	-2.1964	-0.9519	-0.660838851522042
24.761	3.1961	0.59405	0.23433062392042
33.85	-8.5339	-4.1833	-0.703693378034813
31.588	-10.845	-3.7152	-0.309017579083533
34.348	-1.5875	-5.124	-0.373310515452159
35.855	-8.5351	-4.1011	1.645
35.188	-7.5203	-0.50527	-0.408746865931533
29.408	-0.87213	-6.5897	0.388276863666965
29.318	-10.906	-4.083	-0.366462291292009
36.734	-4.8522	-4.9762	-0.302719800779927
36.425	-0.63911	-3.5397	-0.462962774706656
35.68	-4.0853	-5.459	-0.463563686983278
37.21	-7.0648	-0.9211	0.684991750380303
35.97	-1.7404	-1.3486	-0.222428032108054
36.73	-2.8421	-4.3338	-0.398743937158904
35.127	-8.9068	-3.2601	-0.36953315969939
34.516	-1.442	0.39769	-0.583897841284721
26.621	-0.41676	-6.7491	-0.285374597513729
33.447	-0.099584	0.24688	0.42686718400706
35.417	-9.3933	-3.2228	-0.730815126043767
37.061	-6.5184	-1.2337	-0.499462002277162
36.761	-4.0431	-2.5386	-0.344100342498045
36.51	-6.2637	-0.54518	-0.406883135477386
36.466	-7.3544	-0.70317	-0.311006556701308
28.861	-2.2487	0.5869	1.645
37.211	-6.4572	-0.88182	-0.84656042708936
37.444	-6.7964	-3.6172	1.645
36.601	-7.2495	-1.0362	-0.372567322220067
27.931	-0.28496	-6.5634	-0.425250864204637
31.618	-10.13	-4.2517	0.165190393199556
36.223	-7.4272	-1.0084	-0.70201949048747
29.629	-10.882	-3.5421	1.645
29.947	-10.855	-3.69	-0.430774565862889
37.298	-6.2867	-4.72	0.136223707155797
38.155	-4.6891	-2.4946	-0.0610227813962776
29.457	-8.1844	-4.6495	-0.130233732646146
37.961	-6.4367	-2.1714	1.645
24.995	-12.011	-3.4335	-0.511560084971948
37.283	-5.6156	0.019012	-0.155586383738057
36.059	-5.4499	-1.2052	-0.289705648711605
27.944	-0.12737	-6.92	-0.299369746568192
33.895	-8.0079	0.42918	-0.305581443026252
34.547	-9.2514	-3.6529	-0.456196409153882
27.474	2.3031	-0.87242	1.31176401826272
36.897	-3.6054	-4.7352	-0.087248762790605
34.858	-0.90232	-5.1763	-0.0929179357521218
27.282	1.8772	0.36123	-0.591868026898012
26.937	-11.434	-4.0353	-0.833894179049268
34.051	-7.057	-4.9855	-0.351310055243428
36.385	-6.6891	-0.91737	0.25980900250455
36.707	-6.8401	-1.3848	-0.480964673680666
36.43	-6.2279	-0.72841	-0.518528810588713
37.485	-6.1472	-1.8209	-0.442379188205005
37.336	-4.2892	-1.3951	0.166324394962695
36.534	-2.8847	-3.859	-0.304605914975052
36.765	-2.6537	-0.90358	-0.417841722288084
38.365	-5.7093	-3.163	-0.601646157158505
26.795	-1.38	0.76789	-0.274939160005138
37.736	-7.0645	-2.0451	-0.435380904441781
27.947	-11.622	-3.3485	-0.335135292116569
29.441	-2.4441	0.42788	-0.518298978257127
34.545	-0.57259	-5.36	0.647788944623478
37.192	-7.2199	-0.97104	1.645
35.643	-1.0173	-4.7475	0.814792179968876
29.467	-10.775	-3.9691	-0.513374146677106
36.573	-8.3132	-1.1099	-0.417727982718368
36.38	-6.6055	-0.06572	0.351833067746132
36.872	-7.3054	-1.1125	-0.496005957188354
31.012	0.82625	-1.0063	-0.65460629220848
33.073	-10.383	-3.0347	0.00760352803897793
33.721	-9.813	-3.1666	-0.742967428082098
36.514	-2.8311	-4.6458	0.510169168587035
26.728	-2.4993	0.37058	-0.26229616633008
35.137	-7.474	-0.47603	-0.188110361901772
33.092	-2.3509	-0.10809	1.19190187787602
30.162	1.0924	-0.59141	-0.351736944520373
35.653	-8.8056	-2.0148	0.0811019340962827
37.55	-2.3992	-4.0514	-0.0448746314800527
28.167	2.2203	-0.26485	-0.654434864155517
37.262	-7.6743	-2.5575	0.760824440282943
28.68	-0.5989	-6.5866	0.287860474162235
36.82	-6.8749	-0.3813	-0.436103003354449
37.969	-4.1044	-3.9668	-0.71681764110426
27.04	-0.27364	-6.8262	-0.485727253428454
35.876	-2.8084	-4.9303	-0.520030084569132
36.613	-7.1136	-0.79163	-0.567185446462836
29.461	-1.419	0.7187	-0.507424053996363
33.343	-10.105	-3.3928	-0.457689663485768
35.407	-6.9301	-1.0617	-0.310523918075411
36.67	-6.252	-0.26205	-1.12058318397217
36.115	-6.9508	-0.31193	-0.341599015017572
30.193	1.2549	-0.92182	1.53095390785816
36.741	-6.2321	-0.25214	-0.464368897980758
35.394	-6.7244	-4.8998	-0.219039622080213
35.901	-7.5783	-1.5121	-0.734460333498672
36.212	-2.8864	-4.4424	-0.563438264828505
36.519	-6.8297	-1.8835	-0.53805887022482
36.757	-4.3829	-1.9128	0.431809097960005
37.299	-4.6356	-4.2258	-0.263818842706711
36.961	-6.9266	-1.1732	-0.512674057086695
35.464	-9.2253	-3.2972	-0.625193092506363
35.372	-7.55	0.094466	-0.445672016379929
37.434	-3.8318	-1.858	1.645
37.432	-2.5769	-3.2596	-0.305566414214062
35.832	-1.7551	-5.3572	-0.114954748853843
34.841	-1.1825	-5.6789	-0.423787735885883
35.748	-1.2876	-4.9432	0.803051718939109
37.279	-7.3662	-1.4602	-0.712819233260933
33.607	-1.7542	0.66326	-0.372301026132803
36.366	-7.7739	-1.273	-0.685577686237483
29.524	1.8227	-0.21233	-0.561112519033442
24.281	-0.95431	1.6062	0.605594018911673
37.71	-3.7762	-3.6003	-0.503547062894477
37.127	-6.706	-1.4274	0.326627557979334
37.568	-3.1113	-4.1591	-0.23977528743705
36.105	-7.3621	-0.27467	-0.123441343566713
36.68	-3.1089	-0.80076	0.205713954564739
37.185	-5.435	-1.2468	-0.446763998858417
35.352	-7.529	-3.7597	-0.747969013036491
37.144	-2.5994	-2.8073	0.474595643345572
36.629	-7.321	-0.79914	-0.317471343641586
29.709	-1.2098	-6.7267	-0.737315186772279
28.639	-1.7463	0.11451	-0.0204516181751219
33.884	-9.4559	-2.2002	5.6485025883166e-06
29.769	-1.6298	0.65782	0.666882041246153
37.081	-2.2684	-3.7777	-0.336863779660914
36.206	-7.2978	-1.6692	-0.265394359313299
25.402	-11.378	-4.1255	-0.237095956945667
37.885	-6.1483	-4.0581	-0.235377044509782
31.038	-10.399	-3.8462	-0.119795020181531
36.67	-6.0862	-0.60603	-0.529766127433004
34.412	-0.72442	-5.3799	1.645
29.81	-10.35	-3.8864	0.710683622643588
33.106	-8.9881	-4.6548	1.645
29.473	-0.48085	-6.5681	0.485116531198091
35.74	-1.5646	-5.2828	1.1968696723789
37.574	-2.8168	-1.8882	-0.402495671023422
32.89	0.72047	-2.1587	-0.285447442343267
36.778	-6.6332	-1.1096	-0.428938563222084
37.034	-3.681	-5.0419	-0.341376974228706
27.479	-1.1421	0.8687	-0.390724636309124
35.114	-8.5241	-4.0748	-0.478623730794406
35.997	-3.0534	-4.6892	-0.257881803425985
36.301	-1.469	-4.8456	0.430507081791396
33.033	0.14127	-0.89016	1.645
35.769	-1.0613	-4.7791	-0.486531706729772
24.668	-11.654	-3.2159	-0.221334470939439
28.566	2.1575	-0.46418	-0.536525387568515
18.476	-11.922	-3.6567	-0.375647546856107
31.902	-10.188	-3.1425	-0.256215454483398
35.592	-6.7005	-0.93449	-0.112531345541002
34.055	0.053927	-3.4849	-0.418466871360404
29.642	-1.2463	-6.7948	1.43393317778362
37.359	-2.1066	-3.8716	-0.333152103892331
28.656	-0.89458	-6.9293	-0.517827237172157
37.672	-6.7785	-0.78609	-0.40937202902869
35.668	-7.5501	-1.0858	-0.197279013736642
36.261	-6.8152	-1.5389	-0.381426943375428
36.834	-6.7319	-1.2722	-0.519007862922163
36.996	-7.5969	-1.0678	-0.643043584771614
30.542	-6.0829	-5.3952	-0.479981629226929
35.304	-0.72865	-1.7241	-0.450122391389041
32.167	-10.434	-3.3169	-0.0727937150086851
37.241	-6.6798	-1.5083	0.00992089231657023
37.692	-3.8642	-3.9815	-0.222107273539937
36.295	-7.3641	-1.1927	-0.245102268170107
36.177	-1.3727	-4.7834	-0.481914171203093
35.221	-1.4667	-5.6054	-0.268891751025592
36.195	-3.0407	-2.149	-0.198178565650977
20.821	-12.156	-3.2601	-0.404613619648677
28.31	-11.059	-4.4058	-0.311602599399648
37.112	-7.4161	-1.9881	-0.404927782946188
35.304	-6.792	-4.5462	0.791507312162858
31.554	1.5166	-0.70294	-0.866651689030066
35.332	-3.4379	0.25797	0.120640202007371
33.492	-9.8817	-3.9009	-0.407197221915267
37.411	-6.3305	-1.4893	-0.586664138469243
35.78	-6.7263	-1.6317	-0.525255306208834
33.448	-0.77411	0.15523	1.645
35.375	-5.2242	-0.81239	-0.259973131981315
33.301	-0.8584	-6.2191	1.645
33.996	-0.50546	-3.2843	0.171636926190084
36.135	-7.0239	-0.50614	-0.392727962344983
35.965	-2.0548	-5.2201	-0.442543166783811
36.394	-6.1789	-1.2919	-0.316923256012924
37.406	-4.8724	-2.8986	1.32049135455361
36.04	-7.8278	-3.3901	0.414314302891067
36.003	-7.4847	-0.98669	-0.398511110376053
37.505	-3.3844	-3.665	0.626641294285382
38.095	-4.4114	-3.0289	-0.426423567996636
28.845	-0.3391	-6.3215	0.808945465196878
31.873	1.1603	-1.4668	-0.740999899630885
37.224	-5.958	-1.089	-0.247436504110906
37.745	-6.0125	-2.6235	-0.421197369215141
32.761	-10.279	-3.5803	-0.609172828869689
35.146	-6.8688	-1.1453	-0.412287764493186
22.237	-11.81	-3.5527	-0.281471377682783
36.309	-1.0166	-2.6914	-0.2845891797259
32.789	-9.4975	-3.0511	-0.213120199275695
38.051	-7.0224	-2.7249	0.81516375528824
37.117	-7.0294	-1.3152	-0.43244468570631
29.757	-0.67542	-6.5392	1.645
37.809	-6.3381	-1.42	0.937049776641761
37.268	-4.9914	-0.25184	-1.03125827877762
37.709	-3.5095	-2.5169	1.645
29.359	-1.6151	0.50232	-0.339960419445975
35.72	-8.5251	-3.5035	-0.289777828507828
35.965	-1.3746	-5.0021	1.645
36.316	-4.3292	-0.2157	-0.443519058536069
32.677	-8.7274	-4.1685	-0.525758466496163
38.36	-5.3256	-2.9136	1.06536039420316
36.221	-7.3412	-4.4751	-0.357133724513488
34.415	-6.8325	0.075148	-0.379841937305148
28.368	-0.59665	-6.7559	-0.635206329441096
36.759	-3.5836	-0.81804	-0.0695438703836977
34.095	-9.7839	-3.228	-0.40283322907713
37.368	-6.4768	-2.9922	1.31318924148123
37.332	-7.2515	-3.8961	1.46857160256298
35.258	-5.3219	-5.4431	-0.494731846688733
36.321	-3.9637	-0.27042	0.0894390664867743
36.03	-6.7396	-2.2656	-0.257120357949644
36.297	-6.6218	-1.3064	1.645
36.623	-2.2417	-4.4946	1.645
30.035	-10.734	-3.8263	-0.594938273889843
36.66	-6.6386	-0.37036	-0.667186491251571
21.515	-0.27706	1.74	-0.341045338106276
33.103	-10.306	-3.7632	-0.33025599492177
36.952	-8.0395	-3.7747	-0.774830490790895
22.571	-0.57713	1.5151	-0.615051439445607
37.393	-3.4946	-4.3244	-0.546201649518734
29.076	-11.036	-4.0158	-0.356365246780349
27.77	-11.555	-3.6482	-0.463042016176337
37.578	-3.8494	-4.4812	-0.60011760265904
37.42	-3.8425	-1.2864	-0.508259965084985
26.936	-1.6129	1.3973	-0.351510910370285
36.112	-7.3194	-0.71772	-0.0590517491757593
35.791	-7.0583	-0.31701	0.28677562885838
30.4	-10.876	-4.4696	-0.523171884055971
35.159	-1.6508	-5.7185	0.155233229602643
36.861	-1.5517	-4.234	-0.677171854089526
26.877	2.3493	0.26303	-0.359253890205244
20.474	-12.495	-3.206	-0.329675967804082
27.177	-2.3797	0.14023	-0.501745824599329
37.496	-2.3662	-2.2257	-0.454542217089997
34.893	-8.2576	-0.2879	-0.331883464417742
26.716	-11.636	-3.9302	-0.230013846362489
34.889	-7.5416	-4.5362	-0.40124277156061
36.442	-8.308	-1.1302	-0.706425458329122
35.773	-7.8802	-0.81617	-0.76640634408638
37.317	-6.8573	-3.3818	-0.619274601789431
36.102	-3.0749	-5.1304	-0.0752074624883194
37.105	-2.5589	-3.5756	-0.288817942086354
25.809	-11.625	-3.7767	-0.439148585449766
31.857	1.6245	-3.1076	0.941136214332649
26.788	-1.3344	0.7076	-0.372103916589569
37.049	-6.6954	-1.5441	-0.257126918101672
30.72	1.4517	-0.34053	-0.180687664277318
27.045	2.3681	0.63953	-0.305967875625305
20.617	-0.3175	1.6639	1.645
37.887	-5.396	-1.5637	-0.712469791529709
37.858	-5.3791	-3.9756	1.2805117365336
37.652	-4.4151	-4.0434	-0.657729679511021
29.685	-10.994	-2.7076	-0.550253742748444
33.751	-10.254	-2.9882	-0.382042288388966
33.908	-0.57427	-1.1263	-0.457850077750926
36.426	-7.9875	-4.213	-0.313122979713392
33.919	-7.0507	-5.0645	-0.284132256512291
37.54	-3.8517	-4.3804	1.645
35.577	-1.6453	-5.4049	-0.223091209297473
38.032	-3.8433	-2.5224	0.0213290126503229
26.259	-0.18253	-7.0548	-0.193144602176204
35.993	-7.0808	-1.3785	-0.264059457577585
34.187	-1.4715	-5.6999	-0.404446834039676
38.371	-4.863	-2.051	-0.793862031068631
36.918	-7.5758	-1.5006	-0.898781998237913
36.473	-1.6404	-4.767	-0.240028851872961
28.657	-0.49517	-6.6234	-0.569309947206251
36.394	-7.593	-0.62675	-0.348776170724814
36.478	-7.1979	-2.0881	-0.196625405119609
35.184	-9.2901	-3.1965	-0.577876281624841
33.753	-9.4761	-3.5559	1.38638128817973
38.074	-4.3028	-2.4632	-0.436843308967156
36.292	-2.6554	-4.4174	-0.265214746360768
37.272	-6.8375	-1.1314	-0.463742843896118
33.715	-9.6432	-2.123	-0.296136059184049
35.237	-0.69076	-4.8874	1.645
24.414	-12.142	-3.2013	-0.102151577998699
37.569	-6.5148	-1.4642	1.60962661708662
36.96	-6.9343	-1.0159	0.314329873022952
37.294	-1.9809	-3.4145	-0.17071890954434
37.737	-6.611	-1.2513	-0.247904364415156
37.08	-2.6979	-1.4846	-0.476984903316545
37.508	-7.0244	-1.8393	-0.583542906921791
37.038	-4.3294	-1.0892	-0.399210539401306
34.492	-7.3364	0.24994	-0.530088314540531
27.619	-11.723	-3.0238	-0.630420453954426
37.109	-7.0105	-0.90472	-0.118247449574401
33.954	-0.85081	-5.874	-0.316060305174026
25.499	-1.9116	0.89186	-0.23979301583821
33.203	-10.02	-3.7952	-0.193944702996346
36.949	-4.5689	-2.2549	-0.192576196227564
38.43	-6.1105	-2.4777	-0.518652951182182
36.281	-7.2612	-1.4428	-0.323997490029853
36.205	-2.6511	-0.80731	-0.662549259008857
31.294	-7.8077	-4.7166	-0.0652392318035835
28.036	-0.32208	-6.6729	-0.25159689644825
37.033	-2.5461	-1.0928	-0.660788763436379
33.627	-10.262	-3.7998	-0.158599596007831
28.89	2.0927	-0.92713	-0.842484175920793
36.811	-6.4165	0.35144	1.3217601300517
37.011	-5.9559	-0.4383	-0.436910245807365
38.201	-3.9247	-2.182	-0.353269053423841
36.854	-3.5895	-4.6313	-0.448482070199735
37.373	-6.9962	-0.69014	-0.45421098508878
38.149	-5.5533	-1.2842	-0.631305766671686
36.144	-2.2189	-1.1147	-0.0522116965884314
35.14	-0.37334	-2.7565	-0.595826012910164
36.902	-7.0363	-0.65284	1.645
36.446	-6.3734	-4.8093	-0.6198114560711
36.044	-8.7182	-2.4083	-0.453861182374888
34.719	-9.8405	-3.3063	1.645
36.437	-3.6993	-4.3082	-0.404974759112965
34.532	-1.6199	-5.9276	0.196859888211807
24.371	-1.4143	1.2245	1.18798406235906
27.162	-11.286	-4.1317	-0.359502303220184
35.233	-8.8871	-3.1131	-0.501722880160441
34.886	-6.2481	-5.5571	-0.352431311453073
34.45	-9.2067	-3.1109	-0.499072287799202
35.822	-6.391	-2.1782	-0.539318492284008
35.733	-1.9219	-0.14499	0.0439606398559789
35.874	-8.6177	-1.8043	0.91295851621365
34.192	-8.3314	-3.5638	-0.323424218173793
37.948	-6.3604	-1.6608	-0.417298227342878
35.228	-8.4952	-3.2171	-0.574227106404168
34.806	-6.9562	-0.62806	-0.0919108602828574
26.345	-1.1055	0.5634	-0.0958422752329664
25.296	-0.72466	1.6146	-0.272923824529973
37.422	-3.4628	-2.3274	-0.371257618804985
28.048	-11.488	-4.1721	1.452443406378
37.105	-3.6061	-4.5524	-0.256964279248536
36.419	-6.6899	-0.5559	-0.333578127802866
35.34	-2.5809	-4.242	-0.239274981724551
33.407	-9.7397	-3.9947	-0.174328140972909
32.896	-9.6574	-3.1526	-0.237080211674506
36.359	-7.4549	-1.0004	-0.510477168002494
35.12	-1.2742	-2.8903	-0.482136712672567
37.498	-3.5547	-4.4466	-0.435647931065814
36.054	-7.6498	-0.76852	-0.0858337929215744
37.167	-6.6659	-1.13	-0.546940706728373
37.129	-4.2692	-2.0975	-0.681056566246246
36.978	-1.6567	-1.9199	-0.392772778938328
29.606	1.5715	-0.54431	-0.710358762530074
33.643	-1.3637	-2.5897	-0.359479403732774
34.789	-7.3388	-0.54573	-0.338103504202071
28.725	1.7036	-0.72164	-0.00443262501131417
24.712	2.8802	0.58317	-0.343027254300935
36.593	-5.8661	-0.6886	-0.330668334043644
36.284	-1.8405	-5.0251	-0.439439809647494
29.893	-1.3723	-6.5831	0.903771741429515
36.546	-7.4554	-1.1895	0.099495126637528
35.946	-6.5489	-1.2203	1.53491967570838
36.537	-6.8783	-1.0337	-0.672979880837833
20.317	-12.541	-3.2969	0.623080897314703
34.361	-1.276	-5.9627	-0.568390310404987
37.923	-3.705	-3.5402	-0.016476649215628
37.259	-3.0075	-4.4835	1.49226251273649
37.096	-3.0514	-4.6541	-0.562267561547352
34.849	-9.695	-3.414	-0.400729987830473
38.398	-5.8134	-1.1318	-0.238316968295227
24.003	0.13853	1.4663	-0.295608944288501
37.122	-3.4666	-4.8168	1.645
36.732	-7.2218	-0.73825	-0.341505468547445
33.778	-8.1256	-0.58235	0.14687755766202
31.849	-10.422	-3.1593	-0.230504054763374
37.14	-3.9296	-2.3872	-0.316242370425061
36.72	-6.1892	-0.64828	-0.245171682552312
36.229	-7.0194	-0.57746	-0.153245308714051
31.782	-10.612	-2.5976	-0.347318339920834
33.339	-3.0923	-1.8954	1.57956236122197
31.845	1.0033	-1.1008	0.460745416882906
34.623	-7.9058	-0.21977	-0.633044975772004
36.82	-6.9642	-1.231	-0.340687428122727
38.141	-4.2786	-2.7783	-0.202908752959618
36.231	-6.2373	-5.1256	-0.521202999527997
36.289	-2.5821	-5.4333	-0.53887381032685
37.38	-3.0814	-1.6637	-0.369837256397585
35.425	-1.3523	-5.359	1.645
35.754	-8.7903	-3.0805	-1.32072097952291
36.588	-2.8971	-0.65573	0.966034288241052
28.461	0.98628	0.17033	-0.784295745612134
36.185	-1.9151	-5.1717	-0.747504340309328
36.577	-3.213	-5.146	0.0960109048842403
36.786	-8.3038	-2.0017	-0.428717776315277
37.997	-4.8692	-1.9471	-0.347417796468793
37.103	-6.7509	-1.4273	-0.506440437255471
38.09	-4.6696	-3.7878	1.645
25.277	-1.3055	1.488	0.096887471343954
36.099	-2.2894	-4.5739	1.645
31.698	-1.481	-6.3148	-0.0861684043779806
37.265	-6.8089	-1.3866	-0.193490617098289
32.951	-2.1329	0.73755	-0.356846516995446
35.127	-9.5065	-3.6642	1.28932365085505
36.16	-6.4134	-0.87063	-0.443980500701234
37.729	-4.9993	-4.3855	-0.623771423460276
32.13	-10.432	-3.3767	0.627581157697661
37.573	-3.3045	-2.1576	-0.549241788660222
37.755	-3.5724	-3.9847	0.911955226330826
37.348	-6.6439	-1.5268	-0.463075257161038
37.925	-7.2268	-2.1791	-0.525707235283606
36.177	-1.8567	-5.0243	-0.579599968553552
37.795	-6.7263	-1.3088	-0.809729678813008
31.65	0.84958	-1.5053	-0.59817369470994
36.07	-7.6448	-1.1824	-0.450409317324235
22.184	-12.39	-2.6067	-0.207661173091518
30.247	-10.532	-3.9948	-0.350782042257639
37.393	-6.592	-1.4972	-0.339182092887348
37.554	-2.4907	-3.7862	-0.233061735415111
37.201	-7.6178	-1.6684	0.110440563825358
30.283	-1.7556	-6.5862	0.305382923802884
25.356	-12.145	-2.9767	1.43225008934061
35.172	-5.0249	-0.59907	-0.0236087002422635
37.305	-7.1596	-1.4898	-0.575310087581203
35.947	-3.498	-4.6138	-0.182810115620086
33.207	-10.28	-2.8261	-0.352154635548217
28.016	2.2856	-0.45016	-0.236575235366841
22.195	-0.52443	1.9394	-0.399505413562584
35.802	-9.2502	-3.1529	-0.398956141237873
36.956	-7.4289	-1.0991	-0.306150497060067
38.171	-4.4907	-2.327	-0.875217684327867
36.092	-7.0394	-3.7643	-0.484380815462659
26.98	-11.301	-3.1408	-0.641763286509336
35.669	-5.378	-5.4118	1.10660661612666
34.864	-0.4048	-2.0771	1.28634629470005
36.613	-7.0288	-0.34779	1.1775060124383
31.329	-9.8618	-4.0712	-0.408041894737846
36.769	-3.844	-5.1959	-0.464282419370968
30.827	-10.451	-4.0079	1.55780675156857
37.061	-7.7577	-3.156	-0.0644201084231139
34.483	-1.1037	-5.7561	-0.0683650515829827
35.73	-7.9709	-0.66978	-0.415624196584435
26.612	-11.577	-3.6266	-0.62582146539439
36.745	-7.1831	-2.3689	1.07824065595003
31.359	1.2267	-0.79001	-0.26853575480864
34.084	-5.1555	-0.37926	-0.285811470397074
38.29	-5.6387	-2.4153	-0.367970864545591
22.106	0.18732	1.8667	-0.387179085174294
35.735	-6.692	-0.29731	-0.200802134006931
17.095	-12.321	-2.8753	0.672894254498311
36.501	-6.4825	-0.69156	-0.145122009386322
26.577	2.4753	-0.54886	-0.554945228115808
37.219	-2.0424	-2.5208	-0.537088615195791
36.172	-0.92643	-4.2247	0.754017642690346
37.095	-4.2397	-4.9509	-0.438081840956612
33.674	-1.1195	0.1615	-0.195679181915606
36.517	-7.0275	-0.29672	-0.444760190799034
31.972	-10.291	-4.3015	-0.54684594237217
37.138	-4.5323	-4.5154	0.0913786415166553
32.883	-8.6579	-4.8132	-0.520267868113065
33.946	0.48495	-2.0193	-0.277015004302376
33.226	-8.1007	-3.0252	-0.279432374388361
36.037	-8.4397	-2.6454	-0.248855225990273
32.196	-1.6907	0.61627	-0.3262798473323
27.763	-0.19828	-6.7383	-0.516457106319183
36.339	-6.8364	-0.98471	-0.561245753043227
32.65	-0.74971	-6.2361	0.0590649370060769
36.261	-2.6379	-4.6789	-0.402676621260178
35.636	-9.2272	-3.3149	0.0967702013889565
37.07	-2.1273	-3.4271	0.00868011786771605
36.04	-8.1498	-3.5092	0.00622736772445249
37.255	-6.7602	-0.97143	-0.284100238927638
33.652	-9.6058	-2.9365	-0.320695775138291
35.983	-8.1255	-2.4158	-0.309146204729062
34.944	-8.9841	-4.1297	-0.377799196817201
33.04	0.80558	-4.2231	-0.45798824334247
37.059	-7.1464	-0.47755	-0.462289392275401
35.629	-9.285	-3.1762	-0.380560344185444
37.101	-2.5892	-4.5559	0.287018771467382
33.365	0.518	-1.5642	0.215411189681904
37.799	-3.4383	-3.9197	-0.529859563325622
37.502	-6.2755	-1.1577	-0.0859837594494018
37.352	-7.3788	-1.6396	-0.468311340493597
34.537	-0.89781	-0.21511	-0.495581777914996
34.933	-9.2861	-1.8374	-0.182406924891155
34.882	-6.9392	-0.59267	-0.0736820137263087
28.051	-11.463	-3.9954	1.645
38.583	-5.346	-2.3082	-0.0189098628248257
35.765	-2.3939	-5.2168	-0.195876035002619
35.587	-2.51	-0.4416	-0.162137628488376
37.18	-7.2877	-2.0295	-0.284158193105252
36.955	-6.6936	-0.62468	-0.427139042730919
33.145	0.72644	-3.0346	-0.415289041494762
36.358	-1.9963	-3.3979	-0.512467782024099
35.264	-7.1588	-0.50919	-0.532785014885085
34.658	-0.62976	-5.3143	-0.346539095884374
36.36	-2.2355	-0.98092	-0.491474753828457
36.834	-7.6649	-2.6837	-0.335859035026484
21.132	-1.0722	1.3773	0.70577835375031
13.152	-11.939	-3.2046	-0.158156354734858
36.426	-6.7145	-0.56541	-0.788865481779139
36.807	-6.8513	-1.4331	-0.682242780775201
36.444	-7.3508	-0.80357	-0.512340429901363
35.638	-1.1759	-3.9446	-0.582872743130909
27.737	-11.284	-3.2202	-0.46873998443231
36.113	-7.5229	-1.1566	-0.218422330002032
34.689	-0.28268	-3.6521	-0.4624750861469
37.379	-3.6702	-0.92475	-0.440657983079514
38.099	-4.1749	-2.0066	-0.727598120292374
38.276	-3.9029	-2.2387	0.197293664211188
35.502	-5.9782	-1.6541	-0.14329525746031
36.584	-6.9242	-0.77023	-0.529210682936151
35.672	-1.7917	-5.3377	-0.130531656045638
36.752	-3.5477	-2.6273	-0.36485107009606
34.205	-9.6351	-2.6179	0.0783692988011899
36.673	-7.7313	-1.7312	1.13510226257449
34.93	-7.4385	0.28604	-0.399071018945157
36.492	-7.1408	-1.0361	-0.623927378977661
37.788	-4.174	-1.7582	-0.69331075840611
36.965	-3.0487	-1.9398	1.645
38.23	-4.9132	-3.4835	-0.48598405395721
36.663	-3.1631	-0.3802	-0.751784155041315
33.099	0.055081	-5.2592	-0.236625312980087
31.239	-10.563	-3.4322	-0.641259287418528
35.881	-1.4853	-5.1216	1.33701625601175
33.57	-8.7984	-2.8098	1.645
37.128	-7.3755	-1.516	-0.00384756153757844
33.552	-9.7298	-1.7604	-0.286836536781171
35.169	-9.4052	-2.0994	0.562958128845556
33.728	-7.5046	-4.2941	1.645
31.148	1.1191	-1.7657	-0.229888859960509
36.1	-5.7452	-0.9397	-0.337526807004845
14.2	-12.25	-2.7913	-0.416815123528838
33.449	-0.70302	-0.86649	-0.587426541520451
36.735	-2.0513	-4.5974	-0.768805907375746
37.97	-6.9158	-1.8538	0.26807366465954
37.271	-6.6982	-1.6293	0.128136888898133
36.379	-3.7123	-1.4074	-0.439414242858835
24.282	-11.844	-3.4144	-0.388375628953934
36.613	-3.0796	-0.94265	-0.10532312379236
35.771	-6.6465	-1.0204	0.0747743287188146
29.6	1.593	-1.8446	0.316981767759904
37.883	-2.6633	-2.9858	-0.560951166822608
31.258	-10.897	-3.3516	-0.89170905775094
28.835	-0.9672	-6.622	-0.487810933639794
26.632	-11.363	-3.9523	-0.254448085878218
34.045	-9.3825	-2.7884	-0.44067175690885
36.668	-5.7643	-0.36006	-0.105754339615691
33.156	0.051677	-0.95287	0.343266368258857
33.764	-0.71277	-5.7633	-0.551599935260811
35.295	-7.3557	-2.6164	1.645
34.803	-7.3818	-0.18694	0.139411354872092
34.462	-9.6263	-2.7398	-0.511023069062057
35.186	-7.3743	-0.73991	-0.668046147329044
36.568	-6.7341	-0.43936	0.816487140811854
37.311	-7.1319	-2.484	-0.815434860268495
24.603	3.0977	0.72789	-0.367557961109692
30.903	0.73487	-0.78254	-0.226310851836334
36.998	-6.8792	-0.55387	0.140370750737601
33.493	-0.10664	-5.5756	-0.131895940653162
38.411	-5.9434	-2.5654	-0.410994695572011
23.875	-11.581	-3.7265	0.0273653233945413
31.882	0.099737	0.85538	-0.107692145795412
31.935	-9.6442	-3.1092	1.4861499784287
26.959	-11.641	-3.4896	-0.794194062804987
27.536	2.4938	-0.31686	-0.199913680114389
37.244	-6.5933	-1.2809	-0.455644508429275
29.127	1.8274	-0.60295	-0.771253250512267
37.126	-1.7498	-4.0023	-0.627280216991415
37.964	-6.7002	-1.5893	-0.250727797901014
29.648	-0.84476	0.71673	-0.256812244108126
37.316	-6.1483	-0.43037	-0.947471996403434
37.077	-7.9142	-1.4075	-0.351482157384177
33.288	-0.28058	-5.9272	1.35130389971745
35.647	-8.0758	-4.3618	-0.646830538187708
36.307	-7.1819	-0.72469	-0.415185641092963
37.012	-7.3768	-2.6185	-0.250707373097162
29.6	-10.915	-3.8914	-0.465664667555177
37.241	-3.7254	-1.2785	-0.567474639184451
36.381	-6.3235	-0.97449	-0.302401017411505
38.228	-5.9979	-2.4075	-0.484150277709292
29.683	2.3099	-1.5653	-0.270626150097396
36.092	-3.3609	-0.37577	-0.529067769290512
36.459	-2.2777	-4.9212	0.0788641717070625
26.628	-11.465	-3.5706	-0.82008433144454
37.597	-4.7139	-4.268	-0.238075434172189
37.638	-2.9456	-1.7393	-0.581523854855179
36.825	-5.2081	-2.5948	-0.378475030097426
37.001	-3.1956	-1.9825	-0.336397176559716
35.376	-7.6203	-0.86273	-0.354920132134288
29.737	-10.997	-3.7093	1.645
36.646	-6.9621	-4.4572	-0.439038526656337
35.599	-6.7579	-0.15719	-0.495747117336895
31.82	-1.1205	-6.6025	-0.121701955465454
36.406	-3.0178	-1.5552	-0.437748236470345
33.897	-9.3231	-3.4479	-0.248249267810394
32.105	-1.7627	-0.10838	1.645
36.277	-7.249	-0.71106	1.645
36.737	-5.862	-0.77037	0.0179752933120162
36.388	-6.8777	-0.40505	-0.202480316835816
37.261	-2.7718	-4.19	0.151937499656175
31.621	1.471	-2.1952	0.00797901191739422
37.684	-3.9188	-3.9944	-0.384906985516371
24.924	3.2424	0.63254	-0.542163218393557
35.866	-3.3966	-1.9231	-0.045803165167199
27.767	2.2237	-0.43318	-0.37865235984798
35.011	-9.3326	-3.6961	1.645
36.754	-3.0007	-4.6999	-0.714226999780639
28.246	-11.364	-3.9274	-0.560169920922535
28.058	-0.40419	-6.5521	0.671237408102183
36.427	-6.7942	-0.72939	0.193148985886368
38.176	-3.9397	-2.3623	-0.536213744061945
31.848	-10.514	-3.7276	0.25812301130507
32.421	-9.9028	-3.8736	-0.343102797404756
37.445	-4.4388	-3.7318	-0.225872005811156
35.951	-1.7764	-5.2628	0.174764906604041
35.052	-2.3438	-0.25459	0.410432514903864
37.046	-6.6266	-1.4054	-0.366747161527389
35.805	-0.27107	-3.7675	0.852264617294674
37.018	-2.1404	-3.4635	-0.422370796403094
29.485	-11.04	-4.0291	-0.221672386348804
34.963	-0.91573	-4.2992	-0.316475300484278
35	-8.9277	-3.0689	-0.416248838290607
37.03	-6.9054	-0.89318	-0.752801215975588
36.998	-6.6701	-0.68066	-0.0500082545299745
28.959	-10.732	-3.9835	-0.215476828463565
28.796	2.6423	-1.0447	-0.485775641921901
35.607	-1.8209	-5.5017	0.48782925858318
29.049	2.1374	-1.2587	-0.604753544795701
36.564	-7.3469	-0.8169	-0.375006973962658
37.58	-5.6603	-2.0723	-0.402322642494763
31.865	0.77388	-1.3397	-0.668215172593075
29.143	-1.0016	-6.5471	-0.708864549361901
27.258	0.22043	-6.3336	0.290041454093751
35.159	-8.7272	-4.1003	0.381713146723523
35.815	-7.8946	-0.37288	1.645
37.493	-3.1652	-4.0554	-0.105963587630287
36.963	-3.5361	-2.5995	-0.386841472293239
37.393	-5.8686	-0.98026	-0.331351362902655
37.813	-3.2192	-2.0258	0.272341463212062
37.005	-7.4155	-1.2923	-0.247241444558987
36.678	-7.6703	-1.4146	-0.397183836583515
36.409	-6.576	-1.957	-0.314880344261494
36.077	-2.6253	-4.9514	-0.419592362609057
36.243	-3.5794	-0.21717	1.06857997685315
36.026	-6.626	-0.1023	-0.360242350611121
36.241	-3.1487	-1.2023	-0.546633863861385
26.151	2.5267	-0.32816	0.528660668351416
37.961	-4.5137	-3.6152	-0.377098545390797
34.751	-2.076	-4.7894	-0.281267959154445
35.408	-1.3801	-5.2085	-0.500863421399714
31.983	-8.192	0.43924	-0.251642514138813
37.348	-4.3808	-3.4643	-0.477142700372108
25.224	-11.867	-3.7074	-0.458544882788867
29.185	-1.0694	-6.7569	1.645
34.119	-1.5572	-3.3554	-0.475536420944573
35.665	-1.1446	-3.4708	0.595864437376387
37.853	-6.0901	-2.2477	0.0517170637522345
36.103	-2.9022	-4.7952	-0.205402309746338
36.835	-3.5596	-0.94827	-0.411744927203079
36.17	-7.445	-0.85062	0.229540106798594
26.906	2.3831	-0.26394	-0.640335600281483
36.06	-7.5642	-0.4854	-0.807692249865057
37.14	-4.964	-4.1295	-0.298261036293869
36.254	-2.536	-4.605	-0.38493617888225
37.401	-2.788	-4.0256	-0.21600130959945
36.424	-7.281	-0.91605	-0.185274703411044
35.811	-7.1054	-0.26252	-0.4510893792397
35.131	-7.9391	-1.5386	-0.360713213800759
36.196	-2.2167	-5.2777	-0.0999714580921825
35.143	-3.4181	-0.3143	-0.188168994196388
35.111	-2.7285	-5.6907	-0.288624455704007
38.008	-3.2008	-3.5752	-0.479016935367502
35.136	-0.6424	-1.0237	-0.500149296371341
35.689	-6.7757	-2.8578	-0.4443474839684
29.713	-1.3836	0.57155	-0.160471026730316
30.906	-10.083	-3.4443	0.0946451943157606
34.883	-4.4287	-1.5223	-0.36476999778992
38.086	-4.8205	-3.8928	-0.13311709676432
37.501	-3.63	-3.2459	-0.29315974306116
35.843	-6.6108	-1.5401	-0.472658160927997
31.505	-10.677	-3.5357	0.114822460789348
37.16	-6.6232	-0.7396	-0.304659491725989
36.42	-7.2465	-0.79641	-0.296229942121665
31.917	-9.7447	-4.6294	0.967888333039086
37.031	-6.9763	-1.0374	1.38480307086143
38.265	-5.2641	-1.6418	1.645
37.023	-7.7618	-3.0738	-0.277679843162848
35.848	-8.0086	-0.74692	-0.504446694141049
37.359	-3.4721	-4.3656	-0.514899218219273
37.919	-4.1884	-3.3612	-0.304161217924351
31.151	-10.386	-3.707	0.914092919527371
37.056	-2.086	-4.1943	-0.598135252659118
38.006	-4.5622	-1.6132	-0.567752364118117
36.625	-3.1859	-5.035	-0.493283198031681
22.994	0.17768	1.5887	-0.2988001452522
37.974	-3.5713	-2.2629	-0.501106268823426
35.991	-7.1105	-0.27884	-0.33867536280487
34.046	-7.7115	-0.99998	-0.410689781757852
28.049	-10.987	-4.007	0.00976938313389098
24.626	2.8702	0.65734	-0.215177583574762
35.883	-6.8386	-4.8344	0.152669575247482
36.537	-6.301	-1.1695	-0.269891037559592
36.684	-6.916	-0.54257	-0.612770606370639
36.131	-6.7703	-0.6249	-0.582469050760736
36.721	-7.1728	-1.6014	-0.445639504363243
36.291	-3.2826	-5.4975	0.473656223185024
37.998	-6.5588	-1.1578	-0.52480676012174
37.407	-3.279	-1.2402	-0.116542312277463
34.719	-0.76652	-0.38087	-0.609562370109904
24.667	-11.97	-3.4268	-0.439697023813118
36.562	-7.8558	-2.4601	-0.207730785223714
34.523	-6.4037	-5.2684	-0.54647553009316
36.344	-2.7243	-5.0541	-0.347644941775653
28.704	-1.2358	0.73461	-0.211372926932718
35.112	-8.381	-1.5627	-0.239106265335931
36.561	-8.08	-2.507	-0.475275928410181
29.101	1.8205	-1.2912	-0.587184221378694
35.878	-8.1252	-1.6888	0.0239961710928707
33.057	0.84632	-2.7147	1.26365079010145
33.546	-0.34527	-5.445	-0.34720198200344
31.882	-0.57295	-5.8092	0.10262075770929
24.91	-11.954	-3.5912	0.615337700998027
38.382	-5.4187	-2.2298	0.460100719220594
35.342	-0.84757	-4.9727	0.726366071444756
34.619	-5.6944	-5.4814	-0.143262871661537
36.436	-7.5013	-0.96146	0.364713046400172
37.02	-3.3083	-1.0167	1.645
34.806	-8.8901	-2.973	-0.378096019292223
34.347	-0.98887	-5.2431	-0.244112408890157
32.922	-10.36	-3.0592	0.819075299163698
37.436	-2.0099	-3.387	1.56890029188977
27.802	-0.52154	-6.6001	-0.379338877851044
36.324	-7.7981	-3.4379	-0.729426071537824
33.436	-1.2899	-6.2745	1.645
33.177	-9.7487	-2.9992	1.645
27.274	2.4161	-0.10539	-0.421487315392808
25.93	-1.2025	0.87789	-0.347495653235108
36.272	-2.8487	-4.1937	-0.450159117218475
37.157	-2.2965	-4.1908	-0.112873258497611
30.682	1.0168	-1.2092	-0.314376516233176
34.541	-2.8555	-1.6681	-0.53021119673382
33.291	0.40457	-1.8331	0.4858728384318
37.406	-4.0066	-3.9598	0.077073053277304
24.997	-0.66669	1.1359	-0.165980927039836
36.12	-6.4143	-1.0835	1.33836623605017
34.659	-1.9863	-5.9829	-0.379732632001775
36.488	-7.3251	-2.3262	-0.54513815229534
27.032	-11.414	-3.9168	-0.252417269723639
33.231	0.16905	-5.6528	-0.16089164287565
35.542	-6.5946	-1.1652	-0.355629277210361
36.53	-7.222	-1.5122	-0.222277495257883
35.769	-1.7993	-5.2612	-0.336934593314714
35.546	-8.9878	-2.0374	-0.338406486947413
36.791	-7.3313	-1.4707	-0.57587150401961
29.891	1.399	-0.59674	0.51229388991627
35.835	-5.3318	-5.5868	-0.538579758344025
28.257	-0.68969	-6.8239	0.816436639283415
37.377	-6.8635	-1.8859	-0.506396772433397
27.464	-11.751	-2.8039	-0.305103103676965
28.168	-0.41404	-6.7192	0.944459095916088
37.75	-4.869	-1.3026	-0.380991982466802
35.944	-7.7459	-1.3209	-0.130313529583338
38.082	-5.3314	-2.1137	0.958240440761344
33.007	0.29962	-0.29684	-0.529764398026565
38.541	-5.8464	-3.3132	-0.230453607064595
36.802	-7.1285	-0.91854	0.34773624326152
37.28	-2.8613	-4.4514	1.20186339697137
27.788	-0.7983	-6.5807	0.393687147375001
29.504	-10.993	-3.853	-0.125254519400102
30.43	-10.246	-3.9492	-0.396276467997557
35.675	-7.1694	-0.86933	-0.360450501955484
37.326	-5.6839	-4.4112	1.645
36.829	-3.054	-4.6771	0.0588808160686719
37.127	-7.6054	-3.972	-0.0368918617823024
32.465	0.75286	-1.4389	-1.07512654854335
33.046	-8.5364	-0.65937	-0.346354607981621
32.73	-10.178	-2.8586	-0.701154073044672
34.579	-9.3204	-3.3467	0.869655745236825
33.708	-1.6614	0.33322	-0.438483602859779
37.264	-6.7331	-1.3042	-0.569415148861467
33.378	-9.128	-3.986	-0.304776350785882
36.682	-6.2436	-0.22291	0.910717813882298
30.821	-10.162	-3.2975	-0.416480889345754
36.51	-8.369	-3.6788	-0.822069359273206
24.884	-12.03	-3.7199	-0.462159534159079
35.633	-2.7754	-0.42644	-0.255333032728475
36.718	-6.6751	-0.98773	-0.468681900232237
35.556	-2.9167	-0.96308	-0.476571795863557
27.416	-11.642	-3.608	0.452522114341054
35.042	-7.5012	-4.9165	-0.293369615825085
37.034	-2.7736	-2.7544	-0.158942251149318
37.879	-3.3745	-3.9897	-0.46268050072736
28.693	1.9418	-0.84665	-0.461430838186433
36.863	-4.6665	-0.57369	-0.124767620078131
37.196	-2.9731	-1.8959	-0.298606383794884
28.874	-11.12	-4.0281	-0.341212375177123
37.449	-6.7361	-1.3597	-0.500309064968521
35.503	-6.2815	0.51715	-0.189711939719267
24.869	-11.715	-3.337	-0.551086162337059
37.136	-6.9179	-0.88602	-0.392881818639009
37.548	-3.7864	-2.5541	1.58928071749752
36.034	-7.4432	-0.97491	-0.174058625452149
37.937	-4.7004	-4.0766	-0.635056055797392
35.013	-1.0942	-0.74452	-0.600924158688539
37.172	-5.7699	-2.3884	-0.359365602363094
37.69	-2.9721	-2.3396	0.605602141372537
36.99	-7.0988	-1.0916	-0.2758983453274
32.325	-6.7771	-5.2843	-0.0499013360792589
36.596	-8.2474	-2.108	-0.349416629080872
34.624	-9.1756	-3.8766	-0.687778555320835
36.626	-3.6918	-0.73483	-0.841817104632716
36.301	-7.5684	-2.2311	-0.512807599971019
35.615	-2.2489	-4.7724	-0.52052410009069
37.742	-5.3859	-2.9074	1.645
36.329	-1.779	-4.8389	0.518917116316127
33.853	-7.9412	-4.2012	-0.264765973057533
36.495	-7.6701	-0.95526	0.925647403817049
32.664	-10.854	-2.59	1.645
34.45	-0.82641	-5.3395	-0.208136142544762
31.683	-1.2044	1.0754	-0.393246848636899
36.139	-7.2369	-0.64364	-0.41914722993619
37.14	-3.0531	-2.5682	1.50332324605587
37.645	-3.0373	-2.7639	-0.453937598803611
33.42	-1.847	-0.09335	-0.59220610315309
25.808	2.4843	0.20229	-0.783940150498319
36.558	-3.477	-0.7264	-0.797018435939851
37.076	-2.1343	-2.4981	-0.286626577316512
37.295	-3.7665	-1.2328	-0.472262254203467
36.868	-7.3659	-3.4925	1.645
25.14	-11.017	-4.1427	-0.294400775263892
37.662	-2.5526	-3.9957	-0.573555415522981
37.251	-3.3098	-4.4526	-0.523837057042517
38.169	-4.0381	-2.3338	-0.30155868217482
32.388	-10.109	-3.1943	0.747611646365028
34.469	-3.1586	0.16337	-0.549239841467384
36.915	-7.9132	-1.4713	-0.651065405603405
28.759	-11.084	-4.2342	-0.577469064857931
29.454	-1.0348	-6.7118	0.161523462213839
36.981	-6.4968	-1.3048	1.645
23.9	3.4724	0.17699	-0.495180102145013
36.503	-3.0435	-4.7703	-0.791488407423045
31.809	-9.8667	-4.0254	-0.579507816531584
36.414	-2.6558	-5.1461	1.57288000427356
37.586	-5.8647	-1.1041	0.0983900265635987
35.487	-7.1229	-0.32773	-0.58194404016285
27.695	2.5926	-0.75992	-0.352758654683972
36.496	-7.1131	-0.84695	-0.363039774481012
36.57	-1.9504	-4.6956	-0.818738195549316
37.89	-3.3009	-2.8666	-0.432593614612795
35.773	-3.3263	-5.1052	-0.272257013996406
36.89	-5.1349	-4.9182	-0.0204088349403054
36.339	-7.668	-3.0652	-0.209695925477576
37.425	-4.7946	-3.5831	-0.332544534643497
36.89	-7.2192	-1.1222	-0.638842698297116
36.973	-4.4217	-0.99545	0.0493586949676161
18.117	-12.427	-2.7497	-0.492980976265754
28.914	1.9943	-0.15523	-0.924804308554165
35.884	-6.3224	-0.51641	-0.526302110605481
22.895	-11.764	-3.655	-0.264479759626174
29.674	1.9213	-1.1953	-0.165526350681135
34.349	-1.3018	-5.8695	1.645
33.373	-6.1595	-5.613	-0.309499001782993
36.107	-8.3833	-3.8955	-0.159203369430329
33.708	-6.1344	-5.2625	0.733647724309833
25.941	-0.49807	1.7601	-0.360909165723956
24.148	-11.976	-3.5319	0.628953073777531
35.762	-2.4738	-4.9674	1.645
34.387	-0.70831	-5.5504	-0.97253147857494
37.663	-3.1052	-2.6371	-0.627987020712751
37.474	-3.0541	-2.0965	-0.234936078588273
33.383	-10.034	-3.4276	-0.741034878924142
28.812	1.5111	-0.18542	-0.609090406079411
36.922	-5.6457	-4.9601	-0.186839225395078
37.488	-6.6095	-1.1444	0.698517494690404
28.073	-11.668	-3.1194	1.10589568657234
36.91	-3.242	-1.1441	-0.318619289193303
36.175	-7.537	-1.5303	-0.628430055003712
36.358	-0.97953	-2.8211	-0.351170467699295
36.017	-3.9337	-0.15164	-0.604559074530341
38.576	-4.8825	-2.3728	0.723370532358477
37.872	-5.7018	-1.026	0.0554126676101421
36.697	-2.4607	-4.6981	-0.4590954662633
36.349	-7.9935	-1.5244	-0.356571438290282
37.175	-3.326	-4.0231	-0.486476113276471
36.928	-3.1836	-4.6119	0.0593650482551558
37.756	-7.1614	-3.4233	0.563920003698226
37.301	-2.9975	-4.1287	-0.594481663839989
30.193	1.1488	-0.66419	-0.386438933623119
28.46	2.2846	-2.1237	-0.25226665739543
24.401	-1.0807	0.94528	-0.591115832701183
27.402	2.3625	-0.79184	-0.154919565356025
37.872	-6.6212	-3.506	1.645
29.53	-11.489	-3.1516	0.298358982626535
27.857	-1.7479	0.28644	-0.328930990111282
35.484	-8.9282	-1.9391	-0.275595946840699
27.673	-11.413	-4.0307	-0.551513099803567
36.204	-0.51726	-2.602	-0.340116433268042
28.13	-0.42296	-6.6429	-0.353798123329422
29.047	-11.285	-3.5116	-0.367061778552289
37.948	-3.335	-3.8358	-0.524855195216688
36.671	-6.1766	-4.2952	-0.43728212968348
36.841	-6.0594	-5.141	1.645
36.965	-4.6772	-4.0313	0.983027064474153
36.056	-7.7506	-4.4819	-0.525671689775785
33.524	-0.99915	-6.1235	-0.590747163428217
35.209	-2.4738	-5.3197	-0.419778264453622
27.447	-11.476	-3.9333	-0.487294096899388
36.676	-4.9225	-0.54227	-0.375883626570035
36.187	-1.3059	-1.2429	1.645
29.373	-1.8565	0.38733	-0.611356948588978
29.141	-10.738	-4.3405	-0.206980254750329
37.819	-3.8939	-4.081	-0.612675446952769
35.461	-6.7856	0.21	-0.387453454210941
33.537	-8.6364	-4.1537	-0.346123509656209
35.576	-2.7145	-1.1661	-0.444904174163561
36.729	-7.5145	-3.1312	0.382977989918589
36.088	-6.6977	-0.52185	0.0646364843793743
32.739	0.91199	-2.6954	0.335551198270457
37.836	-4.3579	-3.3202	1.645
36.018	-6.3323	-1.1371	-0.193886170532311
37.469	-3.0494	-4.2007	0.435097233658332
35.606	-2.0846	-5.5897	-0.463392738317912
35.933	-6.8829	-0.44488	-0.478127567125274
35.493	-9.2462	-3.3582	-0.661447875955711
37.53	-4.251	-3.1865	-0.447807527493965
30.092	-11.065	-3.1338	-0.526963059483882
32.99	-8.9546	-0.21807	-0.27072136545554
37.519	-7.3869	-2.6661	-0.611726167064396
37.079	-6.2808	-0.77346	1.645
36.022	-6.828	-0.57731	-0.318654282896937
37.918	-7.0786	-3.0856	-0.774693966068737
28.343	-11.733	-3.5872	-0.229918682921921
37.494	-5.8069	-1.0089	0.0647181410436685
34.273	-0.69818	-5.6839	-0.442543848843833
26.188	-1.2389	0.73822	-0.290497961402763
29.477	-10.678	-4.2809	-0.483339027734671
29.977	-11.456	-3.3584	-0.585403383240594
36.939	-3.7073	-4.6069	0.192087811920169
37.59	-3.4846	-3.6459	0.994540760520501
28.11	-1.8263	0.47221	-0.589391085226056
35.99	-2.0913	-5.2288	-0.517549721392574
31.074	0.26967	-6.3372	1.56330960156514
37.27	-6.4269	-1.0324	1.645
34.091	-7.9047	-4.067	-0.655051104507437
36.52	-7.3394	-3.0192	0.114400816413393
37.4	-6.6576	-3.761	-0.356648330327767
29.113	-0.98121	-6.9442	0.151844514509583
37.029	-4.7412	-3.0954	-0.298856877133112
33.037	0.75239	-2.4438	0.531005230988185
22.655	-11.631	-3.7513	1.10656583630122
37.766	-3.2181	-1.9562	0.0140801338749398
37.838	-3.7151	-3.567	-0.584365698153503
37.285	-3.4399	-4.4883	-0.597057731592493
27.184	-1.4529	0.40133	0.0556916658987144
38.26	-5.4613	-2.6107	-0.69921105301591
35.989	-1.6761	-5.1643	-0.362300915568617
37.247	-5.6924	-4.4819	-0.413018935326114
34.351	-9.3416	-4.3517	-0.496510831164237
32.942	-10.187	-3.8424	0.537381584051966
36.258	-3.1272	-2.1291	-0.191725219033838
37.522	-6.8014	-1.605	-0.394618689289817
34.875	-7.5634	-0.67985	-0.175449267109804
36.805	-6.8704	-0.46855	-0.527837339667998
36.438	-5.6209	-1.0791	-0.198481467929022
36.039	-7.5015	-0.37316	-0.59556630994678
35.992	-6.343	-0.027214	-0.362844157216531
38.018	-4.0021	-3.4175	-0.18735272917347
36.085	-8.2433	-1.0166	-0.5782382696641
38.197	-3.1683	-2.8039	-0.880419619881432
37.221	-6.2661	-0.70586	-0.435437234588599
24.495	-0.80438	1.506	-0.411443740980836
19.894	-12.408	-3.0023	-0.0834269203421441
32.857	-1.747	1.0811	-0.375255045299309
38.182	-4.7359	-4.0348	1.645
32.564	-8.7826	-4.3392	1.645
33.424	-10.297	-2.9498	-0.398244838463207
37.001	-1.8216	-3.9956	0.978252446600485
32.612	-9.982	-3.3678	-0.144995299935523
26.104	2.9775	0.38525	-0.579056381733052
35.856	-6.2175	-4.9262	-0.329394590503679
34.29	-0.70505	-5.4116	1.645
35.119	-8.7121	-3.9509	-0.602332695629122
32.294	1.3388	-1.5872	1.645
26.933	2.2884	0.38868	0.269101879607271
27.989	0.13398	0.8053	1.645
37.348	-6.549	-3.1685	-0.568485791302394
34.481	-0.83471	-4.8208	-0.26115165819496
36.976	-6.7599	-1.9741	-0.213327487644815
36.879	-7.3031	-1.1171	0.23164036761771
37.988	-3.183	-3.7179	0.617889399364808
37.929	-6.679	-1.6821	-0.199439125843211
35.328	-8.9384	-1.7754	0.0169272011633341
34.271	-9.6149	-3.6763	-0.350372158164031
33.023	-9.9253	-4.2566	-0.373482882940537
36.927	-6.6277	-0.54409	-0.6790830668394
37.587	-7.0356	-2.9008	-0.514573297719953
36.719	-7.5573	-3.667	-0.271142636724727
37.13	-6.6506	-0.87502	-0.577721981124582
33.331	-10.091	-3.2853	0.376676813406132
36.513	-6.807	-1.1852	-0.25640879316581
28.452	-0.64826	-6.6807	-0.4793446936077
35.608	-8.7425	-3.6319	0.79219959148188
36.084	-6.9266	-1.1155	0.00336696259341646
34.803	-1.1978	-5.5854	0.0519455379561897
30.623	-10.628	-2.3359	1.645
34.746	-0.83355	-5.3832	-0.325925224845894
37.674	-6.0117	-3.9316	-0.171908933574984
35.239	-7.2057	-0.80222	-0.481034620670857
30.909	-10.532	-3.6165	-0.625912743894883
34.081	-0.19025	-0.19369	-0.2714764957318
36.16	-6.2388	-4.6065	-0.559340497590673
34.061	-9.7107	-2.6267	-0.293628945408661
28.401	-0.6673	-6.6758	1.20042159517966
34.108	-1.3907	0.43458	-0.497188563730166
36.911	-4.0324	-0.88935	0.366153570549659
36.133	-7.4211	-1.9201	-0.486629844930166
35.653	-7.9359	-0.91161	-0.585202219350686
27.563	-1.7829	0.9933	1.15332773633873
35.686	-6.1698	-4.8122	-0.237940213688979
35.599	-6.05	-5.0311	-0.213130473926203
33.647	-9.5361	-2.9473	0.806622063482362
37.439	-7.1052	-1.3532	0.327199631091541
23.069	-0.86413	1.3787	-0.74653229056437
37.717	-5.9636	-3.8253	-0.157614463387849
37.26	-1.8777	-3.7953	-0.427787668397701
37.331	-2.3602	-3.1346	-0.428567714634619
29.747	1.7848	-0.64182	-0.477343750572332
31.26	-1.5383	-6.2118	1.63018473375119
28.79	-0.60836	-6.4231	0.789773315227107
28.577	-1.9917	0.59004	-0.263983482271819
36.944	-6.5048	0.15745	0.287592704082884
27.399	1.8644	0.060854	-0.660355054420483
34.571	-8.8569	-2.5749	-0.106886150134294
37.024	-6.2246	-3.3113	0.489288402983848
37.905	-5.2701	-3.6581	-0.731952365349354
37.467	-3.1874	-2.2578	1.31010296046955
35.937	-7.7764	-1.2843	-0.329395468799436
37.269	-6.4643	-1.3187	-0.551146454242111
35.22	-2.8647	-5.4605	-0.416928934232056
36.327	-3.639	-5.216	-0.315949232475032
37.298	-5.8161	-0.65225	-0.600657206735987
37.658	-4.6228	-3.5033	0.870110111977055
33.532	-9.5404	-3.8361	-0.45471688455313
38.11	-4.4154	-1.7878	-0.51200653246489
33.965	0.34185	-2.8306	-0.0603471930297254
18.681	-11.853	-3.5342	-0.335755819130649
37.578	-6.9156	-1.9975	-0.182478171540279
22.178	3.5218	0.97528	-0.324864094327954
34.324	-1.491	-0.028499	-0.614545255352174
27.877	-10.224	-4.2064	-0.582049062936852
35.796	-7.3764	-0.93857	-0.378605007413554
36.21	-7.1793	-0.91817	-0.431819060043831
33.756	0.78472	-3.7174	-0.317472294816078
34.832	-1.3266	-5.3939	-0.334648145392402
36.693	-6.5135	-1.0092	0.672612060249667
37.262	-3.681	-4.3805	-0.288541555669685
37.664	-2.5775	-2.7475	-0.344264376229344
33.114	-0.44001	-5.9828	-0.593304455809857
35.83	-8.0329	-0.94709	-0.463931684397668
37.168	-2.8936	-4.4433	0.516858304665372
37.252	-3.2123	-4.5515	-0.365641839551969
37.485	-6.3438	-1.5371	-0.468773432363565
36.79	-1.1179	-1.9369	-0.369459811468305
36.986	-3.4192	-4.8641	1.645
28.187	-2.0153	0.64751	-0.457226850077873
36.115	-2.5821	-0.79798	-0.476176750976238
32.441	-8.4786	-4.6004	1.645
32.516	-10.186	-4.2238	0.0630135380224215
34.865	-8.7229	-3.4379	-0.588117348495137
37.744	-4.8284	-2.8158	0.791724462544834
36.311	-6.2684	-0.71261	-0.410805239913766
37.547	-3.1049	-3.4645	0.62059386251689
38.079	-6.2421	-1.3115	0.136043800329329
37.974	-3.6555	-3.1281	-0.338159075415562
28.696	-0.68077	-6.8741	-0.169443665396606
30.852	1.7849	-1.8279	-0.256344244603474
34.821	-6.2335	-5.3327	-0.24219649345736
14.631	-11.506	-3.6427	-0.115363426775367
34.669	-0.46744	-3.1166	-0.367413186086098
37.859	-5.8203	-2.0456	-0.0503301638331333
36.787	-5.5935	-0.20183	1.645
36.693	-3.4679	-1.3316	-0.592378814184847
24.838	-11.328	-3.8629	-0.284669563802413
35.763	-0.51963	-3.4807	-0.53985102092046
35.201	-6.4466	-4.6978	0.989993728440932
32.044	-10.644	-3.7583	-0.291548782737523
36.194	-6.8002	-1.6144	0.18075037807632
36.007	-6.7848	-4.2244	-0.150563049735066
35.927	-7.6408	-0.39627	1.645
35.868	-8.013	-3.1225	0.138452809705715
36.808	-7.1617	-1.0805	-0.37585836202943
36.946	-7.765	-1.2246	-0.557313464746694
36.325	-6.6188	-4.8643	-0.454421576138152
35.549	-6.4596	-0.15332	-0.529343155745187
30.435	-2.0178	-5.0573	-0.440451061095238
36.901	-2.8551	-4.7309	-0.525415057495995
37.149	-6.3657	-1.3475	0.00996411712540622
36.787	-3.2912	-4.7881	-0.705190120554616
37.496	-2.7345	-3.0657	0.0425726635378322
32.833	-9.925	-3.8629	-0.622582785303475
37.75	-6.5893	-1.4592	-0.244880379227902
36.038	-0.75241	-2.4819	-0.636053798132891
28.133	-11.456	-3.6026	-0.549999386785954
30.447	1.4981	0.012136	-0.167262535139201
37.759	-5.8941	-2.4694	0.824191981695599
36.523	-6.9224	-0.55317	0.818413038746311
37.667	-3.3869	-1.5302	-0.0894610940547489
35.259	-0.56743	-3.8436	-0.360290512901504
21.996	-12.117	-3.2949	-0.325597045734624
36.696	-3.7296	-4.7045	-0.20563360938708
36.844	-2.8627	-4.1771	-0.317911348847561
35.141	-7.3093	-1.8385	-0.500586050918074
37.236	-5.8353	-2.0778	-0.392710389610267
27.895	2.1727	-0.70999	-0.402816158849566
35.937	-7.577	-0.66075	-0.384720176455063
36.415	-3.3798	-0.64911	-0.669940220862846
37.914	-4.9455	-1.6546	-0.4893126118597
37.81	-6.0972	-2.6215	-0.139306013978968
36.059	-6.6724	0.099282	1.47639265020751
33.831	-0.82131	-5.9073	-0.491305934022391
37.488	-4.8809	-1.9614	0.326297768166525
34.309	-1.5814	-3.0886	-0.235943499656151
16.546	-12.122	-3.0507	-0.456166267584946
26.475	2.8001	-0.13414	0.0571585493723033
36.584	-3.2355	-4.7375	-0.572599494773587
36.968	-3.0594	-1.5917	-0.551959449680763
36.022	-5.6927	-0.69924	-0.385000341852733
22.905	-1.2773	1.3333	-0.288805995590146
36.937	-6.6664	-1.0888	-0.0410199228793208
38.435	-6.2835	-2.839	-0.762984753874669
35.405	-0.70375	-4.8046	-0.154043049729226
36.121	-2.9466	-5.1363	0.516107512642014
36.896	-1.6696	-2.1151	-0.461704479782243
27.474	-0.29098	-6.7196	-0.298694218387711
34.672	-9.018	-2.7887	-0.0661422471873463
36.78	-7.3321	-1.024	-0.499517688238508
31.309	1.3203	-2.1248	-0.99518016088077
34.816	-1.9829	-0.24815	-0.409298206791532
31.034	2.13	-1.503	-0.288678265287228
38.1	-4.3733	-2.6288	-0.542196148163994
33.506	-8.587	-3.743	0.904282592123114
36.038	-5.389	-5.311	1.12388809089254
34.702	-1.6396	-3.8829	-0.126961883092333
32.373	0.99622	-2.1654	-0.160663379391324
35.958	-2.3821	-5.0615	-0.392655111188438
37.447	-2.7711	-3.2962	-0.407613642680766
34.224	-1.4421	-5.2872	0.339216298541834
25.823	2.7506	-0.30933	-0.856405051752775
36.853	-6.3522	-2.1496	-0.128040596166263
34.92	-2.181	-0.95545	1.645
31.384	-10.126	-3.673	0.39817048476899
36.331	-7.1059	-0.41523	-0.253056531610134
29.704	-11.031	-4.1478	-0.595870184306264
35.609	-7.1077	-0.68315	-0.422199803243288
35.818	-1.2328	-4.9674	0.0215540290807793
35.623	-7.3392	-1.1323	-0.514475439611309
32.987	0.16537	-5.4076	-0.376474727557997
36.38	-3.1166	-4.3906	-0.451494425260956
36.763	-2.5223	-2.4664	0.156676519628016
30.806	-9.287	-3.5933	1.645
31.819	0.77723	-1.5751	-0.644702086996213
34.867	-2.1455	-5.957	1.645
36.432	-2.9785	-1.8557	0.519711843338643
37.33	-2.1802	-2.9054	-0.400016875044578
35.886	-6.8034	-0.66589	-0.354844535198406
34.169	-2.2291	-0.29475	-0.480135106003634
27.676	-0.63697	-6.9622	-0.506596709967789
36.642	-7.6993	-2.0698	-0.319515800801248
36.441	-7.3309	-1.0821	-0.862173126380862
36.404	-0.77396	-3.045	-0.455181206523988
32.197	1.205	-4.1368	1.17638538316126
33.119	-10.31	-2.9906	-0.549860337957422
37.344	-5.4244	-3.918	-0.530697516657877
30.026	1.6761	-1.1057	-0.613784939143155
37.878	-4.0903	-2.2179	0.233274937053187
37.108	-2.6266	-1.3105	-0.16082331895426
36.482	-1.3979	-3.6565	-0.195811046720722
31.452	-9.1478	-3.2273	-0.329761957480508
35.595	-7.1083	-1.4836	-0.183728985137168
37.93	-4.6532	-1.5629	0.896824278626998
28.339	-11.288	-3.7747	-0.783901302094661
34.572	-0.91389	-5.3163	-0.324251869255212
27.025	-1.1452	0.8769	0.167389546324471
34.079	-9.9018	-3.0968	-0.287111877757988
35.222	-7.552	-0.12993	-0.124098971789665
37.707	-3.9647	-4.055	-0.435422638274663
37.055	-7.808	-1.365	-0.284428968264779
37.028	-8.0319	-2.3737	1.645
37.484	-2.9589	-2.2054	0.910360410604418
36.636	-1.8449	-4.6217	0.587892468315396
24.255	-1.0753	1.209	1.645
37.908	-5.4849	-2.8675	-0.459620987771991
28.144	-11.285	-3.6351	0.709517290611833
36.304	-3.0943	-4.7781	-0.318249080671805
36.383	-6.8969	0.11651	-0.233809341238207
36.032	-2.4254	-5.2954	-0.497717121313057
37.693	-6.9362	-2.1968	1.645
35.196	-7.2738	-0.20346	-0.29732203254412
36.191	-1.9754	-1.1911	-0.0620200103136467
35.949	-7.0988	0.036498	-0.288588874954545
32.924	-0.29634	0.38633	-0.52125928191899
36.636	-8.1869	-3.6598	-0.308007996717322
35.702	-1.5553	-5.3066	-0.590815054429621
37.827	-3.3669	-2.5679	1.645
34.952	-6.4194	-5.1862	-0.371511771671095
25.703	0.22142	-6.7138	-0.337131702395454
37.718	-6.805	-2.3753	-0.264594586043324
20.57	-11.951	-3.571	-0.459672096502239
33.204	0.41913	-3.6203	-0.0431873198109113
36.349	-7.4662	-1.0629	-0.535420954623385
32.301	0.83282	-1.4899	-0.776165281052403
36.889	-6.3605	-0.64418	-0.580609374075072
37.364	-6.6113	-2.4395	-0.250622279715443
36.557	-6.012	0.058335	1.645
34.899	-8.9036	-2.1978	-0.24237315318947
34.392	-0.67005	-5.3893	-0.335275075500288
36.058	-0.71232	-3.8443	1.645
35.914	-2.1429	-5.1293	-0.350345510024204
38.175	-6.4615	-2.3743	1.30568413490051
37.269	-6.594	-4.1428	0.340787804450839
36.296	-3.9297	-1.4904	-0.224172262071617
34.929	-9.3154	-3.3453	0.128950276892759
33.624	-9.7678	-3.2114	-0.540363777638668
35.452	-7.5059	-1.1164	1.01257745159118
36.034	-7.7111	-0.66814	-0.156773773917776
37.161	-2.9571	-4.3767	-0.384737810668974
35.801	-6.039	-0.10692	-0.52303772411459
38.018	-6.5426	-1.8973	-0.314421730707934
37.065	-2.8718	-1.9238	-0.569038081094775
37.741	-3.5231	-1.6764	-0.683932625634614
36.429	-1.94	-1.5444	-0.276182608194396
38.124	-5.9004	-1.833	-0.855761508995795
37.088	-2.7651	-4.3048	-0.371858790835714
37.718	-6.2576	-0.89144	-0.439373249656394
32.946	-10.118	-3.8613	-0.29495193427008
38.042	-4.4673	-2.5642	1.60563055704936
35.311	-1.2939	-5.3454	-0.557854366985215
36.716	-1.7406	-3.0904	-0.580311368427529
37.657	-5.2865	-0.77623	-0.786779159113086
28.415	-1.9853	0.6287	-0.494976276747165
35.913	-2.1991	-5.1813	-0.123651625846417
37.832	-5.746	-1.2789	-0.442163849764306
37.809	-7.1081	-3.5919	-0.371361378432829
37.022	-7.8526	-1.9066	-0.78163932905608
35.963	-2.9456	-4.6888	-0.236232915187255
29.139	-10.899	-4.2139	-0.669328259098581
38.328	-5.5245	-1.6957	-0.544604184915221
35.913	-3.5353	-0.26692	0.161069837611664
36.624	-2.5872	-4.7152	0.782190296228076
35.732	-7.4659	-0.892	0.159661424256439
37.405	-2.8884	-4.2719	-0.68429281810944
27.224	-11.557	-2.9923	-0.419233609434474
34.219	-0.7002	-5.219	-0.374676662390115
36.409	-6.4671	-0.54685	-0.365743294123503
29.133	0.029435	-6.8166	0.149814263359782
34.285	-0.88002	-5.7289	1.645
35.879	-1.4706	-5.0897	-1.0400969363168
33.331	-0.8698	-4.6621	1.645
28.562	-11.373	-3.9338	1.40508370861943
34.954	-8.59	-1.2637	0.0906451096623201
12.655	-12.024	-3.1062	-0.432246615074392
33.259	-0.86748	-5.1327	-0.375335190923978
38.313	-5.8634	-3.2643	-0.713674444249937
36.875	-2.9204	-4.2667	-0.57053500738529
36.875	-6.5702	-0.73131	1.645
32.785	0.6827	-1.7577	-0.479659193600148
36.807	-2.7145	-1.7884	0.869883512573219
36.197	-2.5887	-0.88178	-0.633939003769846
37.29	-3.1505	-4.2486	-0.228471901664989
33.099	0.48603	-1.4884	-0.677249502434785
34.092	-8.9227	-4.1576	-0.272257442206636
37.012	-7.5666	-2.4787	0.104955017231152
36.947	-6.3535	-1.4057	-0.567546969849663
24.144	-11.871	-4.1725	-0.337631331761756
37.294	-5.8666	-0.45628	-0.388413739465172
38.453	-6.2205	-2.5167	-0.761245700994026
38.205	-3.7763	-2.7418	1.33559745914372
29.42	-11.225	-3.3753	-0.797829101648809
37.148	-5.3387	-0.68234	-0.554108203383009
26.075	-11.349	-3.6326	-0.741654637596141
34.237	-0.72906	-5.5845	0.2113255147118
35.409	-7.9537	-0.78786	0.216481950306554
36.261	-5.9674	-0.39885	-0.42344176579278
35.769	-1.1302	-4.9338	-0.496148780736315
34.05	-7.3166	-5.0561	-0.43679834859769
33.716	-7.4941	-2.944	-0.11968978702971
36.741	-6.3389	-1.159	-0.510439421815538
36.513	-7.4862	-2.793	-0.809598196545226
36.212	-4.2356	-0.11937	1.645
30.542	1.6715	-0.25718	-0.510849786402589
37.523	-5.7548	-4.5898	-0.335102915807551
28.667	1.635	-0.37636	-0.686385487747574
37.356	-5.2576	-1.0494	1.645
36.478	-7.7756	-0.57777	-0.448469543855836
37.883	-3.842	-3.38	-0.713304644985596
35.131	-9.2436	-3.3567	-0.631719503282777
37.587	-5.2175	-1.004	-0.112541231057733
36.221	-2.9564	-0.61513	-0.317681073021194
38.637	-6.5948	-1.8103	0.701817212813544
36.956	-3.2025	-4.4751	-0.332553653726185
29.985	-11.016	-3.6217	-0.153364786254124
31.672	-6.1599	-5.747	-0.250897518213322
36.491	-1.3732	-4.2775	0.874634059549088
37.131	-4.5617	-0.87893	-0.52458069589326
31.827	0.24387	-1.1057	-0.282003745790947
36.602	-7.2462	-0.74841	-0.610210450075822
35.527	-1.6899	-5.4983	-0.816788163807883
28.143	-0.79826	-6.7107	1.645
36.361	-7.4636	-0.51885	-0.253821663390164
36.981	-6.59	-0.49138	-0.763387281434674
37.82	-7.0502	-1.9993	-0.367117081137823
36.574	-8.6753	-3.4189	-0.507009473736008
37.993	-6.6047	-0.58157	1.645
36.619	-3.3442	-5.008	-0.37014358050498
37.163	-4.0055	-1.8496	-0.749828712570462
27.841	-0.46924	-6.7153	-0.579705918576362
33.362	0.38835	-1.7634	-0.545398443138797
38.275	-5.2304	-2.3682	-0.0608474185927985
36.744	-6.6862	-0.47204	-0.390492729214638
29.038	-11.463	-3.3336	0.155783591932947
32	-9.0904	-4.758	-0.169997130645747
34.952	-1.4921	-5.7799	-0.287933469096554
35.586	-6.7863	-0.30952	-0.461730186682552
29.473	-2.0004	1.2233	-0.115219785909007
36.946	-7.1431	-0.98937	-0.481028771306347
35.2	-1.6433	-5.5416	-0.393416208596145
38.265	-6.0586	-2.7998	-0.625079515671609
33.966	-0.18969	-0.95979	1.645
37.105	-2.5879	-1.2599	-0.403652416871236
37.342	-6.7824	-1.0638	-0.398987744245692
36.545	-7.0306	-0.54223	-0.401365659254819
35.679	-7.0002	-1.2115	-0.381242359718935
35.984	-1.9774	-4.2136	-0.479900428060519
35.308	-9.5027	-2.4343	-0.320198775413247
33.845	-9.7813	-3.7695	0.357648537198091
33.349	-0.35116	-2.0425	-0.556481732967239
27.568	-0.41487	-6.818	1.40314918217979
33.366	-9.9976	-3.4617	-0.580730315653543
19.483	-12.108	-3.7965	-0.640774633542798
37.162	-5.5491	-4.7764	-0.466269693023806
35.769	-6.9619	-0.47515	-0.504884087487405
35.88	-8.2388	-4.4135	-0.551546679508693
35.04	-7.5716	-1.0808	0.420911998964354
35.22	-1.6653	-1.0212	-0.553768743071832
36.935	-5.5179	-1.3782	-0.533850506678563
35.664	-1.6218	-5.105	0.831564079555117
26.332	2.8248	-0.26543	-0.413169171852563
38.305	-4.7921	-2.3396	-0.463796335297894
37.264	-6.0234	-0.95589	0.359584329403448
24.961	-12.173	-3.2356	-0.448396850375157
36.493	-3.2037	-1.737	-0.755045472686968
37.016	-2.6871	-3.6991	1.645
35.521	-7.0953	-0.81215	0.191745708879715
37.573	-6.2663	-0.94834	1.645
36.713	-2.7918	-3.6785	1.645
37.267	-2.9412	-1.1413	-0.158328129953527
36.105	-7.5793	-1.0388	-0.20692072978137
36.149	-3.6882	-0.088772	0.689018943617247
29.561	-2.1923	-0.92529	-0.591229995165776
28.421	-10.501	-3.8962	-0.37094688346654
37.543	-6.6177	-3.9242	-0.145909013517369
36.013	-5.2962	-5.2194	-0.334875625203215
31.616	-10.133	-3.0478	1.645
26.865	-11.889	-3.6093	-0.482249271646267
34.944	-1.8333	-5.6746	1.645
33.974	-0.2086	-5.4289	-0.696265729632276
27.421	-11.915	-3.1716	-0.531237466627912
24.068	-11.949	-3.7635	-0.38755411477956
36.904	-2.4271	-4.0264	-0.450933906228675
32.829	-2.2829	-5.3286	-0.265973392926332
36.607	-2.9684	-1.1872	-0.528789009741984
36.922	-6.114	-0.78434	-0.200280847781956
37.221	-6.042	-1.2144	-0.798718998165447
35.954	-7.1988	-1.5628	-0.367199812683813
35.692	-8.8069	-1.7571	-0.42916617184048
37.491	-6.0219	-1.2997	1.04736632702803
35.9	-7.2416	-0.67509	-0.472875059263243
36.618	-7.6655	-0.98104	-0.0319472631162902
29.945	-1.3699	-6.7296	-0.0037461786500068
32.161	0.91575	-1.7862	-0.61075863508891
37.605	-6.5111	-0.87244	0.417870136015187
35.517	-6.5056	-0.50915	-0.251724375093833
32.059	1.3109	-2.4168	0.216624328591968
29.196	-10.899	-4.0629	-0.115749317685021
24.476	-1.1701	0.93116	-0.736543939742713
36.747	-2.8716	-4.7368	0.527981347819059
38.014	-3.428	-3.3169	-0.725305693472792
36.001	-6.2461	-0.9769	-0.450134123516458
36.332	-6.6978	-0.47076	1.226815049996
38.3	-5.7317	-1.6831	-0.706925373712691
29.979	-11.824	-2.9049	-0.205323755616172
37.151	-6.3028	-0.5405	-0.459784493224375
36.12	-6.1442	-0.35725	-0.311066085756054
36.271	-7.3453	-1.3238	-0.543560461316383
36.488	-6.1858	-3.8549	-0.199303936843866
35.366	-1.8119	-5.5672	1.21527201732867
36.371	-1.3748	-4.149	-0.632840927793453
31.428	1.6486	-2.2588	0.0780080556153532
30.715	1.0071	-0.9415	-0.515434093846726
37.231	-3.9099	-4.7721	0.218647227693131
34.721	-8.3715	-4.579	0.869428904068353
36.514	-8.5327	-2.2652	-0.421766046355965
36.083	-2.6015	-0.39972	-0.676708457382556
35.498	-8.087	-2.6598	-0.378495830232173
30.178	1.4558	-0.55411	-0.397143314294892
33.074	-10.314	-3.0415	-0.670249128203736
34.568	-8.0682	-4.3868	-0.497897343501898
36.881	-6.9741	-1.2878	-0.30999766317205
31.206	-10.908	-3.2517	-0.422010528758942
20.185	-12.42	-3.592	-0.278589861222466
37.199	-1.6237	-2.4917	-0.564000995400775
36.947	-7.3373	-1.2444	0.0711667676239811
33.778	0.11392	-0.5513	-0.468106422807796
36.98	-3.2319	-1.217	-0.718527247168
36.125	-7.0592	-0.43751	-0.467743370032422
30.989	1.3364	-1.2695	-0.312738683542437
37.721	-2.718	-3.5393	1.645
36.492	-7.4624	-0.46387	-0.535717536653764
35.897	-8.9728	-2.3728	-0.0537961809387777
36.92	-3.6492	-4.6394	-0.315158369528538
36.993	-4.0546	-1.8566	-0.624993643548333
34.583	-9.2741	-3.2361	-0.336538142042728
34.344	-1.2254	-5.6987	1.07890861756145
35.742	-8.0212	-3.8443	0.270385560588474
37.001	-2.4226	-2.9225	0.111438616664999
35.171	-6.1369	-1.2886	-0.584083804205951
37.028	-3.37	-4.176	1.645
33.298	0.35184	-3.695	-0.0091338411428774
30.361	0.79431	-0.83387	-0.58762730372607
35.436	-6.7361	-0.95815	-0.27827429854142
37.41	-6.4188	-0.83121	0.348969324650617
36.383	-1.4084	-1.6501	-1.01835798235859
28.632	2.1882	-0.58482	-0.798773471792294
34.186	-2.9176	0.81454	-0.410365050655773
36.195	-4.2493	-5.2274	0.422116418958614
26.47	-1.2093	0.66759	-0.394085704616646
36.233	-7.5856	-0.90686	-0.412007909154798
36.421	-8.4179	-2.0881	-0.699986589919446
37.469	-3.1858	-2.9957	-0.271426355791577
35.257	-2.0901	-4.006	-0.673525193036972
36.163	-7.092	-0.771	-0.610027275840605
37.734	-5.9544	-4.0513	-0.691712097112167
37.902	-5.9908	-2.0936	-0.276678268561034
37.448	-6.4351	-3.4083	-0.553584537656647
36.099	-7.3386	-0.73775	-0.473115893628859
38.19	-5.2303	-3.4668	0.286492574843322
32.123	0.60269	-0.86491	-0.572410434346947
32.053	1.3059	-1.5197	-0.482497720571761
36.699	-4.6467	0.089536	-0.347225790783384
27.83	-11.511	-3.6894	0.98894992573861
35.927	-2.6184	-5.194	1.645
36.378	-8.7082	-2.2334	-0.581335010985454
37.434	-4.6484	-2.4277	-0.368516968099663
36.422	-2.8263	-5.0446	0.039528475586088
37.128	-7.3771	-0.91807	0.815102744140066
36.806	-7.1946	-1.9069	-0.319472968024187
34.659	-0.55942	-4.4261	-0.262126770643247
36.328	-7.1272	-0.93379	-0.165273093932151
36.281	-2.7152	-5.341	0.356677653234602
37.412	-6.2447	-2.696	-0.39411552621254
35.967	-2.729	-0.69909	-0.325878006353803
36.783	-8.0664	-2.712	-0.61227521279017
36.508	-6.9874	-0.76697	-0.0874139015404163
37.295	-4.7406	-4.9434	-0.495243871670632
37.907	-5.6622	-1.514	-0.328454098419997
36.54	-2.6445	-3.9797	-0.354180306219847
34.705	-0.88028	-5.109	-0.254931608772504
35.571	-0.535	-3.7779	-0.385142258447077
36.023	-3.1128	-0.9772	-0.37150889024676
36.969	-6.9389	-2.1567	-0.436219152504239
30.821	-10.653	-3.8519	-1.22874061040103
34.81	-1.815	-0.71735	-0.34790543847613
37.007	-3.2381	-4.6457	-0.262193294003971
22.98	3.3486	0.063496	-0.1365516143835
32.159	-10.433	-3.0039	-0.620145187935593
37.195	-6.8729	-0.94274	-0.526648091018783
34.005	-0.32428	-5.4688	-0.450123050601232
37.776	-3.2527	-3.708	0.0236054544120369
25.345	2.9604	0.81839	-0.137075866772308
37.704	-6.9036	-3.5007	0.568839604246133
25.232	-11.836	-3.4376	-0.607135240388452
35.212	-2.5121	-5.7232	-0.581009870067262
38.366	-5.4234	-2.4492	-0.662321741072539
29.989	-1.4419	-6.6104	0.626926902969287
37.702	-3.2554	-2.2478	-0.298982596265132
36.695	-8.3244	-3.4796	-0.588081272896833
22.216	-0.28528	1.8218	-0.377431329131578
27.938	-0.14693	-6.4389	-0.462858673730051
37.215	-2.1692	-3.2804	1.46702696686808
24.948	-1.1145	1.1193	-0.771053030466104
35.868	-5.9551	-0.76246	-0.24311802086073
28.015	-11.269	-3.5031	0.253807016732183
36.415	-2.8229	-5.3315	1.14562127348297
36.026	-2.1342	-5.1439	-0.630687622235627
36.861	-6.3361	-0.60656	-0.454689459157164
34.486	-9.5717	-3.7802	0.351067234941015
22.352	3.0673	1.2586	-0.457906523582647
35.219	-2.1202	-1.3575	-0.80542225480761
36.39	-6.9544	-0.46647	-0.358114009199057
32.516	-0.5129	-6.2823	-0.399456789215793
37.032	-6.1426	-0.88556	-0.46739535808125
28.289	2.0839	-1.1024	-0.0778085672374883
33.548	-1.5978	0.067007	-0.335510411018233
35.336	-1.5855	-5.3664	0.826296616192036
35.391	-7.7354	-2.7639	-0.287754085092564
36.84	-7.9578	-3.3052	0.425887135358758
37.095	-3.2146	-1.7715	-0.288289155637796
33.859	-9.2605	-2.5721	1.645
35.877	-8.4213	-3.4308	-0.215559413964944
34.549	-0.84299	-5.6394	-0.379965905681557
36.996	-7.5551	-2.6668	-0.576261222308074
34.832	-7.3907	0.24362	-0.396080199907689
33.235	-10.72	-2.9872	1.30861656232086
37.307	-6.0201	-1.5607	-0.717710166009665
37.418	-2.9354	-2.5082	-0.486151575471769
34.343	-1.6947	-5.9695	0.931442738188965
35.852	-6.3953	-0.66102	-0.407958426168782
23.219	-11.625	-3.7246	-0.701681745710396
25.658	-11.743	-4.0632	0.0965319509843629
36.408	-7.0685	-0.74929	-0.110363216928419
34.872	-9.2335	-3.1798	-0.611852279872574
32.521	-10.366	-3.3013	-0.353802995318046
35.301	-7.1362	-0.87532	-0.445593845614848
36.981	-7.338	-4.1057	0.586994547171396
36.532	-2.2219	-4.9142	-0.592602191083534
36.587	-6.9588	-0.9185	-0.380928113268076
37.804	-3.758	-2.5106	1.645
37.188	-3.3266	-4.129	-0.248320303048061
36.601	-3.3263	-0.83788	1.0438343411957
20.494	-12.103	-3.3423	-0.148473973732978
37.343	-6.62	-3.3463	-0.752656890931141
34.74	-1.4122	-5.6472	-0.50192990060973
33.679	-0.86234	-0.17042	-0.271823806652504
36.655	-3.0677	-4.4207	-0.174237853389233
34.85	-8.5722	-4.0191	-0.429074768399625
30.867	-10.809	-3.5384	1.645
37.307	-3.9139	-4.5918	-0.403189641253494
36.667	-6.7386	-0.78268	-0.324603242167987
31.457	-0.30158	-6.5963	0.341370701788275
35.913	-7.6121	-0.87189	-0.371684458405035
36.13	-2.8164	-5.1146	-0.416213762823915
35.209	-0.0088546	-1.6024	0.527850684467709
37.083	-6.3311	-0.76982	1.645
36.223	-7.7271	-1.0545	-0.351828892983127
30.474	-10.434	-3.6727	-0.159457640244116
35.745	-6.4161	-0.72233	-0.4288319004138
34.25	-0.42419	-5.4538	1.645
35.158	-7.4175	-0.57039	-0.356378123486189
37.835	-4.0336	-3.727	1.645
29.205	-1.0063	-6.6398	0.0397948497128017
35.456	-3.3218	0.088323	-0.389500051690082
29.803	-10.77	-3.5859	-0.426009563601608
37.4	-5.3887	-1.203	-0.519033077498401
38.39	-4.8164	-3.1837	0.259867379285189
28.169	-10.539	-4.4468	-0.645073648550714
37.101	-6.2474	-1.5272	-0.274178441785829
36.103	-2.9353	-0.50444	-0.492888656092896
33.597	-0.56617	-5.3621	1.645
34.55	-8.264	-2.9045	-0.395286343971895
35.071	-9.1648	-1.7033	0.372195696249838
37.21	-4.2579	-4.7383	-0.278582819682452
35.826	-8.9178	-2.6398	-0.453157948406283
29.572	-9.596	-4.4341	-0.640318103189411
38.35	-4.2938	-3.138	0.0943215338198162
33.688	-2.6749	1.0381	0.444646597253016
36.474	-2.0151	-4.8982	-0.821381018325678
36.528	-6.7207	-0.3798	0.540405359573193
33.424	-10.084	-3.4669	-0.640056388903892
35.861	-2.605	-5.277	1.645
34.46	-9.1908	-4.2253	1.22632463463153
38.32	-4.8525	-3.1108	-0.62442149398603
37.496	-3.2443	-4.1554	0.590464903285771
26.909	2.6637	0.026832	0.407940371234311
23.052	-12.064	-3.317	-0.909266353286065
37.644	-6.4692	-2.6675	-0.25791567864681
36.848	-6.5595	-2.1398	-0.324224490415019
29.035	1.6447	-0.066406	-0.360399493610614
35.626	-7.5125	-0.57968	-0.640009013424051
37.322	-7.6218	-1.4826	0.998224838473384
35.285	-8.2893	-0.64382	-0.238834267908004
20.084	-12.312	-3.48	-0.355906011484897
28.865	1.751	-0.48839	1.645
29.709	-10.969	-3.9119	1.645
37.772	-3.5059	-3.3861	-0.692858073639737
36.942	-6.4637	-0.66239	1.4418921292077
33.758	0.38343	-3.2386	1.645
36.282	-1.236	-3.9953	-0.259823187249733
36.872	-6.6326	-0.5159	0.274215350154165
27.991	-1.7102	0.46544	-0.238110576292554
34.467	-0.7789	-5.5486	0.797456548493133
28.91	-10.416	-4.3339	-0.379425437735144
36.451	-2.0925	-4.9467	-0.190012989450136
29.772	1.7553	-0.20628	1.11635486211366
37.46	-4.4038	-1.0835	0.427509865517091
30.47	-9.6622	-4.3325	-0.273711827131703
31.478	0.98321	-0.87069	-0.406210985223741
36.431	-1.4634	-3.8262	-0.415550263794413
36	-9.0717	-3.5695	-0.364301694299913
37.711	-5.9719	-3.357	-0.253884860673143
27.558	-11.495	-3.2371	-0.482270929991267
24.502	-11.889	-4.0808	-0.41311666351915
36.522	-7.3306	-1.1206	-0.53406266022214
34.234	-9.0501	-4.1876	0.388704193750493
34.039	-8.7942	-4.1058	0.60456532291661
36.049	-2.8343	-0.31658	-0.117107019518214
35.726	-3.108	-0.29894	-0.451386506625983
37.247	-6.3258	-0.74275	0.0275362673876501
36.663	-8.0185	-1.3392	-0.28634527214956
36.819	-2.209	-4.6629	-0.586651393830465
36.367	-7.0131	-1.7098	-0.389819529030691
37.603	-3.5366	-2.3554	0.638999606301982
37.32	-2.9559	-2.0473	0.290960091092979
36.358	-3.1915	-4.9347	-0.507607215276107
18.772	-12.196	-3.1299	-0.252761692847587
32.75	-10.422	-2.8005	-0.42543687548819
36.785	-1.4031	-3.5604	-0.211946809168653
35.477	-1.5291	-5.0441	-0.303332401591736
28.024	-11.618	-3.2678	-0.930112575772305
38.028	-3.372	-3.8422	-0.350772139617453
35.983	-6.7157	-0.25748	-0.670320451738809
37.675	-7.2641	-2.5191	-0.11139472550838
38.285	-6.068	-1.6478	-0.153492026775759
37.648	-2.9954	-2.6871	-0.129010181229569
36.758	-6.2914	-0.49534	-0.516672589920504
37.3	-4.165	-1.6175	0.269453104389639
27.805	2.13	0.2655	-0.564391016212309
33.741	-1.9733	-5.4226	-0.250735009788921
36.11	-7.4497	-1.499	-0.435471222344954
37.13	-3.482	-3.5833	1.645
37.065	-7.2034	-1.1197	-0.248756847438937
35.676	-1.5634	-5.343	-0.660172837367427
25.634	-1.2253	0.94194	-0.439512983844739
36.345	-2.7504	-1.3676	-0.75884969586365
35.006	-5.2704	-0.66318	1.645
21.515	-0.82075	1.3352	1.645
36.934	-7.1197	-1.3898	-0.262636259114349
35.563	-2.7773	-0.24283	-0.865058062107372
37.173	-2.6245	-3.9132	-0.389609298976501
36.387	-2.0945	-4.6511	-0.64758398008107
35.784	-2.114	-0.96068	-0.42983344168299
37.664	-3.9756	-1.3644	1.645
33.453	-9.9212	-3.2833	0.737557394276396
28.418	-11.12	-3.9506	-0.642743215848671
35.617	-3.9137	0.42156	-0.703787605583645
35.863	-2.4069	-2.5622	1.645
35.028	-7.1752	-0.66195	-0.406443308080568
35.812	-5.4805	-0.52955	-0.109676209544448
35.948	-1.8128	-5.129	-0.531424660759478
36.383	-2.5713	-5.1106	1.645
37.161	-6.9458	-4.105	-0.850224741266402
33.48	-0.64767	-5.7709	0.596377523086123
36.767	-7.3284	-1.2693	0.664523637650598
34.688	-1.4445	-4.5017	1.01979974240946
35.727	-1.6297	-5.1851	-0.264479173930657
27.955	2.3396	-0.87238	-0.332294350256665
33.377	-10.479	-2.644	-0.666945627279858
32.498	-1.6331	0.075498	1.645
37.362	-2.3661	-4.0574	0.199000627634909
37.957	-5.771	-1.0749	-0.425951780611776
36.775	-7.7189	-0.67347	-0.446722134097361
37.412	-4.5111	-2.4789	-0.379982961169959
36.828	-7.5118	-1.7764	-0.451526921724
34.807	-9.2413	-0.70097	-0.314697723483842
37.16	-6.5484	-1.2193	1.645
36.12	-6.8519	-0.23334	-0.264147146842858
38.418	-4.7373	-1.7362	1.19597698153927
33.209	-1.3065	0.58739	-0.492611957655348
36.674	-2.2954	-4.338	-0.32279303062784
36.732	-2.5374	-4.5019	0.253467338330115
37.642	-6.2693	-1.2363	-0.573086935157335
34.288	-1.2429	-5.9811	1.645
34.357	-6.5455	-4.6842	-0.625988229623772
33.459	-6.2113	-5.0877	-0.360471370334549
34.398	-1.8175	-6.1834	-0.540493136004868
28.402	1.6858	-0.84161	-0.494436969078852
36.054	-8.1439	-2.2738	-0.288034436334299
36.711	-5.4696	-0.059321	1.645
36.851	-6.8	-1.1773	0.359157169937988
38.242	-5.918	-2.1091	0.678513462857058
37.137	-3.3898	-4.8805	-0.589259055586381
37.779	-6.3044	-1.8107	-0.300926283779694
34.925	-1.4506	-5.7603	-0.247974559822139
36.307	-6.6518	-5.0565	1.645
37.216	-7.7869	-1.3901	0.419613365463571
34.201	-6.8832	-5.1613	-0.613870137014996
37.024	-5.0281	-5.0016	-0.432990233436447
31.076	-10.596	-3.1788	-0.766451330926012
37.732	-3.9914	-1.8724	0.257706243577042
28.05	2.1178	-0.84351	-0.521099066105987
29.068	1.9082	-0.13313	-0.168910943547702
38.105	-6.1144	-1.8308	-0.00501293362815108
31.208	-10.341	-3.9103	-0.815891863751588
37.164	-3.1932	-4.4762	1.00856091740865
35.947	-7.6318	-0.92707	-0.590943633504595
26.384	-11.718	-3.1602	-0.0641885044962448
17.539	-12.176	-3.6076	-0.36812441130393
27.847	-1.0006	-6.7591	-0.375624355306951
28.06	-11.31	-4.1272	-0.732460463130824
26.252	2.4373	0.2568	-0.686267653275346
36.415	-1.8489	-3.4901	-0.104380924415296
36.414	-6.6305	-0.54073	-0.404040698467222
36.926	-6.1455	-1.226	-0.330835865127833
37.013	-1.3675	-2.5758	0.175073582200405
31.516	-1.6663	-1.0651	-0.291113341368406
23.685	-0.6064	0.95115	0.149342172515874
27.546	2.3168	-0.11179	1.61268089071674
36.582	-3.2051	-5.0006	-0.387893971047466
37.103	-6.8195	-0.88503	-0.563913681208531
36.399	-7.0935	-1.8265	-0.238234507201768
35.481	-2.2084	-0.77026	-0.244385588994695
27.377	2.5778	-0.06166	-0.351207018409625
29.712	-0.9678	-6.7499	0.900502141854168
37.899	-7.3266	-2.9614	-0.540198542944766
36.681	-7.6883	-1.3233	1.645
36.539	-6.8839	-1.4043	-0.0959945979833681
36.927	-2.4784	-4.6331	-0.66806445429876
37.289	-5.8562	-1.1742	-0.700688892307524
36.35	-1.06	-3.5694	1.0952357205274
36.839	-2.8458	-4.6107	-0.556893299155615
34.409	-9.3628	-3.4874	-0.536240332997732
21.749	-12.082	-3.1072	-0.457779605702451
36.479	-2.3034	-4.7111	0.906768453230916
35.35	-9.2134	-2.9742	0.615559574338862
37.069	-7.3037	-1.1191	0.0720933023849814
37.293	-2.0806	-4.0461	-0.027953991096687
37.112	-7.3561	-1.2594	1.645
35.298	-7.0473	-0.77197	-0.660029160573764
34.237	-8.2289	-3.8283	-0.325405481296885
38.056	-5.1676	-2.5888	-0.714855465817645
35.642	-2.2581	-5.5624	-0.129055066587223
37.132	-6.4566	-0.84542	-0.398628217931024
33.381	-2.7503	-0.92077	-0.608957370030038
36.842	-7.1254	-1.1484	-0.470894707543046
36.903	-6.0825	-1.1782	-0.386149405363703
36.19	-1.7172	-3.5639	-0.142440747272583
34.92	-2.2908	-0.34357	-0.371954209888973
38.043	-4.5569	-3.3936	-0.265920328999818
35.541	-0.99494	-3.919	-0.43109649735023
37.769	-5.0176	-1.871	-0.454170273415467
35.269	-8.6907	-0.96378	-0.790671132638196
36.885	-8.2585	-1.4113	-0.459521647801326
34.961	-9.0902	-2.5955	-0.0264656761772594
36.838	-3.1052	-0.58324	-0.390078000469671
27.664	-10.9	-3.9195	1.44263145490096
23.422	-0.66444	0.89025	-0.482775053909817
29.878	1.9333	-3.6835	-0.428918475033011
38.515	-5.1784	-2.2231	0.554974956223954
38.137	-5.8416	-1.5113	-0.317054890706825
37.654	-2.3191	-2.4915	-0.623895553394466
35.139	-7.3104	-0.6746	-0.359897513534185
29.667	-0.36181	-6.2471	-0.50327971518301
34.572	-9.5317	-2.8881	0.0664423792294268
36.627	-2.2565	-4.6513	0.520289191613299
38.041	-6.1191	-1.0396	-0.308118492025523
35.898	-7.0416	-0.93679	0.13198384090759
33.998	-7.9864	-0.16569	-0.245636004600884
35.179	-4.4275	-0.35156	-0.287592725825792
35.475	-6.9959	-0.76676	-0.256461027957074
32.07	1.4293	-2.3833	-0.368371145834038
35.045	-8.4451	-3.0206	-0.533447697344233
36.626	-6.7312	-0.7282	-0.738438060276007
28.783	-1.1034	-6.5278	-0.345050880498988
35.933	-8.4365	-1.8553	-0.516388118377405
32.506	-10.224	-2.3987	-0.298817008776657
34.744	-7.6455	-4.2175	0.380666929070087
35.716	-8.4489	-2.1184	-0.289488653029987
31.72	-0.96702	0.3544	0.307967213442585
36.751	-6.7733	-0.83624	-0.136461245744352
26.305	2.5123	-0.34699	-0.463799626399669
37.254	-3.0555	-4.385	1.08931740794274
34.17	-1.3725	0.13005	-0.30365692627414
36.772	-2.0808	-3.8427	-0.35203295407291
28.764	-0.51537	-6.6424	-0.500015869395952
38.014	-5.9577	-1.8809	0.0377499463718559
34.574	-3.6874	0.49795	-0.46170998632808
36.293	-1.505	-4.5643	-0.537129862060386
36.234	-7.6629	-0.97961	-0.130431481613309
34.65	-7.5723	-2.293	-0.249844729885009
36.083	-8.5847	-3.8822	-0.596998190179259
27.103	-1.7895	0.51807	-0.240165583918724
36.16	-3.0067	-5.1595	-0.510096864015732
33.832	-9.4165	-3.2844	-0.183491888810317
35.349	-1.7696	-4.8635	-0.355504307299379
37.166	-4.2299	-4.5378	-0.418170861847514
34.808	-9.1052	-3.57	0.423902213315487
35.873	-6.1718	0.076158	-0.693100944266309
35.622	-2.128	-5.639	-0.519581721495457
37.437	-6.1818	-4.1612	-0.509414620660579
36.152	-7.3342	-0.95071	-0.326072223625063
35.261	-1.5128	-5.0484	-0.391320451644713
33.824	-9.9319	-3.7705	-0.630516383509519
35.159	-5.0452	-1.1061	-0.4814028592836
30.039	-10.6	-3.9322	0.336356293536643
30.135	-9.1454	-4.2499	-0.470914344517251
29.138	-11.188	-3.8476	-0.422369655824925
35.92	-6.9901	-0.49628	0.136186098231721
31.224	0.17342	-5.7504	-0.696591380120641
35.622	-3.6657	-1.0615	-0.504324651618526
37.487	-6.2291	-1.7669	-0.436634692217491
35.929	-8.1243	-1.4357	-0.510262064450525
33.353	-0.15211	-5.6436	1.645
34.134	-10.156	-2.7773	-0.248223796293341
35.54	-1.4891	-4.931	-0.341062232613833
34.026	-9.7903	-3.2879	-0.870094369231049
36.626	-5.7911	-1.2278	-0.345129934905414
24.178	-11.704	-3.6301	-0.550251410761206
37.404	-5.4861	-1.3972	-0.516349758810245
33.892	-0.68384	-5.8885	-0.716009990762309
24.368	3.7988	0.25655	-0.174533865213557
25.316	0.0397	0.96357	-0.378390096388434
36.37	-2.9592	-4.9675	0.751112903299578
36.177	-2.5183	-1.6875	-0.0232933151045368
34.494	-0.21675	-1.9609	-0.440264524575275
36.989	-2.1522	-4.4694	-0.703019494721569
29.538	-10.738	-4.0519	-0.606073628375057
37.198	-6.5255	-1.0386	1.645
36.164	-7.808	-2.0116	-0.455216461251475
26.615	-11.683	-3.4185	-0.549441029023013
35.959	-8.016	-1.3819	-0.331489696281402
37.27	-6.2276	-1.1357	-0.598966931282333
36.454	-6.533	0.32032	-0.302611353358698
36.452	-2.8956	-0.53636	-0.306140637585323
33.279	-10.124	-3.4263	-0.204880019785037
26.736	2.6919	-0.6298	-0.533542750906448
37.768	-2.7583	-2.6984	-0.981348992432421
35.59	-2.7801	-5.4654	0.0923485985312543
37.579	-7.1001	-2.0947	-0.268301181067551
36.093	-8.6628	-3.2445	1.645
33.734	-9.5652	-3.4776	-0.34145876079637
38.216	-4.6273	-2.5373	0.0475665089557271
27.089	-11.553	-3.8875	-0.595412355069758
32.801	-10.494	-2.9191	-0.428925262637829
38.241	-4.5629	-4.0563	0.163507115250571
37.785	-3.759	-1.4766	0.903167059304481
38.276	-5.2348	-2.0977	-0.496671987567039
37.742	-3.366	-3.0438	-0.374397209558885
27.815	-0.57083	-6.707	0.405149666343315
28.23	-0.50422	-6.5389	-0.620671010683594
29.63	-0.92416	-6.7941	-0.244567141734619
33.189	-2.0783	0.76822	-0.270841750384842
34.078	-0.040589	-5.3448	-0.269037224473746
36.923	-2.6406	-4.693	-0.476696404193226
30.923	-10.273	-3.951	0.130391840440457
33.454	-0.75361	-5.856	-0.380780357108736
37.946	-3.4073	-2.4633	1.03395200893592
24.271	-12.112	-3.4109	0.547569814443889
36.432	-7.4201	-0.80639	-0.582674350400421
35.365	-1.0409	-4.4356	-0.638021313334526
36.627	-4.0545	-5.0559	-0.461852925914646
36.92	-5.8143	-0.62305	-0.564469534091638
36.617	-3.1258	-4.9507	0.700529754948758
35.936	-1.5523	-5.1143	-0.0823301377142639
22.13	-12.369	-2.9595	0.143548829773223
35.285	-7.5377	0.066807	-0.23944862072416
34.246	-1.9271	-6.1455	-0.471192633963466
35.563	-0.78294	-4.4159	-0.308799860673697
37.246	-2.3567	-4.2847	0.483867797454671
36.836	-2.003	-4.5542	1.13666462441444
35.681	-7.0142	0.034118	-0.480004329277514
28.476	2.3052	-0.21928	1.645
36.702	-4.5632	-0.72328	0.701317381011655
35.022	-2.2931	-0.30106	1.645
36.997	-2.8596	-4.6194	-1.11531723002123
31.828	1.1086	-2.2523	-0.850340945009521
35.129	-7.3311	-0.43908	-0.588748158661183
35.687	-2.4359	-5.3201	-0.24783123907824
26.988	-0.92323	0.91876	-0.447920309212107
31.846	-3.3065	-0.63738	-0.256702815019678
33.401	-1.0653	-5.7202	0.0888315715523145
36.04	-6.7814	-0.20054	-0.426142400128345
34.114	-0.95412	-5.5611	-0.234197742368476
36.599	-6.6278	-0.62335	-0.565537863072532
37.135	-6.6056	-1.2216	1.48316952362557
38.176	-5.8106	-2.8118	-0.946771337001871
37.58	-4.0989	-3.3811	0.204901722019253
35.637	-6.7245	-0.37612	0.363091398708216
35.282	-0.54191	-4.5888	1.645
35.082	-1.3413	-5.5522	-0.439635748940108
35.866	-8.262	-4.0059	-0.179918044103759
37.104	-7.4099	-0.84084	-0.473447179636968
35.513	-9.1151	-3.2543	0.0638775305741476
36.187	-7.133	-0.64214	-0.174667916547016
35.107	-0.70271	-4.7009	-0.304768367452936
37.184	-1.7013	-2.732	-0.0696478331598327
37.267	-6.9481	-1.9059	-0.241480085458179
32.963	-0.82231	0.13576	-0.268891370612226
35.467	-1.2018	-5.1814	-0.482861687884228
19.144	-11.629	-3.5846	-0.465135364468873
35.444	-3.6749	-0.45329	-0.495011682532857
33.256	-0.209	-5.6186	-0.670831828758289
38.277	-5.7043	-2.5148	-0.290392885708067
35.262	-6.5396	-0.11959	-0.427433619864251
36.147	-2.2079	-4.9607	-0.638592857687084
25.063	2.6942	0.50611	-0.227069329749305
35.954	-7.1833	-0.97152	0.427139394100053
31.359	1.133	-1.4757	0.112567689583247
36.883	-3.2841	-4.7561	-0.546917635103661
37.07	-3.5895	-4.5398	-0.460544550029933
29.455	1.4441	-0.33154	-0.0321316558783925
30.771	-10.607	-3.8479	-0.106520268588264
35.249	-6.5454	-5.549	-0.441025169072169
37.709	-3.0288	-3.4199	0.0543732955432478
36.433	-4.7672	-1.4114	-0.28838034695272
27.534	-0.34665	-6.4868	-0.524926752735128
36.086	-7.7136	-1.5338	-0.542777179896985
38.056	-6.0844	-2.1369	-0.551208421972684
34.733	-2.7372	-1.1845	-0.447020398347943
34.09	-1.9336	-5.9096	1.645
30.214	-10.125	-4.3742	-0.843011805349387
36.733	-2.908	-4.739	0.0914860964078646
32.649	-1.5728	0.16861	0.241904356599311
35.94	-8.616	-2.4003	-0.776179959041389
38.211	-6.7695	-2.7243	-0.479797170303274
34.473	-6.0424	-5.0366	1.645
36.627	-6.1571	-0.69163	-0.287960026344322
36.064	-7.1385	-1.2273	-0.345484656104843
28.21	-11.078	-3.6007	-0.613083928856564
33.526	-9.8154	-3.646	-0.433224502956084
37.809	-4.4404	-2.6843	0.217826579449315
36.294	-2.8729	-4.9081	-0.438155349629789
36.932	-2.2441	-4.676	-0.511015622655282
34.882	-7.8087	-4.7386	-0.533340157477237
36.476	-7.382	-1.0621	-0.674534802895657
37.275	-3.0113	-4.2995	-0.377302942795221
37.16	-7.4515	-1.5202	-0.264040574464025
29.493	-2.0896	-0.37662	-0.410144813225582
36.008	-4.144	0.37998	-0.69102416089225
33.871	-0.68123	-5.6772	1.645
26.97	-0.27744	-6.7405	-0.262639414572847
34.878	-7.421	-4.5206	1.645
36.796	-7.0838	-1.2456	0.258013594748981
36.362	-7.0014	-1.1047	0.624155765968645
20.626	-11.99	-3.1838	0.776288675811976
37.31	-7.5264	-2.6178	-0.662016595825945
30.671	-0.85242	-6.8893	-0.437160544594554
16.859	-12.177	-3.2421	-0.316648104011186
36.905	-4.2578	-0.4808	-0.399024659700032
35.511	-1.8353	-5.3157	1.64017674076537
21.085	3.772	0.79139	-0.261818087675364
37.367	-3.737	-1.2535	-0.272213290967571
36.651	-7.5829	-1.2475	-0.556329675703372
35.014	-8.2377	-0.58041	-0.323618281299618
36.616	-6.8313	-0.47681	-0.562996549800984
36.201	-2.0957	-4.461	-0.380218414243407
36.759	-7.1446	-0.57465	-0.672834209354871
35.043	-1.2339	-5.4064	-0.222754991735755
36.334	-6.388	-0.29077	-0.727014356700433
35.239	-3.0074	-0.11223	-0.620017515156961
33.832	-8.7472	-3.3011	-0.606239113647076
29.377	1.7668	-0.97623	1.645
36.531	-6.2769	-0.45093	-0.465566665852054
35.735	-6.5504	-5.0381	-0.495917045906432
36.185	-8.2947	-3.287	-0.610550163788574
30.382	1.5907	-0.49021	-0.574210401319845
36.292	-7.3381	-2.103	-0.294905222162867
30.558	0.84485	-0.90212	1.645
