30.252	-10.709	-4.2735	-0.421374922797991
37.784	-3.0457	-3.1938	0.0781292481011529
35.233	-1.7225	-5.4094	1.645
36.304	-5.6636	-0.46282	-0.552611445624486
34.958	-1.4558	-5.6443	-0.63818025103331
35.711	-7.1492	-0.48083	-0.299429400035885
35.577	-2.1617	-5.7207	-0.379168182731416
30.384	-1.1125	-6.3906	-0.395395746504712
35.662	-6.8765	-0.14067	-0.284158972708718
37.208	-4.7836	-0.79393	-0.76528394494292
35.031	-0.73919	-5.3013	-0.849041445621015
30.639	-1.4277	-6.4224	1.21242530318657
30.396	1.5929	-2.7118	0.405607286958804
37.36	-1.9229	-3.4248	-0.294096362127432
38.053	-4.9272	-3.8114	0.542482562665598
25.215	3.2448	-0.1568	1.43610745028964
37.946	-3.3618	-3.7233	-0.473726094598284
36.345	-3.4584	-0.40195	0.422259849121182
29.468	1.8323	-1.3242	-1.2188125774071
35.221	-8.5458	-1.1697	1.645
37.076	-4.767	-1.1442	-0.784623454928774
38.1	-6.0953	-1.2467	-0.474981333738254
37.421	-4.2265	-4.3602	0.925377013582554
37.609	-6.1563	-1.2378	-0.467219999948593
29.628	1.4832	-0.091737	-1.48864943588506
30.886	-9.9839	-3.954	0.473849069740256
36.237	-7.9567	-0.56517	-0.54955660874393
38.043	-6.8756	-1.8666	-0.781877741555322
37.508	-3.0489	-2.1855	0.451552868462681
38.329	-4.7319	-3.6869	1.645
34.7	-1.2137	-5.6412	-0.635233653893153
38.1	-3.8544	-2.0497	-0.131326682271423
35.969	-7.2747	-0.90899	0.878147761762941
27.088	0.10397	-6.6888	-0.431595859845168
37.973	-4.0567	-3.8317	1.37409948793053
27.649	-11.462	-3.5438	0.546476539048838
35.681	-8.7417	-2.8366	0.367102442290173
27.506	2.6504	-0.70193	-0.837318464034535
29.352	-10.501	-3.6657	0.486675732392792
36.904	-6.9214	-1.6942	-1.11216526773067
35.473	-9.362	-2.7353	1.49304858254542
36.27	-3.1772	-4.7845	-0.618834113858457
28.019	-0.25125	-6.6692	-0.936477356474941
33.485	-9.167	-3.831	-0.680430597070885
34.236	-10.016	-2.8261	-0.169459220533576
33.449	-0.6842	-5.706	-0.0169656087299155
36.817	-3.992	-1.0023	-0.342781067067625
36.439	-2.5243	-2.1194	-0.572115476958614
34.364	-0.084456	-4.3062	-0.492998328112553
35.596	-0.68966	-4.4515	-0.0784230086657369
36.24	-2.3286	-1.4169	1.645
36.865	-7.6925	-1.6333	0.158802053102893
37.22	-6.5674	-1.1292	0.487709497731244
37.897	-4.8967	-1.5729	-0.780409294996011
35.228	-2.001	-3.9949	1.56497953302526
33.384	-0.71081	-6.05	-1.38637230584023
36.605	-7.0821	-2.621	-0.437885941993566
34.196	-9.5363	-3.2052	-0.519909967937789
30.378	-9.9318	-4.0164	1.33088624970438
35.451	-2.0421	-5.2604	-0.0595819852940133
37.029	-6.5279	-1.0449	-0.419501848770819
36.22	-7.0306	-1.8249	-0.25669720408024
35.361	-7.6139	-0.68234	-0.571412678463964
37.68	-3.1829	-3.9933	-0.61062349556732
34.157	-1.6204	0.0068926	-0.636471868813844
37.485	-7.2194	-1.5734	-0.856114743006911
36.966	-5.8746	-2.2644	-0.773336100136504
36.318	-6.8931	-3.2431	1.173892625212
34.278	-8.7974	-3.7387	-0.548546509456562
31.307	-10.824	-3.7747	0.760558795558984
37.731	-4.9146	-1.0312	-0.900890095361415
23.754	-11.761	-3.3614	-0.611979917678667
36.647	-7.5774	-0.80506	1.01761300361034
37.798	-6.4612	-2.1662	-0.472923270012188
37.754	-3.583	-4.2792	1.645
35.975	-7.482	-0.79263	0.105946253641418
37.505	-6.6685	-2.6847	-1.41194577066253
35.53	-1.198	-4.9193	1.08154020911527
37.23	-3.1353	-2.1204	0.275496181569051
36.382	-2.1964	-0.9519	0.776830065109216
24.761	3.1961	0.59405	1.645
33.85	-8.5339	-4.1833	0.287913637714913
31.588	-10.845	-3.7152	-0.132282446825261
34.348	-1.5875	-5.124	-0.289446939360324
35.855	-8.5351	-4.1011	-0.842201140551961
35.188	-7.5203	-0.50527	0.48127544327978
29.408	-0.87213	-6.5897	1.61723309401547
29.318	-10.906	-4.083	-0.510573751296511
36.734	-4.8522	-4.9762	1.645
36.425	-0.63911	-3.5397	-1.063521373937
35.68	-4.0853	-5.459	-1.04376433200282
37.21	-7.0648	-0.9211	-0.785416356018246
35.97	-1.7404	-1.3486	0.565812331944226
36.73	-2.8421	-4.3338	-0.443182838734583
35.127	-8.9068	-3.2601	-0.0110281179636458
34.516	-1.442	0.39769	-0.755063447982153
26.621	-0.41676	-6.7491	-0.512908865500425
33.447	-0.099584	0.24688	-0.651136509778382
35.417	-9.3933	-3.2228	-0.577299597076832
37.061	-6.5184	-1.2337	1.09016230903932
36.761	-4.0431	-2.5386	-1.00091744755506
36.51	-6.2637	-0.54518	-0.274861030569562
36.466	-7.3544	-0.70317	-0.546136588514874
28.861	-2.2487	0.5869	-0.317995332797948
37.211	-6.4572	-0.88182	-0.666570615856832
37.444	-6.7964	-3.6172	-0.546903412346314
36.601	-7.2495	-1.0362	-0.483680613386375
27.931	-0.28496	-6.5634	-0.49001773655102
31.618	-10.13	-4.2517	-0.141356213204192
36.223	-7.4272	-1.0084	-0.149015070807353
29.629	-10.882	-3.5421	1.44630339235436
29.947	-10.855	-3.69	-0.597458163694497
37.298	-6.2867	-4.72	1.645
38.155	-4.6891	-2.4946	-0.754976915403655
29.457	-8.1844	-4.6495	1.645
37.961	-6.4367	-2.1714	0.0467242470777732
24.995	-12.011	-3.4335	-0.343388023434713
37.283	-5.6156	0.019012	-0.976771084335414
36.059	-5.4499	-1.2052	1.1656033899973
27.944	-0.12737	-6.92	1.645
33.895	-8.0079	0.42918	-0.515003158908172
34.547	-9.2514	-3.6529	-0.71547058382238
27.474	2.3031	-0.87242	0.679202158370062
36.897	-3.6054	-4.7352	1.15137532763595
34.858	-0.90232	-5.1763	-0.847001859531434
27.282	1.8772	0.36123	-0.917930451539828
26.937	-11.434	-4.0353	-0.140013909297491
34.051	-7.057	-4.9855	-0.424631858404308
36.385	-6.6891	-0.91737	0.617290408361999
36.707	-6.8401	-1.3848	-1.11844100773481
36.43	-6.2279	-0.72841	-0.895304879235086
37.485	-6.1472	-1.8209	-0.56808777868693
37.336	-4.2892	-1.3951	-0.11935386459001
36.534	-2.8847	-3.859	-0.271033462824209
36.765	-2.6537	-0.90358	-0.625479111085492
38.365	-5.7093	-3.163	-0.798047568925298
26.795	-1.38	0.76789	0.0899644848811933
37.736	-7.0645	-2.0451	-0.946820859201086
27.947	-11.622	-3.3485	-0.243852517786524
29.441	-2.4441	0.42788	-0.496923413770134
34.545	-0.57259	-5.36	-1.44638493229352
37.192	-7.2199	-0.97104	-0.789589776670517
35.643	-1.0173	-4.7475	0.905077006879066
29.467	-10.775	-3.9691	-0.610473160360977
36.573	-8.3132	-1.1099	-0.442849191763231
36.38	-6.6055	-0.06572	-0.44678709322888
36.872	-7.3054	-1.1125	1.52715843784858
31.012	0.82625	-1.0063	-0.67086151818427
33.073	-10.383	-3.0347	-0.351567667460312
33.721	-9.813	-3.1666	-0.986917143190402
36.514	-2.8311	-4.6458	-0.54956543560874
26.728	-2.4993	0.37058	-0.239503166360998
35.137	-7.474	-0.47603	0.128830814579122
33.092	-2.3509	-0.10809	-0.528843319712196
30.162	1.0924	-0.59141	-0.835797441363023
35.653	-8.8056	-2.0148	0.327630129554603
37.55	-2.3992	-4.0514	-0.833998787051953
28.167	2.2203	-0.26485	0.226388102895473
37.262	-7.6743	-2.5575	-1.2682094516977
28.68	-0.5989	-6.5866	-0.480392716695097
36.82	-6.8749	-0.3813	-0.760786145151631
37.969	-4.1044	-3.9668	1.645
27.04	-0.27364	-6.8262	-0.495756940245203
35.876	-2.8084	-4.9303	-0.71171370348928
36.613	-7.1136	-0.79163	-1.10141764349724
29.461	-1.419	0.7187	-0.219434689697105
33.343	-10.105	-3.3928	-0.950593833948687
35.407	-6.9301	-1.0617	1.01688032915543
36.67	-6.252	-0.26205	-0.58898378041695
36.115	-6.9508	-0.31193	1.2259766660255
30.193	1.2549	-0.92182	-0.921961582066674
36.741	-6.2321	-0.25214	-0.874447550263434
35.394	-6.7244	-4.8998	-0.521935280182072
35.901	-7.5783	-1.5121	-1.21476199581495
36.212	-2.8864	-4.4424	-0.725203375808732
36.519	-6.8297	-1.8835	0.903536415076677
36.757	-4.3829	-1.9128	1.645
37.299	-4.6356	-4.2258	-0.608041728891086
36.961	-6.9266	-1.1732	-0.440959899992309
35.464	-9.2253	-3.2972	-0.251710162490267
35.372	-7.55	0.094466	-0.874515002478858
37.434	-3.8318	-1.858	1.32870532375886
37.432	-2.5769	-3.2596	-0.475452981209041
35.832	-1.7551	-5.3572	1.645
34.841	-1.1825	-5.6789	1.12679378849365
35.748	-1.2876	-4.9432	-0.90956139315328
37.279	-7.3662	-1.4602	-0.90663192261968
33.607	-1.7542	0.66326	-0.38963092510085
36.366	-7.7739	-1.273	0.47094510977054
29.524	1.8227	-0.21233	-0.253672275534217
24.281	-0.95431	1.6062	0.440463167993724
37.71	-3.7762	-3.6003	-0.481026263181729
37.127	-6.706	-1.4274	-0.286704924541799
37.568	-3.1113	-4.1591	-0.159577339271883
36.105	-7.3621	-0.27467	-0.676895376009274
36.68	-3.1089	-0.80076	0.221733542974181
37.185	-5.435	-1.2468	-0.095229883467168
35.352	-7.529	-3.7597	-0.692516135209678
37.144	-2.5994	-2.8073	-0.614378789847121
36.629	-7.321	-0.79914	-0.638167809275252
29.709	-1.2098	-6.7267	1.33213207963815
28.639	-1.7463	0.11451	1.0024737779047
33.884	-9.4559	-2.2002	-0.968275480479028
29.769	-1.6298	0.65782	-0.711490198612266
37.081	-2.2684	-3.7777	-0.895098612306022
36.206	-7.2978	-1.6692	-0.702947612500863
25.402	-11.378	-4.1255	0.166097676410465
37.885	-6.1483	-4.0581	-0.223383170421232
31.038	-10.399	-3.8462	1.5828427570719
36.67	-6.0862	-0.60603	-0.904962535261786
34.412	-0.72442	-5.3799	-0.860978657865459
29.81	-10.35	-3.8864	1.645
33.106	-8.9881	-4.6548	1.05987162255631
29.473	-0.48085	-6.5681	1.36613421324791
35.74	-1.5646	-5.2828	-1.38875134164772
37.574	-2.8168	-1.8882	0.870267678328282
32.89	0.72047	-2.1587	-0.955343857970055
36.778	-6.6332	-1.1096	-1.1460452224157
37.034	-3.681	-5.0419	1.645
27.479	-1.1421	0.8687	1.30833695961655
35.114	-8.5241	-4.0748	-0.407369165238228
35.997	-3.0534	-4.6892	1.645
36.301	-1.469	-4.8456	1.28305768917493
33.033	0.14127	-0.89016	-0.529792285158439
35.769	-1.0613	-4.7791	0.0265678341923964
24.668	-11.654	-3.2159	0.0618757121110724
28.566	2.1575	-0.46418	-0.599640592099528
18.476	-11.922	-3.6567	-0.291936987511084
31.902	-10.188	-3.1425	-0.285962095062758
35.592	-6.7005	-0.93449	0.433430625902506
34.055	0.053927	-3.4849	-0.359628346057129
29.642	-1.2463	-6.7948	0.941917856002257
37.359	-2.1066	-3.8716	-1.32565954004128
28.656	-0.89458	-6.9293	-0.212494362611079
37.672	-6.7785	-0.78609	-0.344488553792104
35.668	-7.5501	-1.0858	-0.00947805702991346
36.261	-6.8152	-1.5389	-0.347917926772551
36.834	-6.7319	-1.2722	-0.463834188145619
36.996	-7.5969	-1.0678	0.95249186363379
30.542	-6.0829	-5.3952	1.59905837218346
35.304	-0.72865	-1.7241	-0.772682009625221
32.167	-10.434	-3.3169	0.0329523386643892
37.241	-6.6798	-1.5083	-0.346172124507535
37.692	-3.8642	-3.9815	1.4504173867054
36.295	-7.3641	-1.1927	0.10311384306112
36.177	-1.3727	-4.7834	-0.682073076783356
35.221	-1.4667	-5.6054	-0.645342487542011
36.195	-3.0407	-2.149	1.645
20.821	-12.156	-3.2601	-0.415648598162642
28.31	-11.059	-4.4058	0.868326674116715
37.112	-7.4161	-1.9881	-0.839177586053971
35.304	-6.792	-4.5462	1.11286165964661
31.554	1.5166	-0.70294	-1.29927772011131
35.332	-3.4379	0.25797	0.357454571660486
33.492	-9.8817	-3.9009	1.645
37.411	-6.3305	-1.4893	1.645
35.78	-6.7263	-1.6317	-0.923248961436494
33.448	-0.77411	0.15523	0.0885951559746399
35.375	-5.2242	-0.81239	-0.855394906001626
33.301	-0.8584	-6.2191	1.645
33.996	-0.50546	-3.2843	-0.332773922496925
36.135	-7.0239	-0.50614	1.645
35.965	-2.0548	-5.2201	0.100007335937221
36.394	-6.1789	-1.2919	-0.874194865635309
37.406	-4.8724	-2.8986	-0.4066892603925
36.04	-7.8278	-3.3901	-0.876753333983294
36.003	-7.4847	-0.98669	-0.45101351339547
37.505	-3.3844	-3.665	-1.13340943287492
38.095	-4.4114	-3.0289	-0.031602236557361
28.845	-0.3391	-6.3215	-0.483562198015752
31.873	1.1603	-1.4668	-0.847086507011926
37.224	-5.958	-1.089	-0.375446142667617
37.745	-6.0125	-2.6235	0.573656048239664
32.761	-10.279	-3.5803	0.414349135663588
35.146	-6.8688	-1.1453	-0.73836780584617
22.237	-11.81	-3.5527	1.645
36.309	-1.0166	-2.6914	-0.203812466907135
32.789	-9.4975	-3.0511	-0.115994480398178
38.051	-7.0224	-2.7249	-0.257709544786047
37.117	-7.0294	-1.3152	-0.369996000634421
29.757	-0.67542	-6.5392	0.157828249449527
37.809	-6.3381	-1.42	-0.691081865782019
37.268	-4.9914	-0.25184	-1.20954527139862
37.709	-3.5095	-2.5169	0.117914006780662
29.359	-1.6151	0.50232	0.530731598103339
35.72	-8.5251	-3.5035	-0.472914451544077
35.965	-1.3746	-5.0021	1.645
36.316	-4.3292	-0.2157	-0.471871117352183
32.677	-8.7274	-4.1685	-0.535918446935003
38.36	-5.3256	-2.9136	-0.460602112460485
36.221	-7.3412	-4.4751	-0.611013377100001
34.415	-6.8325	0.075148	-0.467320138666807
28.368	-0.59665	-6.7559	-0.993473445097284
36.759	-3.5836	-0.81804	1.1734981603318
34.095	-9.7839	-3.228	-0.658205423744277
37.368	-6.4768	-2.9922	0.281870294485356
37.332	-7.2515	-3.8961	-0.609549341648195
35.258	-5.3219	-5.4431	1.645
36.321	-3.9637	-0.27042	0.678377212139028
36.03	-6.7396	-2.2656	-0.234583259840677
36.297	-6.6218	-1.3064	0.977128466675852
36.623	-2.2417	-4.4946	1.07881841153343
30.035	-10.734	-3.8263	-0.782297678134602
36.66	-6.6386	-0.37036	-0.752077261413838
21.515	-0.27706	1.74	-0.481139423226145
33.103	-10.306	-3.7632	0.0938216268618124
36.952	-8.0395	-3.7747	0.0105250268318122
22.571	-0.57713	1.5151	-0.640143409861456
37.393	-3.4946	-4.3244	0.539364773218447
29.076	-11.036	-4.0158	1.645
27.77	-11.555	-3.6482	-0.758955478246309
37.578	-3.8494	-4.4812	-0.474629870393367
37.42	-3.8425	-1.2864	0.882032255263348
26.936	-1.6129	1.3973	-0.0556841070522343
36.112	-7.3194	-0.71772	-0.478781166446987
35.791	-7.0583	-0.31701	-0.681233317488638
30.4	-10.876	-4.4696	0.111082035779895
35.159	-1.6508	-5.7185	-0.946943245303293
36.861	-1.5517	-4.234	-1.29181947102092
26.877	2.3493	0.26303	-0.36533066469752
20.474	-12.495	-3.206	0.725155459903564
27.177	-2.3797	0.14023	0.118336600943919
37.496	-2.3662	-2.2257	0.740596772317731
34.893	-8.2576	-0.2879	-0.479641759222364
26.716	-11.636	-3.9302	0.711201772158491
34.889	-7.5416	-4.5362	-0.910682740680526
36.442	-8.308	-1.1302	-1.24258784982143
35.773	-7.8802	-0.81617	-0.586152881748912
37.317	-6.8573	-3.3818	1.03621226535221
36.102	-3.0749	-5.1304	-0.157859404267654
37.105	-2.5589	-3.5756	-0.39861950856664
25.809	-11.625	-3.7767	0.727044548362388
31.857	1.6245	-3.1076	0.70134829871428
26.788	-1.3344	0.7076	-0.228271052607515
37.049	-6.6954	-1.5441	-0.440671634435117
30.72	1.4517	-0.34053	-0.353542600113174
27.045	2.3681	0.63953	-0.72435245442963
20.617	-0.3175	1.6639	1.645
37.887	-5.396	-1.5637	0.228848436006521
37.858	-5.3791	-3.9756	-0.718204255134562
37.652	-4.4151	-4.0434	-1.29512201254314
29.685	-10.994	-2.7076	-0.787899191362977
33.751	-10.254	-2.9882	-0.150043087701656
33.908	-0.57427	-1.1263	-0.563722521962274
36.426	-7.9875	-4.213	-0.108419661527192
33.919	-7.0507	-5.0645	-0.663714410787687
37.54	-3.8517	-4.3804	0.588076331388999
35.577	-1.6453	-5.4049	-0.310011823687625
38.032	-3.8433	-2.5224	-0.399877417115062
26.259	-0.18253	-7.0548	-0.373228398233314
35.993	-7.0808	-1.3785	-0.238976873754515
34.187	-1.4715	-5.6999	0.341011853276659
38.371	-4.863	-2.051	-0.980526062779574
36.918	-7.5758	-1.5006	0.716487652658467
36.473	-1.6404	-4.767	-0.989891063471443
28.657	-0.49517	-6.6234	-0.721589186899785
36.394	-7.593	-0.62675	0.168566595241362
36.478	-7.1979	-2.0881	1.49100823126115
35.184	-9.2901	-3.1965	-0.517540967289688
33.753	-9.4761	-3.5559	1.21665719212118
38.074	-4.3028	-2.4632	-0.550220809078383
36.292	-2.6554	-4.4174	-0.385713926993824
37.272	-6.8375	-1.1314	-0.21085880752157
33.715	-9.6432	-2.123	-0.516970532631167
35.237	-0.69076	-4.8874	1.31262823343767
24.414	-12.142	-3.2013	1.645
37.569	-6.5148	-1.4642	-0.342181093318225
36.96	-6.9343	-1.0159	-0.272004876727431
37.294	-1.9809	-3.4145	-0.0732948516536706
37.737	-6.611	-1.2513	0.476172029451363
37.08	-2.6979	-1.4846	-0.873044313179767
37.508	-7.0244	-1.8393	1.645
37.038	-4.3294	-1.0892	-0.742892176834615
34.492	-7.3364	0.24994	-0.698977231492453
27.619	-11.723	-3.0238	1.54630195320942
37.109	-7.0105	-0.90472	-0.844542829350302
33.954	-0.85081	-5.874	1.3820104406881
25.499	-1.9116	0.89186	-0.460953163859093
33.203	-10.02	-3.7952	0.45060806529175
36.949	-4.5689	-2.2549	-0.552339062593461
38.43	-6.1105	-2.4777	1.645
36.281	-7.2612	-1.4428	-0.566172122144247
36.205	-2.6511	-0.80731	0.136877891152367
31.294	-7.8077	-4.7166	-0.433756414775319
28.036	-0.32208	-6.6729	-1.37545263887911
37.033	-2.5461	-1.0928	-0.17514670749471
33.627	-10.262	-3.7998	-0.513526824591888
28.89	2.0927	-0.92713	-0.668058751921582
36.811	-6.4165	0.35144	1.645
37.011	-5.9559	-0.4383	0.322935411602782
38.201	-3.9247	-2.182	-0.486827410628612
36.854	-3.5895	-4.6313	1.645
37.373	-6.9962	-0.69014	-0.102681939282583
38.149	-5.5533	-1.2842	-0.807043351627781
36.144	-2.2189	-1.1147	-0.725973677935379
35.14	-0.37334	-2.7565	-0.77039268293831
36.902	-7.0363	-0.65284	-0.619452037758045
36.446	-6.3734	-4.8093	0.715088700194741
36.044	-8.7182	-2.4083	-0.0567931193500349
34.719	-9.8405	-3.3063	0.29549791164471
36.437	-3.6993	-4.3082	-0.585863720963305
34.532	-1.6199	-5.9276	0.732792870029885
24.371	-1.4143	1.2245	1.645
27.162	-11.286	-4.1317	-0.671138942601798
35.233	-8.8871	-3.1131	-0.74730946352319
34.886	-6.2481	-5.5571	-0.103252229849181
34.45	-9.2067	-3.1109	1.645
35.822	-6.391	-2.1782	-0.319410980366387
35.733	-1.9219	-0.14499	-0.700268471288292
35.874	-8.6177	-1.8043	0.81376596143719
34.192	-8.3314	-3.5638	-0.397893533562757
37.948	-6.3604	-1.6608	0.258097440852107
35.228	-8.4952	-3.2171	-0.213089613178807
34.806	-6.9562	-0.62806	0.344319746610477
26.345	-1.1055	0.5634	-0.958535724938446
25.296	-0.72466	1.6146	-0.426543755203316
37.422	-3.4628	-2.3274	-0.0476853500841668
28.048	-11.488	-4.1721	-0.319335639824566
37.105	-3.6061	-4.5524	-0.306234411336957
36.419	-6.6899	-0.5559	0.215813889292993
35.34	-2.5809	-4.242	1.645
33.407	-9.7397	-3.9947	-0.17695509929718
32.896	-9.6574	-3.1526	-0.535708861111651
36.359	-7.4549	-1.0004	-1.02055119755609
35.12	-1.2742	-2.8903	-0.693325669779059
37.498	-3.5547	-4.4466	0.500424660358238
36.054	-7.6498	-0.76852	-0.336597923902624
37.167	-6.6659	-1.13	0.632888789007115
37.129	-4.2692	-2.0975	0.128809071895788
36.978	-1.6567	-1.9199	-0.442673523378376
29.606	1.5715	-0.54431	-0.0879570484838286
33.643	-1.3637	-2.5897	0.48537287819799
34.789	-7.3388	-0.54573	1.03283246628089
28.725	1.7036	-0.72164	-0.575238959754471
24.712	2.8802	0.58317	-0.245266280590726
36.593	-5.8661	-0.6886	-0.563508936610636
36.284	-1.8405	-5.0251	-0.668259325790554
29.893	-1.3723	-6.5831	-1.17428323968942
36.546	-7.4554	-1.1895	-0.556313809558425
35.946	-6.5489	-1.2203	-0.521733088305595
36.537	-6.8783	-1.0337	-0.435314165982734
20.317	-12.541	-3.2969	-0.132596842046516
34.361	-1.276	-5.9627	0.143663558837478
37.923	-3.705	-3.5402	-0.101252760897869
37.259	-3.0075	-4.4835	-0.282536696529848
37.096	-3.0514	-4.6541	-0.930119547925231
34.849	-9.695	-3.414	-0.0866718476336701
38.398	-5.8134	-1.1318	-0.326896516292001
24.003	0.13853	1.4663	-0.55862632408901
37.122	-3.4666	-4.8168	-0.535835591164346
36.732	-7.2218	-0.73825	-0.439442342393973
33.778	-8.1256	-0.58235	-0.544830240170774
31.849	-10.422	-3.1593	-0.301049077748271
37.14	-3.9296	-2.3872	-0.797101888163124
36.72	-6.1892	-0.64828	-0.27578125706629
36.229	-7.0194	-0.57746	1.35787267504351
31.782	-10.612	-2.5976	-0.229049654311317
33.339	-3.0923	-1.8954	0.0118523187572048
31.845	1.0033	-1.1008	-0.966091737775608
34.623	-7.9058	-0.21977	-0.49985197871087
36.82	-6.9642	-1.231	1.645
38.141	-4.2786	-2.7783	-1.17541427936712
36.231	-6.2373	-5.1256	-0.70314413178794
36.289	-2.5821	-5.4333	-0.271195469192018
37.38	-3.0814	-1.6637	1.61661656254563
35.425	-1.3523	-5.359	-0.292907588759899
35.754	-8.7903	-3.0805	1.56509507622474
36.588	-2.8971	-0.65573	-0.530559488760762
28.461	0.98628	0.17033	-1.20317729920606
36.185	-1.9151	-5.1717	-0.901802410862759
36.577	-3.213	-5.146	0.697933127164728
36.786	-8.3038	-2.0017	-0.394464907588875
37.997	-4.8692	-1.9471	-0.154920563777068
37.103	-6.7509	-1.4273	0.817596420349114
38.09	-4.6696	-3.7878	0.984171813554455
25.277	-1.3055	1.488	-0.614805208081368
36.099	-2.2894	-4.5739	-0.52984904433998
31.698	-1.481	-6.3148	-0.570474411827714
37.265	-6.8089	-1.3866	-0.554231481108866
32.951	-2.1329	0.73755	-0.797776410458747
35.127	-9.5065	-3.6642	0.0750787537679955
36.16	-6.4134	-0.87063	1.645
37.729	-4.9993	-4.3855	-0.854046127068557
32.13	-10.432	-3.3767	0.626968730967719
37.573	-3.3045	-2.1576	-0.695580812275256
37.755	-3.5724	-3.9847	1.645
37.348	-6.6439	-1.5268	-0.369721768855676
37.925	-7.2268	-2.1791	0.959940824345577
36.177	-1.8567	-5.0243	-1.28433206573457
37.795	-6.7263	-1.3088	-0.804818777861434
31.65	0.84958	-1.5053	1.07185499464066
36.07	-7.6448	-1.1824	-0.817802591413677
22.184	-12.39	-2.6067	0.48459530901073
30.247	-10.532	-3.9948	1.09520581695679
37.393	-6.592	-1.4972	-0.933061468939442
37.554	-2.4907	-3.7862	0.270096918833627
37.201	-7.6178	-1.6684	-0.520786143811953
30.283	-1.7556	-6.5862	-0.231517617854666
25.356	-12.145	-2.9767	-0.899360820277466
35.172	-5.0249	-0.59907	-0.540880221872716
37.305	-7.1596	-1.4898	0.0836757913122335
35.947	-3.498	-4.6138	-0.389487173575903
33.207	-10.28	-2.8261	1.34036176303151
28.016	2.2856	-0.45016	0.288875200159727
22.195	-0.52443	1.9394	-0.0507418414695138
35.802	-9.2502	-3.1529	-0.441898226457804
36.956	-7.4289	-1.0991	1.645
38.171	-4.4907	-2.327	-1.15828877963768
36.092	-7.0394	-3.7643	-0.748669831492422
26.98	-11.301	-3.1408	1.645
35.669	-5.378	-5.4118	0.565489444051021
34.864	-0.4048	-2.0771	1.645
36.613	-7.0288	-0.34779	-0.934478717948693
31.329	-9.8618	-4.0712	-0.683175279422005
36.769	-3.844	-5.1959	-0.579467002946788
30.827	-10.451	-4.0079	-0.667414816057848
37.061	-7.7577	-3.156	-0.645626021815399
34.483	-1.1037	-5.7561	0.274558747831309
35.73	-7.9709	-0.66978	-0.510847159450894
26.612	-11.577	-3.6266	-0.228584525933703
36.745	-7.1831	-2.3689	-0.659710230490601
31.359	1.2267	-0.79001	0.229457660030212
34.084	-5.1555	-0.37926	-0.510152058212029
38.29	-5.6387	-2.4153	1.645
22.106	0.18732	1.8667	-0.510476819641534
35.735	-6.692	-0.29731	1.06315833477487
17.095	-12.321	-2.8753	0.409733373545835
36.501	-6.4825	-0.69156	-0.419467079284098
26.577	2.4753	-0.54886	-0.472339058148324
37.219	-2.0424	-2.5208	-0.022355906182753
36.172	-0.92643	-4.2247	-0.844003668653263
37.095	-4.2397	-4.9509	-0.568383031244996
33.674	-1.1195	0.1615	-0.151611238006972
36.517	-7.0275	-0.29672	-0.501937184017518
31.972	-10.291	-4.3015	-0.602804360962244
37.138	-4.5323	-4.5154	-0.18148255149201
32.883	-8.6579	-4.8132	-0.19648695777493
33.946	0.48495	-2.0193	-0.557673905573322
33.226	-8.1007	-3.0252	-0.51312300536688
36.037	-8.4397	-2.6454	-0.546604418016085
32.196	-1.6907	0.61627	-0.190848082686348
27.763	-0.19828	-6.7383	0.786325332850301
36.339	-6.8364	-0.98471	-0.975703805107165
32.65	-0.74971	-6.2361	-1.31875160439864
36.261	-2.6379	-4.6789	-0.0216379859953673
35.636	-9.2272	-3.3149	0.592300229282087
37.07	-2.1273	-3.4271	-0.384689051102558
36.04	-8.1498	-3.5092	-0.0217228234305638
37.255	-6.7602	-0.97143	-0.221670171373409
33.652	-9.6058	-2.9365	1.51379689213595
35.983	-8.1255	-2.4158	0.969435516176667
34.944	-8.9841	-4.1297	-0.70223249467237
33.04	0.80558	-4.2231	0.0615439482878877
37.059	-7.1464	-0.47755	-1.18627473038096
35.629	-9.285	-3.1762	0.107647915581002
37.101	-2.5892	-4.5559	-1.24053980161559
33.365	0.518	-1.5642	-1.33307301233902
37.799	-3.4383	-3.9197	-0.103399872777052
37.502	-6.2755	-1.1577	-0.536919987475161
37.352	-7.3788	-1.6396	0.458618433276273
34.537	-0.89781	-0.21511	-0.0543640141336837
34.933	-9.2861	-1.8374	1.645
34.882	-6.9392	-0.59267	-1.09360177944844
28.051	-11.463	-3.9954	1.37168930827865
38.583	-5.346	-2.3082	-1.61164697028526
35.765	-2.3939	-5.2168	-0.201318660429188
35.587	-2.51	-0.4416	-1.05327429270472
37.18	-7.2877	-2.0295	1.05820023660122
36.955	-6.6936	-0.62468	0.558212306841731
33.145	0.72644	-3.0346	-0.451733561025596
36.358	-1.9963	-3.3979	-0.844092460537173
35.264	-7.1588	-0.50919	-0.792632027937365
34.658	-0.62976	-5.3143	-0.4180678917344
36.36	-2.2355	-0.98092	-0.188071762456315
36.834	-7.6649	-2.6837	1.645
21.132	-1.0722	1.3773	0.766991777258026
13.152	-11.939	-3.2046	-0.543852514547135
36.426	-6.7145	-0.56541	-1.50527089586879
36.807	-6.8513	-1.4331	-1.3691109383127
36.444	-7.3508	-0.80357	0.84046094886664
35.638	-1.1759	-3.9446	-0.606620646328927
27.737	-11.284	-3.2202	-0.0469717345331921
36.113	-7.5229	-1.1566	-0.746765448128594
34.689	-0.28268	-3.6521	-0.826419246176544
37.379	-3.6702	-0.92475	-0.350699989055507
38.099	-4.1749	-2.0066	-0.763283186731628
38.276	-3.9029	-2.2387	1.645
35.502	-5.9782	-1.6541	-0.266646657706303
36.584	-6.9242	-0.77023	-1.39124260816115
35.672	-1.7917	-5.3377	0.20791449607889
36.752	-3.5477	-2.6273	-0.399429812350018
34.205	-9.6351	-2.6179	-0.177446386567315
36.673	-7.7313	-1.7312	-0.59650136317433
34.93	-7.4385	0.28604	0.269299565759099
36.492	-7.1408	-1.0361	0.204322516348871
37.788	-4.174	-1.7582	0.414294384082052
36.965	-3.0487	-1.9398	-0.779579230821341
38.23	-4.9132	-3.4835	-0.632959480372613
36.663	-3.1631	-0.3802	-1.03454546103165
33.099	0.055081	-5.2592	-0.538596536296353
31.239	-10.563	-3.4322	0.268176768450409
35.881	-1.4853	-5.1216	-1.20238047866017
33.57	-8.7984	-2.8098	0.826771522891455
37.128	-7.3755	-1.516	-0.886614162655869
33.552	-9.7298	-1.7604	0.134181482619397
35.169	-9.4052	-2.0994	1.07878820419607
33.728	-7.5046	-4.2941	0.917780410138325
31.148	1.1191	-1.7657	-0.358320424427724
36.1	-5.7452	-0.9397	-0.469798447878209
14.2	-12.25	-2.7913	1.10612898193418
33.449	-0.70302	-0.86649	0.219730420271843
36.735	-2.0513	-4.5974	-0.8180761256276
37.97	-6.9158	-1.8538	0.67928890207186
37.271	-6.6982	-1.6293	-0.531760690728448
36.379	-3.7123	-1.4074	0.917107054872411
24.282	-11.844	-3.4144	0.263838182064241
36.613	-3.0796	-0.94265	-0.564043264759608
35.771	-6.6465	-1.0204	1.23961879796944
29.6	1.593	-1.8446	-0.741245022749081
37.883	-2.6633	-2.9858	0.874219199186937
31.258	-10.897	-3.3516	1.645
28.835	-0.9672	-6.622	0.382674951711231
26.632	-11.363	-3.9523	-0.148566959972364
34.045	-9.3825	-2.7884	-1.38996540895702
36.668	-5.7643	-0.36006	1.58761484627368
33.156	0.051677	-0.95287	1.25702601688863
33.764	-0.71277	-5.7633	0.940494576555098
35.295	-7.3557	-2.6164	1.36925985198018
34.803	-7.3818	-0.18694	-0.620815025862193
34.462	-9.6263	-2.7398	0.589764558214432
35.186	-7.3743	-0.73991	-0.910292157821313
36.568	-6.7341	-0.43936	0.0537325404145248
37.311	-7.1319	-2.484	-0.361775073902439
24.603	3.0977	0.72789	-0.0870129498071482
30.903	0.73487	-0.78254	-0.76750844650727
36.998	-6.8792	-0.55387	-0.611695983601294
33.493	-0.10664	-5.5756	-0.8778439382873
38.411	-5.9434	-2.5654	-0.0707498447349194
23.875	-11.581	-3.7265	-0.603215039003299
31.882	0.099737	0.85538	-0.852148327194493
31.935	-9.6442	-3.1092	-0.703587466141957
26.959	-11.641	-3.4896	-0.226072109883479
27.536	2.4938	-0.31686	0.627784300936407
37.244	-6.5933	-1.2809	1.57007972620814
29.127	1.8274	-0.60295	0.0895614206578069
37.126	-1.7498	-4.0023	-0.0660969881321695
37.964	-6.7002	-1.5893	-1.11719961980308
29.648	-0.84476	0.71673	-0.0305222875484889
37.316	-6.1483	-0.43037	-1.23698360955248
37.077	-7.9142	-1.4075	-0.550816214931267
33.288	-0.28058	-5.9272	-1.3167741252012
35.647	-8.0758	-4.3618	-0.468270875594401
36.307	-7.1819	-0.72469	-0.245522424484558
37.012	-7.3768	-2.6185	-0.690657013502624
29.6	-10.915	-3.8914	0.106725319558721
37.241	-3.7254	-1.2785	-0.929245114018946
36.381	-6.3235	-0.97449	-0.697558821369627
38.228	-5.9979	-2.4075	1.11705407223922
29.683	2.3099	-1.5653	-0.224391332790738
36.092	-3.3609	-0.37577	-0.828677806395775
36.459	-2.2777	-4.9212	-0.81636699296366
26.628	-11.465	-3.5706	1.32644056536237
37.597	-4.7139	-4.268	-0.0149527781570764
37.638	-2.9456	-1.7393	-0.0153504462868536
36.825	-5.2081	-2.5948	-0.37193923823625
37.001	-3.1956	-1.9825	-0.469588110975887
35.376	-7.6203	-0.86273	-0.531065409401521
29.737	-10.997	-3.7093	-0.353908459030785
36.646	-6.9621	-4.4572	1.645
35.599	-6.7579	-0.15719	-0.655844850133094
31.82	-1.1205	-6.6025	-0.266418267414005
36.406	-3.0178	-1.5552	1.41628642875559
33.897	-9.3231	-3.4479	-0.399139692073953
32.105	-1.7627	-0.10838	-0.314921421781327
36.277	-7.249	-0.71106	0.214219221238498
36.737	-5.862	-0.77037	-0.605614871129206
36.388	-6.8777	-0.40505	-0.364759201258815
37.261	-2.7718	-4.19	0.423963078335056
31.621	1.471	-2.1952	0.41913615677802
37.684	-3.9188	-3.9944	-0.3247130205814
24.924	3.2424	0.63254	0.367871530457848
35.866	-3.3966	-1.9231	1.36507260701476
27.767	2.2237	-0.43318	-0.198748391110917
35.011	-9.3326	-3.6961	1.57746928502693
36.754	-3.0007	-4.6999	-0.618415319534697
28.246	-11.364	-3.9274	-0.759160997633663
28.058	-0.40419	-6.5521	1.07125750370846
36.427	-6.7942	-0.72939	-0.997685788422023
38.176	-3.9397	-2.3623	-1.05777406766547
31.848	-10.514	-3.7276	0.231772577253668
32.421	-9.9028	-3.8736	-0.333607231909794
37.445	-4.4388	-3.7318	-0.66622068440602
35.951	-1.7764	-5.2628	1.00485079302503
35.052	-2.3438	-0.25459	-0.187924347812439
37.046	-6.6266	-1.4054	-0.567093707838501
35.805	-0.27107	-3.7675	1.0679916753475
37.018	-2.1404	-3.4635	1.645
29.485	-11.04	-4.0291	1.645
34.963	-0.91573	-4.2992	-0.719968547429174
35	-8.9277	-3.0689	0.13925211565596
37.03	-6.9054	-0.89318	-0.268913689273934
36.998	-6.6701	-0.68066	0.592309429818991
28.959	-10.732	-3.9835	-0.110413306485762
28.796	2.6423	-1.0447	1.2155860954696
35.607	-1.8209	-5.5017	-0.937817927037132
29.049	2.1374	-1.2587	-0.417378284506467
36.564	-7.3469	-0.8169	-0.34879744926424
37.58	-5.6603	-2.0723	1.645
31.865	0.77388	-1.3397	-0.566954195599618
29.143	-1.0016	-6.5471	-0.0854475914911785
27.258	0.22043	-6.3336	-0.658851293751055
35.159	-8.7272	-4.1003	0.636612060582531
35.815	-7.8946	-0.37288	-0.578210018488038
37.493	-3.1652	-4.0554	-0.238089267420498
36.963	-3.5361	-2.5995	-0.24833395182267
37.393	-5.8686	-0.98026	-0.137108538637648
37.813	-3.2192	-2.0258	-0.635987531367076
37.005	-7.4155	-1.2923	-0.11544795840843
36.678	-7.6703	-1.4146	1.45418899210146
36.409	-6.576	-1.957	-0.419944043195033
36.077	-2.6253	-4.9514	0.0117908042327905
36.243	-3.5794	-0.21717	-1.00400540298955
36.026	-6.626	-0.1023	0.0671300397911191
36.241	-3.1487	-1.2023	0.639147420197239
26.151	2.5267	-0.32816	-1.25918565530057
37.961	-4.5137	-3.6152	-0.899211136828325
34.751	-2.076	-4.7894	-0.468434630257934
35.408	-1.3801	-5.2085	1.12474448342905
31.983	-8.192	0.43924	-0.439432625323234
37.348	-4.3808	-3.4643	0.0503605059102043
25.224	-11.867	-3.7074	1.645
29.185	-1.0694	-6.7569	-0.0637974287976312
34.119	-1.5572	-3.3554	-0.547567603967796
35.665	-1.1446	-3.4708	-0.597989113408992
37.853	-6.0901	-2.2477	0.237512950825183
36.103	-2.9022	-4.7952	0.0747407140894007
36.835	-3.5596	-0.94827	-0.337743426270111
36.17	-7.445	-0.85062	-0.612982230785362
26.906	2.3831	-0.26394	-0.701160525084603
36.06	-7.5642	-0.4854	0.244956270567963
37.14	-4.964	-4.1295	1.645
36.254	-2.536	-4.605	-0.544933684446036
37.401	-2.788	-4.0256	0.850212086333863
36.424	-7.281	-0.91605	-0.184683483606966
35.811	-7.1054	-0.26252	0.225719397537544
35.131	-7.9391	-1.5386	-0.431347402295331
36.196	-2.2167	-5.2777	0.976713562019311
35.143	-3.4181	-0.3143	-0.650750659953094
35.111	-2.7285	-5.6907	-0.744328049685313
38.008	-3.2008	-3.5752	-0.932387023274746
35.136	-0.6424	-1.0237	-0.0925177847973526
35.689	-6.7757	-2.8578	0.458566201755865
29.713	-1.3836	0.57155	-0.297416080438428
30.906	-10.083	-3.4443	1.28373646952786
34.883	-4.4287	-1.5223	-0.75724005216493
38.086	-4.8205	-3.8928	-0.483868930040653
37.501	-3.63	-3.2459	-0.36597926334262
35.843	-6.6108	-1.5401	-0.810077193266526
31.505	-10.677	-3.5357	-0.389123114265523
37.16	-6.6232	-0.7396	0.484168154333655
36.42	-7.2465	-0.79641	-0.548211078103654
31.917	-9.7447	-4.6294	0.9274238108816
37.031	-6.9763	-1.0374	-1.645
38.265	-5.2641	-1.6418	1.24985638829
37.023	-7.7618	-3.0738	-0.496622732524841
35.848	-8.0086	-0.74692	-0.798959535289614
37.359	-3.4721	-4.3656	-0.699045723144293
37.919	-4.1884	-3.3612	-0.0888329006252449
31.151	-10.386	-3.707	-1.23151941258513
37.056	-2.086	-4.1943	0.525261642864116
38.006	-4.5622	-1.6132	-0.848855854527338
36.625	-3.1859	-5.035	-0.66471097901105
22.994	0.17768	1.5887	-0.416444217286237
37.974	-3.5713	-2.2629	-0.409968616680533
35.991	-7.1105	-0.27884	-0.777753562754485
34.046	-7.7115	-0.99998	-0.688822554103704
28.049	-10.987	-4.007	0.973784946531437
24.626	2.8702	0.65734	-0.436769764438856
35.883	-6.8386	-4.8344	1.25404669358054
36.537	-6.301	-1.1695	1.645
36.684	-6.916	-0.54257	-1.05748426844961
36.131	-6.7703	-0.6249	0.472472860698172
36.721	-7.1728	-1.6014	-0.730770371300403
36.291	-3.2826	-5.4975	-0.958790753870784
37.998	-6.5588	-1.1578	-0.893370857254158
37.407	-3.279	-1.2402	-0.617577994152064
34.719	-0.76652	-0.38087	1.41220285969903
24.667	-11.97	-3.4268	-0.556488218849802
36.562	-7.8558	-2.4601	-0.490880596623408
34.523	-6.4037	-5.2684	-1.2522985952216
36.344	-2.7243	-5.0541	-0.589803310791009
28.704	-1.2358	0.73461	-0.475681379292339
35.112	-8.381	-1.5627	-0.496801434801382
36.561	-8.08	-2.507	1.29785421464263
29.101	1.8205	-1.2912	1.24610999775539
35.878	-8.1252	-1.6888	-0.529275471577553
33.057	0.84632	-2.7147	0.513705948717507
33.546	-0.34527	-5.445	-0.376339671374116
31.882	-0.57295	-5.8092	-0.177912286271642
24.91	-11.954	-3.5912	0.629889726224502
38.382	-5.4187	-2.2298	-0.719421546258716
35.342	-0.84757	-4.9727	1.42628160997322
34.619	-5.6944	-5.4814	0.345871703444614
36.436	-7.5013	-0.96146	-1.01736668558036
37.02	-3.3083	-1.0167	-1.28931407695625
34.806	-8.8901	-2.973	-0.201852042622877
34.347	-0.98887	-5.2431	-0.378548113550812
32.922	-10.36	-3.0592	0.439226742404129
37.436	-2.0099	-3.387	-0.529970860197227
27.802	-0.52154	-6.6001	-0.52158335175115
36.324	-7.7981	-3.4379	0.374660257883152
33.436	-1.2899	-6.2745	-0.582252395697008
33.177	-9.7487	-2.9992	-0.140538533148608
27.274	2.4161	-0.10539	-0.360866473579388
25.93	-1.2025	0.87789	-0.843946983776112
36.272	-2.8487	-4.1937	-0.642362711858993
37.157	-2.2965	-4.1908	0.343865594350023
30.682	1.0168	-1.2092	0.131707733138813
34.541	-2.8555	-1.6681	-0.590806963077642
33.291	0.40457	-1.8331	0.144638539301289
37.406	-4.0066	-3.9598	0.571469637425961
24.997	-0.66669	1.1359	-0.326673544796419
36.12	-6.4143	-1.0835	-1.01007262102507
34.659	-1.9863	-5.9829	-0.635310229167407
36.488	-7.3251	-2.3262	-0.599954700511131
27.032	-11.414	-3.9168	0.114964911744748
33.231	0.16905	-5.6528	-0.351815593099251
35.542	-6.5946	-1.1652	-0.719082749655774
36.53	-7.222	-1.5122	-0.812785178459769
35.769	-1.7993	-5.2612	-0.598587184953705
35.546	-8.9878	-2.0374	-0.693975374609869
36.791	-7.3313	-1.4707	1.43093811588108
29.891	1.399	-0.59674	-0.645433527703919
35.835	-5.3318	-5.5868	-0.706567049848316
28.257	-0.68969	-6.8239	1.04853054035282
37.377	-6.8635	-1.8859	-0.136597007121718
27.464	-11.751	-2.8039	-0.162768482509002
28.168	-0.41404	-6.7192	0.239296106993845
37.75	-4.869	-1.3026	-0.723928238536594
35.944	-7.7459	-1.3209	-0.806018253965007
38.082	-5.3314	-2.1137	-0.475862159824131
33.007	0.29962	-0.29684	-0.953989552940857
38.541	-5.8464	-3.3132	-0.522105262297899
36.802	-7.1285	-0.91854	-0.492199538470585
37.28	-2.8613	-4.4514	0.3612399279526
27.788	-0.7983	-6.5807	-0.763777354364151
29.504	-10.993	-3.853	-0.569494502377432
30.43	-10.246	-3.9492	-0.399268860361281
35.675	-7.1694	-0.86933	-0.48650937632578
37.326	-5.6839	-4.4112	-0.938472193200492
36.829	-3.054	-4.6771	-1.28184850826516
37.127	-7.6054	-3.972	0.4211083470575
32.465	0.75286	-1.4389	0.207545800946135
33.046	-8.5364	-0.65937	0.390886296326735
32.73	-10.178	-2.8586	1.19801679333262
34.579	-9.3204	-3.3467	1.03618170498793
33.708	-1.6614	0.33322	-0.566579146463733
37.264	-6.7331	-1.3042	0.172832017769075
33.378	-9.128	-3.986	1.645
36.682	-6.2436	-0.22291	-0.561458519608541
30.821	-10.162	-3.2975	-0.0806091851381658
36.51	-8.369	-3.6788	0.0629424165401971
24.884	-12.03	-3.7199	0.358278433284341
35.633	-2.7754	-0.42644	0.2642296938948
36.718	-6.6751	-0.98773	1.645
35.556	-2.9167	-0.96308	1.27189709731744
27.416	-11.642	-3.608	0.142254747915237
35.042	-7.5012	-4.9165	-0.431457067222399
37.034	-2.7736	-2.7544	-0.397999008522699
37.879	-3.3745	-3.9897	-0.776156598901486
28.693	1.9418	-0.84665	1.645
36.863	-4.6665	-0.57369	-0.456000616957878
37.196	-2.9731	-1.8959	1.645
28.874	-11.12	-4.0281	0.0908667930064308
37.449	-6.7361	-1.3597	-0.108954564131245
35.503	-6.2815	0.51715	0.22448239501077
24.869	-11.715	-3.337	-0.544294477619473
37.136	-6.9179	-0.88602	-0.547824074228313
37.548	-3.7864	-2.5541	-0.041299874808872
36.034	-7.4432	-0.97491	-0.63007541242473
37.937	-4.7004	-4.0766	-0.489399139458645
35.013	-1.0942	-0.74452	-0.916493188346742
37.172	-5.7699	-2.3884	1.50316950409506
37.69	-2.9721	-2.3396	-0.832439535870123
36.99	-7.0988	-1.0916	-0.437603258768496
32.325	-6.7771	-5.2843	-0.810742297384967
36.596	-8.2474	-2.108	0.683848960326559
34.624	-9.1756	-3.8766	-1.14624643303494
36.626	-3.6918	-0.73483	-0.953582808476651
36.301	-7.5684	-2.2311	0.514119504630261
35.615	-2.2489	-4.7724	-0.881610241481856
37.742	-5.3859	-2.9074	0.692561078377912
36.329	-1.779	-4.8389	-0.576695923755974
33.853	-7.9412	-4.2012	-0.290069142991774
36.495	-7.6701	-0.95526	1.645
32.664	-10.854	-2.59	-0.347188109646241
34.45	-0.82641	-5.3395	-0.450560239051234
31.683	-1.2044	1.0754	-0.664867345706231
36.139	-7.2369	-0.64364	-0.38294418880506
37.14	-3.0531	-2.5682	-0.650654606066144
37.645	-3.0373	-2.7639	1.05529791220252
33.42	-1.847	-0.09335	-0.95251998107793
25.808	2.4843	0.20229	-0.874935976876731
36.558	-3.477	-0.7264	-1.07303038448567
37.076	-2.1343	-2.4981	-0.447835705389518
37.295	-3.7665	-1.2328	-0.795170968655331
36.868	-7.3659	-3.4925	1.645
25.14	-11.017	-4.1427	-0.491924610307563
37.662	-2.5526	-3.9957	-0.805563164101509
37.251	-3.3098	-4.4526	-0.143789457006782
38.169	-4.0381	-2.3338	-0.536044352652339
32.388	-10.109	-3.1943	-0.69975005357827
34.469	-3.1586	0.16337	-0.668725422858548
36.915	-7.9132	-1.4713	-1.56477056742559
28.759	-11.084	-4.2342	0.66091230162313
29.454	-1.0348	-6.7118	-0.374395017554739
36.981	-6.4968	-1.3048	-0.737315509258282
23.9	3.4724	0.17699	-0.449790672809387
36.503	-3.0435	-4.7703	-0.260751563662172
31.809	-9.8667	-4.0254	-0.253572487379185
36.414	-2.6558	-5.1461	1.10601555069801
37.586	-5.8647	-1.1041	-0.210879250684699
35.487	-7.1229	-0.32773	-0.891948137387107
27.695	2.5926	-0.75992	-0.00860692223764837
36.496	-7.1131	-0.84695	-0.4922022194122
36.57	-1.9504	-4.6956	-0.55519957216042
37.89	-3.3009	-2.8666	1.35594420183259
35.773	-3.3263	-5.1052	-0.00651611941586398
36.89	-5.1349	-4.9182	-0.529108050902667
36.339	-7.668	-3.0652	-0.665986403655359
37.425	-4.7946	-3.5831	-0.624484133228843
36.89	-7.2192	-1.1222	-0.788141733446667
36.973	-4.4217	-0.99545	0.471862127438343
18.117	-12.427	-2.7497	0.46709198319097
28.914	1.9943	-0.15523	-0.545353828469332
35.884	-6.3224	-0.51641	-0.498698507534275
22.895	-11.764	-3.655	1.07904352172809
29.674	1.9213	-1.1953	0.0158329114756617
34.349	-1.3018	-5.8695	-0.67842779623032
33.373	-6.1595	-5.613	-0.646674589529338
36.107	-8.3833	-3.8955	-0.277340792994422
33.708	-6.1344	-5.2625	1.645
25.941	-0.49807	1.7601	-0.502483930277074
24.148	-11.976	-3.5319	-0.696708142867725
35.762	-2.4738	-4.9674	-0.607671049001245
34.387	-0.70831	-5.5504	0.160857919424701
37.663	-3.1052	-2.6371	-0.363154662564601
37.474	-3.0541	-2.0965	-0.734697624614408
33.383	-10.034	-3.4276	-0.478774191401094
28.812	1.5111	-0.18542	0.820841408539884
36.922	-5.6457	-4.9601	0.197444592563058
37.488	-6.6095	-1.1444	-1.06339759343708
28.073	-11.668	-3.1194	0.268462614626481
36.91	-3.242	-1.1441	-0.520210482058124
36.175	-7.537	-1.5303	-0.639400221200182
36.358	-0.97953	-2.8211	-0.398292998786894
36.017	-3.9337	-0.15164	-0.581114204538267
38.576	-4.8825	-2.3728	-1.16439509438214
37.872	-5.7018	-1.026	-0.189105690634313
36.697	-2.4607	-4.6981	-1.08118002187092
36.349	-7.9935	-1.5244	-0.445701747958903
37.175	-3.326	-4.0231	-0.405944506805759
36.928	-3.1836	-4.6119	-0.152789356943542
37.756	-7.1614	-3.4233	0.503654045586109
37.301	-2.9975	-4.1287	-0.79390845113421
30.193	1.1488	-0.66419	-1.0006888631045
28.46	2.2846	-2.1237	-0.832144505996662
24.401	-1.0807	0.94528	-0.482411782941018
27.402	2.3625	-0.79184	-0.787952148984147
37.872	-6.6212	-3.506	-1.20659734824312
29.53	-11.489	-3.1516	1.645
27.857	-1.7479	0.28644	-0.542937439183307
35.484	-8.9282	-1.9391	0.161873744898749
27.673	-11.413	-4.0307	1.50386805137893
36.204	-0.51726	-2.602	-0.611983263604334
28.13	-0.42296	-6.6429	0.56552598319255
29.047	-11.285	-3.5116	-0.671688549381416
37.948	-3.335	-3.8358	-0.0706377335737074
36.671	-6.1766	-4.2952	0.240078450442162
36.841	-6.0594	-5.141	-0.290184877261997
36.965	-4.6772	-4.0313	1.19638558684986
36.056	-7.7506	-4.4819	1.645
33.524	-0.99915	-6.1235	-0.547993169203783
35.209	-2.4738	-5.3197	1.645
27.447	-11.476	-3.9333	1.645
36.676	-4.9225	-0.54227	-0.607535665606403
36.187	-1.3059	-1.2429	0.398582302708517
29.373	-1.8565	0.38733	-0.632643141411145
29.141	-10.738	-4.3405	-0.328721368976765
37.819	-3.8939	-4.081	-0.136340636118281
35.461	-6.7856	0.21	1.55814412594809
33.537	-8.6364	-4.1537	-0.524312753256604
35.576	-2.7145	-1.1661	-0.439726461777275
36.729	-7.5145	-3.1312	-0.731478583051156
36.088	-6.6977	-0.52185	-1.00527368761304
32.739	0.91199	-2.6954	0.397256198882767
37.836	-4.3579	-3.3202	-0.892282436840356
36.018	-6.3323	-1.1371	-0.548926657206236
37.469	-3.0494	-4.2007	-0.141934277628265
35.606	-2.0846	-5.5897	-0.264128097882085
35.933	-6.8829	-0.44488	-0.834351197935813
35.493	-9.2462	-3.3582	-0.165363238856921
37.53	-4.251	-3.1865	-0.186063847258991
30.092	-11.065	-3.1338	0.3206686630656
32.99	-8.9546	-0.21807	-0.232761062918583
37.519	-7.3869	-2.6661	0.589439955315212
37.079	-6.2808	-0.77346	1.14845311989231
36.022	-6.828	-0.57731	-0.678516318401182
37.918	-7.0786	-3.0856	0.182782177947592
28.343	-11.733	-3.5872	-0.216588618323019
37.494	-5.8069	-1.0089	0.316404713092979
34.273	-0.69818	-5.6839	0.555554540071541
26.188	-1.2389	0.73822	-0.669044700406004
29.477	-10.678	-4.2809	1.51087754923822
29.977	-11.456	-3.3584	1.24361454645072
36.939	-3.7073	-4.6069	-0.794456743479006
37.59	-3.4846	-3.6459	-1.21263176651746
28.11	-1.8263	0.47221	1.28031732526237
35.99	-2.0913	-5.2288	0.557345278597748
31.074	0.26967	-6.3372	-0.313995908605153
37.27	-6.4269	-1.0324	0.85010492598348
34.091	-7.9047	-4.067	-0.962837847178212
36.52	-7.3394	-3.0192	-0.81419316523091
37.4	-6.6576	-3.761	-1.43423381346617
29.113	-0.98121	-6.9442	-0.833061442873545
37.029	-4.7412	-3.0954	-0.504846275746463
33.037	0.75239	-2.4438	0.655487228299399
22.655	-11.631	-3.7513	-0.675290407667058
37.766	-3.2181	-1.9562	-0.192887565089436
37.838	-3.7151	-3.567	-0.211589104025838
37.285	-3.4399	-4.4883	-0.532350393614873
27.184	-1.4529	0.40133	-0.419253853982258
38.26	-5.4613	-2.6107	0.690871204557284
35.989	-1.6761	-5.1643	0.0720544984490128
37.247	-5.6924	-4.4819	-0.434540623513895
34.351	-9.3416	-4.3517	1.54347012474176
32.942	-10.187	-3.8424	1.5993096358287
36.258	-3.1272	-2.1291	0.0473515255051979
37.522	-6.8014	-1.605	-0.475436553456947
34.875	-7.5634	-0.67985	-0.333280607800682
36.805	-6.8704	-0.46855	-0.613828655957027
36.438	-5.6209	-1.0791	-0.642362909815951
36.039	-7.5015	-0.37316	-1.02375245006783
35.992	-6.343	-0.027214	-0.583646345109783
38.018	-4.0021	-3.4175	-0.760428088762444
36.085	-8.2433	-1.0166	1.00504227824077
38.197	-3.1683	-2.8039	0.383137130406431
37.221	-6.2661	-0.70586	-1.07366726749297
24.495	-0.80438	1.506	-0.521253172800755
19.894	-12.408	-3.0023	-0.709575602083987
32.857	-1.747	1.0811	-0.72081575282558
38.182	-4.7359	-4.0348	1.645
32.564	-8.7826	-4.3392	-0.557028896853771
33.424	-10.297	-2.9498	-0.615755495532735
37.001	-1.8216	-3.9956	1.32377003849485
32.612	-9.982	-3.3678	-0.810793530968212
26.104	2.9775	0.38525	-0.853331754104252
35.856	-6.2175	-4.9262	-0.442281167707425
34.29	-0.70505	-5.4116	1.17458304695055
35.119	-8.7121	-3.9509	-0.588737080215175
32.294	1.3388	-1.5872	0.288973318519374
26.933	2.2884	0.38868	0.838898359437335
27.989	0.13398	0.8053	-0.512099223396177
37.348	-6.549	-3.1685	0.958521621823523
34.481	-0.83471	-4.8208	-0.483746894844799
36.976	-6.7599	-1.9741	-0.562320706733291
36.879	-7.3031	-1.1171	0.594228873400993
37.988	-3.183	-3.7179	-0.476584990499493
37.929	-6.679	-1.6821	0.677123918042319
35.328	-8.9384	-1.7754	1.15242048617977
34.271	-9.6149	-3.6763	-0.834757763130512
33.023	-9.9253	-4.2566	-0.368220384976545
36.927	-6.6277	-0.54409	-0.0244065646232609
37.587	-7.0356	-2.9008	0.803867660645232
36.719	-7.5573	-3.667	-0.407247626766944
37.13	-6.6506	-0.87502	-0.840804140982807
33.331	-10.091	-3.2853	-1.46031236381759
36.513	-6.807	-1.1852	-0.54374734495373
28.452	-0.64826	-6.6807	0.137431604541577
35.608	-8.7425	-3.6319	-0.693746181795141
36.084	-6.9266	-1.1155	-0.827912236344617
34.803	-1.1978	-5.5854	-0.812953817390186
30.623	-10.628	-2.3359	-0.579046484298682
34.746	-0.83355	-5.3832	-0.512043129410448
37.674	-6.0117	-3.9316	0.8712016550676
35.239	-7.2057	-0.80222	-0.603568610021632
30.909	-10.532	-3.6165	0.74808250602034
34.081	-0.19025	-0.19369	1.645
36.16	-6.2388	-4.6065	1.645
34.061	-9.7107	-2.6267	0.665734899130745
28.401	-0.6673	-6.6758	0.163376705242124
34.108	-1.3907	0.43458	0.122771995810605
36.911	-4.0324	-0.88935	-0.27342720282943
36.133	-7.4211	-1.9201	-0.908793805449545
35.653	-7.9359	-0.91161	-1.229208191172
27.563	-1.7829	0.9933	1.43464991732779
35.686	-6.1698	-4.8122	-0.536289391746695
35.599	-6.05	-5.0311	0.491949949119842
33.647	-9.5361	-2.9473	-0.564158793321404
37.439	-7.1052	-1.3532	-0.0202837564535699
23.069	-0.86413	1.3787	0.698050422676488
37.717	-5.9636	-3.8253	-0.535035820758965
37.26	-1.8777	-3.7953	0.821560721193246
37.331	-2.3602	-3.1346	-0.00558198359227804
29.747	1.7848	-0.64182	-0.386564982401441
31.26	-1.5383	-6.2118	0.929406290715479
28.79	-0.60836	-6.4231	-1.04288016519013
28.577	-1.9917	0.59004	-0.505408542379667
36.944	-6.5048	0.15745	-0.0113481377810567
27.399	1.8644	0.060854	-0.469922111725889
34.571	-8.8569	-2.5749	-0.466064544718075
37.024	-6.2246	-3.3113	-0.108805128332681
37.905	-5.2701	-3.6581	1.36210166046119
37.467	-3.1874	-2.2578	-0.184305597910624
35.937	-7.7764	-1.2843	-0.360119831985741
37.269	-6.4643	-1.3187	0.663457066323367
35.22	-2.8647	-5.4605	-0.628626714926986
36.327	-3.639	-5.216	-0.408593036738008
37.298	-5.8161	-0.65225	1.6043843594688
37.658	-4.6228	-3.5033	1.645
33.532	-9.5404	-3.8361	-0.863796014981714
38.11	-4.4154	-1.7878	-1.17494031920427
33.965	0.34185	-2.8306	0.467385155371819
18.681	-11.853	-3.5342	-0.281128227835937
37.578	-6.9156	-1.9975	-0.667652035287063
22.178	3.5218	0.97528	-0.183473175238333
34.324	-1.491	-0.028499	-0.854260707543393
27.877	-10.224	-4.2064	-0.656143068010039
35.796	-7.3764	-0.93857	-0.172959183376242
36.21	-7.1793	-0.91817	-0.577513060117609
33.756	0.78472	-3.7174	-0.679674968015883
34.832	-1.3266	-5.3939	-0.228793663804685
36.693	-6.5135	-1.0092	-1.11484154122985
37.262	-3.681	-4.3805	-0.466765107452034
37.664	-2.5775	-2.7475	-0.265679682707398
33.114	-0.44001	-5.9828	0.103850666914476
35.83	-8.0329	-0.94709	-0.473569152011435
37.168	-2.8936	-4.4433	-0.383775388886059
37.252	-3.2123	-4.5515	1.35736772755268
37.485	-6.3438	-1.5371	-0.445311637088044
36.79	-1.1179	-1.9369	-0.299559073731536
36.986	-3.4192	-4.8641	-0.0590111077283769
28.187	-2.0153	0.64751	-0.0475686246258513
36.115	-2.5821	-0.79798	-0.361127716207298
32.441	-8.4786	-4.6004	0.983190245216239
32.516	-10.186	-4.2238	1.22574009223491
34.865	-8.7229	-3.4379	-0.642167356241802
37.744	-4.8284	-2.8158	0.891611514131425
36.311	-6.2684	-0.71261	-0.646667652462957
37.547	-3.1049	-3.4645	-1.19928609585106
38.079	-6.2421	-1.3115	0.893783293424922
37.974	-3.6555	-3.1281	-0.536418641842285
28.696	-0.68077	-6.8741	1.645
30.852	1.7849	-1.8279	0.686357033340612
34.821	-6.2335	-5.3327	-0.19531037509838
14.631	-11.506	-3.6427	0.832028009350531
34.669	-0.46744	-3.1166	0.756264792750573
37.859	-5.8203	-2.0456	-0.525150916927669
36.787	-5.5935	-0.20183	-0.482406446917342
36.693	-3.4679	-1.3316	-0.640917418999215
24.838	-11.328	-3.8629	-0.151535308246611
35.763	-0.51963	-3.4807	1.645
35.201	-6.4466	-4.6978	1.645
32.044	-10.644	-3.7583	0.60925750127849
36.194	-6.8002	-1.6144	-0.410985809280271
36.007	-6.7848	-4.2244	-0.516297823635727
35.927	-7.6408	-0.39627	-0.355976657950525
35.868	-8.013	-3.1225	-0.269579780752694
36.808	-7.1617	-1.0805	-0.965203262112148
36.946	-7.765	-1.2246	-0.950329031413175
36.325	-6.6188	-4.8643	-0.981786579198052
35.549	-6.4596	-0.15332	0.00469462974753
30.435	-2.0178	-5.0573	-0.798608819545025
36.901	-2.8551	-4.7309	-1.12813741108986
37.149	-6.3657	-1.3475	-1.3734177816141
36.787	-3.2912	-4.7881	-0.756128828943432
37.496	-2.7345	-3.0657	-1.11306513245764
32.833	-9.925	-3.8629	0.238700039703994
37.75	-6.5893	-1.4592	-0.192932565942877
36.038	-0.75241	-2.4819	-0.777031316898565
28.133	-11.456	-3.6026	-0.645750303733528
30.447	1.4981	0.012136	-0.299843026252859
37.759	-5.8941	-2.4694	0.188422048549826
36.523	-6.9224	-0.55317	-1.03428059258478
37.667	-3.3869	-1.5302	1.01646566468313
35.259	-0.56743	-3.8436	1.35415675777108
21.996	-12.117	-3.2949	-0.44948334309819
36.696	-3.7296	-4.7045	-0.615462823539741
36.844	-2.8627	-4.1771	-0.558933618818828
35.141	-7.3093	-1.8385	-0.9012270470179
37.236	-5.8353	-2.0778	1.32767158653485
27.895	2.1727	-0.70999	0.376274672590841
35.937	-7.577	-0.66075	-0.705936022544091
36.415	-3.3798	-0.64911	-0.50937847485818
37.914	-4.9455	-1.6546	1.645
37.81	-6.0972	-2.6215	1.23035303021258
36.059	-6.6724	0.099282	-0.6522760210097
33.831	-0.82131	-5.9073	0.420950913770304
37.488	-4.8809	-1.9614	-0.477327761776076
34.309	-1.5814	-3.0886	-0.3785125089426
16.546	-12.122	-3.0507	-0.650370941386289
26.475	2.8001	-0.13414	-0.797177790418026
36.584	-3.2355	-4.7375	1.08211566675862
36.968	-3.0594	-1.5917	-0.621497646033548
36.022	-5.6927	-0.69924	1.645
22.905	-1.2773	1.3333	-0.620771633498749
36.937	-6.6664	-1.0888	-0.399151417468845
38.435	-6.2835	-2.839	-1.15020624705455
35.405	-0.70375	-4.8046	-1.22837391731748
36.121	-2.9466	-5.1363	-1.08949928749926
36.896	-1.6696	-2.1151	-0.632810613231529
27.474	-0.29098	-6.7196	1.53642788112793
34.672	-9.018	-2.7887	-0.43008161510339
36.78	-7.3321	-1.024	-0.677112008927054
31.309	1.3203	-2.1248	0.486249674610066
34.816	-1.9829	-0.24815	-0.480546776077042
31.034	2.13	-1.503	-0.731753016623494
38.1	-4.3733	-2.6288	-0.571035223729414
33.506	-8.587	-3.743	-0.691113612092508
36.038	-5.389	-5.311	-0.128117871790006
34.702	-1.6396	-3.8829	-0.594499611701978
32.373	0.99622	-2.1654	-0.0535696271472278
35.958	-2.3821	-5.0615	-0.665657737677877
37.447	-2.7711	-3.2962	1.645
34.224	-1.4421	-5.2872	-0.790677953952298
25.823	2.7506	-0.30933	-0.480096244799112
36.853	-6.3522	-2.1496	-0.277195246064811
34.92	-2.181	-0.95545	-0.239553288913591
31.384	-10.126	-3.673	-0.287037370666852
36.331	-7.1059	-0.41523	-0.405689587453384
29.704	-11.031	-4.1478	1.645
35.609	-7.1077	-0.68315	-0.660175210402309
35.818	-1.2328	-4.9674	-0.694931526746246
35.623	-7.3392	-1.1323	-0.808468866314702
32.987	0.16537	-5.4076	1.645
36.38	-3.1166	-4.3906	-0.255872132864974
36.763	-2.5223	-2.4664	0.0915046961089015
30.806	-9.287	-3.5933	1.645
31.819	0.77723	-1.5751	0.135249737111045
34.867	-2.1455	-5.957	1.07735510180105
36.432	-2.9785	-1.8557	-0.329647669707879
37.33	-2.1802	-2.9054	-0.626726668221172
35.886	-6.8034	-0.66589	0.757721955501325
34.169	-2.2291	-0.29475	-0.466293414184224
27.676	-0.63697	-6.9622	-0.721789440275515
36.642	-7.6993	-2.0698	0.802511727916501
36.441	-7.3309	-1.0821	-0.881464952729379
36.404	-0.77396	-3.045	-0.682097499551724
32.197	1.205	-4.1368	-0.889240287521497
33.119	-10.31	-2.9906	-0.0562236006807289
37.344	-5.4244	-3.918	0.160471335023792
30.026	1.6761	-1.1057	0.448700670202418
37.878	-4.0903	-2.2179	-0.476898994156108
37.108	-2.6266	-1.3105	-0.579705509578181
36.482	-1.3979	-3.6565	-0.290562986876186
31.452	-9.1478	-3.2273	-0.288075055756185
35.595	-7.1083	-1.4836	-0.350625815260952
37.93	-4.6532	-1.5629	-1.57821580372204
28.339	-11.288	-3.7747	1.58082794183328
34.572	-0.91389	-5.3163	-0.619489125874892
27.025	-1.1452	0.8769	-0.320326742569657
34.079	-9.9018	-3.0968	-0.274250028293554
35.222	-7.552	-0.12993	-0.883883347190579
37.707	-3.9647	-4.055	1.645
37.055	-7.808	-1.365	0.494815548397982
37.028	-8.0319	-2.3737	1.645
37.484	-2.9589	-2.2054	0.930993365076279
36.636	-1.8449	-4.6217	1.645
24.255	-1.0753	1.209	-0.542367139708737
37.908	-5.4849	-2.8675	1.63126830140837
28.144	-11.285	-3.6351	0.0270373339262027
36.304	-3.0943	-4.7781	-0.356514002153466
36.383	-6.8969	0.11651	-0.644697741710277
36.032	-2.4254	-5.2954	-0.151576052294613
37.693	-6.9362	-2.1968	-0.918303972154156
35.196	-7.2738	-0.20346	-0.511550515285609
36.191	-1.9754	-1.1911	-0.699928858713833
35.949	-7.0988	0.036498	-0.588448175557528
32.924	-0.29634	0.38633	1.645
36.636	-8.1869	-3.6598	0.729676268860664
35.702	-1.5553	-5.3066	-0.876992193954107
37.827	-3.3669	-2.5679	0.5823012820907
34.952	-6.4194	-5.1862	-0.264180355026316
25.703	0.22142	-6.7138	1.645
37.718	-6.805	-2.3753	-0.572663807843344
20.57	-11.951	-3.571	0.143023089156479
33.204	0.41913	-3.6203	-0.36403607584989
36.349	-7.4662	-1.0629	1.22877525767784
32.301	0.83282	-1.4899	1.645
36.889	-6.3605	-0.64418	1.645
37.364	-6.6113	-2.4395	0.972198625889302
36.557	-6.012	0.058335	-0.547960170264051
34.899	-8.9036	-2.1978	-0.604619402412318
34.392	-0.67005	-5.3893	1.645
36.058	-0.71232	-3.8443	0.951671926945662
35.914	-2.1429	-5.1293	-0.0529730269983994
38.175	-6.4615	-2.3743	-0.611524232401532
37.269	-6.594	-4.1428	-1.08609746536509
36.296	-3.9297	-1.4904	-0.470179318709144
34.929	-9.3154	-3.3453	0.968611944620139
33.624	-9.7678	-3.2114	-0.971363417246636
35.452	-7.5059	-1.1164	-0.116700220267145
36.034	-7.7111	-0.66814	-0.578452166955821
37.161	-2.9571	-4.3767	-0.315037124664932
35.801	-6.039	-0.10692	1.645
38.018	-6.5426	-1.8973	-0.721496081647893
37.065	-2.8718	-1.9238	1.645
37.741	-3.5231	-1.6764	-0.54728408565465
36.429	-1.94	-1.5444	-0.0202142538024883
38.124	-5.9004	-1.833	-0.384022586414711
37.088	-2.7651	-4.3048	-0.771328787090471
37.718	-6.2576	-0.89144	-1.42241683035496
32.946	-10.118	-3.8613	1.645
38.042	-4.4673	-2.5642	-0.408193315489167
35.311	-1.2939	-5.3454	-1.11129804435093
36.716	-1.7406	-3.0904	0.0451881090688416
37.657	-5.2865	-0.77623	0.070265836339138
28.415	-1.9853	0.6287	0.614485750859203
35.913	-2.1991	-5.1813	-1.10767623496845
37.832	-5.746	-1.2789	1.645
37.809	-7.1081	-3.5919	1.645
37.022	-7.8526	-1.9066	-1.47719639784334
35.963	-2.9456	-4.6888	-0.637991073230754
29.139	-10.899	-4.2139	1.645
38.328	-5.5245	-1.6957	-1.0349325141419
35.913	-3.5353	-0.26692	-0.790739167685438
36.624	-2.5872	-4.7152	0.5268703094628
35.732	-7.4659	-0.892	0.110036788134593
37.405	-2.8884	-4.2719	-0.540732839805315
27.224	-11.557	-2.9923	1.29354217839436
34.219	-0.7002	-5.219	-0.484655879937374
36.409	-6.4671	-0.54685	1.47720673626203
29.133	0.029435	-6.8166	-1.0439590496146
34.285	-0.88002	-5.7289	0.0632173959807742
35.879	-1.4706	-5.0897	-0.217792903897023
33.331	-0.8698	-4.6621	-0.955457100229763
28.562	-11.373	-3.9338	-0.482111770681692
34.954	-8.59	-1.2637	-0.165424893177848
12.655	-12.024	-3.1062	-0.179903595735717
33.259	-0.86748	-5.1327	-0.509598907037083
38.313	-5.8634	-3.2643	-0.59655719845479
36.875	-2.9204	-4.2667	-0.0524166171960123
36.875	-6.5702	-0.73131	0.0301765623464899
32.785	0.6827	-1.7577	0.122211731206937
36.807	-2.7145	-1.7884	1.645
36.197	-2.5887	-0.88178	0.795393820386667
37.29	-3.1505	-4.2486	-0.5079946478468
33.099	0.48603	-1.4884	0.733863679741
34.092	-8.9227	-4.1576	-0.0728840921700543
37.012	-7.5666	-2.4787	0.452160304797733
36.947	-6.3535	-1.4057	0.496099503747173
24.144	-11.871	-4.1725	1.645
37.294	-5.8666	-0.45628	-0.224094007080517
38.453	-6.2205	-2.5167	1.49713411777323
38.205	-3.7763	-2.7418	-0.255236672423015
29.42	-11.225	-3.3753	0.650280342273451
37.148	-5.3387	-0.68234	1.0508065086038
26.075	-11.349	-3.6326	-0.299971805640523
34.237	-0.72906	-5.5845	-0.012415805622496
35.409	-7.9537	-0.78786	1.05606531181183
36.261	-5.9674	-0.39885	1.645
35.769	-1.1302	-4.9338	0.0429738762893335
34.05	-7.3166	-5.0561	-0.412966762932464
33.716	-7.4941	-2.944	0.367104182239431
36.741	-6.3389	-1.159	0.913160628101534
36.513	-7.4862	-2.793	0.729889624228562
36.212	-4.2356	-0.11937	-0.118920566976558
30.542	1.6715	-0.25718	-0.502708200217114
37.523	-5.7548	-4.5898	0.229505493955765
28.667	1.635	-0.37636	-0.448911345217405
37.356	-5.2576	-1.0494	0.164472094894484
36.478	-7.7756	-0.57777	-0.909512814004045
37.883	-3.842	-3.38	-1.13514694377457
35.131	-9.2436	-3.3567	1.645
37.587	-5.2175	-1.004	0.14328624191517
36.221	-2.9564	-0.61513	-0.299218376134209
38.637	-6.5948	-1.8103	-0.725756375160372
36.956	-3.2025	-4.4751	-0.333664746334599
29.985	-11.016	-3.6217	-0.267829960321492
31.672	-6.1599	-5.747	-0.0381926161833116
36.491	-1.3732	-4.2775	-0.944513982469792
37.131	-4.5617	-0.87893	-1.19420376708043
31.827	0.24387	-1.1057	0.279347924068808
36.602	-7.2462	-0.74841	0.289959138101513
35.527	-1.6899	-5.4983	1.645
28.143	-0.79826	-6.7107	-0.493255754286546
36.361	-7.4636	-0.51885	-0.844393132850115
36.981	-6.59	-0.49138	-0.682698843855591
37.82	-7.0502	-1.9993	0.0599395238188356
36.574	-8.6753	-3.4189	1.645
37.993	-6.6047	-0.58157	0.337731122697366
36.619	-3.3442	-5.008	0.170270926843163
37.163	-4.0055	-1.8496	-1.34016457683756
27.841	-0.46924	-6.7153	-1.07089924626941
33.362	0.38835	-1.7634	-0.604903949641648
38.275	-5.2304	-2.3682	-0.946482051625839
36.744	-6.6862	-0.47204	-0.667699201802959
29.038	-11.463	-3.3336	0.559783734252698
32	-9.0904	-4.758	1.645
34.952	-1.4921	-5.7799	1.645
35.586	-6.7863	-0.30952	-0.300252217606855
29.473	-2.0004	1.2233	-0.0180587816681355
36.946	-7.1431	-0.98937	-0.777960856397141
35.2	-1.6433	-5.5416	-0.626122410240285
38.265	-6.0586	-2.7998	-0.259254371290354
33.966	-0.18969	-0.95979	0.457857502691407
37.105	-2.5879	-1.2599	-0.526726864755439
37.342	-6.7824	-1.0638	-0.454713500306191
36.545	-7.0306	-0.54223	-0.985651314356143
35.679	-7.0002	-1.2115	-0.466187199730605
35.984	-1.9774	-4.2136	0.0929956161768134
35.308	-9.5027	-2.4343	-0.249739972470249
33.845	-9.7813	-3.7695	1.00022503408778
33.349	-0.35116	-2.0425	-1.04605387130612
27.568	-0.41487	-6.818	0.741202134460411
33.366	-9.9976	-3.4617	-0.70877455920322
19.483	-12.108	-3.7965	-0.442961371280317
37.162	-5.5491	-4.7764	0.279918371714054
35.769	-6.9619	-0.47515	-0.616535715933075
35.88	-8.2388	-4.4135	1.64085191728863
35.04	-7.5716	-1.0808	-0.951346983435988
35.22	-1.6653	-1.0212	0.757930717525862
36.935	-5.5179	-1.3782	-0.641098608943135
35.664	-1.6218	-5.105	1.645
26.332	2.8248	-0.26543	-0.636499332076908
38.305	-4.7921	-2.3396	-0.77289999599312
37.264	-6.0234	-0.95589	-0.883944340652262
24.961	-12.173	-3.2356	0.779834004566115
36.493	-3.2037	-1.737	-0.234349743639773
37.016	-2.6871	-3.6991	1.645
35.521	-7.0953	-0.81215	0.155789092041195
37.573	-6.2663	-0.94834	0.711125710190338
36.713	-2.7918	-3.6785	0.0708465228538291
37.267	-2.9412	-1.1413	-0.613766239998692
36.105	-7.5793	-1.0388	-1.18046068043449
36.149	-3.6882	-0.088772	-0.709570364283059
29.561	-2.1923	-0.92529	-0.591398110640388
28.421	-10.501	-3.8962	-0.31665168939502
37.543	-6.6177	-3.9242	-0.578537906488991
36.013	-5.2962	-5.2194	-0.445315547279632
31.616	-10.133	-3.0478	1.09804475684997
26.865	-11.889	-3.6093	1.645
34.944	-1.8333	-5.6746	-0.563961405764957
33.974	-0.2086	-5.4289	-0.885312170724474
27.421	-11.915	-3.1716	-0.607865812301923
24.068	-11.949	-3.7635	-0.297288993971597
36.904	-2.4271	-4.0264	1.645
32.829	-2.2829	-5.3286	-0.495457350133464
36.607	-2.9684	-1.1872	0.66277294539702
36.922	-6.114	-0.78434	-0.427628767455884
37.221	-6.042	-1.2144	-0.721986774364749
35.954	-7.1988	-1.5628	-0.0618686718577049
35.692	-8.8069	-1.7571	1.645
37.491	-6.0219	-1.2997	-0.0150658117519555
35.9	-7.2416	-0.67509	-0.358748481124929
36.618	-7.6655	-0.98104	1.645
29.945	-1.3699	-6.7296	0.557330657167282
32.161	0.91575	-1.7862	-0.48987662364118
37.605	-6.5111	-0.87244	0.182101555153482
35.517	-6.5056	-0.50915	-0.398204235939661
32.059	1.3109	-2.4168	-0.77166462380851
29.196	-10.899	-4.0629	-0.491109223181113
24.476	-1.1701	0.93116	-0.101717446692082
36.747	-2.8716	-4.7368	-0.390525328326989
38.014	-3.428	-3.3169	-0.92556177568526
36.001	-6.2461	-0.9769	-0.816274857427887
36.332	-6.6978	-0.47076	-0.264300134873517
38.3	-5.7317	-1.6831	1.645
29.979	-11.824	-2.9049	-0.256713078069765
37.151	-6.3028	-0.5405	0.589549985764566
36.12	-6.1442	-0.35725	0.0328217389610392
36.271	-7.3453	-1.3238	-1.16383024712618
36.488	-6.1858	-3.8549	-0.266695571023831
35.366	-1.8119	-5.5672	0.229668629173207
36.371	-1.3748	-4.149	1.47661177712245
31.428	1.6486	-2.2588	-0.902291739850603
30.715	1.0071	-0.9415	-0.416198456991529
37.231	-3.9099	-4.7721	0.533272899737896
34.721	-8.3715	-4.579	-0.918188719235844
36.514	-8.5327	-2.2652	0.342680803678885
36.083	-2.6015	-0.39972	-1.25080075254924
35.498	-8.087	-2.6598	0.197409768976572
30.178	1.4558	-0.55411	-1.37557590900098
33.074	-10.314	-3.0415	0.425881586423185
34.568	-8.0682	-4.3868	1.645
36.881	-6.9741	-1.2878	1.645
31.206	-10.908	-3.2517	-0.938900084693787
20.185	-12.42	-3.592	-0.111214491435204
37.199	-1.6237	-2.4917	0.289845082097033
36.947	-7.3373	-1.2444	-0.0474811631374617
33.778	0.11392	-0.5513	-0.75831423594656
36.98	-3.2319	-1.217	-0.0750006020250331
36.125	-7.0592	-0.43751	-0.531800417245387
30.989	1.3364	-1.2695	-0.135109568687725
37.721	-2.718	-3.5393	-1.22382330742517
36.492	-7.4624	-0.46387	0.183138277189043
35.897	-8.9728	-2.3728	0.547345283739814
36.92	-3.6492	-4.6394	1.33611322207448
36.993	-4.0546	-1.8566	1.645
34.583	-9.2741	-3.2361	1.49233551857449
34.344	-1.2254	-5.6987	0.346630181647368
35.742	-8.0212	-3.8443	1.645
37.001	-2.4226	-2.9225	-0.412916064904311
35.171	-6.1369	-1.2886	-0.518819555372525
37.028	-3.37	-4.176	0.200019013512951
33.298	0.35184	-3.695	-0.378250118889318
30.361	0.79431	-0.83387	0.983217151730991
35.436	-6.7361	-0.95815	-0.303353586828759
37.41	-6.4188	-0.83121	1.022079038497
36.383	-1.4084	-1.6501	-1.25350765559247
28.632	2.1882	-0.58482	0.35083448422386
34.186	-2.9176	0.81454	0.479391120951965
36.195	-4.2493	-5.2274	-0.45820393756643
26.47	-1.2093	0.66759	0.760796107870586
36.233	-7.5856	-0.90686	-0.540484876407516
36.421	-8.4179	-2.0881	1.48436314709564
37.469	-3.1858	-2.9957	-1.17560584185531
35.257	-2.0901	-4.006	-1.11822414733619
36.163	-7.092	-0.771	-0.585356772548649
37.734	-5.9544	-4.0513	-0.961806907209944
37.902	-5.9908	-2.0936	0.158630757160574
37.448	-6.4351	-3.4083	0.278046909434675
36.099	-7.3386	-0.73775	-0.273128158906206
38.19	-5.2303	-3.4668	-0.479933999460726
32.123	0.60269	-0.86491	0.70893958252791
32.053	1.3059	-1.5197	0.680341852531811
36.699	-4.6467	0.089536	1.645
27.83	-11.511	-3.6894	0.537265293834475
35.927	-2.6184	-5.194	-0.771091863101731
36.378	-8.7082	-2.2334	-0.448824475249033
37.434	-4.6484	-2.4277	-0.768290439429357
36.422	-2.8263	-5.0446	1.645
37.128	-7.3771	-0.91807	-0.674178691000194
36.806	-7.1946	-1.9069	1.645
34.659	-0.55942	-4.4261	-0.651757864995346
36.328	-7.1272	-0.93379	-0.199993380159329
36.281	-2.7152	-5.341	0.246450770899573
37.412	-6.2447	-2.696	-0.65768777872136
35.967	-2.729	-0.69909	-0.0168888076421794
36.783	-8.0664	-2.712	0.82406739054684
36.508	-6.9874	-0.76697	1.645
37.295	-4.7406	-4.9434	-0.901467757130255
37.907	-5.6622	-1.514	-0.971372697031517
36.54	-2.6445	-3.9797	-0.968330232434517
34.705	-0.88028	-5.109	-0.598315078564629
35.571	-0.535	-3.7779	0.289452890760274
36.023	-3.1128	-0.9772	-0.749155032636525
36.969	-6.9389	-2.1567	-0.302423695695591
30.821	-10.653	-3.8519	-0.114476808593717
34.81	-1.815	-0.71735	1.645
37.007	-3.2381	-4.6457	-0.779450628567844
22.98	3.3486	0.063496	-0.346305797335819
32.159	-10.433	-3.0039	0.0963269811246721
37.195	-6.8729	-0.94274	1.645
34.005	-0.32428	-5.4688	-0.52026901412248
37.776	-3.2527	-3.708	0.514930520391178
25.345	2.9604	0.81839	1.48802868055443
37.704	-6.9036	-3.5007	0.413444320146896
25.232	-11.836	-3.4376	0.00549557607887489
35.212	-2.5121	-5.7232	0.989597188323322
38.366	-5.4234	-2.4492	-1.2724113557487
29.989	-1.4419	-6.6104	0.709302728705304
37.702	-3.2554	-2.2478	1.645
36.695	-8.3244	-3.4796	0.674132819985222
22.216	-0.28528	1.8218	-0.559303204177353
27.938	-0.14693	-6.4389	-0.787001760664166
37.215	-2.1692	-3.2804	-0.629236954831708
24.948	-1.1145	1.1193	-0.994330158622557
35.868	-5.9551	-0.76246	-0.625925158666172
28.015	-11.269	-3.5031	1.52209269874089
36.415	-2.8229	-5.3315	-0.0901080650587185
36.026	-2.1342	-5.1439	0.882773884318974
36.861	-6.3361	-0.60656	-0.347323098173267
34.486	-9.5717	-3.7802	0.672395144089671
22.352	3.0673	1.2586	-0.319410148051948
35.219	-2.1202	-1.3575	0.0884216098313625
36.39	-6.9544	-0.46647	-0.00157626379051943
32.516	-0.5129	-6.2823	0.0340951819719985
37.032	-6.1426	-0.88556	0.87098859817049
28.289	2.0839	-1.1024	0.456469539622887
33.548	-1.5978	0.067007	-0.82707955832406
35.336	-1.5855	-5.3664	0.275571530200151
35.391	-7.7354	-2.7639	0.414674203287636
36.84	-7.9578	-3.3052	0.410422435854356
37.095	-3.2146	-1.7715	-1.41139034705659
33.859	-9.2605	-2.5721	-0.387006393435961
35.877	-8.4213	-3.4308	-0.952051681238509
34.549	-0.84299	-5.6394	1.26034206117943
36.996	-7.5551	-2.6668	1.645
34.832	-7.3907	0.24362	-0.412510860055806
33.235	-10.72	-2.9872	-0.567127341936267
37.307	-6.0201	-1.5607	-1.62718785530387
37.418	-2.9354	-2.5082	-0.878853931458781
34.343	-1.6947	-5.9695	0.950591666590779
35.852	-6.3953	-0.66102	-0.443841597379072
23.219	-11.625	-3.7246	-1.02145685804188
25.658	-11.743	-4.0632	-0.771489560572905
36.408	-7.0685	-0.74929	-0.442868613071326
34.872	-9.2335	-3.1798	0.368026594612844
32.521	-10.366	-3.3013	-0.651442661807692
35.301	-7.1362	-0.87532	-0.473563064058196
36.981	-7.338	-4.1057	-0.9138935369641
36.532	-2.2219	-4.9142	0.657099548625899
36.587	-6.9588	-0.9185	-0.344531885136547
37.804	-3.758	-2.5106	-0.345790221691254
37.188	-3.3266	-4.129	-0.337902543902087
36.601	-3.3263	-0.83788	1.645
20.494	-12.103	-3.3423	0.263335344429956
37.343	-6.62	-3.3463	-0.376212609663893
34.74	-1.4122	-5.6472	-0.455092427115847
33.679	-0.86234	-0.17042	-0.478280043070409
36.655	-3.0677	-4.4207	1.645
34.85	-8.5722	-4.0191	-0.737000786147934
30.867	-10.809	-3.5384	1.645
37.307	-3.9139	-4.5918	-0.637988975539788
36.667	-6.7386	-0.78268	-0.825952534218954
31.457	-0.30158	-6.5963	-0.63374122074055
35.913	-7.6121	-0.87189	-0.239516635577672
36.13	-2.8164	-5.1146	-0.763259294069683
35.209	-0.0088546	-1.6024	-0.660846105372735
37.083	-6.3311	-0.76982	0.671812207607506
36.223	-7.7271	-1.0545	1.36439229216697
30.474	-10.434	-3.6727	-0.674502322936932
35.745	-6.4161	-0.72233	0.681025332650964
34.25	-0.42419	-5.4538	0.158894334761339
35.158	-7.4175	-0.57039	-0.599730435234492
37.835	-4.0336	-3.727	-0.272970659458875
29.205	-1.0063	-6.6398	-0.261777779165428
35.456	-3.3218	0.088323	0.309740286396903
29.803	-10.77	-3.5859	-0.679690528944115
37.4	-5.3887	-1.203	-0.446105408007038
38.39	-4.8164	-3.1837	-0.742304760794359
28.169	-10.539	-4.4468	1.645
37.101	-6.2474	-1.5272	-0.966742610018551
36.103	-2.9353	-0.50444	1.34162052637526
33.597	-0.56617	-5.3621	-0.843491986341055
34.55	-8.264	-2.9045	-0.415414329438963
35.071	-9.1648	-1.7033	-0.499794786418802
37.21	-4.2579	-4.7383	-0.735705020201617
35.826	-8.9178	-2.6398	-0.750992788581931
29.572	-9.596	-4.4341	0.0328853416931268
38.35	-4.2938	-3.138	-1.18943967667219
33.688	-2.6749	1.0381	-0.926635971962371
36.474	-2.0151	-4.8982	0.963342313792244
36.528	-6.7207	-0.3798	-0.233156586229939
33.424	-10.084	-3.4669	0.189567599634761
35.861	-2.605	-5.277	-0.681987328577986
34.46	-9.1908	-4.2253	0.399406948875016
38.32	-4.8525	-3.1108	-0.903579940732811
37.496	-3.2443	-4.1554	1.13185903055394
26.909	2.6637	0.026832	-0.440394680230461
23.052	-12.064	-3.317	0.134312910298118
37.644	-6.4692	-2.6675	-0.506505746778371
36.848	-6.5595	-2.1398	-0.785477622469576
29.035	1.6447	-0.066406	-0.600975214824594
35.626	-7.5125	-0.57968	-0.651716134957324
37.322	-7.6218	-1.4826	1.645
35.285	-8.2893	-0.64382	-0.677371849261278
20.084	-12.312	-3.48	-0.360776076376326
28.865	1.751	-0.48839	-0.511964515157955
29.709	-10.969	-3.9119	-0.734538022263197
37.772	-3.5059	-3.3861	0.688604987423188
36.942	-6.4637	-0.66239	-0.738494429825455
33.758	0.38343	-3.2386	-0.541095971321687
36.282	-1.236	-3.9953	-0.544268172174903
36.872	-6.6326	-0.5159	-0.452893090303942
27.991	-1.7102	0.46544	0.100473344036661
34.467	-0.7789	-5.5486	-0.345685068980498
28.91	-10.416	-4.3339	-0.175869924317657
36.451	-2.0925	-4.9467	-0.655252860475277
29.772	1.7553	-0.20628	0.550271852946552
37.46	-4.4038	-1.0835	-1.02745964054675
30.47	-9.6622	-4.3325	1.645
31.478	0.98321	-0.87069	-0.684269107502325
36.431	-1.4634	-3.8262	-0.380740318745485
36	-9.0717	-3.5695	0.0950461824079159
37.711	-5.9719	-3.357	-0.503973938822755
27.558	-11.495	-3.2371	-0.0969534496595081
24.502	-11.889	-4.0808	1.645
36.522	-7.3306	-1.1206	-0.719990540935335
34.234	-9.0501	-4.1876	-0.80047315320419
34.039	-8.7942	-4.1058	-0.217127364225397
36.049	-2.8343	-0.31658	-0.748792296336208
35.726	-3.108	-0.29894	-0.932402349351668
37.247	-6.3258	-0.74275	-0.965743908827665
36.663	-8.0185	-1.3392	1.35697216342046
36.819	-2.209	-4.6629	-0.392520155179204
36.367	-7.0131	-1.7098	0.165438128114179
37.603	-3.5366	-2.3554	-0.457238680236959
37.32	-2.9559	-2.0473	0.550187192169884
36.358	-3.1915	-4.9347	1.40156826087429
18.772	-12.196	-3.1299	-0.386930140698246
32.75	-10.422	-2.8005	0.196366306016918
36.785	-1.4031	-3.5604	-0.193499472845044
35.477	-1.5291	-5.0441	0.226145443386315
28.024	-11.618	-3.2678	0.527768391139255
38.028	-3.372	-3.8422	-0.443071308669943
35.983	-6.7157	-0.25748	-0.168668319725281
37.675	-7.2641	-2.5191	-0.0172645299542775
38.285	-6.068	-1.6478	-0.508980542639764
37.648	-2.9954	-2.6871	-0.638006310907748
36.758	-6.2914	-0.49534	1.31797167341025
37.3	-4.165	-1.6175	0.545126000928926
27.805	2.13	0.2655	-0.446214862401433
33.741	-1.9733	-5.4226	1.645
36.11	-7.4497	-1.499	0.991402662295325
37.13	-3.482	-3.5833	0.0522643863227211
37.065	-7.2034	-1.1197	0.693435106204291
35.676	-1.5634	-5.343	1.645
25.634	-1.2253	0.94194	-0.800059030051271
36.345	-2.7504	-1.3676	-0.949914913203579
35.006	-5.2704	-0.66318	-0.607642937786341
21.515	-0.82075	1.3352	1.645
36.934	-7.1197	-1.3898	-0.788076541853007
35.563	-2.7773	-0.24283	-1.15843869034345
37.173	-2.6245	-3.9132	0.0177152135008085
36.387	-2.0945	-4.6511	-0.754236098351887
35.784	-2.114	-0.96068	-0.301956950123264
37.664	-3.9756	-1.3644	-0.0510426654369562
33.453	-9.9212	-3.2833	0.887670165219647
28.418	-11.12	-3.9506	0.729724899628103
35.617	-3.9137	0.42156	-0.819727200161785
35.863	-2.4069	-2.5622	0.227875000562496
35.028	-7.1752	-0.66195	-0.580223420336692
35.812	-5.4805	-0.52955	-0.491383326215273
35.948	-1.8128	-5.129	-0.36215717489139
36.383	-2.5713	-5.1106	0.968277568214722
37.161	-6.9458	-4.105	-0.604849747119118
33.48	-0.64767	-5.7709	0.0648974720232206
36.767	-7.3284	-1.2693	0.491893384280909
34.688	-1.4445	-4.5017	-0.58615621004408
35.727	-1.6297	-5.1851	1.11365648552299
27.955	2.3396	-0.87238	-0.50150885438614
33.377	-10.479	-2.644	-0.888303282895257
32.498	-1.6331	0.075498	-0.58407309034454
37.362	-2.3661	-4.0574	1.21707399432546
37.957	-5.771	-1.0749	0.430698682291367
36.775	-7.7189	-0.67347	-0.63123008350785
37.412	-4.5111	-2.4789	-0.364018311339169
36.828	-7.5118	-1.7764	-1.01852129105564
34.807	-9.2413	-0.70097	-0.757552507074494
37.16	-6.5484	-1.2193	1.645
36.12	-6.8519	-0.23334	1.645
38.418	-4.7373	-1.7362	1.08171069382832
33.209	-1.3065	0.58739	-0.0721700316703601
36.674	-2.2954	-4.338	-1.09764486773509
36.732	-2.5374	-4.5019	-0.981770171238816
37.642	-6.2693	-1.2363	0.28347342997607
34.288	-1.2429	-5.9811	0.230997355852667
34.357	-6.5455	-4.6842	0.0705910933010892
33.459	-6.2113	-5.0877	-0.428039088459169
34.398	-1.8175	-6.1834	-0.233723621129365
28.402	1.6858	-0.84161	-0.75989057697535
36.054	-8.1439	-2.2738	-0.145416855478295
36.711	-5.4696	-0.059321	-0.67403270676526
36.851	-6.8	-1.1773	1.645
38.242	-5.918	-2.1091	-0.368085757165289
37.137	-3.3898	-4.8805	-1.37829248125675
37.779	-6.3044	-1.8107	-0.973781099385762
34.925	-1.4506	-5.7603	0.476190567594799
36.307	-6.6518	-5.0565	1.645
37.216	-7.7869	-1.3901	-0.380542856925468
34.201	-6.8832	-5.1613	0.702896277868909
37.024	-5.0281	-5.0016	-0.0435642459646645
31.076	-10.596	-3.1788	0.0412166791277077
37.732	-3.9914	-1.8724	-1.09537980263067
28.05	2.1178	-0.84351	-0.0878887300089186
29.068	1.9082	-0.13313	-0.751730969732263
38.105	-6.1144	-1.8308	-0.597403854187446
31.208	-10.341	-3.9103	0.0279232694138941
37.164	-3.1932	-4.4762	-1.01500581861801
35.947	-7.6318	-0.92707	-0.876567460379711
26.384	-11.718	-3.1602	-0.156259805895097
17.539	-12.176	-3.6076	-0.592712126815631
27.847	-1.0006	-6.7591	1.645
28.06	-11.31	-4.1272	-0.732879042934191
26.252	2.4373	0.2568	0.117235080410218
36.415	-1.8489	-3.4901	-0.615462652210574
36.414	-6.6305	-0.54073	-1.27919819569368
36.926	-6.1455	-1.226	-0.443049073164189
37.013	-1.3675	-2.5758	-0.842804307707407
31.516	-1.6663	-1.0651	-0.0967257303253455
23.685	-0.6064	0.95115	-0.350073653692134
27.546	2.3168	-0.11179	0.352566510950315
36.582	-3.2051	-5.0006	-1.02708151428188
37.103	-6.8195	-0.88503	0.880269132332825
36.399	-7.0935	-1.8265	-0.627383177179556
35.481	-2.2084	-0.77026	-0.604409840670895
27.377	2.5778	-0.06166	-0.132099474025578
29.712	-0.9678	-6.7499	-0.443942700482815
37.899	-7.3266	-2.9614	0.712572268708404
36.681	-7.6883	-1.3233	0.321766752006599
36.539	-6.8839	-1.4043	0.967382207950044
36.927	-2.4784	-4.6331	-0.883725594795596
37.289	-5.8562	-1.1742	1.645
36.35	-1.06	-3.5694	-0.448980123638126
36.839	-2.8458	-4.6107	-0.385621883177772
34.409	-9.3628	-3.4874	0.462912239919419
21.749	-12.082	-3.1072	0.10660299111995
36.479	-2.3034	-4.7111	1.05080914549995
35.35	-9.2134	-2.9742	0.849591440317492
37.069	-7.3037	-1.1191	-0.0880038812873173
37.293	-2.0806	-4.0461	-0.0679019627638
37.112	-7.3561	-1.2594	-0.515631376062222
35.298	-7.0473	-0.77197	-0.878274542113038
34.237	-8.2289	-3.8283	0.599859610636115
38.056	-5.1676	-2.5888	1.40702014923149
35.642	-2.2581	-5.5624	-1.27649796387487
37.132	-6.4566	-0.84542	-0.028153012232339
33.381	-2.7503	-0.92077	0.701991253765216
36.842	-7.1254	-1.1484	-0.689865768072339
36.903	-6.0825	-1.1782	-0.17735195263802
36.19	-1.7172	-3.5639	1.56679969291826
34.92	-2.2908	-0.34357	1.5006501827395
38.043	-4.5569	-3.3936	-0.0434405178775102
35.541	-0.99494	-3.919	0.887884819559929
37.769	-5.0176	-1.871	0.532134583663142
35.269	-8.6907	-0.96378	0.305853283448856
36.885	-8.2585	-1.4113	-0.911648150393384
34.961	-9.0902	-2.5955	-0.318556440007421
36.838	-3.1052	-0.58324	-0.50038002578576
27.664	-10.9	-3.9195	1.645
23.422	-0.66444	0.89025	-0.488802023656141
29.878	1.9333	-3.6835	-0.581354211944386
38.515	-5.1784	-2.2231	0.636785586816768
38.137	-5.8416	-1.5113	-0.812618033299558
37.654	-2.3191	-2.4915	-0.046323554656288
35.139	-7.3104	-0.6746	-0.616534540645015
29.667	-0.36181	-6.2471	0.872974183425934
34.572	-9.5317	-2.8881	-0.304702703550569
36.627	-2.2565	-4.6513	0.64611192265801
38.041	-6.1191	-1.0396	0.0872528005525446
35.898	-7.0416	-0.93679	1.645
33.998	-7.9864	-0.16569	-0.381199662947617
35.179	-4.4275	-0.35156	1.09271138870278
35.475	-6.9959	-0.76676	-0.170110353549173
32.07	1.4293	-2.3833	0.383868540477169
35.045	-8.4451	-3.0206	0.220437520367861
36.626	-6.7312	-0.7282	-1.11066291181706
28.783	-1.1034	-6.5278	-0.406233037049152
35.933	-8.4365	-1.8553	-0.736696744187056
32.506	-10.224	-2.3987	0.443571215828492
34.744	-7.6455	-4.2175	-0.802856356417451
35.716	-8.4489	-2.1184	0.343811763872845
31.72	-0.96702	0.3544	0.409959675554548
36.751	-6.7733	-0.83624	-0.755666891793461
26.305	2.5123	-0.34699	0.448997690559621
37.254	-3.0555	-4.385	1.32884040382612
34.17	-1.3725	0.13005	-0.623456046123777
36.772	-2.0808	-3.8427	-0.627553542046422
28.764	-0.51537	-6.6424	-0.894719574290238
38.014	-5.9577	-1.8809	-1.35735952516983
34.574	-3.6874	0.49795	-0.306337363083019
36.293	-1.505	-4.5643	-0.881277734639796
36.234	-7.6629	-0.97961	-0.268868902102273
34.65	-7.5723	-2.293	-0.662385445348209
36.083	-8.5847	-3.8822	-0.258874547204381
27.103	-1.7895	0.51807	-0.00812408915602026
36.16	-3.0067	-5.1595	-0.784529186852627
33.832	-9.4165	-3.2844	-0.471081897792725
35.349	-1.7696	-4.8635	-0.581488106916397
37.166	-4.2299	-4.5378	-0.631286707857985
34.808	-9.1052	-3.57	-0.303030852628399
35.873	-6.1718	0.076158	-1.15870550311294
35.622	-2.128	-5.639	-0.833982022508472
37.437	-6.1818	-4.1612	-0.730010490878088
36.152	-7.3342	-0.95071	-0.159568025962192
35.261	-1.5128	-5.0484	-0.427495639956581
33.824	-9.9319	-3.7705	-0.741188206042552
35.159	-5.0452	-1.1061	-0.282549494976964
30.039	-10.6	-3.9322	1.33523789481927
30.135	-9.1454	-4.2499	0.227263225388466
29.138	-11.188	-3.8476	-0.751802505733739
35.92	-6.9901	-0.49628	-0.812537864722371
31.224	0.17342	-5.7504	1.17562531567122
35.622	-3.6657	-1.0615	-0.56712702713435
37.487	-6.2291	-1.7669	-0.277860865903455
35.929	-8.1243	-1.4357	0.771728348065385
33.353	-0.15211	-5.6436	-0.282896022823599
34.134	-10.156	-2.7773	-0.352333014331626
35.54	-1.4891	-4.931	0.95633047420867
34.026	-9.7903	-3.2879	-0.188563526218775
36.626	-5.7911	-1.2278	-0.537039775864594
24.178	-11.704	-3.6301	-0.436728461976065
37.404	-5.4861	-1.3972	-0.137743546778443
33.892	-0.68384	-5.8885	1.645
24.368	3.7988	0.25655	-0.506426085242308
25.316	0.0397	0.96357	0.914862475194017
36.37	-2.9592	-4.9675	-0.489453130038753
36.177	-2.5183	-1.6875	0.547503719696071
34.494	-0.21675	-1.9609	-0.978742294825286
36.989	-2.1522	-4.4694	1.645
29.538	-10.738	-4.0519	1.645
37.198	-6.5255	-1.0386	-0.752412709476875
36.164	-7.808	-2.0116	-0.712843547739604
26.615	-11.683	-3.4185	-0.602334362046818
35.959	-8.016	-1.3819	-0.115457544094173
37.27	-6.2276	-1.1357	-0.247194577860742
36.454	-6.533	0.32032	-0.511507592627353
36.452	-2.8956	-0.53636	-0.353040512980875
33.279	-10.124	-3.4263	0.220922228437364
26.736	2.6919	-0.6298	0.0829322439409974
37.768	-2.7583	-2.6984	-0.904751393962057
35.59	-2.7801	-5.4654	-0.582883842158527
37.579	-7.1001	-2.0947	-0.713209658515043
36.093	-8.6628	-3.2445	-0.431468698817253
33.734	-9.5652	-3.4776	0.883978429684672
38.216	-4.6273	-2.5373	1.645
27.089	-11.553	-3.8875	1.12034018738449
32.801	-10.494	-2.9191	-0.00857203333008889
38.241	-4.5629	-4.0563	1.645
37.785	-3.759	-1.4766	-0.435579436897085
38.276	-5.2348	-2.0977	-0.671975306144515
37.742	-3.366	-3.0438	-0.41068622066926
27.815	-0.57083	-6.707	0.852363782086158
28.23	-0.50422	-6.5389	-0.774502475938382
29.63	-0.92416	-6.7941	-0.268910669947513
33.189	-2.0783	0.76822	-0.00836704964606573
34.078	-0.040589	-5.3448	-0.963662609484458
36.923	-2.6406	-4.693	-0.904055643889877
30.923	-10.273	-3.951	1.645
33.454	-0.75361	-5.856	-0.576469167360292
37.946	-3.4073	-2.4633	-0.605707308749766
24.271	-12.112	-3.4109	-0.0740767919629784
36.432	-7.4201	-0.80639	-0.673712181029401
35.365	-1.0409	-4.4356	-0.483550294006952
36.627	-4.0545	-5.0559	-0.589517382281857
36.92	-5.8143	-0.62305	0.969543428980207
36.617	-3.1258	-4.9507	-1.12216959357801
35.936	-1.5523	-5.1143	-0.565783900543391
22.13	-12.369	-2.9595	-0.158164454168154
35.285	-7.5377	0.066807	0.214937821191641
34.246	-1.9271	-6.1455	0.165308518501152
35.563	-0.78294	-4.4159	-0.698926629575011
37.246	-2.3567	-4.2847	-0.614715869431005
36.836	-2.003	-4.5542	0.828267165958538
35.681	-7.0142	0.034118	-0.642861068947035
28.476	2.3052	-0.21928	-0.554682409679704
36.702	-4.5632	-0.72328	-0.49596160555808
35.022	-2.2931	-0.30106	1.55988483638903
36.997	-2.8596	-4.6194	0.720531277527899
31.828	1.1086	-2.2523	-0.0102603255323909
35.129	-7.3311	-0.43908	-0.1792790395246
35.687	-2.4359	-5.3201	0.7029953548557
26.988	-0.92323	0.91876	-0.787286610295108
31.846	-3.3065	-0.63738	-0.230188944518198
33.401	-1.0653	-5.7202	-0.709456206315944
36.04	-6.7814	-0.20054	-1.19257206474765
34.114	-0.95412	-5.5611	-0.554057926696643
36.599	-6.6278	-0.62335	-0.861095644007288
37.135	-6.6056	-1.2216	-0.821895179479825
38.176	-5.8106	-2.8118	1.645
37.58	-4.0989	-3.3811	-0.96983260209895
35.637	-6.7245	-0.37612	0.119130823105226
35.282	-0.54191	-4.5888	-0.736749390641976
35.082	-1.3413	-5.5522	-0.395030460647199
35.866	-8.262	-4.0059	-0.724149963597333
37.104	-7.4099	-0.84084	-0.762439309217638
35.513	-9.1151	-3.2543	-0.00584399890898867
36.187	-7.133	-0.64214	0.109246734710631
35.107	-0.70271	-4.7009	0.367068365798103
37.184	-1.7013	-2.732	1.21390624585653
37.267	-6.9481	-1.9059	-0.764081778708304
32.963	-0.82231	0.13576	-0.283966781313083
35.467	-1.2018	-5.1814	-0.132485331519816
19.144	-11.629	-3.5846	-0.627217134979082
35.444	-3.6749	-0.45329	-0.620016132909697
33.256	-0.209	-5.6186	1.645
38.277	-5.7043	-2.5148	-1.06410305635548
35.262	-6.5396	-0.11959	-0.810002043463158
36.147	-2.2079	-4.9607	-0.605670876910284
25.063	2.6942	0.50611	-0.835503774541158
35.954	-7.1833	-0.97152	1.645
31.359	1.133	-1.4757	-0.756020017995301
36.883	-3.2841	-4.7561	0.180383421119452
37.07	-3.5895	-4.5398	-0.623182403447152
29.455	1.4441	-0.33154	-0.634598096914928
30.771	-10.607	-3.8479	1.3575832213099
35.249	-6.5454	-5.549	-0.569987241106101
37.709	-3.0288	-3.4199	1.645
36.433	-4.7672	-1.4114	-0.419216592931209
27.534	-0.34665	-6.4868	-0.827838949422836
36.086	-7.7136	-1.5338	-0.21520330124301
38.056	-6.0844	-2.1369	0.324348538626862
34.733	-2.7372	-1.1845	0.633240442868691
34.09	-1.9336	-5.9096	-0.345253639301824
30.214	-10.125	-4.3742	-1.16992047791243
36.733	-2.908	-4.739	-0.387535922111162
32.649	-1.5728	0.16861	1.645
35.94	-8.616	-2.4003	-0.799969697528031
38.211	-6.7695	-2.7243	-1.07261458035178
34.473	-6.0424	-5.0366	0.90964421706234
36.627	-6.1571	-0.69163	-0.358410853996057
36.064	-7.1385	-1.2273	0.146037590603585
28.21	-11.078	-3.6007	0.42028063478837
33.526	-9.8154	-3.646	-0.961610005525551
37.809	-4.4404	-2.6843	-0.00919267905321974
36.294	-2.8729	-4.9081	-0.439468542946204
36.932	-2.2441	-4.676	-0.802108162586185
34.882	-7.8087	-4.7386	-0.914768168804699
36.476	-7.382	-1.0621	-0.769868211610969
37.275	-3.0113	-4.2995	-0.75173152691096
37.16	-7.4515	-1.5202	0.0525812830444066
29.493	-2.0896	-0.37662	-0.360114366895877
36.008	-4.144	0.37998	-0.385513426861779
33.871	-0.68123	-5.6772	1.645
26.97	-0.27744	-6.7405	-0.541292733271854
34.878	-7.421	-4.5206	1.645
36.796	-7.0838	-1.2456	-1.44875933399632
36.362	-7.0014	-1.1047	0.724233993470652
20.626	-11.99	-3.1838	1.14583026926174
37.31	-7.5264	-2.6178	-0.311576202119308
30.671	-0.85242	-6.8893	1.645
16.859	-12.177	-3.2421	-0.349860634685557
36.905	-4.2578	-0.4808	-0.921518062891416
35.511	-1.8353	-5.3157	1.30757212434657
21.085	3.772	0.79139	1.645
37.367	-3.737	-1.2535	0.464670088054427
36.651	-7.5829	-1.2475	-0.432245088109953
35.014	-8.2377	-0.58041	-0.589886963095258
36.616	-6.8313	-0.47681	-0.216546658433871
36.201	-2.0957	-4.461	-0.542933325544846
36.759	-7.1446	-0.57465	1.645
35.043	-1.2339	-5.4064	0.474763437218795
36.334	-6.388	-0.29077	0.00675992734466332
35.239	-3.0074	-0.11223	-0.194987033333884
33.832	-8.7472	-3.3011	1.27553492333584
29.377	1.7668	-0.97623	0.0436802526588128
36.531	-6.2769	-0.45093	0.447554862254888
35.735	-6.5504	-5.0381	-0.626056091093784
36.185	-8.2947	-3.287	-1.0284256070862
30.382	1.5907	-0.49021	-0.643144490593074
36.292	-7.3381	-2.103	-0.57684902232065
30.558	0.84485	-0.90212	-0.709162150730271
