30.252	-10.709	-4.2735	-0.122346019272778
37.784	-3.0457	-3.1938	1.41690095936526
35.233	-1.7225	-5.4094	1.18233130032887
36.304	-5.6636	-0.46282	-0.760288751360883
34.958	-1.4558	-5.6443	0.67130451149179
35.711	-7.1492	-0.48083	0.0323853447455106
35.577	-2.1617	-5.7207	-0.199554847178861
30.384	-1.1125	-6.3906	-0.042166212074468
35.662	-6.8765	-0.14067	-0.605279183679829
37.208	-4.7836	-0.79393	1.645
35.031	-0.73919	-5.3013	1.00317287739378
30.639	-1.4277	-6.4224	0.466291589049674
30.396	1.5929	-2.7118	-0.549355319676837
37.36	-1.9229	-3.4248	0.101985853139839
38.053	-4.9272	-3.8114	-1.14216997276217
25.215	3.2448	-0.1568	0.335822762746789
37.946	-3.3618	-3.7233	-0.201831449405558
36.345	-3.4584	-0.40195	0.340997099476241
29.468	1.8323	-1.3242	-0.267121903395474
35.221	-8.5458	-1.1697	0.104982600109038
37.076	-4.767	-1.1442	-1.18637333732764
38.1	-6.0953	-1.2467	-0.730058569545022
37.421	-4.2265	-4.3602	0.274422683611902
37.609	-6.1563	-1.2378	-0.833467462457887
29.628	1.4832	-0.091737	0.148408067695829
30.886	-9.9839	-3.954	1.645
36.237	-7.9567	-0.56517	-0.683287087533609
38.043	-6.8756	-1.8666	-0.984564093051263
37.508	-3.0489	-2.1855	-0.00474797762857999
38.329	-4.7319	-3.6869	-0.686005142369158
34.7	-1.2137	-5.6412	-0.8625852208977
38.1	-3.8544	-2.0497	-1.40612386732506
35.969	-7.2747	-0.90899	-1.11325071529159
27.088	0.10397	-6.6888	1.645
37.973	-4.0567	-3.8317	0.160004637682534
27.649	-11.462	-3.5438	-0.981454569562257
35.681	-8.7417	-2.8366	-0.185685504656327
27.506	2.6504	-0.70193	-0.0804507957499258
29.352	-10.501	-3.6657	-0.205774165842811
36.904	-6.9214	-1.6942	1.645
35.473	-9.362	-2.7353	1.31645357993784
36.27	-3.1772	-4.7845	0.390937119340773
28.019	-0.25125	-6.6692	0.223498450496192
33.485	-9.167	-3.831	1.645
34.236	-10.016	-2.8261	1.645
33.449	-0.6842	-5.706	-0.841887562340154
36.817	-3.992	-1.0023	0.303234071813904
36.439	-2.5243	-2.1194	-0.0926722426589857
34.364	-0.084456	-4.3062	0.370128432838452
35.596	-0.68966	-4.4515	1.43308501123239
36.24	-2.3286	-1.4169	-1.20069974498568
36.865	-7.6925	-1.6333	-0.289381161856089
37.22	-6.5674	-1.1292	-0.632005207427235
37.897	-4.8967	-1.5729	-1.59725115996706
35.228	-2.001	-3.9949	-0.434333976281138
33.384	-0.71081	-6.05	0.641797519938522
36.605	-7.0821	-2.621	0.0169421619492733
34.196	-9.5363	-3.2052	-0.57816598517283
30.378	-9.9318	-4.0164	-1.01406411628788
35.451	-2.0421	-5.2604	-0.744361393274297
37.029	-6.5279	-1.0449	-0.457239177611176
36.22	-7.0306	-1.8249	-0.231747839323687
35.361	-7.6139	-0.68234	-0.298465465027845
37.68	-3.1829	-3.9933	-0.426555619454404
34.157	-1.6204	0.0068926	-0.770299716309409
37.485	-7.2194	-1.5734	-0.580861536492328
36.966	-5.8746	-2.2644	1.44855835659671
36.318	-6.8931	-3.2431	0.00513845632738636
34.278	-8.7974	-3.7387	-0.68763647115858
31.307	-10.824	-3.7747	0.487682681808169
37.731	-4.9146	-1.0312	-1.44678467583124
23.754	-11.761	-3.3614	-0.64809438504338
36.647	-7.5774	-0.80506	0.522090596947725
37.798	-6.4612	-2.1662	-0.300934153554474
37.754	-3.583	-4.2792	1.00885817682212
35.975	-7.482	-0.79263	-0.127630078640457
37.505	-6.6685	-2.6847	-0.629642574117164
35.53	-1.198	-4.9193	1.35457699036387
37.23	-3.1353	-2.1204	-1.60653716455887
36.382	-2.1964	-0.9519	0.366471112868649
24.761	3.1961	0.59405	-0.90175830466513
33.85	-8.5339	-4.1833	1.645
31.588	-10.845	-3.7152	-0.854320834135762
34.348	-1.5875	-5.124	-0.440599739511089
35.855	-8.5351	-4.1011	-0.208116295446258
35.188	-7.5203	-0.50527	1.49871328763741
29.408	-0.87213	-6.5897	-0.877654147528961
29.318	-10.906	-4.083	-0.551621167741163
36.734	-4.8522	-4.9762	-0.75011680554402
36.425	-0.63911	-3.5397	-0.506191426517889
35.68	-4.0853	-5.459	1.60344661407304
37.21	-7.0648	-0.9211	-0.526197646181642
35.97	-1.7404	-1.3486	-0.453487265693035
36.73	-2.8421	-4.3338	-0.280767171080479
35.127	-8.9068	-3.2601	0.288086059774314
34.516	-1.442	0.39769	0.785317673470663
26.621	-0.41676	-6.7491	-0.374881217857309
33.447	-0.099584	0.24688	0.591859165237818
35.417	-9.3933	-3.2228	-0.273105170065338
37.061	-6.5184	-1.2337	-0.734252373325356
36.761	-4.0431	-2.5386	0.451528393851567
36.51	-6.2637	-0.54518	1.645
36.466	-7.3544	-0.70317	-0.905758971729227
28.861	-2.2487	0.5869	0.537429712672624
37.211	-6.4572	-0.88182	-0.482098257042822
37.444	-6.7964	-3.6172	-0.857038027849909
36.601	-7.2495	-1.0362	1.645
27.931	-0.28496	-6.5634	1.3567191987508
31.618	-10.13	-4.2517	-0.490644870109351
36.223	-7.4272	-1.0084	0.625735870390464
29.629	-10.882	-3.5421	-0.683255973352673
29.947	-10.855	-3.69	-1.01744051461567
37.298	-6.2867	-4.72	-0.481276968461021
38.155	-4.6891	-2.4946	-0.830948404598311
29.457	-8.1844	-4.6495	0.611658471724683
37.961	-6.4367	-2.1714	0.12801196554361
24.995	-12.011	-3.4335	1.645
37.283	-5.6156	0.019012	0.232319730186435
36.059	-5.4499	-1.2052	0.195859927768607
27.944	-0.12737	-6.92	-0.292251501248792
33.895	-8.0079	0.42918	-0.738370506659529
34.547	-9.2514	-3.6529	1.06285162178919
27.474	2.3031	-0.87242	-0.18371511447391
36.897	-3.6054	-4.7352	-0.195929630293739
34.858	-0.90232	-5.1763	0.645657183945589
27.282	1.8772	0.36123	1.00138020786702
26.937	-11.434	-4.0353	-1.645
34.051	-7.057	-4.9855	-0.238588309708857
36.385	-6.6891	-0.91737	0.297648004763282
36.707	-6.8401	-1.3848	0.258106551446125
36.43	-6.2279	-0.72841	0.968536058005471
37.485	-6.1472	-1.8209	0.0115798337705206
37.336	-4.2892	-1.3951	0.00541439090481985
36.534	-2.8847	-3.859	1.6309042668555
36.765	-2.6537	-0.90358	0.809615859733666
38.365	-5.7093	-3.163	-0.210293622659109
26.795	-1.38	0.76789	1.645
37.736	-7.0645	-2.0451	1.16591843829804
27.947	-11.622	-3.3485	-0.638819029441042
29.441	-2.4441	0.42788	-0.217444413050107
34.545	-0.57259	-5.36	0.898729589548776
37.192	-7.2199	-0.97104	-0.606830827528599
35.643	-1.0173	-4.7475	0.517197093888695
29.467	-10.775	-3.9691	-0.560363017895595
36.573	-8.3132	-1.1099	-0.171345237696576
36.38	-6.6055	-0.06572	1.61534494275604
36.872	-7.3054	-1.1125	0.292729181623457
31.012	0.82625	-1.0063	0.010938336715202
33.073	-10.383	-3.0347	1.645
33.721	-9.813	-3.1666	1.645
36.514	-2.8311	-4.6458	-1.12814385192257
26.728	-2.4993	0.37058	-0.807707253769843
35.137	-7.474	-0.47603	0.309738944685438
33.092	-2.3509	-0.10809	0.423032649837653
30.162	1.0924	-0.59141	1.31105073867329
35.653	-8.8056	-2.0148	-0.804324447780074
37.55	-2.3992	-4.0514	-0.6164848486909
28.167	2.2203	-0.26485	1.645
37.262	-7.6743	-2.5575	0.519555677496415
28.68	-0.5989	-6.5866	-0.702584015178734
36.82	-6.8749	-0.3813	-0.708805154169954
37.969	-4.1044	-3.9668	-1.4201520343897
27.04	-0.27364	-6.8262	0.108196231260261
35.876	-2.8084	-4.9303	-0.870640974581591
36.613	-7.1136	-0.79163	0.125669195991407
29.461	-1.419	0.7187	1.06034105598511
33.343	-10.105	-3.3928	-0.258102121213945
35.407	-6.9301	-1.0617	0.970992349504361
36.67	-6.252	-0.26205	1.57466614479418
36.115	-6.9508	-0.31193	-0.618487083404551
30.193	1.2549	-0.92182	-0.449229820946209
36.741	-6.2321	-0.25214	-0.345915877778627
35.394	-6.7244	-4.8998	-0.720868863746908
35.901	-7.5783	-1.5121	-0.283985582596808
36.212	-2.8864	-4.4424	-0.824521976404567
36.519	-6.8297	-1.8835	0.298148208045301
36.757	-4.3829	-1.9128	1.18471683438458
37.299	-4.6356	-4.2258	-0.0127833365346927
36.961	-6.9266	-1.1732	-0.896169194122912
35.464	-9.2253	-3.2972	-0.196458657361334
35.372	-7.55	0.094466	0.742088540107874
37.434	-3.8318	-1.858	-0.753709840688079
37.432	-2.5769	-3.2596	0.263951725200683
35.832	-1.7551	-5.3572	0.0591478227186586
34.841	-1.1825	-5.6789	0.647033453875907
35.748	-1.2876	-4.9432	1.38685408450907
37.279	-7.3662	-1.4602	-0.491152015567796
33.607	-1.7542	0.66326	0.967924627711166
36.366	-7.7739	-1.273	0.306175193996711
29.524	1.8227	-0.21233	-0.0587756743636853
24.281	-0.95431	1.6062	1.645
37.71	-3.7762	-3.6003	-0.33933469276548
37.127	-6.706	-1.4274	-1.18541164185329
37.568	-3.1113	-4.1591	-1.63952835512999
36.105	-7.3621	-0.27467	0.242167031502425
36.68	-3.1089	-0.80076	-0.716560334411568
37.185	-5.435	-1.2468	-0.964988903560811
35.352	-7.529	-3.7597	-0.0433456844918742
37.144	-2.5994	-2.8073	-1.0709621440236
36.629	-7.321	-0.79914	1.645
29.709	-1.2098	-6.7267	-0.312178976893783
28.639	-1.7463	0.11451	-0.460694374601351
33.884	-9.4559	-2.2002	-1.2834958859438
29.769	-1.6298	0.65782	1.645
37.081	-2.2684	-3.7777	-0.631039793916975
36.206	-7.2978	-1.6692	0.524704106835995
25.402	-11.378	-4.1255	-1.4585781336375
37.885	-6.1483	-4.0581	-0.196218982811877
31.038	-10.399	-3.8462	0.163847522814923
36.67	-6.0862	-0.60603	0.380965276449682
34.412	-0.72442	-5.3799	-1.37383373158196
29.81	-10.35	-3.8864	0.835460552693475
33.106	-8.9881	-4.6548	-0.367367810902156
29.473	-0.48085	-6.5681	-0.485107001832931
35.74	-1.5646	-5.2828	-0.20004806137131
37.574	-2.8168	-1.8882	0.728801242299074
32.89	0.72047	-2.1587	0.175604576504843
36.778	-6.6332	-1.1096	0.701928336226757
37.034	-3.681	-5.0419	0.92842960940516
27.479	-1.1421	0.8687	-0.734266769476385
35.114	-8.5241	-4.0748	0.951318652433713
35.997	-3.0534	-4.6892	0.541410485719855
36.301	-1.469	-4.8456	-0.405690356122385
33.033	0.14127	-0.89016	-0.324073885023166
35.769	-1.0613	-4.7791	0.520374501462195
24.668	-11.654	-3.2159	-0.164591548716612
28.566	2.1575	-0.46418	0.182434819988345
18.476	-11.922	-3.6567	-0.758892227044542
31.902	-10.188	-3.1425	1.55604609160587
35.592	-6.7005	-0.93449	1.645
34.055	0.053927	-3.4849	-1.40117854788775
29.642	-1.2463	-6.7948	-0.439524030115793
37.359	-2.1066	-3.8716	-0.272312343195471
28.656	-0.89458	-6.9293	-0.664676850200575
37.672	-6.7785	-0.78609	-0.962122397221946
35.668	-7.5501	-1.0858	0.895378531283861
36.261	-6.8152	-1.5389	0.667918916260057
36.834	-6.7319	-1.2722	-0.368195183297276
36.996	-7.5969	-1.0678	-0.549654731790425
30.542	-6.0829	-5.3952	0.0970950316581131
35.304	-0.72865	-1.7241	-0.684900738865114
32.167	-10.434	-3.3169	-0.741000476460417
37.241	-6.6798	-1.5083	0.821934440339383
37.692	-3.8642	-3.9815	0.329051388124795
36.295	-7.3641	-1.1927	-0.500979661216754
36.177	-1.3727	-4.7834	-1.2113076099006
35.221	-1.4667	-5.6054	0.0590543853995895
36.195	-3.0407	-2.149	-0.778994748543357
20.821	-12.156	-3.2601	-0.685572966224697
28.31	-11.059	-4.4058	0.36968440588453
37.112	-7.4161	-1.9881	-0.56891908593912
35.304	-6.792	-4.5462	-0.686216878537005
31.554	1.5166	-0.70294	0.804962269748191
35.332	-3.4379	0.25797	-0.690341353110557
33.492	-9.8817	-3.9009	-0.379124250238492
37.411	-6.3305	-1.4893	0.474336862313066
35.78	-6.7263	-1.6317	-0.289982460739931
33.448	-0.77411	0.15523	-1.09360712352351
35.375	-5.2242	-0.81239	-0.83631913629221
33.301	-0.8584	-6.2191	0.866459700594807
33.996	-0.50546	-3.2843	-0.363454332896039
36.135	-7.0239	-0.50614	-0.174651580237572
35.965	-2.0548	-5.2201	-0.16198572798488
36.394	-6.1789	-1.2919	-0.662122953363957
37.406	-4.8724	-2.8986	-0.564015372537018
36.04	-7.8278	-3.3901	0.286553057253185
36.003	-7.4847	-0.98669	-0.502694474250306
37.505	-3.3844	-3.665	0.678686926938724
38.095	-4.4114	-3.0289	1.645
28.845	-0.3391	-6.3215	-1.03597406863411
31.873	1.1603	-1.4668	-0.133498309999161
37.224	-5.958	-1.089	1.44852183866273
37.745	-6.0125	-2.6235	-1.0581783429967
32.761	-10.279	-3.5803	-0.554568122925998
35.146	-6.8688	-1.1453	-0.691158675883937
22.237	-11.81	-3.5527	-0.649741670801286
36.309	-1.0166	-2.6914	-0.660876015871522
32.789	-9.4975	-3.0511	1.29701839393731
38.051	-7.0224	-2.7249	-1.52607122536788
37.117	-7.0294	-1.3152	-0.359866861677963
29.757	-0.67542	-6.5392	-0.592748505316661
37.809	-6.3381	-1.42	-0.471034828804263
37.268	-4.9914	-0.25184	-1.41615154887048
37.709	-3.5095	-2.5169	-0.0384684883955523
29.359	-1.6151	0.50232	-0.24790667127667
35.72	-8.5251	-3.5035	-0.586675858356117
35.965	-1.3746	-5.0021	0.0396870197754755
36.316	-4.3292	-0.2157	0.54158496374076
32.677	-8.7274	-4.1685	-1.3641184418273
38.36	-5.3256	-2.9136	-0.524450889266664
36.221	-7.3412	-4.4751	-0.218114983641884
34.415	-6.8325	0.075148	0.608970661978567
28.368	-0.59665	-6.7559	0.395421353274466
36.759	-3.5836	-0.81804	0.684751826908932
34.095	-9.7839	-3.228	1.13814278178022
37.368	-6.4768	-2.9922	0.104150354750838
37.332	-7.2515	-3.8961	0.0876724554235878
35.258	-5.3219	-5.4431	0.299114557216501
36.321	-3.9637	-0.27042	-0.237758276082505
36.03	-6.7396	-2.2656	0.0120004409081341
36.297	-6.6218	-1.3064	0.0513967579296283
36.623	-2.2417	-4.4946	-1.12439328443126
30.035	-10.734	-3.8263	-0.328670838002753
36.66	-6.6386	-0.37036	-0.194685064740159
21.515	-0.27706	1.74	-0.910357928309367
33.103	-10.306	-3.7632	-0.2538223008547
36.952	-8.0395	-3.7747	-1.25713405966973
22.571	-0.57713	1.5151	0.884461354195664
37.393	-3.4946	-4.3244	1.33897293102776
29.076	-11.036	-4.0158	-1.5674950277784
27.77	-11.555	-3.6482	-0.805472511753653
37.578	-3.8494	-4.4812	-0.038779371175261
37.42	-3.8425	-1.2864	-0.253542962221135
26.936	-1.6129	1.3973	-0.788901499963196
36.112	-7.3194	-0.71772	-0.281651246818361
35.791	-7.0583	-0.31701	-0.116615408343678
30.4	-10.876	-4.4696	-0.303744834142531
35.159	-1.6508	-5.7185	-0.187806973845183
36.861	-1.5517	-4.234	0.852159639934452
26.877	2.3493	0.26303	-1.10251023163992
20.474	-12.495	-3.206	-0.649892942834529
27.177	-2.3797	0.14023	0.819282717320588
37.496	-2.3662	-2.2257	0.936025207706065
34.893	-8.2576	-0.2879	-0.870925719148341
26.716	-11.636	-3.9302	0.662503820118178
34.889	-7.5416	-4.5362	1.35618606908808
36.442	-8.308	-1.1302	-0.411836885353408
35.773	-7.8802	-0.81617	1.645
37.317	-6.8573	-3.3818	-0.0556388076681034
36.102	-3.0749	-5.1304	-0.688742315963773
37.105	-2.5589	-3.5756	-0.205079391589884
25.809	-11.625	-3.7767	-0.145167647929568
31.857	1.6245	-3.1076	0.934014411868461
26.788	-1.3344	0.7076	1.09541981277578
37.049	-6.6954	-1.5441	-0.342711025176055
30.72	1.4517	-0.34053	0.259831712031733
27.045	2.3681	0.63953	0.271827167396903
20.617	-0.3175	1.6639	-0.725822462595431
37.887	-5.396	-1.5637	0.0437484114807878
37.858	-5.3791	-3.9756	1.03783922434439
37.652	-4.4151	-4.0434	-1.12251689348803
29.685	-10.994	-2.7076	-1.45724496861953
33.751	-10.254	-2.9882	-0.729605510912872
33.908	-0.57427	-1.1263	1.1261146649376
36.426	-7.9875	-4.213	0.0213820366048089
33.919	-7.0507	-5.0645	-1.0521380042796
37.54	-3.8517	-4.3804	-0.679737469118957
35.577	-1.6453	-5.4049	1.645
38.032	-3.8433	-2.5224	-0.514992248956544
26.259	-0.18253	-7.0548	-0.680509596138825
35.993	-7.0808	-1.3785	1.41556803874242
34.187	-1.4715	-5.6999	0.182017503538236
38.371	-4.863	-2.051	-0.0738486687679838
36.918	-7.5758	-1.5006	-0.25781803985885
36.473	-1.6404	-4.767	-0.843676032642232
28.657	-0.49517	-6.6234	0.700544076866888
36.394	-7.593	-0.62675	-0.99652966872158
36.478	-7.1979	-2.0881	-0.0187127446671129
35.184	-9.2901	-3.1965	0.202242451879777
33.753	-9.4761	-3.5559	0.380839291887446
38.074	-4.3028	-2.4632	-0.815088885331359
36.292	-2.6554	-4.4174	-0.360755760205741
37.272	-6.8375	-1.1314	0.745425353804648
33.715	-9.6432	-2.123	-0.530585295057583
35.237	-0.69076	-4.8874	0.983316770438681
24.414	-12.142	-3.2013	0.745018138422777
37.569	-6.5148	-1.4642	0.864197980894403
36.96	-6.9343	-1.0159	-0.515649076135078
37.294	-1.9809	-3.4145	1.40730510853519
37.737	-6.611	-1.2513	-0.213219807961159
37.08	-2.6979	-1.4846	-0.798255655647226
37.508	-7.0244	-1.8393	0.0797320341339269
37.038	-4.3294	-1.0892	1.15522108728256
34.492	-7.3364	0.24994	-0.871537151044869
27.619	-11.723	-3.0238	0.191832016062953
37.109	-7.0105	-0.90472	0.647588915327643
33.954	-0.85081	-5.874	1.645
25.499	-1.9116	0.89186	1.645
33.203	-10.02	-3.7952	0.234939723125572
36.949	-4.5689	-2.2549	-0.512074009767841
38.43	-6.1105	-2.4777	0.330078821404006
36.281	-7.2612	-1.4428	-0.803339434062721
36.205	-2.6511	-0.80731	-0.370731985045181
31.294	-7.8077	-4.7166	-0.384344910592892
28.036	-0.32208	-6.6729	0.415859429874136
37.033	-2.5461	-1.0928	-0.025888148805586
33.627	-10.262	-3.7998	-0.760221891334612
28.89	2.0927	-0.92713	0.0475718736762851
36.811	-6.4165	0.35144	-0.427251259354095
37.011	-5.9559	-0.4383	-1.10601834445597
38.201	-3.9247	-2.182	-0.755073123611252
36.854	-3.5895	-4.6313	0.74241505025511
37.373	-6.9962	-0.69014	-1.17336538662917
38.149	-5.5533	-1.2842	-0.743473809922137
36.144	-2.2189	-1.1147	-1.10462777750529
35.14	-0.37334	-2.7565	-0.209733622272474
36.902	-7.0363	-0.65284	1.16908117095727
36.446	-6.3734	-4.8093	-0.351702469353206
36.044	-8.7182	-2.4083	-0.730893804321189
34.719	-9.8405	-3.3063	0.694917135889473
36.437	-3.6993	-4.3082	-0.21325132909873
34.532	-1.6199	-5.9276	1.13426894204646
24.371	-1.4143	1.2245	0.383565428791649
27.162	-11.286	-4.1317	-0.257640916986505
35.233	-8.8871	-3.1131	-0.973887989866497
34.886	-6.2481	-5.5571	0.235097493093117
34.45	-9.2067	-3.1109	1.24600614485553
35.822	-6.391	-2.1782	0.078617344646981
35.733	-1.9219	-0.14499	-0.727750316179532
35.874	-8.6177	-1.8043	-0.0775582088922795
34.192	-8.3314	-3.5638	-0.629538073542457
37.948	-6.3604	-1.6608	0.820750128256903
35.228	-8.4952	-3.2171	-0.548348753972541
34.806	-6.9562	-0.62806	0.952624083246839
26.345	-1.1055	0.5634	-0.0697122480402767
25.296	-0.72466	1.6146	-0.841251230449296
37.422	-3.4628	-2.3274	-0.787014497454564
28.048	-11.488	-4.1721	-1.08385782119084
37.105	-3.6061	-4.5524	-0.862767207754603
36.419	-6.6899	-0.5559	-0.786561939780641
35.34	-2.5809	-4.242	0.272426325749558
33.407	-9.7397	-3.9947	-0.780944924050808
32.896	-9.6574	-3.1526	-0.186643959812323
36.359	-7.4549	-1.0004	-0.806209104261949
35.12	-1.2742	-2.8903	-0.89215638312145
37.498	-3.5547	-4.4466	1.06255617500498
36.054	-7.6498	-0.76852	-0.715085068603972
37.167	-6.6659	-1.13	-1.41296950971219
37.129	-4.2692	-2.0975	-0.950803864064726
36.978	-1.6567	-1.9199	-0.859613275860862
29.606	1.5715	-0.54431	1.1538968734175
33.643	-1.3637	-2.5897	-0.291455664546167
34.789	-7.3388	-0.54573	-1.06018764120428
28.725	1.7036	-0.72164	1.15854074364761
24.712	2.8802	0.58317	-0.310092885345031
36.593	-5.8661	-0.6886	-0.424367666587471
36.284	-1.8405	-5.0251	0.358624500726196
29.893	-1.3723	-6.5831	-0.254624242043008
36.546	-7.4554	-1.1895	1.645
35.946	-6.5489	-1.2203	0.732420039368115
36.537	-6.8783	-1.0337	0.257209811370308
20.317	-12.541	-3.2969	-0.738040868361833
34.361	-1.276	-5.9627	-1.16566510295726
37.923	-3.705	-3.5402	-0.708093171483791
37.259	-3.0075	-4.4835	1.645
37.096	-3.0514	-4.6541	-0.22587509250273
34.849	-9.695	-3.414	1.645
38.398	-5.8134	-1.1318	-0.379435052680513
24.003	0.13853	1.4663	-0.725486934200434
37.122	-3.4666	-4.8168	-0.282122144227597
36.732	-7.2218	-0.73825	-0.595084898585515
33.778	-8.1256	-0.58235	-0.196644552544575
31.849	-10.422	-3.1593	-0.08034196596939
37.14	-3.9296	-2.3872	1.645
36.72	-6.1892	-0.64828	-0.79589954524389
36.229	-7.0194	-0.57746	-0.997893884890987
31.782	-10.612	-2.5976	-0.157431556331601
33.339	-3.0923	-1.8954	0.412715995472724
31.845	1.0033	-1.1008	-0.106786313545819
34.623	-7.9058	-0.21977	-1.28272271344922
36.82	-6.9642	-1.231	-0.0282403275116845
38.141	-4.2786	-2.7783	-1.15171697431599
36.231	-6.2373	-5.1256	0.510571092684567
36.289	-2.5821	-5.4333	-0.00502052956132426
37.38	-3.0814	-1.6637	-0.703458753175857
35.425	-1.3523	-5.359	-0.642069897824788
35.754	-8.7903	-3.0805	-0.919461503720338
36.588	-2.8971	-0.65573	-0.00950932737970248
28.461	0.98628	0.17033	-0.0710327156936442
36.185	-1.9151	-5.1717	1.645
36.577	-3.213	-5.146	-0.75059359046284
36.786	-8.3038	-2.0017	0.678370319684987
37.997	-4.8692	-1.9471	-0.669938911646801
37.103	-6.7509	-1.4273	-1.20918781431213
38.09	-4.6696	-3.7878	-0.444433987067795
25.277	-1.3055	1.488	1.27594146305428
36.099	-2.2894	-4.5739	-0.847734433616024
31.698	-1.481	-6.3148	1.28103198499362
37.265	-6.8089	-1.3866	-0.936371977844419
32.951	-2.1329	0.73755	-0.66122158823787
35.127	-9.5065	-3.6642	1.02737780014129
36.16	-6.4134	-0.87063	0.102462963189646
37.729	-4.9993	-4.3855	-1.49341510862641
32.13	-10.432	-3.3767	-0.617386030813197
37.573	-3.3045	-2.1576	-1.01871449825884
37.755	-3.5724	-3.9847	1.23992100229308
37.348	-6.6439	-1.5268	0.679039566645119
37.925	-7.2268	-2.1791	-0.740473805625149
36.177	-1.8567	-5.0243	1.645
37.795	-6.7263	-1.3088	0.0353133133407996
31.65	0.84958	-1.5053	0.115868050849318
36.07	-7.6448	-1.1824	1.645
22.184	-12.39	-2.6067	0.902969752548759
30.247	-10.532	-3.9948	-0.442542051745463
37.393	-6.592	-1.4972	0.55968348520563
37.554	-2.4907	-3.7862	-0.466713051360833
37.201	-7.6178	-1.6684	0.495108173027511
30.283	-1.7556	-6.5862	0.827473575630132
25.356	-12.145	-2.9767	1.03081045677911
35.172	-5.0249	-0.59907	1.645
37.305	-7.1596	-1.4898	-0.29607063240842
35.947	-3.498	-4.6138	-0.512997078698165
33.207	-10.28	-2.8261	0.056302109607992
28.016	2.2856	-0.45016	-0.0155808340032563
22.195	-0.52443	1.9394	0.665035807237721
35.802	-9.2502	-3.1529	-0.998878518671257
36.956	-7.4289	-1.0991	-0.889005926535598
38.171	-4.4907	-2.327	-1.645
36.092	-7.0394	-3.7643	-0.964549061750063
26.98	-11.301	-3.1408	-0.440523074601564
35.669	-5.378	-5.4118	0.222459359208963
34.864	-0.4048	-2.0771	-0.765955714339783
36.613	-7.0288	-0.34779	-0.332716613154498
31.329	-9.8618	-4.0712	0.476584304693244
36.769	-3.844	-5.1959	-0.869844792048175
30.827	-10.451	-4.0079	-1.13571094795605
37.061	-7.7577	-3.156	-0.410624456495111
34.483	-1.1037	-5.7561	-1.35541994265798
35.73	-7.9709	-0.66978	0.652080451439364
26.612	-11.577	-3.6266	0.853430017406991
36.745	-7.1831	-2.3689	-0.649736055287345
31.359	1.2267	-0.79001	-0.590034108306082
34.084	-5.1555	-0.37926	-0.720674991710449
38.29	-5.6387	-2.4153	0.688728657856074
22.106	0.18732	1.8667	0.215176767641524
35.735	-6.692	-0.29731	-0.404728891924735
17.095	-12.321	-2.8753	1.59275213998076
36.501	-6.4825	-0.69156	-0.240944583865336
26.577	2.4753	-0.54886	1.645
37.219	-2.0424	-2.5208	-0.596360555712622
36.172	-0.92643	-4.2247	-1.27897349511375
37.095	-4.2397	-4.9509	-0.205050243906306
33.674	-1.1195	0.1615	-0.540616226428289
36.517	-7.0275	-0.29672	-0.265258312028254
31.972	-10.291	-4.3015	-0.715921922292753
37.138	-4.5323	-4.5154	1.645
32.883	-8.6579	-4.8132	-1.06956717729654
33.946	0.48495	-2.0193	0.819107554074945
33.226	-8.1007	-3.0252	-0.408106383017566
36.037	-8.4397	-2.6454	-1.21153748219462
32.196	-1.6907	0.61627	-0.990923613808344
27.763	-0.19828	-6.7383	0.951787782813752
36.339	-6.8364	-0.98471	1.645
32.65	-0.74971	-6.2361	1.645
36.261	-2.6379	-4.6789	1.12381641965784
35.636	-9.2272	-3.3149	-0.4570871543934
37.07	-2.1273	-3.4271	-0.482039905405515
36.04	-8.1498	-3.5092	-0.831664569676616
37.255	-6.7602	-0.97143	-0.891478921644844
33.652	-9.6058	-2.9365	0.375470442625432
35.983	-8.1255	-2.4158	1.48217626394604
34.944	-8.9841	-4.1297	1.32377139253842
33.04	0.80558	-4.2231	-0.655459243988887
37.059	-7.1464	-0.47755	-1.24194705340949
35.629	-9.285	-3.1762	-0.469615106164888
37.101	-2.5892	-4.5559	-0.518481788343732
33.365	0.518	-1.5642	1.645
37.799	-3.4383	-3.9197	-0.836969237751928
37.502	-6.2755	-1.1577	-0.423802249979812
37.352	-7.3788	-1.6396	-1.17887215505015
34.537	-0.89781	-0.21511	1.19009526045696
34.933	-9.2861	-1.8374	0.0756647775410645
34.882	-6.9392	-0.59267	-0.316067032331419
28.051	-11.463	-3.9954	1.02805845334125
38.583	-5.346	-2.3082	0.656844514119714
35.765	-2.3939	-5.2168	0.0874212176100901
35.587	-2.51	-0.4416	-0.16686750362592
37.18	-7.2877	-2.0295	-0.556135439992451
36.955	-6.6936	-0.62468	0.114262186462437
33.145	0.72644	-3.0346	1.645
36.358	-1.9963	-3.3979	1.03236246721879
35.264	-7.1588	-0.50919	1.15633182661239
34.658	-0.62976	-5.3143	-0.287195047947012
36.36	-2.2355	-0.98092	-0.684248634627987
36.834	-7.6649	-2.6837	-0.0126371289543506
21.132	-1.0722	1.3773	0.8111994475103
13.152	-11.939	-3.2046	-0.903120262852388
36.426	-6.7145	-0.56541	-1.32024189120697
36.807	-6.8513	-1.4331	-0.501792736450235
36.444	-7.3508	-0.80357	-0.692385752941987
35.638	-1.1759	-3.9446	-0.820976774686932
27.737	-11.284	-3.2202	-0.63223167705832
36.113	-7.5229	-1.1566	1.645
34.689	-0.28268	-3.6521	-0.234942745063576
37.379	-3.6702	-0.92475	0.340902315828591
38.099	-4.1749	-2.0066	1.25090585239501
38.276	-3.9029	-2.2387	1.60819703838628
35.502	-5.9782	-1.6541	0.00502663120212731
36.584	-6.9242	-0.77023	-0.417118245852587
35.672	-1.7917	-5.3377	-0.514118907299565
36.752	-3.5477	-2.6273	-0.833840725261883
34.205	-9.6351	-2.6179	1.645
36.673	-7.7313	-1.7312	-0.40164968061014
34.93	-7.4385	0.28604	-1.05990504370125
36.492	-7.1408	-1.0361	-0.857143237851825
37.788	-4.174	-1.7582	1.09880204003931
36.965	-3.0487	-1.9398	-1.11503538790748
38.23	-4.9132	-3.4835	0.84750811380785
36.663	-3.1631	-0.3802	1.39918429579062
33.099	0.055081	-5.2592	0.414153098605751
31.239	-10.563	-3.4322	-1.52600878751155
35.881	-1.4853	-5.1216	-1.00302886764051
33.57	-8.7984	-2.8098	-0.876755315767147
37.128	-7.3755	-1.516	-0.946252833088882
33.552	-9.7298	-1.7604	-0.739255439952048
35.169	-9.4052	-2.0994	0.0719800362530203
33.728	-7.5046	-4.2941	0.252737533805016
31.148	1.1191	-1.7657	0.192806472424675
36.1	-5.7452	-0.9397	-0.422804132660549
14.2	-12.25	-2.7913	-0.175614903392506
33.449	-0.70302	-0.86649	1.645
36.735	-2.0513	-4.5974	-0.989996507933298
37.97	-6.9158	-1.8538	1.00785225819456
37.271	-6.6982	-1.6293	-0.0199182882776168
36.379	-3.7123	-1.4074	-1.07479640544017
24.282	-11.844	-3.4144	0.266611188883308
36.613	-3.0796	-0.94265	-0.306409483908306
35.771	-6.6465	-1.0204	-0.32851235044783
29.6	1.593	-1.8446	-1.05553458392548
37.883	-2.6633	-2.9858	1.18785267150647
31.258	-10.897	-3.3516	-0.832095079365421
28.835	-0.9672	-6.622	-0.217186019452998
26.632	-11.363	-3.9523	-0.843588586950954
34.045	-9.3825	-2.7884	1.21883855275067
36.668	-5.7643	-0.36006	-1.16482287353414
33.156	0.051677	-0.95287	-0.165157636058792
33.764	-0.71277	-5.7633	-0.713109319296097
35.295	-7.3557	-2.6164	1.00949947186117
34.803	-7.3818	-0.18694	-0.0678873204242047
34.462	-9.6263	-2.7398	-0.547971891197053
35.186	-7.3743	-0.73991	0.558525664520584
36.568	-6.7341	-0.43936	1.645
37.311	-7.1319	-2.484	0.00618451800638881
24.603	3.0977	0.72789	-1.26993025719841
30.903	0.73487	-0.78254	0.334245118557087
36.998	-6.8792	-0.55387	-0.67807409789787
33.493	-0.10664	-5.5756	-1.25469458821318
38.411	-5.9434	-2.5654	-0.714914968115347
23.875	-11.581	-3.7265	-0.210539371823604
31.882	0.099737	0.85538	-0.288412895026228
31.935	-9.6442	-3.1092	0.604727228499498
26.959	-11.641	-3.4896	-0.0707591322793329
27.536	2.4938	-0.31686	1.27432355294176
37.244	-6.5933	-1.2809	-0.701725243754006
29.127	1.8274	-0.60295	1.40018269724759
37.126	-1.7498	-4.0023	-1.33198520549924
37.964	-6.7002	-1.5893	-0.712774815382133
29.648	-0.84476	0.71673	-0.365383184211675
37.316	-6.1483	-0.43037	-0.842005423996279
37.077	-7.9142	-1.4075	-0.658480491668154
33.288	-0.28058	-5.9272	-0.225091945504087
35.647	-8.0758	-4.3618	-0.211022341159965
36.307	-7.1819	-0.72469	0.529409052581139
37.012	-7.3768	-2.6185	-1.11391621449055
29.6	-10.915	-3.8914	1.2793210889664
37.241	-3.7254	-1.2785	0.254678347553326
36.381	-6.3235	-0.97449	-0.957730129003362
38.228	-5.9979	-2.4075	-1.15664931533492
29.683	2.3099	-1.5653	-0.0510691711455918
36.092	-3.3609	-0.37577	0.618344547507733
36.459	-2.2777	-4.9212	-0.142900122639322
26.628	-11.465	-3.5706	-0.937653815884191
37.597	-4.7139	-4.268	1.645
37.638	-2.9456	-1.7393	0.330295534638538
36.825	-5.2081	-2.5948	-1.08831828761248
37.001	-3.1956	-1.9825	-0.718170567092762
35.376	-7.6203	-0.86273	-0.0446005040305104
29.737	-10.997	-3.7093	-0.25273002564671
36.646	-6.9621	-4.4572	-0.0971705500571873
35.599	-6.7579	-0.15719	-0.712220927056928
31.82	-1.1205	-6.6025	-1.06498980073274
36.406	-3.0178	-1.5552	0.49882187107622
33.897	-9.3231	-3.4479	1.64164535459464
32.105	-1.7627	-0.10838	1.645
36.277	-7.249	-0.71106	1.0420615598351
36.737	-5.862	-0.77037	-0.708608085257143
36.388	-6.8777	-0.40505	-0.223659691541455
37.261	-2.7718	-4.19	-1.01030886725391
31.621	1.471	-2.1952	-0.256263442844747
37.684	-3.9188	-3.9944	-0.310176940683205
24.924	3.2424	0.63254	1.645
35.866	-3.3966	-1.9231	-0.622477496622051
27.767	2.2237	-0.43318	0.517247059706788
35.011	-9.3326	-3.6961	-0.953022729235628
36.754	-3.0007	-4.6999	-0.322190514516564
28.246	-11.364	-3.9274	-0.270328771882193
28.058	-0.40419	-6.5521	-1.06939883029695
36.427	-6.7942	-0.72939	-1.41557718641443
38.176	-3.9397	-2.3623	-0.487709054080758
31.848	-10.514	-3.7276	0.769219270520073
32.421	-9.9028	-3.8736	-0.649531679582574
37.445	-4.4388	-3.7318	-0.339758234084548
35.951	-1.7764	-5.2628	-0.212950334987705
35.052	-2.3438	-0.25459	0.0370162562913902
37.046	-6.6266	-1.4054	1.19283492294271
35.805	-0.27107	-3.7675	-0.853895399670139
37.018	-2.1404	-3.4635	0.886213662744501
29.485	-11.04	-4.0291	0.363530920965051
34.963	-0.91573	-4.2992	1.46654848636958
35	-8.9277	-3.0689	-0.396941464923029
37.03	-6.9054	-0.89318	-0.2049667486559
36.998	-6.6701	-0.68066	0.093366240845175
28.959	-10.732	-3.9835	-0.0142081638832178
28.796	2.6423	-1.0447	-0.666192819879203
35.607	-1.8209	-5.5017	1.645
29.049	2.1374	-1.2587	-1.24985590492039
36.564	-7.3469	-0.8169	1.32896419937792
37.58	-5.6603	-2.0723	0.107476116085649
31.865	0.77388	-1.3397	-1.17070124477548
29.143	-1.0016	-6.5471	0.450499889783315
27.258	0.22043	-6.3336	-0.214007198542534
35.159	-8.7272	-4.1003	-0.138006870346845
35.815	-7.8946	-0.37288	0.384130210492235
37.493	-3.1652	-4.0554	-0.671453302150427
36.963	-3.5361	-2.5995	0.823312693490481
37.393	-5.8686	-0.98026	-0.266517076977359
37.813	-3.2192	-2.0258	-0.463162430431823
37.005	-7.4155	-1.2923	-0.754230051472473
36.678	-7.6703	-1.4146	-0.455790646194856
36.409	-6.576	-1.957	0.274279052230351
36.077	-2.6253	-4.9514	0.232364159902177
36.243	-3.5794	-0.21717	-0.768548941355676
36.026	-6.626	-0.1023	-0.930592208058505
36.241	-3.1487	-1.2023	0.867207407259438
26.151	2.5267	-0.32816	1.645
37.961	-4.5137	-3.6152	1.62054047746779
34.751	-2.076	-4.7894	-0.246328682985497
35.408	-1.3801	-5.2085	0.163568277603559
31.983	-8.192	0.43924	-0.505428729453992
37.348	-4.3808	-3.4643	-0.681572850337738
25.224	-11.867	-3.7074	-0.99624792914145
29.185	-1.0694	-6.7569	-1.03017434350204
34.119	-1.5572	-3.3554	-0.116725312834516
35.665	-1.1446	-3.4708	-0.802501633315957
37.853	-6.0901	-2.2477	1.47358124842073
36.103	-2.9022	-4.7952	-0.127627540303487
36.835	-3.5596	-0.94827	-0.667306529531178
36.17	-7.445	-0.85062	-0.174590241919072
26.906	2.3831	-0.26394	-1.645
36.06	-7.5642	-0.4854	-0.20670450192356
37.14	-4.964	-4.1295	0.0906313297462876
36.254	-2.536	-4.605	1.645
37.401	-2.788	-4.0256	-0.076599832687955
36.424	-7.281	-0.91605	-0.274901521975092
35.811	-7.1054	-0.26252	-0.572566049389922
35.131	-7.9391	-1.5386	0.845658481264423
36.196	-2.2167	-5.2777	-0.838298288410213
35.143	-3.4181	-0.3143	0.524751234444137
35.111	-2.7285	-5.6907	1.645
38.008	-3.2008	-3.5752	0.280684548042413
35.136	-0.6424	-1.0237	-1.03256345870604
35.689	-6.7757	-2.8578	1.25306114336243
29.713	-1.3836	0.57155	-0.406740648916594
30.906	-10.083	-3.4443	-1.35021897227971
34.883	-4.4287	-1.5223	-0.100185234705058
38.086	-4.8205	-3.8928	0.801196244675271
37.501	-3.63	-3.2459	-0.492625264072609
35.843	-6.6108	-1.5401	-0.900784467487855
31.505	-10.677	-3.5357	-0.174012120584912
37.16	-6.6232	-0.7396	-0.536946903945078
36.42	-7.2465	-0.79641	-0.566169482153847
31.917	-9.7447	-4.6294	-0.486673755507197
37.031	-6.9763	-1.0374	-1.645
38.265	-5.2641	-1.6418	1.645
37.023	-7.7618	-3.0738	-0.675613550147708
35.848	-8.0086	-0.74692	1.30683163214897
37.359	-3.4721	-4.3656	1.645
37.919	-4.1884	-3.3612	1.645
31.151	-10.386	-3.707	0.259543491988725
37.056	-2.086	-4.1943	0.378518805478491
38.006	-4.5622	-1.6132	-1.2171848069837
36.625	-3.1859	-5.035	-0.151869607469265
22.994	0.17768	1.5887	1.645
37.974	-3.5713	-2.2629	-0.2384899580243
35.991	-7.1105	-0.27884	0.695872772256457
34.046	-7.7115	-0.99998	-1.14663780001068
28.049	-10.987	-4.007	0.248180536408593
24.626	2.8702	0.65734	1.4362622625776
35.883	-6.8386	-4.8344	0.117764035548543
36.537	-6.301	-1.1695	-1.645
36.684	-6.916	-0.54257	-0.641664988788115
36.131	-6.7703	-0.6249	-0.27951532536394
36.721	-7.1728	-1.6014	-0.707519661259149
36.291	-3.2826	-5.4975	0.722024847822495
37.998	-6.5588	-1.1578	1.48344902320599
37.407	-3.279	-1.2402	-1.10831065047889
34.719	-0.76652	-0.38087	1.645
24.667	-11.97	-3.4268	-1.12919092369298
36.562	-7.8558	-2.4601	-0.769116395881703
34.523	-6.4037	-5.2684	1.30076323273144
36.344	-2.7243	-5.0541	1.645
28.704	-1.2358	0.73461	-0.573761933397638
35.112	-8.381	-1.5627	-0.39243033756156
36.561	-8.08	-2.507	0.270918910846374
29.101	1.8205	-1.2912	1.645
35.878	-8.1252	-1.6888	-0.379732572023622
33.057	0.84632	-2.7147	0.558955752475737
33.546	-0.34527	-5.445	-0.551749529491138
31.882	-0.57295	-5.8092	0.760674903181654
24.91	-11.954	-3.5912	0.86123230915384
38.382	-5.4187	-2.2298	-1.12134964082502
35.342	-0.84757	-4.9727	-0.171093742992636
34.619	-5.6944	-5.4814	0.251594211711003
36.436	-7.5013	-0.96146	-1.07187102446937
37.02	-3.3083	-1.0167	1.51500563466255
34.806	-8.8901	-2.973	-0.662220146231363
34.347	-0.98887	-5.2431	0.152272922430146
32.922	-10.36	-3.0592	-0.919026818952539
37.436	-2.0099	-3.387	-0.373023801681926
27.802	-0.52154	-6.6001	-0.654800337991458
36.324	-7.7981	-3.4379	1.63847751799007
33.436	-1.2899	-6.2745	1.645
33.177	-9.7487	-2.9992	0.421952328836315
27.274	2.4161	-0.10539	-1.04554596786916
25.93	-1.2025	0.87789	0.056799736798256
36.272	-2.8487	-4.1937	0.608925213796201
37.157	-2.2965	-4.1908	-1.31881572182132
30.682	1.0168	-1.2092	-0.416623623479637
34.541	-2.8555	-1.6681	-1.02275453718308
33.291	0.40457	-1.8331	-0.0219522239185304
37.406	-4.0066	-3.9598	-1.24385437116185
24.997	-0.66669	1.1359	-0.747878249319977
36.12	-6.4143	-1.0835	-0.229928530050215
34.659	-1.9863	-5.9829	-0.589052973386862
36.488	-7.3251	-2.3262	-0.806955423516494
27.032	-11.414	-3.9168	-0.565141486223794
33.231	0.16905	-5.6528	-0.467796872761934
35.542	-6.5946	-1.1652	-0.607900546500595
36.53	-7.222	-1.5122	0.40496964121023
35.769	-1.7993	-5.2612	0.7203725135645
35.546	-8.9878	-2.0374	1.645
36.791	-7.3313	-1.4707	0.0352820557761422
29.891	1.399	-0.59674	0.678075254659303
35.835	-5.3318	-5.5868	0.66154866116834
28.257	-0.68969	-6.8239	-0.41609226508183
37.377	-6.8635	-1.8859	-1.13871695041777
27.464	-11.751	-2.8039	-1.20437978244588
28.168	-0.41404	-6.7192	-0.478890496500997
37.75	-4.869	-1.3026	-0.97943544762042
35.944	-7.7459	-1.3209	-1.38578075311827
38.082	-5.3314	-2.1137	0.0677469637761525
33.007	0.29962	-0.29684	0.368360856738485
38.541	-5.8464	-3.3132	0.355078015739978
36.802	-7.1285	-0.91854	-0.615127737389957
37.28	-2.8613	-4.4514	0.0119529485067468
27.788	-0.7983	-6.5807	0.81664596356659
29.504	-10.993	-3.853	1.645
30.43	-10.246	-3.9492	0.170148822256911
35.675	-7.1694	-0.86933	-0.336034900534009
37.326	-5.6839	-4.4112	0.272751648186337
36.829	-3.054	-4.6771	-0.097427167468951
37.127	-7.6054	-3.972	1.645
32.465	0.75286	-1.4389	0.671332482473164
33.046	-8.5364	-0.65937	0.193888913829929
32.73	-10.178	-2.8586	-1.08441397304409
34.579	-9.3204	-3.3467	0.53495764656676
33.708	-1.6614	0.33322	1.645
37.264	-6.7331	-1.3042	1.46329872980736
33.378	-9.128	-3.986	0.45435946232191
36.682	-6.2436	-0.22291	-1.16706715370567
30.821	-10.162	-3.2975	-0.795665279376808
36.51	-8.369	-3.6788	-0.778458434638204
24.884	-12.03	-3.7199	-0.896015375041589
35.633	-2.7754	-0.42644	1.53763393420858
36.718	-6.6751	-0.98773	-0.045298358764118
35.556	-2.9167	-0.96308	1.01130089081065
27.416	-11.642	-3.608	-0.688808328146105
35.042	-7.5012	-4.9165	-0.81562604447827
37.034	-2.7736	-2.7544	-0.639777110419447
37.879	-3.3745	-3.9897	-0.0144725943190257
28.693	1.9418	-0.84665	1.645
36.863	-4.6665	-0.57369	0.340958855189525
37.196	-2.9731	-1.8959	1.42234409118561
28.874	-11.12	-4.0281	-0.244575323428596
37.449	-6.7361	-1.3597	0.728631243702986
35.503	-6.2815	0.51715	0.904127967713704
24.869	-11.715	-3.337	0.302867761300612
37.136	-6.9179	-0.88602	-1.19755523806739
37.548	-3.7864	-2.5541	0.204201682452592
36.034	-7.4432	-0.97491	1.63608467929472
37.937	-4.7004	-4.0766	1.40794286865053
35.013	-1.0942	-0.74452	-0.979522202539251
37.172	-5.7699	-2.3884	0.0768921245433059
37.69	-2.9721	-2.3396	-0.442876093969337
36.99	-7.0988	-1.0916	-0.268523345374279
32.325	-6.7771	-5.2843	-0.818726493067431
36.596	-8.2474	-2.108	0.235314925505211
34.624	-9.1756	-3.8766	-1.00372115244971
36.626	-3.6918	-0.73483	-1.50791194762242
36.301	-7.5684	-2.2311	1.15275783915279
35.615	-2.2489	-4.7724	-0.390745304048225
37.742	-5.3859	-2.9074	-0.314628853536019
36.329	-1.779	-4.8389	-0.105746195552957
33.853	-7.9412	-4.2012	1.645
36.495	-7.6701	-0.95526	0.106750737045924
32.664	-10.854	-2.59	-0.52663939575464
34.45	-0.82641	-5.3395	-0.741500996626865
31.683	-1.2044	1.0754	-0.883318968729448
36.139	-7.2369	-0.64364	-0.490295783151867
37.14	-3.0531	-2.5682	0.720119269438739
37.645	-3.0373	-2.7639	0.0981332915174112
33.42	-1.847	-0.09335	1.34504886341842
25.808	2.4843	0.20229	-0.193722219104878
36.558	-3.477	-0.7264	-0.0946169814678655
37.076	-2.1343	-2.4981	-0.645153261141336
37.295	-3.7665	-1.2328	0.909139714513046
36.868	-7.3659	-3.4925	0.795458950160068
25.14	-11.017	-4.1427	-0.636294758403855
37.662	-2.5526	-3.9957	0.0889915870877463
37.251	-3.3098	-4.4526	-1.48120310210858
38.169	-4.0381	-2.3338	-0.142450097857854
32.388	-10.109	-3.1943	-0.339597397706877
34.469	-3.1586	0.16337	1.645
36.915	-7.9132	-1.4713	-1.14773980400118
28.759	-11.084	-4.2342	0.230868226616525
29.454	-1.0348	-6.7118	-0.920624552796971
36.981	-6.4968	-1.3048	1.645
23.9	3.4724	0.17699	-0.0110740266352923
36.503	-3.0435	-4.7703	-0.262642852951264
31.809	-9.8667	-4.0254	-1.04561204867224
36.414	-2.6558	-5.1461	0.220332161273957
37.586	-5.8647	-1.1041	0.418976735565933
35.487	-7.1229	-0.32773	-0.291816409200344
27.695	2.5926	-0.75992	-0.588756673285222
36.496	-7.1131	-0.84695	-0.584925220121733
36.57	-1.9504	-4.6956	1.51671387690057
37.89	-3.3009	-2.8666	-1.40887242813974
35.773	-3.3263	-5.1052	0.228139700299079
36.89	-5.1349	-4.9182	1.1725498019574
36.339	-7.668	-3.0652	0.0414024218499372
37.425	-4.7946	-3.5831	1.645
36.89	-7.2192	-1.1222	-0.333080750267188
36.973	-4.4217	-0.99545	-0.0675120957598667
18.117	-12.427	-2.7497	-1.24432250716239
28.914	1.9943	-0.15523	-0.316573604415384
35.884	-6.3224	-0.51641	0.754002557790207
22.895	-11.764	-3.655	-1.32361507742593
29.674	1.9213	-1.1953	0.731971462011884
34.349	-1.3018	-5.8695	-0.43652348465701
33.373	-6.1595	-5.613	0.203142005445498
36.107	-8.3833	-3.8955	0.214595514148425
33.708	-6.1344	-5.2625	0.979974030804446
25.941	-0.49807	1.7601	-0.1836253565933
24.148	-11.976	-3.5319	-0.808214658030829
35.762	-2.4738	-4.9674	0.348785070117525
34.387	-0.70831	-5.5504	1.43031446672311
37.663	-3.1052	-2.6371	1.645
37.474	-3.0541	-2.0965	0.449358335732654
33.383	-10.034	-3.4276	0.747407630315093
28.812	1.5111	-0.18542	0.386290123338404
36.922	-5.6457	-4.9601	0.670346500175517
37.488	-6.6095	-1.1444	0.149943423074765
28.073	-11.668	-3.1194	-0.382427698359076
36.91	-3.242	-1.1441	-0.536172087747614
36.175	-7.537	-1.5303	-0.666274198724236
36.358	-0.97953	-2.8211	-0.439626741426589
36.017	-3.9337	-0.15164	-0.804557960406333
38.576	-4.8825	-2.3728	-1.40647436249946
37.872	-5.7018	-1.026	0.925374239026741
36.697	-2.4607	-4.6981	0.312833197186304
36.349	-7.9935	-1.5244	-0.466826291972506
37.175	-3.326	-4.0231	0.237631904277655
36.928	-3.1836	-4.6119	-0.857272562814656
37.756	-7.1614	-3.4233	0.228766426558678
37.301	-2.9975	-4.1287	1.645
30.193	1.1488	-0.66419	-1.12279538080611
28.46	2.2846	-2.1237	0.218448734331483
24.401	-1.0807	0.94528	1.25151740285891
27.402	2.3625	-0.79184	-0.634011393008349
37.872	-6.6212	-3.506	-0.541892971048906
29.53	-11.489	-3.1516	0.685923759959344
27.857	-1.7479	0.28644	-0.176834309531586
35.484	-8.9282	-1.9391	-0.141128923461579
27.673	-11.413	-4.0307	0.680914635660931
36.204	-0.51726	-2.602	-0.316997140401606
28.13	-0.42296	-6.6429	0.261580330408774
29.047	-11.285	-3.5116	0.431435909209801
37.948	-3.335	-3.8358	-0.252284476352966
36.671	-6.1766	-4.2952	-0.286629849050506
36.841	-6.0594	-5.141	-0.735288218039534
36.965	-4.6772	-4.0313	-0.168735439058168
36.056	-7.7506	-4.4819	-0.663114152411335
33.524	-0.99915	-6.1235	0.338605138605483
35.209	-2.4738	-5.3197	1.26170642497643
27.447	-11.476	-3.9333	1.645
36.676	-4.9225	-0.54227	-0.855762701869006
36.187	-1.3059	-1.2429	1.645
29.373	-1.8565	0.38733	0.971477172632214
29.141	-10.738	-4.3405	1.645
37.819	-3.8939	-4.081	-0.300010041536582
35.461	-6.7856	0.21	0.991748834511515
33.537	-8.6364	-4.1537	-0.681952355104482
35.576	-2.7145	-1.1661	-0.774927053937593
36.729	-7.5145	-3.1312	0.509784118683824
36.088	-6.6977	-0.52185	0.909373063418181
32.739	0.91199	-2.6954	-0.601609298127911
37.836	-4.3579	-3.3202	-0.206755283853077
36.018	-6.3323	-1.1371	0.512742051555016
37.469	-3.0494	-4.2007	-0.442236371681441
35.606	-2.0846	-5.5897	0.804468226669521
35.933	-6.8829	-0.44488	-1.01693329554424
35.493	-9.2462	-3.3582	1.645
37.53	-4.251	-3.1865	-0.621731389326061
30.092	-11.065	-3.1338	-1.21118337060965
32.99	-8.9546	-0.21807	1.645
37.519	-7.3869	-2.6661	-0.766315564552874
37.079	-6.2808	-0.77346	-0.0989216476675121
36.022	-6.828	-0.57731	-1.63465071040952
37.918	-7.0786	-3.0856	-1.645
28.343	-11.733	-3.5872	-0.246665507007036
37.494	-5.8069	-1.0089	-0.114865873785089
34.273	-0.69818	-5.6839	-0.194233934074674
26.188	-1.2389	0.73822	0.0529981717117281
29.477	-10.678	-4.2809	-0.460445255541866
29.977	-11.456	-3.3584	-0.820316741535259
36.939	-3.7073	-4.6069	-0.864092498821672
37.59	-3.4846	-3.6459	-1.49478332807877
28.11	-1.8263	0.47221	0.365892400682198
35.99	-2.0913	-5.2288	-1.0719318212106
31.074	0.26967	-6.3372	0.488925351201112
37.27	-6.4269	-1.0324	0.632871365847881
34.091	-7.9047	-4.067	-0.309140569327721
36.52	-7.3394	-3.0192	0.711860674747268
37.4	-6.6576	-3.761	-1.34280810084326
29.113	-0.98121	-6.9442	0.272720502450311
37.029	-4.7412	-3.0954	-0.449717328245252
33.037	0.75239	-2.4438	-0.485492929910967
22.655	-11.631	-3.7513	-1.44244618002546
37.766	-3.2181	-1.9562	-1.40008789277994
37.838	-3.7151	-3.567	0.00325964594843293
37.285	-3.4399	-4.4883	-0.176946711696997
27.184	-1.4529	0.40133	-0.870223355770078
38.26	-5.4613	-2.6107	0.180382256867537
35.989	-1.6761	-5.1643	-0.655602785335045
37.247	-5.6924	-4.4819	-0.280318332185159
34.351	-9.3416	-4.3517	-1.06971715349035
32.942	-10.187	-3.8424	0.210345498805898
36.258	-3.1272	-2.1291	0.501863647110937
37.522	-6.8014	-1.605	-0.977421543261968
34.875	-7.5634	-0.67985	0.0510380880904987
36.805	-6.8704	-0.46855	-1.23597425300709
36.438	-5.6209	-1.0791	-0.180973468230059
36.039	-7.5015	-0.37316	0.945969140164275
35.992	-6.343	-0.027214	-0.822927336448073
38.018	-4.0021	-3.4175	-1.50022195289224
36.085	-8.2433	-1.0166	0.253292778197159
38.197	-3.1683	-2.8039	1.27750108750437
37.221	-6.2661	-0.70586	-0.68294580408523
24.495	-0.80438	1.506	-0.639413607836134
19.894	-12.408	-3.0023	-0.109438315713053
32.857	-1.747	1.0811	-0.0592624442272217
38.182	-4.7359	-4.0348	-0.225396066314952
32.564	-8.7826	-4.3392	1.645
33.424	-10.297	-2.9498	-0.142160616235918
37.001	-1.8216	-3.9956	-0.183864181699821
32.612	-9.982	-3.3678	-0.501731631162755
26.104	2.9775	0.38525	-0.470222312227289
35.856	-6.2175	-4.9262	0.504636893083983
34.29	-0.70505	-5.4116	1.23354197398654
35.119	-8.7121	-3.9509	-0.582467403146758
32.294	1.3388	-1.5872	-0.0797802306042938
26.933	2.2884	0.38868	0.0263771402252925
27.989	0.13398	0.8053	0.834589739021083
37.348	-6.549	-3.1685	0.117613928280791
34.481	-0.83471	-4.8208	0.265828136891464
36.976	-6.7599	-1.9741	-0.465851595536352
36.879	-7.3031	-1.1171	0.0382039631174861
37.988	-3.183	-3.7179	-0.163964790566308
37.929	-6.679	-1.6821	0.0793979652022337
35.328	-8.9384	-1.7754	-0.740509508472162
34.271	-9.6149	-3.6763	-0.642054880661799
33.023	-9.9253	-4.2566	1.29354114935087
36.927	-6.6277	-0.54409	-0.910333715302321
37.587	-7.0356	-2.9008	0.926673487178705
36.719	-7.5573	-3.667	0.305485901416965
37.13	-6.6506	-0.87502	0.207226343265916
33.331	-10.091	-3.2853	0.482312538042967
36.513	-6.807	-1.1852	0.667934986361058
28.452	-0.64826	-6.6807	-0.160324587378456
35.608	-8.7425	-3.6319	1.08934350381472
36.084	-6.9266	-1.1155	0.326950412443099
34.803	-1.1978	-5.5854	-0.761258033206057
30.623	-10.628	-2.3359	1.46872710556014
34.746	-0.83355	-5.3832	0.519950736786219
37.674	-6.0117	-3.9316	0.22022004884187
35.239	-7.2057	-0.80222	-1.13856533717447
30.909	-10.532	-3.6165	-0.253800574942246
34.081	-0.19025	-0.19369	-0.108401466942081
36.16	-6.2388	-4.6065	-1.0837859394133
34.061	-9.7107	-2.6267	-0.655343379104625
28.401	-0.6673	-6.6758	0.0877165869280142
34.108	-1.3907	0.43458	-0.575808054949955
36.911	-4.0324	-0.88935	0.37451488598702
36.133	-7.4211	-1.9201	-0.860632961531764
35.653	-7.9359	-0.91161	-0.266279299985002
27.563	-1.7829	0.9933	-0.635183046574172
35.686	-6.1698	-4.8122	0.404943476228661
35.599	-6.05	-5.0311	-0.25275698226309
33.647	-9.5361	-2.9473	0.339343604650224
37.439	-7.1052	-1.3532	1.56005720361617
23.069	-0.86413	1.3787	0.178968355188266
37.717	-5.9636	-3.8253	-0.85094183904524
37.26	-1.8777	-3.7953	-0.394847817768702
37.331	-2.3602	-3.1346	-0.508228273426075
29.747	1.7848	-0.64182	0.0660187682164743
31.26	-1.5383	-6.2118	-1.07157888945217
28.79	-0.60836	-6.4231	-1.09728852738423
28.577	-1.9917	0.59004	-0.874166690624936
36.944	-6.5048	0.15745	-0.982887038450898
27.399	1.8644	0.060854	1.11754104045653
34.571	-8.8569	-2.5749	-0.43013016305881
37.024	-6.2246	-3.3113	1.44507050841596
37.905	-5.2701	-3.6581	-0.599713432541744
37.467	-3.1874	-2.2578	-0.222417865252761
35.937	-7.7764	-1.2843	1.02710765380869
37.269	-6.4643	-1.3187	0.1693482729485
35.22	-2.8647	-5.4605	1.645
36.327	-3.639	-5.216	-0.628680332907606
37.298	-5.8161	-0.65225	-0.097807818569743
37.658	-4.6228	-3.5033	-0.651485534249253
33.532	-9.5404	-3.8361	-1.46295423305299
38.11	-4.4154	-1.7878	-1.06736880000821
33.965	0.34185	-2.8306	0.177412524863288
18.681	-11.853	-3.5342	0.576788692700539
37.578	-6.9156	-1.9975	1.3450080542271
22.178	3.5218	0.97528	0.0921754337231286
34.324	-1.491	-0.028499	-0.226561221942373
27.877	-10.224	-4.2064	1.46517230525135
35.796	-7.3764	-0.93857	1.18507131829287
36.21	-7.1793	-0.91817	0.737487820078917
33.756	0.78472	-3.7174	-0.204039040001516
34.832	-1.3266	-5.3939	1.645
36.693	-6.5135	-1.0092	-0.503936104378717
37.262	-3.681	-4.3805	-0.260311253033485
37.664	-2.5775	-2.7475	-0.315560878734301
33.114	-0.44001	-5.9828	-0.271701071538343
35.83	-8.0329	-0.94709	-0.43623697018955
37.168	-2.8936	-4.4433	-0.697492029750665
37.252	-3.2123	-4.5515	-0.0328936044983957
37.485	-6.3438	-1.5371	-0.416954864821529
36.79	-1.1179	-1.9369	-0.716950819719168
36.986	-3.4192	-4.8641	-0.940346032259547
28.187	-2.0153	0.64751	-0.455457316779058
36.115	-2.5821	-0.79798	-1.12011447589361
32.441	-8.4786	-4.6004	-0.625321031436775
32.516	-10.186	-4.2238	0.529662276862713
34.865	-8.7229	-3.4379	0.112206086245258
37.744	-4.8284	-2.8158	-1.43014861921168
36.311	-6.2684	-0.71261	-0.714449827232806
37.547	-3.1049	-3.4645	-0.527204035574838
38.079	-6.2421	-1.3115	-1.05827640872016
37.974	-3.6555	-3.1281	-0.645373078619701
28.696	-0.68077	-6.8741	0.0992888084141131
30.852	1.7849	-1.8279	0.259708297240737
34.821	-6.2335	-5.3327	-0.298066894428527
14.631	-11.506	-3.6427	-0.196238649807688
34.669	-0.46744	-3.1166	0.603627162901995
37.859	-5.8203	-2.0456	-0.256107956222262
36.787	-5.5935	-0.20183	-0.920469939344694
36.693	-3.4679	-1.3316	-1.49901324001292
24.838	-11.328	-3.8629	1.645
35.763	-0.51963	-3.4807	-0.254204206266691
35.201	-6.4466	-4.6978	-0.0151414574641391
32.044	-10.644	-3.7583	-0.623145388232178
36.194	-6.8002	-1.6144	-0.61646231212159
36.007	-6.7848	-4.2244	-1.03391178894629
35.927	-7.6408	-0.39627	-1.24311541974948
35.868	-8.013	-3.1225	0.337425751311477
36.808	-7.1617	-1.0805	-0.148140002662405
36.946	-7.765	-1.2246	-1.44687143761307
36.325	-6.6188	-4.8643	-0.711743450962568
35.549	-6.4596	-0.15332	-0.413704292833397
30.435	-2.0178	-5.0573	1.645
36.901	-2.8551	-4.7309	1.53292793749596
37.149	-6.3657	-1.3475	-0.6273580320942
36.787	-3.2912	-4.7881	-1.62042324177193
37.496	-2.7345	-3.0657	-1.29577510615023
32.833	-9.925	-3.8629	0.0783950111368799
37.75	-6.5893	-1.4592	-0.915524002478751
36.038	-0.75241	-2.4819	0.805459370773077
28.133	-11.456	-3.6026	-1.08964042376991
30.447	1.4981	0.012136	1.21866606543806
37.759	-5.8941	-2.4694	-0.728490874190814
36.523	-6.9224	-0.55317	0.433515989742482
37.667	-3.3869	-1.5302	-0.172955902725201
35.259	-0.56743	-3.8436	-0.586825900430507
21.996	-12.117	-3.2949	-1.1752788581592
36.696	-3.7296	-4.7045	0.719577613863656
36.844	-2.8627	-4.1771	0.966366962098951
35.141	-7.3093	-1.8385	-1.06885413442823
37.236	-5.8353	-2.0778	0.922321888854853
27.895	2.1727	-0.70999	-0.977315236989169
35.937	-7.577	-0.66075	1.645
36.415	-3.3798	-0.64911	1.20075173509607
37.914	-4.9455	-1.6546	-0.274715103123532
37.81	-6.0972	-2.6215	-1.01236990111857
36.059	-6.6724	0.099282	-0.758280886790106
33.831	-0.82131	-5.9073	-1.41045566454776
37.488	-4.8809	-1.9614	1.13558345053043
34.309	-1.5814	-3.0886	-0.305685274469056
16.546	-12.122	-3.0507	-0.620040296658462
26.475	2.8001	-0.13414	0.230303718691953
36.584	-3.2355	-4.7375	1.645
36.968	-3.0594	-1.5917	-1.09721726390604
36.022	-5.6927	-0.69924	0.727111338894629
22.905	-1.2773	1.3333	-0.00686298094210932
36.937	-6.6664	-1.0888	1.46380699547609
38.435	-6.2835	-2.839	-0.100241582387301
35.405	-0.70375	-4.8046	0.078660670975019
36.121	-2.9466	-5.1363	-0.709006585176018
36.896	-1.6696	-2.1151	0.846316785285156
27.474	-0.29098	-6.7196	0.240787391009098
34.672	-9.018	-2.7887	-0.706440290172352
36.78	-7.3321	-1.024	0.928841599141104
31.309	1.3203	-2.1248	0.205728837795276
34.816	-1.9829	-0.24815	0.278048564744922
31.034	2.13	-1.503	1.20339670135127
38.1	-4.3733	-2.6288	-1.15298563479208
33.506	-8.587	-3.743	-0.980971853007065
36.038	-5.389	-5.311	-0.609206654744578
34.702	-1.6396	-3.8829	-0.339000668166616
32.373	0.99622	-2.1654	0.457333677651639
35.958	-2.3821	-5.0615	-1.20809066747197
37.447	-2.7711	-3.2962	0.867413802396431
34.224	-1.4421	-5.2872	-1.645
25.823	2.7506	-0.30933	-0.977322917879169
36.853	-6.3522	-2.1496	-0.829858888447835
34.92	-2.181	-0.95545	-0.809196324971037
31.384	-10.126	-3.673	-0.921902702907607
36.331	-7.1059	-0.41523	-0.696748265484905
29.704	-11.031	-4.1478	0.499296894194173
35.609	-7.1077	-0.68315	-0.125659173832511
35.818	-1.2328	-4.9674	-0.551712261608449
35.623	-7.3392	-1.1323	1.645
32.987	0.16537	-5.4076	1.48558927867774
36.38	-3.1166	-4.3906	1.645
36.763	-2.5223	-2.4664	-0.273626486895385
30.806	-9.287	-3.5933	1.645
31.819	0.77723	-1.5751	-0.443992674647343
34.867	-2.1455	-5.957	-0.434293836935493
36.432	-2.9785	-1.8557	0.549483978192828
37.33	-2.1802	-2.9054	-0.911588922172408
35.886	-6.8034	-0.66589	0.727127782964433
34.169	-2.2291	-0.29475	0.407440250716718
27.676	-0.63697	-6.9622	-0.216260230669765
36.642	-7.6993	-2.0698	0.970032615305492
36.441	-7.3309	-1.0821	-0.341223912202127
36.404	-0.77396	-3.045	-0.40685325230881
32.197	1.205	-4.1368	-0.307574938483302
33.119	-10.31	-2.9906	-0.302696687979339
37.344	-5.4244	-3.918	1.05491071486952
30.026	1.6761	-1.1057	0.55269795646883
37.878	-4.0903	-2.2179	0.107164369616323
37.108	-2.6266	-1.3105	0.517943524184128
36.482	-1.3979	-3.6565	-0.468199703745826
31.452	-9.1478	-3.2273	1.24805197260122
35.595	-7.1083	-1.4836	-0.678978471932192
37.93	-4.6532	-1.5629	-0.923787886998038
28.339	-11.288	-3.7747	-0.0599008014924335
34.572	-0.91389	-5.3163	-0.704753374586869
27.025	-1.1452	0.8769	-0.728560517219504
34.079	-9.9018	-3.0968	-0.847031369626522
35.222	-7.552	-0.12993	0.0551540684237472
37.707	-3.9647	-4.055	0.502234990612255
37.055	-7.808	-1.365	0.0711396364028013
37.028	-8.0319	-2.3737	1.2148013417262
37.484	-2.9589	-2.2054	-0.805753057740374
36.636	-1.8449	-4.6217	-0.253239391175413
24.255	-1.0753	1.209	-0.886899235250238
37.908	-5.4849	-2.8675	-0.808385637203509
28.144	-11.285	-3.6351	1.49005647141766
36.304	-3.0943	-4.7781	0.0370248881975908
36.383	-6.8969	0.11651	0.961962350104866
36.032	-2.4254	-5.2954	-0.509558288736453
37.693	-6.9362	-2.1968	1.645
35.196	-7.2738	-0.20346	-0.804134058986731
36.191	-1.9754	-1.1911	-0.849603616303336
35.949	-7.0988	0.036498	-0.390675372759453
32.924	-0.29634	0.38633	0.835411252663458
36.636	-8.1869	-3.6598	-0.124877230301012
35.702	-1.5553	-5.3066	1.645
37.827	-3.3669	-2.5679	-0.80949420871306
34.952	-6.4194	-5.1862	0.00244331525449366
25.703	0.22142	-6.7138	-0.300257901176985
37.718	-6.805	-2.3753	1.31114619117315
20.57	-11.951	-3.571	-0.820604611671671
33.204	0.41913	-3.6203	-0.59994821524791
36.349	-7.4662	-1.0629	-0.890210532065581
32.301	0.83282	-1.4899	0.717687136616141
36.889	-6.3605	-0.64418	-1.28686333515293
37.364	-6.6113	-2.4395	-1.15933805208267
36.557	-6.012	0.058335	-0.557251970810521
34.899	-8.9036	-2.1978	-0.565230609055193
34.392	-0.67005	-5.3893	-0.918923411697809
36.058	-0.71232	-3.8443	-1.60865016642086
35.914	-2.1429	-5.1293	-0.609269003661551
38.175	-6.4615	-2.3743	-0.691282113978898
37.269	-6.594	-4.1428	1.645
36.296	-3.9297	-1.4904	1.40152779706603
34.929	-9.3154	-3.3453	0.303204600152039
33.624	-9.7678	-3.2114	-0.469903570219229
35.452	-7.5059	-1.1164	-1.4339258446466
36.034	-7.7111	-0.66814	-1.03694378854011
37.161	-2.9571	-4.3767	-0.566953327372277
35.801	-6.039	-0.10692	0.398954682600862
38.018	-6.5426	-1.8973	0.793811689940202
37.065	-2.8718	-1.9238	1.645
37.741	-3.5231	-1.6764	-0.332004182266349
36.429	-1.94	-1.5444	-0.965415872664119
38.124	-5.9004	-1.833	-0.244613681831475
37.088	-2.7651	-4.3048	-1.52072704252446
37.718	-6.2576	-0.89144	0.477848241257256
32.946	-10.118	-3.8613	-0.3945373650183
38.042	-4.4673	-2.5642	-0.557762576006025
35.311	-1.2939	-5.3454	-0.841675918385369
36.716	-1.7406	-3.0904	-0.0502338386057803
37.657	-5.2865	-0.77623	-0.0286148515756958
28.415	-1.9853	0.6287	1.645
35.913	-2.1991	-5.1813	-0.427444464218422
37.832	-5.746	-1.2789	-0.191616132786277
37.809	-7.1081	-3.5919	0.00361420059656197
37.022	-7.8526	-1.9066	-0.382722775684442
35.963	-2.9456	-4.6888	-0.786097637356143
29.139	-10.899	-4.2139	0.612291496165897
38.328	-5.5245	-1.6957	-0.233392378969604
35.913	-3.5353	-0.26692	-1.11770939509616
36.624	-2.5872	-4.7152	-0.778508081855281
35.732	-7.4659	-0.892	-0.0920620824300194
37.405	-2.8884	-4.2719	-1.05193766251741
27.224	-11.557	-2.9923	-0.941474799225549
34.219	-0.7002	-5.219	-0.707212148872245
36.409	-6.4671	-0.54685	0.575752352942175
29.133	0.029435	-6.8166	-0.0341229776509328
34.285	-0.88002	-5.7289	-0.210570293005289
35.879	-1.4706	-5.0897	0.553672388634293
33.331	-0.8698	-4.6621	-1.46224473434239
28.562	-11.373	-3.9338	-1.07810903276342
34.954	-8.59	-1.2637	0.499804084392422
12.655	-12.024	-3.1062	-0.291199949365457
33.259	-0.86748	-5.1327	-0.330540909021491
38.313	-5.8634	-3.2643	-1.2965082998662
36.875	-2.9204	-4.2667	-0.82919878867428
36.875	-6.5702	-0.73131	1.02482937155555
32.785	0.6827	-1.7577	-0.768343293538659
36.807	-2.7145	-1.7884	0.488716873957631
36.197	-2.5887	-0.88178	0.107573321543474
37.29	-3.1505	-4.2486	-0.571216282635996
33.099	0.48603	-1.4884	0.829078838950776
34.092	-8.9227	-4.1576	-0.425340302251701
37.012	-7.5666	-2.4787	-0.416943863612484
36.947	-6.3535	-1.4057	0.0524592579803064
24.144	-11.871	-4.1725	0.147982888335773
37.294	-5.8666	-0.45628	-0.49036024686606
38.453	-6.2205	-2.5167	-0.434433707749304
38.205	-3.7763	-2.7418	-1.62123424637605
29.42	-11.225	-3.3753	-0.625348553195368
37.148	-5.3387	-0.68234	0.760105543709446
26.075	-11.349	-3.6326	0.982640871242963
34.237	-0.72906	-5.5845	1.29372207447168
35.409	-7.9537	-0.78786	0.462532727739729
36.261	-5.9674	-0.39885	-0.805778924775529
35.769	-1.1302	-4.9338	0.970341167941623
34.05	-7.3166	-5.0561	-1.46377426513555
33.716	-7.4941	-2.944	-1.11624472569244
36.741	-6.3389	-1.159	0.647920669425056
36.513	-7.4862	-2.793	0.126120138496898
36.212	-4.2356	-0.11937	-0.878969377177111
30.542	1.6715	-0.25718	1.18143180489875
37.523	-5.7548	-4.5898	1.645
28.667	1.635	-0.37636	-0.859282027972262
37.356	-5.2576	-1.0494	-0.764562270453079
36.478	-7.7756	-0.57777	-0.199895423058542
37.883	-3.842	-3.38	0.629799591557943
35.131	-9.2436	-3.3567	0.015526863624367
37.587	-5.2175	-1.004	-0.0835497246521901
36.221	-2.9564	-0.61513	0.895481934215865
38.637	-6.5948	-1.8103	0.390367684518542
36.956	-3.2025	-4.4751	-0.175096405912626
29.985	-11.016	-3.6217	-0.699182104951698
31.672	-6.1599	-5.747	-0.367214547369518
36.491	-1.3732	-4.2775	-0.139045647261971
37.131	-4.5617	-0.87893	1.04869030509975
31.827	0.24387	-1.1057	0.251182840471228
36.602	-7.2462	-0.74841	-0.0798681872148232
35.527	-1.6899	-5.4983	-0.306599948293547
28.143	-0.79826	-6.7107	1.645
36.361	-7.4636	-0.51885	1.645
36.981	-6.59	-0.49138	-0.798629550536808
37.82	-7.0502	-1.9993	-0.183160750356291
36.574	-8.6753	-3.4189	-0.851892498677891
37.993	-6.6047	-0.58157	-1.02601228450495
36.619	-3.3442	-5.008	-0.425037918850198
37.163	-4.0055	-1.8496	1.645
27.841	-0.46924	-6.7153	0.0796650077259438
33.362	0.38835	-1.7634	-0.773486966866861
38.275	-5.2304	-2.3682	1.645
36.744	-6.6862	-0.47204	-0.711343022450242
29.038	-11.463	-3.3336	-0.208434462571343
32	-9.0904	-4.758	-0.537873371636419
34.952	-1.4921	-5.7799	0.166162039524886
35.586	-6.7863	-0.30952	-0.0799756377758924
29.473	-2.0004	1.2233	0.2161713956672
36.946	-7.1431	-0.98937	0.79834825037465
35.2	-1.6433	-5.5416	-0.748974123971937
38.265	-6.0586	-2.7998	-0.0113542990796502
33.966	-0.18969	-0.95979	1.645
37.105	-2.5879	-1.2599	-0.135480573084338
37.342	-6.7824	-1.0638	-0.432353205771456
36.545	-7.0306	-0.54223	-0.242743537142575
35.679	-7.0002	-1.2115	1.25571433275904
35.984	-1.9774	-4.2136	0.873306749295888
35.308	-9.5027	-2.4343	-0.714535410745861
33.845	-9.7813	-3.7695	-0.227522569597017
33.349	-0.35116	-2.0425	0.710094712727294
27.568	-0.41487	-6.818	-0.034489723882852
33.366	-9.9976	-3.4617	1.38497442916797
19.483	-12.108	-3.7965	0.211005203940545
37.162	-5.5491	-4.7764	-1.04597719645781
35.769	-6.9619	-0.47515	0.817483709489429
35.88	-8.2388	-4.4135	0.869486970825075
35.04	-7.5716	-1.0808	0.600653824738336
35.22	-1.6653	-1.0212	-0.518549534862414
36.935	-5.5179	-1.3782	-1.06911775992329
35.664	-1.6218	-5.105	0.298425225411389
26.332	2.8248	-0.26543	1.40888880294283
38.305	-4.7921	-2.3396	-0.216372840069498
37.264	-6.0234	-0.95589	-0.491401460343396
24.961	-12.173	-3.2356	-0.64760112214417
36.493	-3.2037	-1.737	-0.12626179663346
37.016	-2.6871	-3.6991	0.402821595649072
35.521	-7.0953	-0.81215	-1.00391290767507
37.573	-6.2663	-0.94834	0.552657604795706
36.713	-2.7918	-3.6785	0.249350443512115
37.267	-2.9412	-1.1413	-0.309372590933904
36.105	-7.5793	-1.0388	-0.792771623388713
36.149	-3.6882	-0.088772	-1.3423808945607
29.561	-2.1923	-0.92529	1.645
28.421	-10.501	-3.8962	-0.389220942409586
37.543	-6.6177	-3.9242	0.87195089047647
36.013	-5.2962	-5.2194	-0.673374418597577
31.616	-10.133	-3.0478	0.235343657336273
26.865	-11.889	-3.6093	-0.516779517765659
34.944	-1.8333	-5.6746	-0.603658784636217
33.974	-0.2086	-5.4289	-1.33985777460853
27.421	-11.915	-3.1716	-0.632034107332839
24.068	-11.949	-3.7635	0.00805217728002345
36.904	-2.4271	-4.0264	-0.263932779218415
32.829	-2.2829	-5.3286	0.875377483053778
36.607	-2.9684	-1.1872	-0.345598263121593
36.922	-6.114	-0.78434	-0.429907112930913
37.221	-6.042	-1.2144	-0.327518517739709
35.954	-7.1988	-1.5628	-0.352208065767124
35.692	-8.8069	-1.7571	-0.74969362497106
37.491	-6.0219	-1.2997	-0.687259112976919
35.9	-7.2416	-0.67509	-0.812601772344654
36.618	-7.6655	-0.98104	-0.107446648298128
29.945	-1.3699	-6.7296	-1.19829914646727
32.161	0.91575	-1.7862	1.27582658177154
37.605	-6.5111	-0.87244	-0.459650446124823
35.517	-6.5056	-0.50915	1.53384330476617
32.059	1.3109	-2.4168	1.53509395511778
29.196	-10.899	-4.0629	0.762712395227301
24.476	-1.1701	0.93116	1.48866797231769
36.747	-2.8716	-4.7368	-0.286273780615122
38.014	-3.428	-3.3169	1.42010825727742
36.001	-6.2461	-0.9769	-0.484845713943237
36.332	-6.6978	-0.47076	0.54213009481219
38.3	-5.7317	-1.6831	-0.315286973709273
29.979	-11.824	-2.9049	1.10260518370008
37.151	-6.3028	-0.5405	0.877066354451243
36.12	-6.1442	-0.35725	-0.540425456151206
36.271	-7.3453	-1.3238	-0.357133508913734
36.488	-6.1858	-3.8549	-0.392243466168219
35.366	-1.8119	-5.5672	0.341645007920464
36.371	-1.3748	-4.149	-0.521673733220772
31.428	1.6486	-2.2588	0.243132564055343
30.715	1.0071	-0.9415	1.02161509929545
37.231	-3.9099	-4.7721	-0.599652125854156
34.721	-8.3715	-4.579	0.0993826422539687
36.514	-8.5327	-2.2652	1.4480600935383
36.083	-2.6015	-0.39972	0.785380659309747
35.498	-8.087	-2.6598	1.03062130432205
30.178	1.4558	-0.55411	0.959540838307373
33.074	-10.314	-3.0415	0.400557436729621
34.568	-8.0682	-4.3868	-0.302308798526072
36.881	-6.9741	-1.2878	-1.11989019903179
31.206	-10.908	-3.2517	-0.498198251860342
20.185	-12.42	-3.592	0.287765402289329
37.199	-1.6237	-2.4917	-1.56726452197026
36.947	-7.3373	-1.2444	-0.346821459596436
33.778	0.11392	-0.5513	-0.904820523133265
36.98	-3.2319	-1.217	-0.797650029706368
36.125	-7.0592	-0.43751	0.801274580172504
30.989	1.3364	-1.2695	0.887379029390809
37.721	-2.718	-3.5393	0.476956096279096
36.492	-7.4624	-0.46387	-0.829586794714921
35.897	-8.9728	-2.3728	-0.0785781883043202
36.92	-3.6492	-4.6394	-0.993345645469728
36.993	-4.0546	-1.8566	0.770170312300191
34.583	-9.2741	-3.2361	-0.734624052319347
34.344	-1.2254	-5.6987	0.891921212798918
35.742	-8.0212	-3.8443	-1.58841156769411
37.001	-2.4226	-2.9225	-1.22640998364231
35.171	-6.1369	-1.2886	0.933635667098608
37.028	-3.37	-4.176	-0.0932887907834171
33.298	0.35184	-3.695	-0.542672093828582
30.361	0.79431	-0.83387	0.75447726210958
35.436	-6.7361	-0.95815	-0.608597068692047
37.41	-6.4188	-0.83121	0.747326394929053
36.383	-1.4084	-1.6501	-0.862767262139203
28.632	2.1882	-0.58482	0.020153794449264
34.186	-2.9176	0.81454	-0.771745480888019
36.195	-4.2493	-5.2274	1.58690528788125
26.47	-1.2093	0.66759	-0.348764444556054
36.233	-7.5856	-0.90686	-0.791374970573852
36.421	-8.4179	-2.0881	-0.662670111051142
37.469	-3.1858	-2.9957	0.773462342966708
35.257	-2.0901	-4.006	1.645
36.163	-7.092	-0.771	-0.331044118336468
37.734	-5.9544	-4.0513	0.456702528828505
37.902	-5.9908	-2.0936	1.47757541697234
37.448	-6.4351	-3.4083	-1.10800582960271
36.099	-7.3386	-0.73775	0.546888174367778
38.19	-5.2303	-3.4668	-0.465694641894037
32.123	0.60269	-0.86491	-0.0471808061834037
32.053	1.3059	-1.5197	-0.634915214710197
36.699	-4.6467	0.089536	-0.826045111599314
27.83	-11.511	-3.6894	0.287423534213303
35.927	-2.6184	-5.194	-0.19285563171642
36.378	-8.7082	-2.2334	-0.696310086514633
37.434	-4.6484	-2.4277	0.268076186720102
36.422	-2.8263	-5.0446	0.374642871806648
37.128	-7.3771	-0.91807	-1.0392164747434
36.806	-7.1946	-1.9069	-0.344906800030132
34.659	-0.55942	-4.4261	0.289890718256555
36.328	-7.1272	-0.93379	0.354175519637371
36.281	-2.7152	-5.341	-0.879235234565978
37.412	-6.2447	-2.696	-0.581832229775134
35.967	-2.729	-0.69909	0.946313156196586
36.783	-8.0664	-2.712	-1.02609016997332
36.508	-6.9874	-0.76697	1.20296991687779
37.295	-4.7406	-4.9434	0.695328516276066
37.907	-5.6622	-1.514	0.547679700642666
36.54	-2.6445	-3.9797	-1.23749168569022
34.705	-0.88028	-5.109	-0.578262893142934
35.571	-0.535	-3.7779	0.119825349257309
36.023	-3.1128	-0.9772	1.645
36.969	-6.9389	-2.1567	-0.487835699842498
30.821	-10.653	-3.8519	-0.56185920486923
34.81	-1.815	-0.71735	-0.326423994618758
37.007	-3.2381	-4.6457	0.359013542135
22.98	3.3486	0.063496	1.645
32.159	-10.433	-3.0039	-1.11881313741651
37.195	-6.8729	-0.94274	-0.549239018515658
34.005	-0.32428	-5.4688	-0.957784840072274
37.776	-3.2527	-3.708	-0.806273248700939
25.345	2.9604	0.81839	0.423699634290733
37.704	-6.9036	-3.5007	-0.379798831376467
25.232	-11.836	-3.4376	-0.424847997615088
35.212	-2.5121	-5.7232	1.22398608509724
38.366	-5.4234	-2.4492	0.214756248488916
29.989	-1.4419	-6.6104	-0.408437029274267
37.702	-3.2554	-2.2478	-0.126540228791023
36.695	-8.3244	-3.4796	-0.0393021075368196
22.216	-0.28528	1.8218	0.515880835475402
27.938	-0.14693	-6.4389	1.45197571121262
37.215	-2.1692	-3.2804	0.0856147700209294
24.948	-1.1145	1.1193	-0.798451308457117
35.868	-5.9551	-0.76246	0.876822143370587
28.015	-11.269	-3.5031	0.69002749573277
36.415	-2.8229	-5.3315	0.866445247102405
36.026	-2.1342	-5.1439	1.60312558541725
36.861	-6.3361	-0.60656	-0.974898451550924
34.486	-9.5717	-3.7802	0.988457418602564
22.352	3.0673	1.2586	-0.902376213693983
35.219	-2.1202	-1.3575	0.173019018922286
36.39	-6.9544	-0.46647	-1.17575164985851
32.516	-0.5129	-6.2823	-0.916327066473876
37.032	-6.1426	-0.88556	0.332731437041318
28.289	2.0839	-1.1024	-0.586985030692836
33.548	-1.5978	0.067007	-0.8796823516739
35.336	-1.5855	-5.3664	-0.808947515293671
35.391	-7.7354	-2.7639	-1.1115535948174
36.84	-7.9578	-3.3052	-0.588381486368883
37.095	-3.2146	-1.7715	-0.74237419678562
33.859	-9.2605	-2.5721	-0.304341073446169
35.877	-8.4213	-3.4308	0.947164069266179
34.549	-0.84299	-5.6394	0.966392787612449
36.996	-7.5551	-2.6668	1.21178659470238
34.832	-7.3907	0.24362	-0.856454849332445
33.235	-10.72	-2.9872	-1.31536578553809
37.307	-6.0201	-1.5607	0.0887087186996656
37.418	-2.9354	-2.5082	-0.519325229884646
34.343	-1.6947	-5.9695	-0.0251493885516
35.852	-6.3953	-0.66102	-0.0878990044915186
23.219	-11.625	-3.7246	-0.436165900991653
25.658	-11.743	-4.0632	0.899551019432184
36.408	-7.0685	-0.74929	0.873564072471679
34.872	-9.2335	-3.1798	0.578223688017704
32.521	-10.366	-3.3013	-0.52148578051686
35.301	-7.1362	-0.87532	-0.779589300823179
36.981	-7.338	-4.1057	-0.295670360699111
36.532	-2.2219	-4.9142	0.0843601344397797
36.587	-6.9588	-0.9185	-0.311656753310679
37.804	-3.758	-2.5106	0.157315197554911
37.188	-3.3266	-4.129	-0.868783708716504
36.601	-3.3263	-0.83788	-0.424182490130254
20.494	-12.103	-3.3423	0.142688384558364
37.343	-6.62	-3.3463	-1.34479854035565
34.74	-1.4122	-5.6472	-0.574260686422049
33.679	-0.86234	-0.17042	-0.0316714377805441
36.655	-3.0677	-4.4207	-0.801462962609121
34.85	-8.5722	-4.0191	-0.669899912092599
30.867	-10.809	-3.5384	1.645
37.307	-3.9139	-4.5918	0.173844248524803
36.667	-6.7386	-0.78268	-0.0750093710115572
31.457	-0.30158	-6.5963	1.645
35.913	-7.6121	-0.87189	-0.722033434399014
36.13	-2.8164	-5.1146	-1.0003247752327
35.209	-0.0088546	-1.6024	-0.431215153075954
37.083	-6.3311	-0.76982	0.13549405994005
36.223	-7.7271	-1.0545	1.05962671917912
30.474	-10.434	-3.6727	1.55086151701427
35.745	-6.4161	-0.72233	0.188273295572776
34.25	-0.42419	-5.4538	0.0475581757396593
35.158	-7.4175	-0.57039	0.0311641684492086
37.835	-4.0336	-3.727	0.746302122773782
29.205	-1.0063	-6.6398	-0.0635940642224562
35.456	-3.3218	0.088323	0.235850092370077
29.803	-10.77	-3.5859	-0.110088083225341
37.4	-5.3887	-1.203	-0.177573963671767
38.39	-4.8164	-3.1837	0.78646629939131
28.169	-10.539	-4.4468	-0.46269402445026
37.101	-6.2474	-1.5272	-0.959761556644501
36.103	-2.9353	-0.50444	-1.645
33.597	-0.56617	-5.3621	1.2688076687568
34.55	-8.264	-2.9045	-0.447142532745758
35.071	-9.1648	-1.7033	0.567204447094466
37.21	-4.2579	-4.7383	-0.904287666012281
35.826	-8.9178	-2.6398	0.277043513755384
29.572	-9.596	-4.4341	-0.804393142233374
38.35	-4.2938	-3.138	-0.252221226381932
33.688	-2.6749	1.0381	-0.455895168132056
36.474	-2.0151	-4.8982	-1.11435318348317
36.528	-6.7207	-0.3798	1.645
33.424	-10.084	-3.4669	0.0274390130355427
35.861	-2.605	-5.277	-1.40123544745569
34.46	-9.1908	-4.2253	-1.14714272960921
38.32	-4.8525	-3.1108	-0.23714304997328
37.496	-3.2443	-4.1554	0.696270358664501
26.909	2.6637	0.026832	1.41738949908293
23.052	-12.064	-3.317	1.645
37.644	-6.4692	-2.6675	-0.687869867515053
36.848	-6.5595	-2.1398	-0.728195937023571
29.035	1.6447	-0.066406	-0.702931366164606
35.626	-7.5125	-0.57968	-0.294927153988549
37.322	-7.6218	-1.4826	-1.29124755801582
35.285	-8.2893	-0.64382	-1.28440931093845
20.084	-12.312	-3.48	-0.829024517280122
28.865	1.751	-0.48839	0.745450724902489
29.709	-10.969	-3.9119	1.13391695119546
37.772	-3.5059	-3.3861	-0.847722015040323
36.942	-6.4637	-0.66239	1.07665668341657
33.758	0.38343	-3.2386	0.51334640132255
36.282	-1.236	-3.9953	-0.330948963304705
36.872	-6.6326	-0.5159	-0.714361789981294
27.991	-1.7102	0.46544	-0.708145566982291
34.467	-0.7789	-5.5486	-0.294530194751337
28.91	-10.416	-4.3339	0.772323131290461
36.451	-2.0925	-4.9467	-0.810651582036047
29.772	1.7553	-0.20628	0.426216101499348
37.46	-4.4038	-1.0835	1.645
30.47	-9.6622	-4.3325	1.645
31.478	0.98321	-0.87069	-0.0124278160825669
36.431	-1.4634	-3.8262	0.13832443499195
36	-9.0717	-3.5695	-0.690152320858785
37.711	-5.9719	-3.357	-0.878616596444308
27.558	-11.495	-3.2371	-0.415203751504951
24.502	-11.889	-4.0808	-0.47324887022662
36.522	-7.3306	-1.1206	-1.52953143322354
34.234	-9.0501	-4.1876	-0.67666811200039
34.039	-8.7942	-4.1058	-0.514644493641663
36.049	-2.8343	-0.31658	-0.328338445669044
35.726	-3.108	-0.29894	1.645
37.247	-6.3258	-0.74275	0.795714274265816
36.663	-8.0185	-1.3392	-0.53980600993208
36.819	-2.209	-4.6629	0.30241849087936
36.367	-7.0131	-1.7098	0.765553927009923
37.603	-3.5366	-2.3554	-1.34328059788627
37.32	-2.9559	-2.0473	-0.732163861316245
36.358	-3.1915	-4.9347	-0.222863649146075
18.772	-12.196	-3.1299	0.0398843298002263
32.75	-10.422	-2.8005	1.4418298825522
36.785	-1.4031	-3.5604	-0.373015120799096
35.477	-1.5291	-5.0441	-0.566585306610334
28.024	-11.618	-3.2678	1.07254205602901
38.028	-3.372	-3.8422	0.254763047354259
35.983	-6.7157	-0.25748	-0.0876812615580093
37.675	-7.2641	-2.5191	1.645
38.285	-6.068	-1.6478	-1.26217840937054
37.648	-2.9954	-2.6871	-1.25107725395239
36.758	-6.2914	-0.49534	-0.35825650372955
37.3	-4.165	-1.6175	0.517360522648404
27.805	2.13	0.2655	1.35970501742717
33.741	-1.9733	-5.4226	0.0939167287235978
36.11	-7.4497	-1.499	-0.679376190674788
37.13	-3.482	-3.5833	-0.781610458956097
37.065	-7.2034	-1.1197	0.0913113301183999
35.676	-1.5634	-5.343	0.105892406952651
25.634	-1.2253	0.94194	0.633402782855233
36.345	-2.7504	-1.3676	-1.43997931861767
35.006	-5.2704	-0.66318	0.471163911246542
21.515	-0.82075	1.3352	1.645
36.934	-7.1197	-1.3898	-0.951615204686124
35.563	-2.7773	-0.24283	-0.225188616993934
37.173	-2.6245	-3.9132	-0.890477326300654
36.387	-2.0945	-4.6511	-0.0814163259050887
35.784	-2.114	-0.96068	-0.513887009459821
37.664	-3.9756	-1.3644	-0.894454273419312
33.453	-9.9212	-3.2833	0.0195154481111137
28.418	-11.12	-3.9506	-0.250937922913439
35.617	-3.9137	0.42156	0.148679782271291
35.863	-2.4069	-2.5622	-0.090120027859533
35.028	-7.1752	-0.66195	-0.0210817591322733
35.812	-5.4805	-0.52955	-0.604162548115004
35.948	-1.8128	-5.129	0.191155310056209
36.383	-2.5713	-5.1106	-1.09364540398726
37.161	-6.9458	-4.105	-1.46873229569132
33.48	-0.64767	-5.7709	-1.04207996049618
36.767	-7.3284	-1.2693	0.989000920307299
34.688	-1.4445	-4.5017	0.306557083904247
35.727	-1.6297	-5.1851	-0.285701413547686
27.955	2.3396	-0.87238	-1.18228489282905
33.377	-10.479	-2.644	-0.702368037297331
32.498	-1.6331	0.075498	-0.154059755395883
37.362	-2.3661	-4.0574	-1.36298426015972
37.957	-5.771	-1.0749	0.618014090521214
36.775	-7.7189	-0.67347	-0.0706961445086291
37.412	-4.5111	-2.4789	0.50479358643111
36.828	-7.5118	-1.7764	-1.51241617401159
34.807	-9.2413	-0.70097	0.579958818308162
37.16	-6.5484	-1.2193	1.645
36.12	-6.8519	-0.23334	-1.12226863560848
38.418	-4.7373	-1.7362	1.645
33.209	-1.3065	0.58739	-0.236244450844779
36.674	-2.2954	-4.338	0.303528540113341
36.732	-2.5374	-4.5019	0.521082299251456
37.642	-6.2693	-1.2363	-0.672107617727381
34.288	-1.2429	-5.9811	-0.898139641109601
34.357	-6.5455	-4.6842	-0.832634643369439
33.459	-6.2113	-5.0877	-0.189984436455795
34.398	-1.8175	-6.1834	-0.0592903540128364
28.402	1.6858	-0.84161	1.645
36.054	-8.1439	-2.2738	0.642507215496739
36.711	-5.4696	-0.059321	-1.55190420016254
36.851	-6.8	-1.1773	1.23655394455014
38.242	-5.918	-2.1091	-0.827331837715026
37.137	-3.3898	-4.8805	-0.689945283335
37.779	-6.3044	-1.8107	0.839488826929173
34.925	-1.4506	-5.7603	-1.645
36.307	-6.6518	-5.0565	1.645
37.216	-7.7869	-1.3901	-0.0571396645396317
34.201	-6.8832	-5.1613	-0.297416074871322
37.024	-5.0281	-5.0016	-0.0781040516958041
31.076	-10.596	-3.1788	1.26544138090516
37.732	-3.9914	-1.8724	-0.777462761726484
28.05	2.1178	-0.84351	0.0100228521565758
29.068	1.9082	-0.13313	-0.338090459523703
38.105	-6.1144	-1.8308	-1.33115883570822
31.208	-10.341	-3.9103	0.0719525410374017
37.164	-3.1932	-4.4762	-0.280248793521226
35.947	-7.6318	-0.92707	1.645
26.384	-11.718	-3.1602	0.304783759804063
17.539	-12.176	-3.6076	-0.985447091462784
27.847	-1.0006	-6.7591	0.213775740944199
28.06	-11.31	-4.1272	0.10279468171191
26.252	2.4373	0.2568	-0.688204594134122
36.415	-1.8489	-3.4901	-0.459791531073668
36.414	-6.6305	-0.54073	-0.545783745793594
36.926	-6.1455	-1.226	1.645
37.013	-1.3675	-2.5758	-0.363272300979831
31.516	-1.6663	-1.0651	-0.515732518927116
23.685	-0.6064	0.95115	0.784717329901909
27.546	2.3168	-0.11179	0.0709327464224725
36.582	-3.2051	-5.0006	1.645
37.103	-6.8195	-0.88503	-1.0572514743991
36.399	-7.0935	-1.8265	0.621060778929283
35.481	-2.2084	-0.77026	-0.71736795890686
27.377	2.5778	-0.06166	-1.06576267099085
29.712	-0.9678	-6.7499	1.645
37.899	-7.3266	-2.9614	-1.14919234244996
36.681	-7.6883	-1.3233	1.28714491165269
36.539	-6.8839	-1.4043	-0.224374095581659
36.927	-2.4784	-4.6331	-0.825953227140081
37.289	-5.8562	-1.1742	-0.155681616802558
36.35	-1.06	-3.5694	-0.690239719741604
36.839	-2.8458	-4.6107	-0.329661561070057
34.409	-9.3628	-3.4874	0.86395348703551
21.749	-12.082	-3.1072	-0.238577308683275
36.479	-2.3034	-4.7111	-0.327578809534489
35.35	-9.2134	-2.9742	-0.792305657789806
37.069	-7.3037	-1.1191	-0.261095166259138
37.293	-2.0806	-4.0461	-0.34261465170066
37.112	-7.3561	-1.2594	1.645
35.298	-7.0473	-0.77197	-0.602536321622859
34.237	-8.2289	-3.8283	-0.793332164541291
38.056	-5.1676	-2.5888	-1.37803894533629
35.642	-2.2581	-5.5624	0.270423171388198
37.132	-6.4566	-0.84542	-0.138365720642221
33.381	-2.7503	-0.92077	1.07326630625224
36.842	-7.1254	-1.1484	-0.868985809724009
36.903	-6.0825	-1.1782	-0.459605461649787
36.19	-1.7172	-3.5639	-0.628520615997407
34.92	-2.2908	-0.34357	0.534240834949842
38.043	-4.5569	-3.3936	0.0305553868100645
35.541	-0.99494	-3.919	0.0194080093062484
37.769	-5.0176	-1.871	0.108664054256892
35.269	-8.6907	-0.96378	-1.13866338491964
36.885	-8.2585	-1.4113	-0.510940104800701
34.961	-9.0902	-2.5955	1.09771256622319
36.838	-3.1052	-0.58324	-0.284221569234279
27.664	-10.9	-3.9195	0.10472590052614
23.422	-0.66444	0.89025	-0.902469495127636
29.878	1.9333	-3.6835	0.0928506692003482
38.515	-5.1784	-2.2231	0.430001592801855
38.137	-5.8416	-1.5113	-0.883448013828088
37.654	-2.3191	-2.4915	1.20701513458514
35.139	-7.3104	-0.6746	-0.701340339148884
29.667	-0.36181	-6.2471	1.645
34.572	-9.5317	-2.8881	-0.779440903281591
36.627	-2.2565	-4.6513	-0.241859773750603
38.041	-6.1191	-1.0396	-0.544734357951036
35.898	-7.0416	-0.93679	0.384219527160435
33.998	-7.9864	-0.16569	-0.624930404500044
35.179	-4.4275	-0.35156	1.645
35.475	-6.9959	-0.76676	0.869438774151365
32.07	1.4293	-2.3833	1.645
35.045	-8.4451	-3.0206	-0.843640467114227
36.626	-6.7312	-0.7282	1.645
28.783	-1.1034	-6.5278	-1.21614652204431
35.933	-8.4365	-1.8553	-0.814744155053659
32.506	-10.224	-2.3987	-0.00839833346566305
34.744	-7.6455	-4.2175	-0.485787786739728
35.716	-8.4489	-2.1184	-1.04232498835368
31.72	-0.96702	0.3544	1.645
36.751	-6.7733	-0.83624	0.120410317305512
26.305	2.5123	-0.34699	0.084014246182111
37.254	-3.0555	-4.385	1.645
34.17	-1.3725	0.13005	0.856911213623632
36.772	-2.0808	-3.8427	-0.632965346280722
28.764	-0.51537	-6.6424	0.195783754109018
38.014	-5.9577	-1.8809	-1.01233781219689
34.574	-3.6874	0.49795	-0.981896723643126
36.293	-1.505	-4.5643	0.685572455816941
36.234	-7.6629	-0.97961	-0.639464292090328
34.65	-7.5723	-2.293	0.464751224850042
36.083	-8.5847	-3.8822	-0.561425360670008
27.103	-1.7895	0.51807	0.983382757345702
36.16	-3.0067	-5.1595	1.645
33.832	-9.4165	-3.2844	-0.832678475699003
35.349	-1.7696	-4.8635	1.05125034305294
37.166	-4.2299	-4.5378	0.364677510075206
34.808	-9.1052	-3.57	0.277651464568737
35.873	-6.1718	0.076158	-1.18379703413631
35.622	-2.128	-5.639	-0.543350518639695
37.437	-6.1818	-4.1612	-0.566494031772323
36.152	-7.3342	-0.95071	-0.666602981600048
35.261	-1.5128	-5.0484	-1.02863711744021
33.824	-9.9319	-3.7705	-0.787206787658158
35.159	-5.0452	-1.1061	-0.573524692096982
30.039	-10.6	-3.9322	0.927835889593794
30.135	-9.1454	-4.2499	-0.176187754038999
29.138	-11.188	-3.8476	-0.376121245976341
35.92	-6.9901	-0.49628	-0.971759857872049
31.224	0.17342	-5.7504	-0.716279673168982
35.622	-3.6657	-1.0615	0.0846446525170081
37.487	-6.2291	-1.7669	-0.13580698141426
35.929	-8.1243	-1.4357	1.645
33.353	-0.15211	-5.6436	-0.719680985787498
34.134	-10.156	-2.7773	-0.234881890046169
35.54	-1.4891	-4.931	-0.182540025504095
34.026	-9.7903	-3.2879	-1.07663864533918
36.626	-5.7911	-1.2278	-0.962616928013516
24.178	-11.704	-3.6301	-1.34816482081192
37.404	-5.4861	-1.3972	-0.383518522714549
33.892	-0.68384	-5.8885	-0.304822234139891
24.368	3.7988	0.25655	0.443170343871196
25.316	0.0397	0.96357	1.645
36.37	-2.9592	-4.9675	-0.0382323098428518
36.177	-2.5183	-1.6875	-0.536112290914698
34.494	-0.21675	-1.9609	-1.25488294939958
36.989	-2.1522	-4.4694	0.320887803485505
29.538	-10.738	-4.0519	-1.32332728951446
37.198	-6.5255	-1.0386	-1.06557527021075
36.164	-7.808	-2.0116	-0.581450129039353
26.615	-11.683	-3.4185	-0.433494072857368
35.959	-8.016	-1.3819	-0.766659958366473
37.27	-6.2276	-1.1357	-0.672602623766824
36.454	-6.533	0.32032	-0.545393140664035
36.452	-2.8956	-0.53636	-1.00432854987436
33.279	-10.124	-3.4263	-0.846559517562189
26.736	2.6919	-0.6298	1.12505391654967
37.768	-2.7583	-2.6984	-0.78182691317223
35.59	-2.7801	-5.4654	-0.463128247717358
37.579	-7.1001	-2.0947	-0.55757045632341
36.093	-8.6628	-3.2445	-1.1251561733251
33.734	-9.5652	-3.4776	-1.645
38.216	-4.6273	-2.5373	1.29602914612461
27.089	-11.553	-3.8875	-0.15803391119694
32.801	-10.494	-2.9191	-0.260630826225101
38.241	-4.5629	-4.0563	0.472303706912318
37.785	-3.759	-1.4766	-0.857957314773846
38.276	-5.2348	-2.0977	-0.715099965208805
37.742	-3.366	-3.0438	0.355080582517635
27.815	-0.57083	-6.707	0.172325056652752
28.23	-0.50422	-6.5389	0.434196898643085
29.63	-0.92416	-6.7941	-0.984113389590733
33.189	-2.0783	0.76822	0.0459712374296751
34.078	-0.040589	-5.3448	-0.778015646296744
36.923	-2.6406	-4.693	1.04905433760418
30.923	-10.273	-3.951	0.953749649812648
33.454	-0.75361	-5.856	-0.422588052636432
37.946	-3.4073	-2.4633	0.200425805995145
24.271	-12.112	-3.4109	0.962142683882569
36.432	-7.4201	-0.80639	0.242318825346972
35.365	-1.0409	-4.4356	-0.747961846547112
36.627	-4.0545	-5.0559	1.645
36.92	-5.8143	-0.62305	-0.942552302230435
36.617	-3.1258	-4.9507	1.645
35.936	-1.5523	-5.1143	0.0692514408163339
22.13	-12.369	-2.9595	-0.273060677121091
35.285	-7.5377	0.066807	-0.532027360698333
34.246	-1.9271	-6.1455	-0.372113972213611
35.563	-0.78294	-4.4159	-1.07357086746624
37.246	-2.3567	-4.2847	-0.884801620225773
36.836	-2.003	-4.5542	-0.880595467736179
35.681	-7.0142	0.034118	1.645
28.476	2.3052	-0.21928	-0.845640609963027
36.702	-4.5632	-0.72328	-1.14332488441872
35.022	-2.2931	-0.30106	-0.596796923177571
36.997	-2.8596	-4.6194	-0.621046192977378
31.828	1.1086	-2.2523	-1.11490061667162
35.129	-7.3311	-0.43908	0.207901484611104
35.687	-2.4359	-5.3201	-0.941704359540669
26.988	-0.92323	0.91876	0.661222503081835
31.846	-3.3065	-0.63738	0.409946877713878
33.401	-1.0653	-5.7202	0.19238115993913
36.04	-6.7814	-0.20054	0.80464260679346
34.114	-0.95412	-5.5611	-0.367601780432983
36.599	-6.6278	-0.62335	0.467145125242218
37.135	-6.6056	-1.2216	-0.61575037735081
38.176	-5.8106	-2.8118	-1.06228636953051
37.58	-4.0989	-3.3811	-0.383632732209328
35.637	-6.7245	-0.37612	-0.0135815444516157
35.282	-0.54191	-4.5888	-0.6486207939659
35.082	-1.3413	-5.5522	-0.925682260915428
35.866	-8.262	-4.0059	1.645
37.104	-7.4099	-0.84084	-1.5204644191718
35.513	-9.1151	-3.2543	-0.6382600688506
36.187	-7.133	-0.64214	-0.41460780680531
35.107	-0.70271	-4.7009	1.18009372078836
37.184	-1.7013	-2.732	0.420243269073393
37.267	-6.9481	-1.9059	-0.983860832176341
32.963	-0.82231	0.13576	0.204533404880914
35.467	-1.2018	-5.1814	-0.941208738169365
19.144	-11.629	-3.5846	-0.628159791597198
35.444	-3.6749	-0.45329	0.601610828410203
33.256	-0.209	-5.6186	-0.1035004476968
38.277	-5.7043	-2.5148	1.645
35.262	-6.5396	-0.11959	0.0888522351533625
36.147	-2.2079	-4.9607	-0.738828115358588
25.063	2.6942	0.50611	0.828673516356568
35.954	-7.1833	-0.97152	0.213546291736076
31.359	1.133	-1.4757	0.99594672890476
36.883	-3.2841	-4.7561	-1.4561865772756
37.07	-3.5895	-4.5398	-1.1935986414818
29.455	1.4441	-0.33154	-0.299079922262757
30.771	-10.607	-3.8479	-0.264391440114116
35.249	-6.5454	-5.549	-0.133472212241459
37.709	-3.0288	-3.4199	1.00562429070575
36.433	-4.7672	-1.4114	-0.747195237969786
27.534	-0.34665	-6.4868	-0.886231352043356
36.086	-7.7136	-1.5338	-0.0983360732450931
38.056	-6.0844	-2.1369	0.624767688865468
34.733	-2.7372	-1.1845	0.0765491792275945
34.09	-1.9336	-5.9096	0.54963168178404
30.214	-10.125	-4.3742	0.0769394232539379
36.733	-2.908	-4.739	-0.206821743552547
32.649	-1.5728	0.16861	-1.10101468285052
35.94	-8.616	-2.4003	-0.0317640154060402
38.211	-6.7695	-2.7243	-0.518191339135365
34.473	-6.0424	-5.0366	0.12820771089581
36.627	-6.1571	-0.69163	0.0334938292134524
36.064	-7.1385	-1.2273	-0.343607008825471
28.21	-11.078	-3.6007	0.956184361132681
33.526	-9.8154	-3.646	-0.826473390660724
37.809	-4.4404	-2.6843	-0.892856217072818
36.294	-2.8729	-4.9081	-1.12317175640032
36.932	-2.2441	-4.676	0.939494259891442
34.882	-7.8087	-4.7386	-0.110920049976441
36.476	-7.382	-1.0621	-0.313506916850207
37.275	-3.0113	-4.2995	0.126016740058945
37.16	-7.4515	-1.5202	-0.605081958563544
29.493	-2.0896	-0.37662	-0.98171751642918
36.008	-4.144	0.37998	0.363861196797454
33.871	-0.68123	-5.6772	1.42804859720721
26.97	-0.27744	-6.7405	-0.885113019317118
34.878	-7.421	-4.5206	-0.733320844824419
36.796	-7.0838	-1.2456	0.895267562673518
36.362	-7.0014	-1.1047	-1.05109988397694
20.626	-11.99	-3.1838	1.645
37.31	-7.5264	-2.6178	0.372065360483666
30.671	-0.85242	-6.8893	0.871141679847263
16.859	-12.177	-3.2421	-0.360730651546585
36.905	-4.2578	-0.4808	-0.753667031653585
35.511	-1.8353	-5.3157	1.645
21.085	3.772	0.79139	-0.352709616295474
37.367	-3.737	-1.2535	-1.30880558326015
36.651	-7.5829	-1.2475	0.725987240373423
35.014	-8.2377	-0.58041	-1.18363957547822
36.616	-6.8313	-0.47681	0.769314201552035
36.201	-2.0957	-4.461	-0.58991218420319
36.759	-7.1446	-0.57465	-1.16456788005886
35.043	-1.2339	-5.4064	-1.14331331612378
36.334	-6.388	-0.29077	-0.655646757269105
35.239	-3.0074	-0.11223	0.690219667172721
33.832	-8.7472	-3.3011	-0.799051461344677
29.377	1.7668	-0.97623	1.645
36.531	-6.2769	-0.45093	-0.381899395848216
35.735	-6.5504	-5.0381	-1.06442924227318
36.185	-8.2947	-3.287	-1.45180272794341
30.382	1.5907	-0.49021	0.247150508133837
36.292	-7.3381	-2.103	-0.589851893929314
30.558	0.84485	-0.90212	-0.206092785573617
