30.252	-10.709	-4.2735	-0.85858030193819
37.784	-3.0457	-3.1938	0.237789783238681
35.233	-1.7225	-5.4094	0.440733198467079
36.304	-5.6636	-0.46282	-0.441332543153098
34.958	-1.4558	-5.6443	0.346568381777961
35.711	-7.1492	-0.48083	-0.150806817627357
35.577	-2.1617	-5.7207	1.16733826068964
30.384	-1.1125	-6.3906	-0.729292452520005
35.662	-6.8765	-0.14067	-0.55549688924306
37.208	-4.7836	-0.79393	-0.333250382118276
35.031	-0.73919	-5.3013	0.16635360033989
30.639	-1.4277	-6.4224	0.378482224583661
30.396	1.5929	-2.7118	-1.10227945817128
37.36	-1.9229	-3.4248	0.0391868175564258
38.053	-4.9272	-3.8114	-0.22404653300275
25.215	3.2448	-0.1568	-0.915080346829205
37.946	-3.3618	-3.7233	0.796134491944516
36.345	-3.4584	-0.40195	-0.791892563160097
29.468	1.8323	-1.3242	0.232739129062784
35.221	-8.5458	-1.1697	-0.685377925605909
37.076	-4.767	-1.1442	-0.513621915793575
38.1	-6.0953	-1.2467	0.11027597985674
37.421	-4.2265	-4.3602	1.43495357276158
37.609	-6.1563	-1.2378	-0.405827780794797
29.628	1.4832	-0.091737	0.086293325647333
30.886	-9.9839	-3.954	-1.0606838059549
36.237	-7.9567	-0.56517	-0.305408715341592
38.043	-6.8756	-1.8666	-0.4946619288784
37.508	-3.0489	-2.1855	0.714083585672687
38.329	-4.7319	-3.6869	-0.493139215738449
34.7	-1.2137	-5.6412	0.954567807539036
38.1	-3.8544	-2.0497	0.329902614553899
35.969	-7.2747	-0.90899	-0.123866843982837
27.088	0.10397	-6.6888	-0.661649411602108
37.973	-4.0567	-3.8317	0.0445014399238691
27.649	-11.462	-3.5438	-0.144631645335837
35.681	-8.7417	-2.8366	-0.46855693538863
27.506	2.6504	-0.70193	1.645
29.352	-10.501	-3.6657	-0.528413225634467
36.904	-6.9214	-1.6942	-1.24836552524399
35.473	-9.362	-2.7353	0.260598251683456
36.27	-3.1772	-4.7845	-1.3002480074536
28.019	-0.25125	-6.6692	-0.0467118166344462
33.485	-9.167	-3.831	-0.761192066030895
34.236	-10.016	-2.8261	-0.633184373907182
33.449	-0.6842	-5.706	0.465530172404166
36.817	-3.992	-1.0023	-1.08152878516745
36.439	-2.5243	-2.1194	0.0756681095678081
34.364	-0.084456	-4.3062	0.0426370653640545
35.596	-0.68966	-4.4515	-0.737337565818773
36.24	-2.3286	-1.4169	-0.48734444807771
36.865	-7.6925	-1.6333	-0.662626790415756
37.22	-6.5674	-1.1292	-0.772283410284134
37.897	-4.8967	-1.5729	-0.780450931378031
35.228	-2.001	-3.9949	-0.74391182536914
33.384	-0.71081	-6.05	1.09531286133014
36.605	-7.0821	-2.621	-0.659336594848463
34.196	-9.5363	-3.2052	-1.25356350372205
30.378	-9.9318	-4.0164	-0.508150316355299
35.451	-2.0421	-5.2604	-1.05760961467969
37.029	-6.5279	-1.0449	-0.42184414727946
36.22	-7.0306	-1.8249	-0.677686815847616
35.361	-7.6139	-0.68234	-0.74499491434357
37.68	-3.1829	-3.9933	-0.151648650441199
34.157	-1.6204	0.0068926	-0.611607275654076
37.485	-7.2194	-1.5734	-0.133285781210994
36.966	-5.8746	-2.2644	-0.581241150049196
36.318	-6.8931	-3.2431	-1.28635602537356
34.278	-8.7974	-3.7387	-0.8388685881979
31.307	-10.824	-3.7747	0.166826016814361
37.731	-4.9146	-1.0312	-1.02197435725286
23.754	-11.761	-3.3614	-0.506433056210197
36.647	-7.5774	-0.80506	-0.161663416187454
37.798	-6.4612	-2.1662	-0.626491920249082
37.754	-3.583	-4.2792	-0.0963982318394737
35.975	-7.482	-0.79263	-0.776127655050295
37.505	-6.6685	-2.6847	-0.820883267609649
35.53	-1.198	-4.9193	0.154287221769834
37.23	-3.1353	-2.1204	0.786267780040145
36.382	-2.1964	-0.9519	0.240280113391355
24.761	3.1961	0.59405	1.18235989005526
33.85	-8.5339	-4.1833	-0.891144295739101
31.588	-10.845	-3.7152	-0.578178166748962
34.348	-1.5875	-5.124	-0.763064728308761
35.855	-8.5351	-4.1011	1.2332674425952
35.188	-7.5203	-0.50527	1.645
29.408	-0.87213	-6.5897	1.645
29.318	-10.906	-4.083	-0.157055140989308
36.734	-4.8522	-4.9762	-0.278791498616266
36.425	-0.63911	-3.5397	-0.969729982210222
35.68	-4.0853	-5.459	-0.0805288257257081
37.21	-7.0648	-0.9211	0.00511904720910988
35.97	-1.7404	-1.3486	0.968868093714989
36.73	-2.8421	-4.3338	-0.49042638344251
35.127	-8.9068	-3.2601	-0.290760152705752
34.516	-1.442	0.39769	0.850942043696387
26.621	-0.41676	-6.7491	-0.619073926015575
33.447	-0.099584	0.24688	0.338681977424543
35.417	-9.3933	-3.2228	-1.03805103087479
37.061	-6.5184	-1.2337	0.434896117385368
36.761	-4.0431	-2.5386	0.0530356949473264
36.51	-6.2637	-0.54518	1.1868036742964
36.466	-7.3544	-0.70317	-0.762072951158107
28.861	-2.2487	0.5869	0.57731815290997
37.211	-6.4572	-0.88182	-0.325341022967556
37.444	-6.7964	-3.6172	-0.13516386440394
36.601	-7.2495	-1.0362	0.413707621190641
27.931	-0.28496	-6.5634	0.230982357444316
31.618	-10.13	-4.2517	-0.539242795844517
36.223	-7.4272	-1.0084	-1.26015629119403
29.629	-10.882	-3.5421	-0.666249777430075
29.947	-10.855	-3.69	1.645
37.298	-6.2867	-4.72	-1.63736079214961
38.155	-4.6891	-2.4946	1.24393188518075
29.457	-8.1844	-4.6495	-0.33893361164415
37.961	-6.4367	-2.1714	0.774157897245141
24.995	-12.011	-3.4335	-0.770954715070352
37.283	-5.6156	0.019012	-0.301917191551553
36.059	-5.4499	-1.2052	-0.342506438957715
27.944	-0.12737	-6.92	-0.523616443886359
33.895	-8.0079	0.42918	-0.605002717891405
34.547	-9.2514	-3.6529	0.152509575475755
27.474	2.3031	-0.87242	-0.767017507242155
36.897	-3.6054	-4.7352	-0.907291441961557
34.858	-0.90232	-5.1763	0.847046820693941
27.282	1.8772	0.36123	-1.45753214855072
26.937	-11.434	-4.0353	-1.29389294871659
34.051	-7.057	-4.9855	-0.765006322653899
36.385	-6.6891	-0.91737	1.645
36.707	-6.8401	-1.3848	-0.947938911664676
36.43	-6.2279	-0.72841	-0.702787993752841
37.485	-6.1472	-1.8209	-0.894618406857152
37.336	-4.2892	-1.3951	1.645
36.534	-2.8847	-3.859	1.08208185195258
36.765	-2.6537	-0.90358	-0.793543477085217
38.365	-5.7093	-3.163	-1.00754320669681
26.795	-1.38	0.76789	0.772925096894329
37.736	-7.0645	-2.0451	-1.10469907658368
27.947	-11.622	-3.3485	-0.669146741221867
29.441	-2.4441	0.42788	1.645
34.545	-0.57259	-5.36	0.350496220681087
37.192	-7.2199	-0.97104	1.32730896746452
35.643	-1.0173	-4.7475	0.484748648249274
29.467	-10.775	-3.9691	-0.99367504202702
36.573	-8.3132	-1.1099	-0.865389775178926
36.38	-6.6055	-0.06572	-0.0618782270037959
36.872	-7.3054	-1.1125	-0.532383211553859
31.012	0.82625	-1.0063	0.213005301233935
33.073	-10.383	-3.0347	-1.43850333940958
33.721	-9.813	-3.1666	-0.576279012364044
36.514	-2.8311	-4.6458	0.765700378606815
26.728	-2.4993	0.37058	-0.595771444222013
35.137	-7.474	-0.47603	0.639303778571532
33.092	-2.3509	-0.10809	1.24099469430441
30.162	1.0924	-0.59141	-0.693681538160182
35.653	-8.8056	-2.0148	1.00242408724383
37.55	-2.3992	-4.0514	1.645
28.167	2.2203	-0.26485	0.72253043599771
37.262	-7.6743	-2.5575	0.18614946503959
28.68	-0.5989	-6.5866	1.49774459940812
36.82	-6.8749	-0.3813	-0.167569494668372
37.969	-4.1044	-3.9668	0.0725205152156719
27.04	-0.27364	-6.8262	1.645
35.876	-2.8084	-4.9303	-0.767431606745237
36.613	-7.1136	-0.79163	-1.645
29.461	-1.419	0.7187	1.645
33.343	-10.105	-3.3928	0.0582583425449573
35.407	-6.9301	-1.0617	-0.699564028885803
36.67	-6.252	-0.26205	1.645
36.115	-6.9508	-0.31193	-0.551263699120037
30.193	1.2549	-0.92182	1.645
36.741	-6.2321	-0.25214	-0.902648911740831
35.394	-6.7244	-4.8998	-0.372871355116662
35.901	-7.5783	-1.5121	-1.0471925652137
36.212	-2.8864	-4.4424	-1.06722313502143
36.519	-6.8297	-1.8835	0.245137248060979
36.757	-4.3829	-1.9128	0.58385237072486
37.299	-4.6356	-4.2258	-0.373753916546045
36.961	-6.9266	-1.1732	-0.58146676075178
35.464	-9.2253	-3.2972	-1.44461285103552
35.372	-7.55	0.094466	-1.24126171645634
37.434	-3.8318	-1.858	1.47848678984763
37.432	-2.5769	-3.2596	-0.720910789632178
35.832	-1.7551	-5.3572	1.12831449044616
34.841	-1.1825	-5.6789	0.603173851192966
35.748	-1.2876	-4.9432	-0.201036522560659
37.279	-7.3662	-1.4602	-0.715614718921492
33.607	-1.7542	0.66326	1.2153439685452
36.366	-7.7739	-1.273	0.302041667961413
29.524	1.8227	-0.21233	-1.11797626679657
24.281	-0.95431	1.6062	1.24928326501884
37.71	-3.7762	-3.6003	0.196325447090356
37.127	-6.706	-1.4274	-0.99097214101365
37.568	-3.1113	-4.1591	-0.133808185442393
36.105	-7.3621	-0.27467	-0.32967064121132
36.68	-3.1089	-0.80076	0.621303799945914
37.185	-5.435	-1.2468	-1.04488521968794
35.352	-7.529	-3.7597	-0.137846338333343
37.144	-2.5994	-2.8073	1.645
36.629	-7.321	-0.79914	-0.858600820087952
29.709	-1.2098	-6.7267	0.275810857639707
28.639	-1.7463	0.11451	-0.341274869791348
33.884	-9.4559	-2.2002	-1.01349921480092
29.769	-1.6298	0.65782	-0.787928293981922
37.081	-2.2684	-3.7777	-0.791563843697088
36.206	-7.2978	-1.6692	-1.0695376532636
25.402	-11.378	-4.1255	-1.19170944762757
37.885	-6.1483	-4.0581	1.09093802833922
31.038	-10.399	-3.8462	0.493655411453403
36.67	-6.0862	-0.60603	-0.126962595482258
34.412	-0.72442	-5.3799	1.645
29.81	-10.35	-3.8864	-0.621370538725978
33.106	-8.9881	-4.6548	-1.38562729973657
29.473	-0.48085	-6.5681	1.645
35.74	-1.5646	-5.2828	1.645
37.574	-2.8168	-1.8882	-0.803763644059469
32.89	0.72047	-2.1587	0.257833564412044
36.778	-6.6332	-1.1096	0.674683821715696
37.034	-3.681	-5.0419	0.513369466519797
27.479	-1.1421	0.8687	-0.197145442616942
35.114	-8.5241	-4.0748	0.179763888057731
35.997	-3.0534	-4.6892	-0.669674801541427
36.301	-1.469	-4.8456	1.42688541449176
33.033	0.14127	-0.89016	0.563400269125058
35.769	-1.0613	-4.7791	-0.0276152592381595
24.668	-11.654	-3.2159	-0.140513392011379
28.566	2.1575	-0.46418	-1.37670935050985
18.476	-11.922	-3.6567	0.922348920410417
31.902	-10.188	-3.1425	1.14580192125215
35.592	-6.7005	-0.93449	1.645
34.055	0.053927	-3.4849	-0.849289621545661
29.642	-1.2463	-6.7948	0.0435906188908259
37.359	-2.1066	-3.8716	0.646590231114127
28.656	-0.89458	-6.9293	-0.397602656298364
37.672	-6.7785	-0.78609	0.862340474610907
35.668	-7.5501	-1.0858	0.634746064164169
36.261	-6.8152	-1.5389	-0.366030808475587
36.834	-6.7319	-1.2722	-0.761634262044425
36.996	-7.5969	-1.0678	0.569204189542131
30.542	-6.0829	-5.3952	-0.310936862100654
35.304	-0.72865	-1.7241	0.410905489828454
32.167	-10.434	-3.3169	-0.581193206357461
37.241	-6.6798	-1.5083	-0.934712956054178
37.692	-3.8642	-3.9815	1.645
36.295	-7.3641	-1.1927	-0.170760513503951
36.177	-1.3727	-4.7834	0.597830037775285
35.221	-1.4667	-5.6054	-0.357354617925245
36.195	-3.0407	-2.149	-0.865780264293173
20.821	-12.156	-3.2601	-1.05297296778356
28.31	-11.059	-4.4058	-1.03632690430448
37.112	-7.4161	-1.9881	-1.645
35.304	-6.792	-4.5462	-1.12538623033322
31.554	1.5166	-0.70294	-0.411814725037805
35.332	-3.4379	0.25797	-0.503876711495087
33.492	-9.8817	-3.9009	-0.758393110416052
37.411	-6.3305	-1.4893	-1.17701195432991
35.78	-6.7263	-1.6317	-0.799442648760428
33.448	-0.77411	0.15523	-0.655788240197897
35.375	-5.2242	-0.81239	1.645
33.301	-0.8584	-6.2191	1.645
33.996	-0.50546	-3.2843	-0.503303552240458
36.135	-7.0239	-0.50614	-0.937663179385319
35.965	-2.0548	-5.2201	0.146098245215924
36.394	-6.1789	-1.2919	-0.205939733507056
37.406	-4.8724	-2.8986	0.0920337113640371
36.04	-7.8278	-3.3901	-0.603530055652666
36.003	-7.4847	-0.98669	-0.327834490141466
37.505	-3.3844	-3.665	1.03685612344653
38.095	-4.4114	-3.0289	0.330813597171299
28.845	-0.3391	-6.3215	-0.458930257639355
31.873	1.1603	-1.4668	0.835152212773108
37.224	-5.958	-1.089	-0.486247290848213
37.745	-6.0125	-2.6235	0.343159538892418
32.761	-10.279	-3.5803	-1.34338353556407
35.146	-6.8688	-1.1453	-0.980300252171185
22.237	-11.81	-3.5527	-0.690685794397889
36.309	-1.0166	-2.6914	-0.279772372429757
32.789	-9.4975	-3.0511	0.763745803311682
38.051	-7.0224	-2.7249	-0.59019543131326
37.117	-7.0294	-1.3152	-0.22722060477408
29.757	-0.67542	-6.5392	0.761912107134779
37.809	-6.3381	-1.42	0.398919310113823
37.268	-4.9914	-0.25184	0.122106257098459
37.709	-3.5095	-2.5169	1.645
29.359	-1.6151	0.50232	-0.275733350265752
35.72	-8.5251	-3.5035	0.527918615682966
35.965	-1.3746	-5.0021	1.645
36.316	-4.3292	-0.2157	-0.010196438236034
32.677	-8.7274	-4.1685	-0.931723780346378
38.36	-5.3256	-2.9136	0.22972159594733
36.221	-7.3412	-4.4751	-0.36111946127734
34.415	-6.8325	0.075148	-0.582299986928528
28.368	-0.59665	-6.7559	0.175834768641848
36.759	-3.5836	-0.81804	1.12657218946185
34.095	-9.7839	-3.228	-1.24085736331095
37.368	-6.4768	-2.9922	-0.390255694286559
37.332	-7.2515	-3.8961	1.27548726423524
35.258	-5.3219	-5.4431	0.217592586995047
36.321	-3.9637	-0.27042	0.203482682227062
36.03	-6.7396	-2.2656	-0.520173786494705
36.297	-6.6218	-1.3064	0.238301548243884
36.623	-2.2417	-4.4946	1.12957401445426
30.035	-10.734	-3.8263	-0.342602981069586
36.66	-6.6386	-0.37036	-1.3802197913059
21.515	-0.27706	1.74	-0.241858397262775
33.103	-10.306	-3.7632	-0.393559724644786
36.952	-8.0395	-3.7747	-0.746015370185611
22.571	-0.57713	1.5151	0.830027476868049
37.393	-3.4946	-4.3244	-0.416598525573719
29.076	-11.036	-4.0158	0.695031258643317
27.77	-11.555	-3.6482	-0.49265315378716
37.578	-3.8494	-4.4812	-0.417557546579
37.42	-3.8425	-1.2864	-1.22827591790734
26.936	-1.6129	1.3973	-0.463650672888078
36.112	-7.3194	-0.71772	-0.717471930403659
35.791	-7.0583	-0.31701	1.645
30.4	-10.876	-4.4696	-0.884855968198969
35.159	-1.6508	-5.7185	1.24841322151922
36.861	-1.5517	-4.234	-1.5152523467276
26.877	2.3493	0.26303	0.648858355051821
20.474	-12.495	-3.206	-0.504839932060089
27.177	-2.3797	0.14023	-0.136580784979578
37.496	-2.3662	-2.2257	-0.554504106097551
34.893	-8.2576	-0.2879	-0.450716521663865
26.716	-11.636	-3.9302	0.210906834233012
34.889	-7.5416	-4.5362	0.805515450667515
36.442	-8.308	-1.1302	-0.605476752067005
35.773	-7.8802	-0.81617	-0.954246457356435
37.317	-6.8573	-3.3818	0.386189402043096
36.102	-3.0749	-5.1304	-0.491347917725752
37.105	-2.5589	-3.5756	-0.6772986113002
25.809	-11.625	-3.7767	-1.18629639151885
31.857	1.6245	-3.1076	1.39973382579865
26.788	-1.3344	0.7076	-0.830655575746633
37.049	-6.6954	-1.5441	-1.15435460216207
30.72	1.4517	-0.34053	-1.01080226497936
27.045	2.3681	0.63953	-0.758949076913798
20.617	-0.3175	1.6639	1.57762028795837
37.887	-5.396	-1.5637	0.287160426810708
37.858	-5.3791	-3.9756	1.41950277851391
37.652	-4.4151	-4.0434	-0.0994791349517916
29.685	-10.994	-2.7076	-0.47363143119128
33.751	-10.254	-2.9882	0.09035449166515
33.908	-0.57427	-1.1263	0.29285482879109
36.426	-7.9875	-4.213	-0.228024468844718
33.919	-7.0507	-5.0645	-0.688767346301082
37.54	-3.8517	-4.3804	-0.419620949637575
35.577	-1.6453	-5.4049	1.10187167494272
38.032	-3.8433	-2.5224	0.549464220374816
26.259	-0.18253	-7.0548	-0.749447175848891
35.993	-7.0808	-1.3785	0.457399171443606
34.187	-1.4715	-5.6999	0.144090160398107
38.371	-4.863	-2.051	1.45158732903685
36.918	-7.5758	-1.5006	-0.760390358722594
36.473	-1.6404	-4.767	0.52932898765357
28.657	-0.49517	-6.6234	-0.178275060931574
36.394	-7.593	-0.62675	-1.22249578498355
36.478	-7.1979	-2.0881	1.33722039743892
35.184	-9.2901	-3.1965	-0.122977579506115
33.753	-9.4761	-3.5559	-1.44778706820185
38.074	-4.3028	-2.4632	0.642965407939159
36.292	-2.6554	-4.4174	-0.583771470832783
37.272	-6.8375	-1.1314	0.822730574433173
33.715	-9.6432	-2.123	-0.702262470119537
35.237	-0.69076	-4.8874	1.30616762186759
24.414	-12.142	-3.2013	-0.409864318812446
37.569	-6.5148	-1.4642	-0.617985554624694
36.96	-6.9343	-1.0159	-0.611923484089617
37.294	-1.9809	-3.4145	0.564929265585042
37.737	-6.611	-1.2513	0.230090116957911
37.08	-2.6979	-1.4846	-0.635117295826612
37.508	-7.0244	-1.8393	0.461286353895561
37.038	-4.3294	-1.0892	0.691365786722312
34.492	-7.3364	0.24994	-1.03465460981294
27.619	-11.723	-3.0238	0.0135042688078355
37.109	-7.0105	-0.90472	1.645
33.954	-0.85081	-5.874	1.2973050649466
25.499	-1.9116	0.89186	1.17491584074296
33.203	-10.02	-3.7952	0.387026296290687
36.949	-4.5689	-2.2549	0.150455957701117
38.43	-6.1105	-2.4777	-1.05329457323033
36.281	-7.2612	-1.4428	-0.0925883555415313
36.205	-2.6511	-0.80731	-0.180800343578965
31.294	-7.8077	-4.7166	-0.706118435955389
28.036	-0.32208	-6.6729	-0.340087169299606
37.033	-2.5461	-1.0928	-0.139181584012687
33.627	-10.262	-3.7998	-0.694441404222537
28.89	2.0927	-0.92713	1.645
36.811	-6.4165	0.35144	0.0277953919099096
37.011	-5.9559	-0.4383	-0.755188498308249
38.201	-3.9247	-2.182	-0.651419992502413
36.854	-3.5895	-4.6313	-0.819528530602692
37.373	-6.9962	-0.69014	0.0678360545217067
38.149	-5.5533	-1.2842	0.515938604591056
36.144	-2.2189	-1.1147	0.335887025718118
35.14	-0.37334	-2.7565	0.187262923808393
36.902	-7.0363	-0.65284	1.645
36.446	-6.3734	-4.8093	-0.636328256756225
36.044	-8.7182	-2.4083	0.376069673214795
34.719	-9.8405	-3.3063	-0.136216219439374
36.437	-3.6993	-4.3082	-0.393948931181018
34.532	-1.6199	-5.9276	0.411245339719376
24.371	-1.4143	1.2245	0.767010824493678
27.162	-11.286	-4.1317	-1.01000981303432
35.233	-8.8871	-3.1131	-0.612469697559425
34.886	-6.2481	-5.5571	-0.475537406295164
34.45	-9.2067	-3.1109	-0.233395201081257
35.822	-6.391	-2.1782	-1.55082902969077
35.733	-1.9219	-0.14499	0.365699156188696
35.874	-8.6177	-1.8043	0.541495072103687
34.192	-8.3314	-3.5638	-0.168423502259608
37.948	-6.3604	-1.6608	-0.67200157188423
35.228	-8.4952	-3.2171	-0.974062770358022
34.806	-6.9562	-0.62806	-0.00936519324677383
26.345	-1.1055	0.5634	1.54215928082137
25.296	-0.72466	1.6146	-0.427204837983604
37.422	-3.4628	-2.3274	-0.753307998088395
28.048	-11.488	-4.1721	-0.48240498558345
37.105	-3.6061	-4.5524	-0.15137106134333
36.419	-6.6899	-0.5559	-0.755658224715176
35.34	-2.5809	-4.242	-0.322875581810889
33.407	-9.7397	-3.9947	1.645
32.896	-9.6574	-3.1526	-0.274398480776184
36.359	-7.4549	-1.0004	-1.12275568934497
35.12	-1.2742	-2.8903	-0.750669397343981
37.498	-3.5547	-4.4466	-0.499636244098845
36.054	-7.6498	-0.76852	0.0569053925268274
37.167	-6.6659	-1.13	0.0806349687721864
37.129	-4.2692	-2.0975	-1.60336142896222
36.978	-1.6567	-1.9199	-0.791832162904096
29.606	1.5715	-0.54431	0.820216683587653
33.643	-1.3637	-2.5897	1.645
34.789	-7.3388	-0.54573	-0.279015192571323
28.725	1.7036	-0.72164	0.577844377132448
24.712	2.8802	0.58317	0.11900109017695
36.593	-5.8661	-0.6886	0.350594181006923
36.284	-1.8405	-5.0251	-0.0130923617268888
29.893	-1.3723	-6.5831	1.645
36.546	-7.4554	-1.1895	-0.838607860448571
35.946	-6.5489	-1.2203	0.0377176668656914
36.537	-6.8783	-1.0337	-0.255250357927851
20.317	-12.541	-3.2969	-0.912227712965403
34.361	-1.276	-5.9627	-0.173491663955248
37.923	-3.705	-3.5402	-0.707419421495843
37.259	-3.0075	-4.4835	0.39837420496786
37.096	-3.0514	-4.6541	-0.521334250712867
34.849	-9.695	-3.414	-0.0246075424772166
38.398	-5.8134	-1.1318	-0.739333969040593
24.003	0.13853	1.4663	-0.614760953771552
37.122	-3.4666	-4.8168	-0.0626315230349491
36.732	-7.2218	-0.73825	-0.908648691896088
33.778	-8.1256	-0.58235	0.290716619340027
31.849	-10.422	-3.1593	-0.702460907388148
37.14	-3.9296	-2.3872	-0.40111087510034
36.72	-6.1892	-0.64828	-1.15220536525732
36.229	-7.0194	-0.57746	0.327950800309524
31.782	-10.612	-2.5976	0.928487199867776
33.339	-3.0923	-1.8954	0.7244090584748
31.845	1.0033	-1.1008	-0.173910988999392
34.623	-7.9058	-0.21977	0.405795660293047
36.82	-6.9642	-1.231	0.0167844255794913
38.141	-4.2786	-2.7783	-1.01845143388644
36.231	-6.2373	-5.1256	-1.21138021802188
36.289	-2.5821	-5.4333	-0.281848572854607
37.38	-3.0814	-1.6637	-1.26927073335013
35.425	-1.3523	-5.359	1.0992857937957
35.754	-8.7903	-3.0805	-0.265227923723736
36.588	-2.8971	-0.65573	0.640396140310854
28.461	0.98628	0.17033	-0.843026309693956
36.185	-1.9151	-5.1717	-0.0922963845198505
36.577	-3.213	-5.146	0.0655012669650732
36.786	-8.3038	-2.0017	-0.658858006301477
37.997	-4.8692	-1.9471	-0.0347865358203388
37.103	-6.7509	-1.4273	-1.15419845755514
38.09	-4.6696	-3.7878	1.46407751131807
25.277	-1.3055	1.488	-0.26348396602202
36.099	-2.2894	-4.5739	-0.307600210130277
31.698	-1.481	-6.3148	1.645
37.265	-6.8089	-1.3866	1.23843746286737
32.951	-2.1329	0.73755	1.17342537510381
35.127	-9.5065	-3.6642	1.645
36.16	-6.4134	-0.87063	0.954231627856449
37.729	-4.9993	-4.3855	-0.692742177074464
32.13	-10.432	-3.3767	-1.4426144720656
37.573	-3.3045	-2.1576	-0.495663263202502
37.755	-3.5724	-3.9847	1.57488201033718
37.348	-6.6439	-1.5268	1.645
37.925	-7.2268	-2.1791	-0.895765197961908
36.177	-1.8567	-5.0243	-1.23448622082336
37.795	-6.7263	-1.3088	-0.900482920884297
31.65	0.84958	-1.5053	-0.70138518041387
36.07	-7.6448	-1.1824	-0.557288765469492
22.184	-12.39	-2.6067	0.333653808108943
30.247	-10.532	-3.9948	-1.48893938022238
37.393	-6.592	-1.4972	-0.721866866817134
37.554	-2.4907	-3.7862	1.46665261980142
37.201	-7.6178	-1.6684	0.918796655971436
30.283	-1.7556	-6.5862	0.914960876283002
25.356	-12.145	-2.9767	1.48279680146866
35.172	-5.0249	-0.59907	0.851192877566639
37.305	-7.1596	-1.4898	0.567070510564048
35.947	-3.498	-4.6138	-0.748829607461128
33.207	-10.28	-2.8261	-0.378155891386322
28.016	2.2856	-0.45016	-0.69059241403467
22.195	-0.52443	1.9394	-0.442365414305243
35.802	-9.2502	-3.1529	-0.877469589423457
36.956	-7.4289	-1.0991	0.240531907583856
38.171	-4.4907	-2.327	1.43447848719364
36.092	-7.0394	-3.7643	0.414299815580049
26.98	-11.301	-3.1408	-0.485879870918591
35.669	-5.378	-5.4118	0.927686498346979
34.864	-0.4048	-2.0771	0.962589641471108
36.613	-7.0288	-0.34779	0.0956706810789975
31.329	-9.8618	-4.0712	-1.018538144041
36.769	-3.844	-5.1959	0.0216224932593905
30.827	-10.451	-4.0079	0.570105155303188
37.061	-7.7577	-3.156	-1.61777581522705
34.483	-1.1037	-5.7561	0.801352141489536
35.73	-7.9709	-0.66978	0.184268249963336
26.612	-11.577	-3.6266	-0.543290393942928
36.745	-7.1831	-2.3689	-0.103272713045476
31.359	1.2267	-0.79001	0.224724804846624
34.084	-5.1555	-0.37926	-0.692971961769386
38.29	-5.6387	-2.4153	-0.869873277195376
22.106	0.18732	1.8667	-0.103485287054125
35.735	-6.692	-0.29731	-0.869269880674474
17.095	-12.321	-2.8753	0.374975073049193
36.501	-6.4825	-0.69156	1.07799878070041
26.577	2.4753	-0.54886	-0.472363776396953
37.219	-2.0424	-2.5208	0.0734771497245789
36.172	-0.92643	-4.2247	0.382723616412159
37.095	-4.2397	-4.9509	-0.849320735552538
33.674	-1.1195	0.1615	-0.475312549177708
36.517	-7.0275	-0.29672	-1.06288093570204
31.972	-10.291	-4.3015	-0.511279837964442
37.138	-4.5323	-4.5154	1.28473812760361
32.883	-8.6579	-4.8132	-0.705066787485598
33.946	0.48495	-2.0193	1.645
33.226	-8.1007	-3.0252	-0.577462208593508
36.037	-8.4397	-2.6454	-0.715234397311269
32.196	-1.6907	0.61627	-0.855235564247069
27.763	-0.19828	-6.7383	0.582480856292347
36.339	-6.8364	-0.98471	-0.693654145308489
32.65	-0.74971	-6.2361	-0.291322908666922
36.261	-2.6379	-4.6789	0.730656798477671
35.636	-9.2272	-3.3149	0.135713808038058
37.07	-2.1273	-3.4271	0.929402624328186
36.04	-8.1498	-3.5092	-1.32325616342206
37.255	-6.7602	-0.97143	0.2300412425955
33.652	-9.6058	-2.9365	-0.599132388827862
35.983	-8.1255	-2.4158	-0.815980666821877
34.944	-8.9841	-4.1297	0.309051246664232
33.04	0.80558	-4.2231	0.482316222010226
37.059	-7.1464	-0.47755	0.469174540792882
35.629	-9.285	-3.1762	-0.809073935881363
37.101	-2.5892	-4.5559	0.617702755985409
33.365	0.518	-1.5642	0.347522719683747
37.799	-3.4383	-3.9197	-0.913762410854648
37.502	-6.2755	-1.1577	-0.425587259876646
37.352	-7.3788	-1.6396	-1.26997598698579
34.537	-0.89781	-0.21511	-0.39441829687718
34.933	-9.2861	-1.8374	0.0568830246958485
34.882	-6.9392	-0.59267	-1.01271042732118
28.051	-11.463	-3.9954	0.785498665526123
38.583	-5.346	-2.3082	0.168182949827946
35.765	-2.3939	-5.2168	-0.59476878762155
35.587	-2.51	-0.4416	1.03326561350425
37.18	-7.2877	-2.0295	0.0549944792111203
36.955	-6.6936	-0.62468	0.0197538371315983
33.145	0.72644	-3.0346	0.155565942877159
36.358	-1.9963	-3.3979	-0.319734888987562
35.264	-7.1588	-0.50919	-1.10786140305131
34.658	-0.62976	-5.3143	0.805290450406389
36.36	-2.2355	-0.98092	0.348735599032676
36.834	-7.6649	-2.6837	0.268392682511967
21.132	-1.0722	1.3773	1.09458392984095
13.152	-11.939	-3.2046	-0.711948023053372
36.426	-6.7145	-0.56541	-0.770417224028111
36.807	-6.8513	-1.4331	0.347765497337335
36.444	-7.3508	-0.80357	-0.881013655549823
35.638	-1.1759	-3.9446	0.154291976358282
27.737	-11.284	-3.2202	-1.06980577654919
36.113	-7.5229	-1.1566	0.480507883231804
34.689	-0.28268	-3.6521	-0.0220499048475246
37.379	-3.6702	-0.92475	-1.6353862234086
38.099	-4.1749	-2.0066	-0.898781453705963
38.276	-3.9029	-2.2387	-1.31682200339492
35.502	-5.9782	-1.6541	-0.308481776844374
36.584	-6.9242	-0.77023	0.357012205498032
35.672	-1.7917	-5.3377	-0.176966859615658
36.752	-3.5477	-2.6273	-0.964908776860911
34.205	-9.6351	-2.6179	-0.883623169844665
36.673	-7.7313	-1.7312	-0.771160916580607
34.93	-7.4385	0.28604	-0.281623955914159
36.492	-7.1408	-1.0361	-0.531015877947546
37.788	-4.174	-1.7582	-0.246513607178105
36.965	-3.0487	-1.9398	0.786865364334051
38.23	-4.9132	-3.4835	-0.0855388196012953
36.663	-3.1631	-0.3802	-0.222862567170619
33.099	0.055081	-5.2592	1.20837811080645
31.239	-10.563	-3.4322	0.406461964933526
35.881	-1.4853	-5.1216	1.645
33.57	-8.7984	-2.8098	1.645
37.128	-7.3755	-1.516	1.645
33.552	-9.7298	-1.7604	-0.52457347198265
35.169	-9.4052	-2.0994	0.690275998456728
33.728	-7.5046	-4.2941	-0.150243533624092
31.148	1.1191	-1.7657	-0.779200533109328
36.1	-5.7452	-0.9397	-0.688513929761699
14.2	-12.25	-2.7913	-0.286395002514249
33.449	-0.70302	-0.86649	-0.0586754816570834
36.735	-2.0513	-4.5974	-0.316968999308817
37.97	-6.9158	-1.8538	-0.403021499976321
37.271	-6.6982	-1.6293	1.17477459496891
36.379	-3.7123	-1.4074	-0.243069674764217
24.282	-11.844	-3.4144	-0.736096445187
36.613	-3.0796	-0.94265	-0.327843780977096
35.771	-6.6465	-1.0204	0.889588630925552
29.6	1.593	-1.8446	0.117716777817716
37.883	-2.6633	-2.9858	0.682846630170806
31.258	-10.897	-3.3516	-1.645
28.835	-0.9672	-6.622	-0.703640926472463
26.632	-11.363	-3.9523	-1.20661975526646
34.045	-9.3825	-2.7884	0.0763607398082476
36.668	-5.7643	-0.36006	-0.36363729898725
33.156	0.051677	-0.95287	-0.584298959245553
33.764	-0.71277	-5.7633	0.655772797880056
35.295	-7.3557	-2.6164	1.64246364679473
34.803	-7.3818	-0.18694	1.60819177038672
34.462	-9.6263	-2.7398	-0.972563822078626
35.186	-7.3743	-0.73991	-0.737752190199665
36.568	-6.7341	-0.43936	-0.697725905926799
37.311	-7.1319	-2.484	0.500888996634194
24.603	3.0977	0.72789	0.422268763513974
30.903	0.73487	-0.78254	-0.493031530191735
36.998	-6.8792	-0.55387	-0.643680001911286
33.493	-0.10664	-5.5756	-0.809674888307065
38.411	-5.9434	-2.5654	0.163805460697052
23.875	-11.581	-3.7265	-0.733666677000238
31.882	0.099737	0.85538	1.645
31.935	-9.6442	-3.1092	-1.59436726858011
26.959	-11.641	-3.4896	-1.23413368354658
27.536	2.4938	-0.31686	0.509259531614469
37.244	-6.5933	-1.2809	-1.2839975400308
29.127	1.8274	-0.60295	0.228622491934512
37.126	-1.7498	-4.0023	-0.00618123250846708
37.964	-6.7002	-1.5893	1.6102576002378
29.648	-0.84476	0.71673	-0.340324914473219
37.316	-6.1483	-0.43037	-1.35742383909065
37.077	-7.9142	-1.4075	-0.289262018690626
33.288	-0.28058	-5.9272	0.932961550158694
35.647	-8.0758	-4.3618	0.0887258884055232
36.307	-7.1819	-0.72469	-0.169667973286078
37.012	-7.3768	-2.6185	-1.0150782276629
29.6	-10.915	-3.8914	-1.06744868119926
37.241	-3.7254	-1.2785	-0.61534112206567
36.381	-6.3235	-0.97449	1.02371373405617
38.228	-5.9979	-2.4075	0.437367937717275
29.683	2.3099	-1.5653	-0.57972325341705
36.092	-3.3609	-0.37577	0.113970287137753
36.459	-2.2777	-4.9212	0.472719765609269
26.628	-11.465	-3.5706	0.0466886127599122
37.597	-4.7139	-4.268	0.350628587102838
37.638	-2.9456	-1.7393	-0.884670756433089
36.825	-5.2081	-2.5948	-0.479768449723439
37.001	-3.1956	-1.9825	-0.604469116223637
35.376	-7.6203	-0.86273	1.645
29.737	-10.997	-3.7093	-0.677601697854339
36.646	-6.9621	-4.4572	0.536302018039307
35.599	-6.7579	-0.15719	-1.645
31.82	-1.1205	-6.6025	-0.371610751581986
36.406	-3.0178	-1.5552	-1.14376388112181
33.897	-9.3231	-3.4479	-0.589373101916741
32.105	-1.7627	-0.10838	1.645
36.277	-7.249	-0.71106	0.690691091674647
36.737	-5.862	-0.77037	1.645
36.388	-6.8777	-0.40505	-0.757090401934747
37.261	-2.7718	-4.19	-0.335338518939511
31.621	1.471	-2.1952	-0.26580016710377
37.684	-3.9188	-3.9944	-0.96425159949796
24.924	3.2424	0.63254	1.0016569538258
35.866	-3.3966	-1.9231	1.25042250173331
27.767	2.2237	-0.43318	0.29121335367283
35.011	-9.3326	-3.6961	-0.860369931432839
36.754	-3.0007	-4.6999	-0.271049281199164
28.246	-11.364	-3.9274	-0.959481022592767
28.058	-0.40419	-6.5521	1.645
36.427	-6.7942	-0.72939	-0.530228403170537
38.176	-3.9397	-2.3623	-1.07080537136587
31.848	-10.514	-3.7276	0.69494115768996
32.421	-9.9028	-3.8736	-0.667341097757408
37.445	-4.4388	-3.7318	-0.284163262175709
35.951	-1.7764	-5.2628	-0.273667752975503
35.052	-2.3438	-0.25459	0.185372732550434
37.046	-6.6266	-1.4054	-0.316533496358104
35.805	-0.27107	-3.7675	-0.151440881853261
37.018	-2.1404	-3.4635	0.202309501708096
29.485	-11.04	-4.0291	-0.674134266627719
34.963	-0.91573	-4.2992	-0.938300728962925
35	-8.9277	-3.0689	-0.579510672271226
37.03	-6.9054	-0.89318	-1.2173465106636
36.998	-6.6701	-0.68066	-0.561635036460728
28.959	-10.732	-3.9835	-0.278760501249064
28.796	2.6423	-1.0447	0.686665414930816
35.607	-1.8209	-5.5017	0.292946245752882
29.049	2.1374	-1.2587	0.191513836019786
36.564	-7.3469	-0.8169	0.320466594792825
37.58	-5.6603	-2.0723	0.868419511372891
31.865	0.77388	-1.3397	0.162908113239409
29.143	-1.0016	-6.5471	0.558513454593027
27.258	0.22043	-6.3336	0.219246478051147
35.159	-8.7272	-4.1003	1.645
35.815	-7.8946	-0.37288	1.645
37.493	-3.1652	-4.0554	0.736803609466332
36.963	-3.5361	-2.5995	0.461153428139214
37.393	-5.8686	-0.98026	-0.346710173308252
37.813	-3.2192	-2.0258	1.645
37.005	-7.4155	-1.2923	-0.768775823977817
36.678	-7.6703	-1.4146	-0.966657639826035
36.409	-6.576	-1.957	-0.682505065913578
36.077	-2.6253	-4.9514	-0.884170227190661
36.243	-3.5794	-0.21717	1.645
36.026	-6.626	-0.1023	0.106817849826517
36.241	-3.1487	-1.2023	0.705067377034505
26.151	2.5267	-0.32816	-0.146467953206848
37.961	-4.5137	-3.6152	0.152165298506456
34.751	-2.076	-4.7894	-0.271220983320025
35.408	-1.3801	-5.2085	0.121939909974769
31.983	-8.192	0.43924	-0.780853637381762
37.348	-4.3808	-3.4643	-0.0798253068614709
25.224	-11.867	-3.7074	-0.876474191044797
29.185	-1.0694	-6.7569	1.645
34.119	-1.5572	-3.3554	-0.731663285029835
35.665	-1.1446	-3.4708	-0.440805532654281
37.853	-6.0901	-2.2477	0.342066696734826
36.103	-2.9022	-4.7952	-0.611243355823755
36.835	-3.5596	-0.94827	-0.499982604414324
36.17	-7.445	-0.85062	1.13986195327666
26.906	2.3831	-0.26394	0.452480652851021
36.06	-7.5642	-0.4854	-1.54678775370612
37.14	-4.964	-4.1295	0.277498743523224
36.254	-2.536	-4.605	0.784264751237036
37.401	-2.788	-4.0256	1.38132150077887
36.424	-7.281	-0.91605	-1.20236430710327
35.811	-7.1054	-0.26252	-0.578637290114331
35.131	-7.9391	-1.5386	-0.846540798948259
36.196	-2.2167	-5.2777	0.261082088521655
35.143	-3.4181	-0.3143	-0.812677266307842
35.111	-2.7285	-5.6907	1.645
38.008	-3.2008	-3.5752	-0.18461777806315
35.136	-0.6424	-1.0237	-0.80542795138226
35.689	-6.7757	-2.8578	-1.10802753914599
29.713	-1.3836	0.57155	0.588878731286412
30.906	-10.083	-3.4443	-0.555217294067967
34.883	-4.4287	-1.5223	0.847881655880932
38.086	-4.8205	-3.8928	0.18069732160348
37.501	-3.63	-3.2459	0.417918833891787
35.843	-6.6108	-1.5401	-0.906926713308513
31.505	-10.677	-3.5357	-0.314688382595067
37.16	-6.6232	-0.7396	0.023829026284203
36.42	-7.2465	-0.79641	0.192151835642653
31.917	-9.7447	-4.6294	-0.504808531318306
37.031	-6.9763	-1.0374	0.729263306556188
38.265	-5.2641	-1.6418	0.672207515042652
37.023	-7.7618	-3.0738	-0.916653487053158
35.848	-8.0086	-0.74692	-1.0756782486551
37.359	-3.4721	-4.3656	-1.08868546720297
37.919	-4.1884	-3.3612	-0.518732040381711
31.151	-10.386	-3.707	-0.251370601171141
37.056	-2.086	-4.1943	-1.02463500533818
38.006	-4.5622	-1.6132	0.247939901230533
36.625	-3.1859	-5.035	1.48284862600053
22.994	0.17768	1.5887	-0.685021097321668
37.974	-3.5713	-2.2629	1.55640977542218
35.991	-7.1105	-0.27884	0.387833013282788
34.046	-7.7115	-0.99998	0.493321726963305
28.049	-10.987	-4.007	-0.224857918897088
24.626	2.8702	0.65734	-0.0936046534275806
35.883	-6.8386	-4.8344	-0.655673296879001
36.537	-6.301	-1.1695	-0.406060351761236
36.684	-6.916	-0.54257	0.53929704810803
36.131	-6.7703	-0.6249	-0.0432060307207892
36.721	-7.1728	-1.6014	0.335892375557906
36.291	-3.2826	-5.4975	0.156571236960697
37.998	-6.5588	-1.1578	-0.236411066482642
37.407	-3.279	-1.2402	-0.981784484364948
34.719	-0.76652	-0.38087	-1.0419192200264
24.667	-11.97	-3.4268	-1.22818307339368
36.562	-7.8558	-2.4601	1.645
34.523	-6.4037	-5.2684	-0.684494787033675
36.344	-2.7243	-5.0541	0.572190175104523
28.704	-1.2358	0.73461	-0.653631782119614
35.112	-8.381	-1.5627	-0.445147807352095
36.561	-8.08	-2.507	-0.30458034905789
29.101	1.8205	-1.2912	-1.13188683017268
35.878	-8.1252	-1.6888	1.03564385243768
33.057	0.84632	-2.7147	-0.45139717310912
33.546	-0.34527	-5.445	-0.613982699535598
31.882	-0.57295	-5.8092	1.645
24.91	-11.954	-3.5912	-0.176910802252174
38.382	-5.4187	-2.2298	0.185188758995069
35.342	-0.84757	-4.9727	0.833762169321585
34.619	-5.6944	-5.4814	-0.368475172228343
36.436	-7.5013	-0.96146	-0.189590433796091
37.02	-3.3083	-1.0167	0.269394686359257
34.806	-8.8901	-2.973	1.645
34.347	-0.98887	-5.2431	1.645
32.922	-10.36	-3.0592	-0.872257460591313
37.436	-2.0099	-3.387	1.42485120096778
27.802	-0.52154	-6.6001	-0.612727466968857
36.324	-7.7981	-3.4379	-0.222472243556677
33.436	-1.2899	-6.2745	1.645
33.177	-9.7487	-2.9992	0.123289580235667
27.274	2.4161	-0.10539	1.33899729114023
25.93	-1.2025	0.87789	1.645
36.272	-2.8487	-4.1937	1.645
37.157	-2.2965	-4.1908	0.669196952119104
30.682	1.0168	-1.2092	0.853979983046587
34.541	-2.8555	-1.6681	-0.439203894562731
33.291	0.40457	-1.8331	0.998430980951229
37.406	-4.0066	-3.9598	-0.785258368866624
24.997	-0.66669	1.1359	0.207450154878853
36.12	-6.4143	-1.0835	-0.0682510315268683
34.659	-1.9863	-5.9829	-0.534495267900396
36.488	-7.3251	-2.3262	-1.07676222967945
27.032	-11.414	-3.9168	-0.305962046285644
33.231	0.16905	-5.6528	-0.337214736533122
35.542	-6.5946	-1.1652	1.645
36.53	-7.222	-1.5122	0.28593858933487
35.769	-1.7993	-5.2612	0.240013189204823
35.546	-8.9878	-2.0374	-0.301465919395417
36.791	-7.3313	-1.4707	-0.67350934091432
29.891	1.399	-0.59674	-0.859740391955899
35.835	-5.3318	-5.5868	-0.600859993759803
28.257	-0.68969	-6.8239	0.152428840162361
37.377	-6.8635	-1.8859	0.255279424839161
27.464	-11.751	-2.8039	0.139050768746888
28.168	-0.41404	-6.7192	1.645
37.75	-4.869	-1.3026	-0.0823683201269256
35.944	-7.7459	-1.3209	-0.0361071416622528
38.082	-5.3314	-2.1137	0.703371991890315
33.007	0.29962	-0.29684	0.295841247129915
38.541	-5.8464	-3.3132	0.557718761448852
36.802	-7.1285	-0.91854	1.645
37.28	-2.8613	-4.4514	0.568230662917979
27.788	-0.7983	-6.5807	-0.10260772124322
29.504	-10.993	-3.853	-0.743784126925493
30.43	-10.246	-3.9492	-1.36477062889827
35.675	-7.1694	-0.86933	-0.676489977791805
37.326	-5.6839	-4.4112	0.729247728228347
36.829	-3.054	-4.6771	0.112392131720386
37.127	-7.6054	-3.972	-0.208362006886207
32.465	0.75286	-1.4389	-1.17888099943928
33.046	-8.5364	-0.65937	0.144895293520591
32.73	-10.178	-2.8586	-1.27520749344309
34.579	-9.3204	-3.3467	-0.272962371357704
33.708	-1.6614	0.33322	-0.827052036428009
37.264	-6.7331	-1.3042	-0.11254818405792
33.378	-9.128	-3.986	-0.284318604992152
36.682	-6.2436	-0.22291	0.942927466777053
30.821	-10.162	-3.2975	0.272217552940569
36.51	-8.369	-3.6788	-0.858616818924882
24.884	-12.03	-3.7199	-0.236791734856723
35.633	-2.7754	-0.42644	-0.488295352822775
36.718	-6.6751	-0.98773	-0.649001889760646
35.556	-2.9167	-0.96308	0.161113345972032
27.416	-11.642	-3.608	-0.505274836443398
35.042	-7.5012	-4.9165	-0.602172511094239
37.034	-2.7736	-2.7544	0.405631316055775
37.879	-3.3745	-3.9897	-0.299017748038086
28.693	1.9418	-0.84665	-0.846475101385913
36.863	-4.6665	-0.57369	1.645
37.196	-2.9731	-1.8959	-0.146493198519694
28.874	-11.12	-4.0281	-0.528088458580449
37.449	-6.7361	-1.3597	-0.480291254278344
35.503	-6.2815	0.51715	1.645
24.869	-11.715	-3.337	-0.274400065403257
37.136	-6.9179	-0.88602	0.0205723115849903
37.548	-3.7864	-2.5541	1.645
36.034	-7.4432	-0.97491	-0.608012371495281
37.937	-4.7004	-4.0766	0.299831081715168
35.013	-1.0942	-0.74452	-0.399076473841171
37.172	-5.7699	-2.3884	-0.252627832679981
37.69	-2.9721	-2.3396	1.45442658583508
36.99	-7.0988	-1.0916	-0.366396721011259
32.325	-6.7771	-5.2843	1.645
36.596	-8.2474	-2.108	-0.650038940080554
34.624	-9.1756	-3.8766	-0.56687324279208
36.626	-3.6918	-0.73483	-0.900479307991311
36.301	-7.5684	-2.2311	-1.18195551001519
35.615	-2.2489	-4.7724	-0.774080382650418
37.742	-5.3859	-2.9074	0.738513630000755
36.329	-1.779	-4.8389	-0.112830656260912
33.853	-7.9412	-4.2012	-0.844167134324746
36.495	-7.6701	-0.95526	-0.991426865104217
32.664	-10.854	-2.59	1.34078213506116
34.45	-0.82641	-5.3395	1.645
31.683	-1.2044	1.0754	-0.969492693007152
36.139	-7.2369	-0.64364	-0.697039366791858
37.14	-3.0531	-2.5682	1.645
37.645	-3.0373	-2.7639	0.432857083933408
33.42	-1.847	-0.09335	0.8378500268083
25.808	2.4843	0.20229	-0.177672667589402
36.558	-3.477	-0.7264	-0.620857908564844
37.076	-2.1343	-2.4981	-0.767256420979736
37.295	-3.7665	-1.2328	0.694458357687124
36.868	-7.3659	-3.4925	0.799028385267228
25.14	-11.017	-4.1427	0.222157076271338
37.662	-2.5526	-3.9957	-0.13516048338874
37.251	-3.3098	-4.4526	-0.0484828713094962
38.169	-4.0381	-2.3338	0.435950566531965
32.388	-10.109	-3.1943	0.06044479272568
34.469	-3.1586	0.16337	0.639481045032663
36.915	-7.9132	-1.4713	-1.645
28.759	-11.084	-4.2342	-0.683591126294699
29.454	-1.0348	-6.7118	0.498317838210634
36.981	-6.4968	-1.3048	-0.0140893992751879
23.9	3.4724	0.17699	-1.02605806063504
36.503	-3.0435	-4.7703	-0.170604925698668
31.809	-9.8667	-4.0254	-0.149795245676107
36.414	-2.6558	-5.1461	1.645
37.586	-5.8647	-1.1041	-0.198666247945827
35.487	-7.1229	-0.32773	-0.046891499736613
27.695	2.5926	-0.75992	-0.810442428314695
36.496	-7.1131	-0.84695	-0.894776006191087
36.57	-1.9504	-4.6956	-1.17509716103964
37.89	-3.3009	-2.8666	-0.527885349984819
35.773	-3.3263	-5.1052	-0.904349941591623
36.89	-5.1349	-4.9182	1.01521782381837
36.339	-7.668	-3.0652	-0.771240093331411
37.425	-4.7946	-3.5831	-0.261941626258844
36.89	-7.2192	-1.1222	-0.166849951378511
36.973	-4.4217	-0.99545	-0.524974453651207
18.117	-12.427	-2.7497	-1.11618266420168
28.914	1.9943	-0.15523	-0.518932453125263
35.884	-6.3224	-0.51641	-0.691874802237615
22.895	-11.764	-3.655	-0.841266232868342
29.674	1.9213	-1.1953	-0.594205656075461
34.349	-1.3018	-5.8695	-0.222029457525892
33.373	-6.1595	-5.613	0.163170803780604
36.107	-8.3833	-3.8955	-0.718095175891245
33.708	-6.1344	-5.2625	1.23175282501418
25.941	-0.49807	1.7601	-0.588781142569619
24.148	-11.976	-3.5319	-0.897905305100981
35.762	-2.4738	-4.9674	0.27848035788725
34.387	-0.70831	-5.5504	-1.645
37.663	-3.1052	-2.6371	0.80014198597739
37.474	-3.0541	-2.0965	0.153093491905683
33.383	-10.034	-3.4276	-1.49526190920227
28.812	1.5111	-0.18542	1.0307034844246
36.922	-5.6457	-4.9601	-0.825241586401819
37.488	-6.6095	-1.1444	-0.584616995035271
28.073	-11.668	-3.1194	-1.41569593071165
36.91	-3.242	-1.1441	-0.904337970171425
36.175	-7.537	-1.5303	-0.89530281324107
36.358	-0.97953	-2.8211	-0.796469227659935
36.017	-3.9337	-0.15164	1.63770250211089
38.576	-4.8825	-2.3728	1.58926111724032
37.872	-5.7018	-1.026	0.405857337008003
36.697	-2.4607	-4.6981	-0.24446013674855
36.349	-7.9935	-1.5244	0.441331557080783
37.175	-3.326	-4.0231	-0.628915652724056
36.928	-3.1836	-4.6119	0.374378938652615
37.756	-7.1614	-3.4233	-1.24280504829782
37.301	-2.9975	-4.1287	0.396445336932076
30.193	1.1488	-0.66419	0.468532951492573
28.46	2.2846	-2.1237	0.391298995819126
24.401	-1.0807	0.94528	0.646581232327785
27.402	2.3625	-0.79184	-1.00418208581856
37.872	-6.6212	-3.506	1.645
29.53	-11.489	-3.1516	1.57495014427293
27.857	-1.7479	0.28644	-0.732357647346915
35.484	-8.9282	-1.9391	1.645
27.673	-11.413	-4.0307	-1.29711350644506
36.204	-0.51726	-2.602	0.506731894172709
28.13	-0.42296	-6.6429	1.45742007493585
29.047	-11.285	-3.5116	-0.527263927850446
37.948	-3.335	-3.8358	-0.663152830108524
36.671	-6.1766	-4.2952	-0.979704108669868
36.841	-6.0594	-5.141	-0.549734631109483
36.965	-4.6772	-4.0313	0.909200290487525
36.056	-7.7506	-4.4819	-0.744347449875729
33.524	-0.99915	-6.1235	-0.66769844425502
35.209	-2.4738	-5.3197	0.609954971970201
27.447	-11.476	-3.9333	-1.08455914949992
36.676	-4.9225	-0.54227	-0.925924524109047
36.187	-1.3059	-1.2429	1.645
29.373	-1.8565	0.38733	-0.964612001378806
29.141	-10.738	-4.3405	-0.807576307945381
37.819	-3.8939	-4.081	-1.37128746688254
35.461	-6.7856	0.21	-0.119470123258998
33.537	-8.6364	-4.1537	-0.918667514211742
35.576	-2.7145	-1.1661	-0.275119894062643
36.729	-7.5145	-3.1312	-0.760828508766179
36.088	-6.6977	-0.52185	1.645
32.739	0.91199	-2.6954	0.0625832231141605
37.836	-4.3579	-3.3202	-0.316328088922369
36.018	-6.3323	-1.1371	-0.518236358440375
37.469	-3.0494	-4.2007	1.645
35.606	-2.0846	-5.5897	-0.16800237806497
35.933	-6.8829	-0.44488	-1.38284572496498
35.493	-9.2462	-3.3582	-0.505468101541888
37.53	-4.251	-3.1865	-1.17688819165101
30.092	-11.065	-3.1338	-1.19495324293589
32.99	-8.9546	-0.21807	-0.320273752649764
37.519	-7.3869	-2.6661	-0.4425093715807
37.079	-6.2808	-0.77346	1.645
36.022	-6.828	-0.57731	1.27123358323121
37.918	-7.0786	-3.0856	-0.189411199912132
28.343	-11.733	-3.5872	-0.972838146852528
37.494	-5.8069	-1.0089	0.302778574480511
34.273	-0.69818	-5.6839	-0.112532215371867
26.188	-1.2389	0.73822	0.27489336784904
29.477	-10.678	-4.2809	-0.562889221775299
29.977	-11.456	-3.3584	-0.905574379797167
36.939	-3.7073	-4.6069	0.960364009938757
37.59	-3.4846	-3.6459	0.37163906533774
28.11	-1.8263	0.47221	-0.965078385292576
35.99	-2.0913	-5.2288	0.648062473985276
31.074	0.26967	-6.3372	1.645
37.27	-6.4269	-1.0324	0.331527590435629
34.091	-7.9047	-4.067	-0.91094901952691
36.52	-7.3394	-3.0192	0.33149642630404
37.4	-6.6576	-3.761	-0.151234252849678
29.113	-0.98121	-6.9442	-0.771861917953516
37.029	-4.7412	-3.0954	-0.748402499770691
33.037	0.75239	-2.4438	0.0258272704385819
22.655	-11.631	-3.7513	-0.0404842389921816
37.766	-3.2181	-1.9562	-0.467523967397191
37.838	-3.7151	-3.567	-0.390312386115314
37.285	-3.4399	-4.4883	0.307765269411359
27.184	-1.4529	0.40133	-0.761660465181613
38.26	-5.4613	-2.6107	-1.26484634947304
35.989	-1.6761	-5.1643	0.272917039311463
37.247	-5.6924	-4.4819	-0.846365004923932
34.351	-9.3416	-4.3517	-0.918297517758273
32.942	-10.187	-3.8424	0.866342219921377
36.258	-3.1272	-2.1291	0.0380170530844937
37.522	-6.8014	-1.605	-0.64555961968042
34.875	-7.5634	-0.67985	-0.742334737163643
36.805	-6.8704	-0.46855	-1.4224733187795
36.438	-5.6209	-1.0791	-0.806214752855172
36.039	-7.5015	-0.37316	-1.12260632551986
35.992	-6.343	-0.027214	0.723486707064153
38.018	-4.0021	-3.4175	-1.3783929718189
36.085	-8.2433	-1.0166	-0.481268857718919
38.197	-3.1683	-2.8039	0.168172602216277
37.221	-6.2661	-0.70586	-0.305667938267845
24.495	-0.80438	1.506	-0.448213813238179
19.894	-12.408	-3.0023	-0.371206328697054
32.857	-1.747	1.0811	1.645
38.182	-4.7359	-4.0348	1.20375870345
32.564	-8.7826	-4.3392	-0.318238069633722
33.424	-10.297	-2.9498	-0.357637333717213
37.001	-1.8216	-3.9956	1.645
32.612	-9.982	-3.3678	-1.05325702477792
26.104	2.9775	0.38525	1.645
35.856	-6.2175	-4.9262	-0.0460299303851613
34.29	-0.70505	-5.4116	1.35734616647505
35.119	-8.7121	-3.9509	-0.763442453626294
32.294	1.3388	-1.5872	0.0502632669403256
26.933	2.2884	0.38868	1.645
27.989	0.13398	0.8053	1.645
37.348	-6.549	-3.1685	-0.646472295962513
34.481	-0.83471	-4.8208	-0.630425426995829
36.976	-6.7599	-1.9741	0.317047402189705
36.879	-7.3031	-1.1171	-0.740481880904579
37.988	-3.183	-3.7179	-0.36224178199383
37.929	-6.679	-1.6821	-0.287418519317352
35.328	-8.9384	-1.7754	0.913563262751216
34.271	-9.6149	-3.6763	-0.939273764858974
33.023	-9.9253	-4.2566	-0.274021233960197
36.927	-6.6277	-0.54409	-0.577978140344108
37.587	-7.0356	-2.9008	1.645
36.719	-7.5573	-3.667	0.44439016577315
37.13	-6.6506	-0.87502	0.174217838197977
33.331	-10.091	-3.2853	-0.970361176123867
36.513	-6.807	-1.1852	-0.882519511882819
28.452	-0.64826	-6.6807	-0.152919334744463
35.608	-8.7425	-3.6319	0.0290053840974782
36.084	-6.9266	-1.1155	-0.340196475388703
34.803	-1.1978	-5.5854	0.495377109148121
30.623	-10.628	-2.3359	0.826953598645699
34.746	-0.83355	-5.3832	-0.410492644489908
37.674	-6.0117	-3.9316	1.53221875452476
35.239	-7.2057	-0.80222	-0.986208381111227
30.909	-10.532	-3.6165	-0.610620114948132
34.081	-0.19025	-0.19369	-0.757666585286268
36.16	-6.2388	-4.6065	0.163777160356351
34.061	-9.7107	-2.6267	0.700426988086589
28.401	-0.6673	-6.6758	0.0772465831637651
34.108	-1.3907	0.43458	-0.766479961924846
36.911	-4.0324	-0.88935	-0.132829332560228
36.133	-7.4211	-1.9201	-0.766664982644553
35.653	-7.9359	-0.91161	-0.863988960334409
27.563	-1.7829	0.9933	0.91925296876771
35.686	-6.1698	-4.8122	-0.713018131418137
35.599	-6.05	-5.0311	-0.496516945349428
33.647	-9.5361	-2.9473	0.166429528321655
37.439	-7.1052	-1.3532	1.40552637026029
23.069	-0.86413	1.3787	-0.141395683087746
37.717	-5.9636	-3.8253	1.645
37.26	-1.8777	-3.7953	0.766938746419002
37.331	-2.3602	-3.1346	0.194404432287279
29.747	1.7848	-0.64182	-0.463739887298937
31.26	-1.5383	-6.2118	0.392660016620208
28.79	-0.60836	-6.4231	-0.154071877848166
28.577	-1.9917	0.59004	-0.520363381340117
36.944	-6.5048	0.15745	1.26105472634991
27.399	1.8644	0.060854	1.36043068442011
34.571	-8.8569	-2.5749	-0.183941706488683
37.024	-6.2246	-3.3113	-0.157948934155656
37.905	-5.2701	-3.6581	0.713771937310453
37.467	-3.1874	-2.2578	1.06179908616521
35.937	-7.7764	-1.2843	-0.314053105078892
37.269	-6.4643	-1.3187	-0.941350316506348
35.22	-2.8647	-5.4605	1.58574547560052
36.327	-3.639	-5.216	-0.502971036306579
37.298	-5.8161	-0.65225	0.20222650134679
37.658	-4.6228	-3.5033	1.4700257410372
33.532	-9.5404	-3.8361	-0.360273551688256
38.11	-4.4154	-1.7878	0.500702026344613
33.965	0.34185	-2.8306	0.266261828731767
18.681	-11.853	-3.5342	-0.809748234781378
37.578	-6.9156	-1.9975	-0.509772187522345
22.178	3.5218	0.97528	-0.349339236982255
34.324	-1.491	-0.028499	0.555551213286869
27.877	-10.224	-4.2064	-0.974965485477584
35.796	-7.3764	-0.93857	-0.379183886345039
36.21	-7.1793	-0.91817	-0.862861147403763
33.756	0.78472	-3.7174	1.27026358181408
34.832	-1.3266	-5.3939	-0.620615929785308
36.693	-6.5135	-1.0092	0.0352075273520031
37.262	-3.681	-4.3805	1.645
37.664	-2.5775	-2.7475	0.282379011978233
33.114	-0.44001	-5.9828	1.645
35.83	-8.0329	-0.94709	0.85367686613073
37.168	-2.8936	-4.4433	-0.451053199667837
37.252	-3.2123	-4.5515	1.45449310956829
37.485	-6.3438	-1.5371	1.60079383265461
36.79	-1.1179	-1.9369	0.0374435494059643
36.986	-3.4192	-4.8641	1.03400306284342
28.187	-2.0153	0.64751	1.645
36.115	-2.5821	-0.79798	-0.450054266532084
32.441	-8.4786	-4.6004	-0.748137916307947
32.516	-10.186	-4.2238	0.231521962241862
34.865	-8.7229	-3.4379	-0.932762561542626
37.744	-4.8284	-2.8158	-0.238435999651333
36.311	-6.2684	-0.71261	-0.587598794055962
37.547	-3.1049	-3.4645	0.365514980432546
38.079	-6.2421	-1.3115	-0.763837688934264
37.974	-3.6555	-3.1281	-1.018170833161
28.696	-0.68077	-6.8741	-0.786987517177623
30.852	1.7849	-1.8279	0.261793868255556
34.821	-6.2335	-5.3327	0.46500744816774
14.631	-11.506	-3.6427	0.293569422796276
34.669	-0.46744	-3.1166	0.2448783286957
37.859	-5.8203	-2.0456	-0.257977698052692
36.787	-5.5935	-0.20183	0.512224509324174
36.693	-3.4679	-1.3316	0.00252971461412346
24.838	-11.328	-3.8629	-0.969890757516383
35.763	-0.51963	-3.4807	-1.07739929450545
35.201	-6.4466	-4.6978	0.377477546639195
32.044	-10.644	-3.7583	-0.855021344748383
36.194	-6.8002	-1.6144	1.28037662648766
36.007	-6.7848	-4.2244	-0.626990504685785
35.927	-7.6408	-0.39627	1.00150847251123
35.868	-8.013	-3.1225	-0.769793194750067
36.808	-7.1617	-1.0805	-0.777108181146203
36.946	-7.765	-1.2246	-1.46298569174893
36.325	-6.6188	-4.8643	-0.0962488181763763
35.549	-6.4596	-0.15332	-0.977661468043378
30.435	-2.0178	-5.0573	0.281510706221808
36.901	-2.8551	-4.7309	-0.883146130622067
37.149	-6.3657	-1.3475	-0.964940594786794
36.787	-3.2912	-4.7881	0.465814449477941
37.496	-2.7345	-3.0657	0.62092697630914
32.833	-9.925	-3.8629	-0.581572201198081
37.75	-6.5893	-1.4592	0.233817901366886
36.038	-0.75241	-2.4819	-0.00326531544267746
28.133	-11.456	-3.6026	1.645
30.447	1.4981	0.012136	1.13322822391574
37.759	-5.8941	-2.4694	0.940853575338863
36.523	-6.9224	-0.55317	1.26912728193075
37.667	-3.3869	-1.5302	-0.780240377034075
35.259	-0.56743	-3.8436	1.03660195085954
21.996	-12.117	-3.2949	-1.32794563712217
36.696	-3.7296	-4.7045	0.566581928543587
36.844	-2.8627	-4.1771	-0.321774744669056
35.141	-7.3093	-1.8385	0.156903510808407
37.236	-5.8353	-2.0778	-1.01254245509151
27.895	2.1727	-0.70999	-0.295233540729764
35.937	-7.577	-0.66075	0.219411156642217
36.415	-3.3798	-0.64911	0.299422277891005
37.914	-4.9455	-1.6546	-0.0599507631195658
37.81	-6.0972	-2.6215	-0.647060271659537
36.059	-6.6724	0.099282	-0.652138185168168
33.831	-0.82131	-5.9073	0.485276382561119
37.488	-4.8809	-1.9614	1.17626729915532
34.309	-1.5814	-3.0886	-0.55636619892258
16.546	-12.122	-3.0507	0.0314254163005181
26.475	2.8001	-0.13414	1.59003356929066
36.584	-3.2355	-4.7375	0.977886714782882
36.968	-3.0594	-1.5917	-0.583313108237302
36.022	-5.6927	-0.69924	1.645
22.905	-1.2773	1.3333	0.535258782407488
36.937	-6.6664	-1.0888	1.645
38.435	-6.2835	-2.839	-1.33997309097925
35.405	-0.70375	-4.8046	-0.740260352605314
36.121	-2.9466	-5.1363	0.70574535625963
36.896	-1.6696	-2.1151	1.645
27.474	-0.29098	-6.7196	-0.231452148080559
34.672	-9.018	-2.7887	-0.472596999998428
36.78	-7.3321	-1.024	-0.396765156102616
31.309	1.3203	-2.1248	-0.995564246007527
34.816	-1.9829	-0.24815	0.565813956943077
31.034	2.13	-1.503	-0.612828077882833
38.1	-4.3733	-2.6288	1.30805997955351
33.506	-8.587	-3.743	-0.874691232381061
36.038	-5.389	-5.311	-1.23460746889986
34.702	-1.6396	-3.8829	-0.570002555953779
32.373	0.99622	-2.1654	-0.585137510428018
35.958	-2.3821	-5.0615	-0.55688243396578
37.447	-2.7711	-3.2962	-0.410733560427559
34.224	-1.4421	-5.2872	0.986843200178794
25.823	2.7506	-0.30933	-0.462243691364551
36.853	-6.3522	-2.1496	-0.78472134446484
34.92	-2.181	-0.95545	1.41463027683366
31.384	-10.126	-3.673	0.494743335400673
36.331	-7.1059	-0.41523	-0.656450918288955
29.704	-11.031	-4.1478	-1.37668683755754
35.609	-7.1077	-0.68315	-0.881815289054705
35.818	-1.2328	-4.9674	1.645
35.623	-7.3392	-1.1323	-0.856159218489477
32.987	0.16537	-5.4076	-0.861653928466378
36.38	-3.1166	-4.3906	0.266381673692189
36.763	-2.5223	-2.4664	0.561950160755346
30.806	-9.287	-3.5933	-0.180679122753949
31.819	0.77723	-1.5751	-0.563495672100185
34.867	-2.1455	-5.957	-0.60139809557215
36.432	-2.9785	-1.8557	0.313627157866833
37.33	-2.1802	-2.9054	-0.492010112792122
35.886	-6.8034	-0.66589	-0.72665760443585
34.169	-2.2291	-0.29475	-0.727219544767295
27.676	-0.63697	-6.9622	-0.14566874371612
36.642	-7.6993	-2.0698	0.71889269652646
36.441	-7.3309	-1.0821	-1.43756995559066
36.404	-0.77396	-3.045	-0.584404413634702
32.197	1.205	-4.1368	0.484710627372221
33.119	-10.31	-2.9906	-1.45477829998933
37.344	-5.4244	-3.918	-0.16927221151716
30.026	1.6761	-1.1057	-0.927885719281273
37.878	-4.0903	-2.2179	1.31295987296605
37.108	-2.6266	-1.3105	-0.898083709287032
36.482	-1.3979	-3.6565	1.56742216568066
31.452	-9.1478	-3.2273	0.251483810618596
35.595	-7.1083	-1.4836	0.447390942916799
37.93	-4.6532	-1.5629	-1.645
28.339	-11.288	-3.7747	-1.645
34.572	-0.91389	-5.3163	-0.412359769014663
27.025	-1.1452	0.8769	1.645
34.079	-9.9018	-3.0968	1.43881398470459
35.222	-7.552	-0.12993	-0.693278721128266
37.707	-3.9647	-4.055	-0.531539197673169
37.055	-7.808	-1.365	0.0762914683610367
37.028	-8.0319	-2.3737	1.645
37.484	-2.9589	-2.2054	0.947325305510078
36.636	-1.8449	-4.6217	0.900035125900795
24.255	-1.0753	1.209	0.411672356253828
37.908	-5.4849	-2.8675	-0.825439571963843
28.144	-11.285	-3.6351	0.778317936308647
36.304	-3.0943	-4.7781	0.314647309148514
36.383	-6.8969	0.11651	-0.655448406707464
36.032	-2.4254	-5.2954	-0.125732158503763
37.693	-6.9362	-2.1968	0.275691528852629
35.196	-7.2738	-0.20346	-0.576262969410734
36.191	-1.9754	-1.1911	0.314086505280552
35.949	-7.0988	0.036498	-0.882208445607389
32.924	-0.29634	0.38633	-0.761840800208218
36.636	-8.1869	-3.6598	0.32404205001939
35.702	-1.5553	-5.3066	1.50599716773739
37.827	-3.3669	-2.5679	1.645
34.952	-6.4194	-5.1862	-0.48461894356792
25.703	0.22142	-6.7138	-0.395594719417639
37.718	-6.805	-2.3753	1.645
20.57	-11.951	-3.571	1.13718375979742
33.204	0.41913	-3.6203	-0.487399615078103
36.349	-7.4662	-1.0629	-1.33290936915162
32.301	0.83282	-1.4899	-0.798442304282862
36.889	-6.3605	-0.64418	-1.44340880301163
37.364	-6.6113	-2.4395	-0.545824658123125
36.557	-6.012	0.058335	0.726304268575021
34.899	-8.9036	-2.1978	-0.417301888679538
34.392	-0.67005	-5.3893	-1.20724252647485
36.058	-0.71232	-3.8443	1.3694983792551
35.914	-2.1429	-5.1293	-0.598043821466017
38.175	-6.4615	-2.3743	0.379742790811107
37.269	-6.594	-4.1428	-0.382622513826825
36.296	-3.9297	-1.4904	1.645
34.929	-9.3154	-3.3453	-0.31894349173135
33.624	-9.7678	-3.2114	-1.17003084164769
35.452	-7.5059	-1.1164	0.235759770634191
36.034	-7.7111	-0.66814	0.566714223370553
37.161	-2.9571	-4.3767	-1.02315695730905
35.801	-6.039	-0.10692	-0.195296763900789
38.018	-6.5426	-1.8973	0.509728324639636
37.065	-2.8718	-1.9238	-1.04136546434228
37.741	-3.5231	-1.6764	-0.32091200414529
36.429	-1.94	-1.5444	1.645
38.124	-5.9004	-1.833	-1.645
37.088	-2.7651	-4.3048	-0.684086179654484
37.718	-6.2576	-0.89144	-1.3153522351085
32.946	-10.118	-3.8613	-1.37115394009453
38.042	-4.4673	-2.5642	1.645
35.311	-1.2939	-5.3454	-0.602750486030633
36.716	-1.7406	-3.0904	0.414679616133956
37.657	-5.2865	-0.77623	0.227887908293551
28.415	-1.9853	0.6287	1.645
35.913	-2.1991	-5.1813	1.645
37.832	-5.746	-1.2789	0.140983593227876
37.809	-7.1081	-3.5919	-0.4200422554051
37.022	-7.8526	-1.9066	0.186616577092651
35.963	-2.9456	-4.6888	0.829323801173482
29.139	-10.899	-4.2139	-1.34111715057988
38.328	-5.5245	-1.6957	0.655781916276543
35.913	-3.5353	-0.26692	1.645
36.624	-2.5872	-4.7152	-0.0243856066897982
35.732	-7.4659	-0.892	-1.46665427517284
37.405	-2.8884	-4.2719	0.162069772834824
27.224	-11.557	-2.9923	-1.21699112026926
34.219	-0.7002	-5.219	-1.21204776346762
36.409	-6.4671	-0.54685	0.182205664530132
29.133	0.029435	-6.8166	-0.731317613757977
34.285	-0.88002	-5.7289	0.392698379993078
35.879	-1.4706	-5.0897	-1.01628191953378
33.331	-0.8698	-4.6621	1.37340337138659
28.562	-11.373	-3.9338	0.395689685371524
34.954	-8.59	-1.2637	-0.451116548381168
12.655	-12.024	-3.1062	1.43661314190662
33.259	-0.86748	-5.1327	-0.590070049281961
38.313	-5.8634	-3.2643	-1.645
36.875	-2.9204	-4.2667	0.167501213543352
36.875	-6.5702	-0.73131	-0.535985149364951
32.785	0.6827	-1.7577	-0.620028608758461
36.807	-2.7145	-1.7884	1.645
36.197	-2.5887	-0.88178	-1.29685952679602
37.29	-3.1505	-4.2486	0.570829546935307
33.099	0.48603	-1.4884	-1.28811115131307
34.092	-8.9227	-4.1576	-0.871421728845009
37.012	-7.5666	-2.4787	-0.319979231670499
36.947	-6.3535	-1.4057	0.150124223687876
24.144	-11.871	-4.1725	1.47514391977795
37.294	-5.8666	-0.45628	-0.230475196552912
38.453	-6.2205	-2.5167	-0.00807268409119458
38.205	-3.7763	-2.7418	-0.174552145591481
29.42	-11.225	-3.3753	-0.453407099956269
37.148	-5.3387	-0.68234	0.932815927648614
26.075	-11.349	-3.6326	-1.17082823669267
34.237	-0.72906	-5.5845	0.679567174372318
35.409	-7.9537	-0.78786	0.869365658357463
36.261	-5.9674	-0.39885	0.872304510143637
35.769	-1.1302	-4.9338	0.745711458103516
34.05	-7.3166	-5.0561	-0.730091469420522
33.716	-7.4941	-2.944	-1.17326919396131
36.741	-6.3389	-1.159	0.0267806139596682
36.513	-7.4862	-2.793	-1.645
36.212	-4.2356	-0.11937	0.294274559565944
30.542	1.6715	-0.25718	0.332760493758608
37.523	-5.7548	-4.5898	-0.603703881832217
28.667	1.635	-0.37636	-0.0746494287976103
37.356	-5.2576	-1.0494	1.46385287850835
36.478	-7.7756	-0.57777	-0.570921916480631
37.883	-3.842	-3.38	-0.213567013373936
35.131	-9.2436	-3.3567	0.159826935924737
37.587	-5.2175	-1.004	-0.844848212677492
36.221	-2.9564	-0.61513	0.654271626344585
38.637	-6.5948	-1.8103	1.47312453764107
36.956	-3.2025	-4.4751	-0.793689920492693
29.985	-11.016	-3.6217	0.139658100668268
31.672	-6.1599	-5.747	0.138502227584577
36.491	-1.3732	-4.2775	1.29870321260975
37.131	-4.5617	-0.87893	0.902095078243411
31.827	0.24387	-1.1057	-0.54506531013022
36.602	-7.2462	-0.74841	-0.260844762187765
35.527	-1.6899	-5.4983	-0.743443080642432
28.143	-0.79826	-6.7107	1.24429894420649
36.361	-7.4636	-0.51885	0.73437718000245
36.981	-6.59	-0.49138	-1.53643285360053
37.82	-7.0502	-1.9993	-0.859446396292615
36.574	-8.6753	-3.4189	0.87967867067203
37.993	-6.6047	-0.58157	0.828428392521415
36.619	-3.3442	-5.008	-0.124442285922569
37.163	-4.0055	-1.8496	-0.195254025634196
27.841	-0.46924	-6.7153	1.645
33.362	0.38835	-1.7634	-1.10060362192591
38.275	-5.2304	-2.3682	0.935145364701837
36.744	-6.6862	-0.47204	-0.510430428790584
29.038	-11.463	-3.3336	-1.3715712006888
32	-9.0904	-4.758	-0.506429509597312
34.952	-1.4921	-5.7799	-0.221324553658915
35.586	-6.7863	-0.30952	-0.556972640659682
29.473	-2.0004	1.2233	-0.593345674434677
36.946	-7.1431	-0.98937	-0.0354261560610647
35.2	-1.6433	-5.5416	-0.799091003807753
38.265	-6.0586	-2.7998	0.204482015934688
33.966	-0.18969	-0.95979	1.645
37.105	-2.5879	-1.2599	1.645
37.342	-6.7824	-1.0638	-1.34906022360336
36.545	-7.0306	-0.54223	-0.294018603294432
35.679	-7.0002	-1.2115	1.49260228002466
35.984	-1.9774	-4.2136	1.04376316525298
35.308	-9.5027	-2.4343	-1.12914058550512
33.845	-9.7813	-3.7695	1.645
33.349	-0.35116	-2.0425	0.139628867533951
27.568	-0.41487	-6.818	1.645
33.366	-9.9976	-3.4617	-1.37760793208914
19.483	-12.108	-3.7965	-0.464252139775715
37.162	-5.5491	-4.7764	-0.678272933103589
35.769	-6.9619	-0.47515	0.593263072871357
35.88	-8.2388	-4.4135	-0.306743226343155
35.04	-7.5716	-1.0808	1.645
35.22	-1.6653	-1.0212	-0.335542548351183
36.935	-5.5179	-1.3782	-0.378538050054728
35.664	-1.6218	-5.105	1.24975798061394
26.332	2.8248	-0.26543	-0.14814746448633
38.305	-4.7921	-2.3396	0.235949847819894
37.264	-6.0234	-0.95589	1.36766473827338
24.961	-12.173	-3.2356	-0.301047546620622
36.493	-3.2037	-1.737	-0.63110234156567
37.016	-2.6871	-3.6991	1.645
35.521	-7.0953	-0.81215	1.645
37.573	-6.2663	-0.94834	0.975501220904627
36.713	-2.7918	-3.6785	-0.490542947068473
37.267	-2.9412	-1.1413	0.0642277938028438
36.105	-7.5793	-1.0388	1.21356114053601
36.149	-3.6882	-0.088772	1.645
29.561	-2.1923	-0.92529	-1.16145074710199
28.421	-10.501	-3.8962	-1.36666947336248
37.543	-6.6177	-3.9242	1.645
36.013	-5.2962	-5.2194	-0.667509750602065
31.616	-10.133	-3.0478	0.646551908627821
26.865	-11.889	-3.6093	-0.661587775992592
34.944	-1.8333	-5.6746	1.645
33.974	-0.2086	-5.4289	-1.21536593936823
27.421	-11.915	-3.1716	-1.22210148965988
24.068	-11.949	-3.7635	-0.758673618907183
36.904	-2.4271	-4.0264	0.0329514422634721
32.829	-2.2829	-5.3286	-0.31579149445159
36.607	-2.9684	-1.1872	-0.872663817448911
36.922	-6.114	-0.78434	0.109174525899796
37.221	-6.042	-1.2144	-0.605696190139
35.954	-7.1988	-1.5628	-0.737105887986218
35.692	-8.8069	-1.7571	-0.218237401261698
37.491	-6.0219	-1.2997	0.460112634621418
35.9	-7.2416	-0.67509	-0.0404893399044339
36.618	-7.6655	-0.98104	1.645
29.945	-1.3699	-6.7296	1.11852509805469
32.161	0.91575	-1.7862	-0.0773323650167505
37.605	-6.5111	-0.87244	0.877975438555106
35.517	-6.5056	-0.50915	0.35747109779334
32.059	1.3109	-2.4168	-0.754259192711474
29.196	-10.899	-4.0629	1.13559374744704
24.476	-1.1701	0.93116	-1.0630147759762
36.747	-2.8716	-4.7368	0.580154801033882
38.014	-3.428	-3.3169	0.501348809149127
36.001	-6.2461	-0.9769	0.362915846605206
36.332	-6.6978	-0.47076	-0.625175996377099
38.3	-5.7317	-1.6831	-1.51270264539503
29.979	-11.824	-2.9049	-0.487051277817536
37.151	-6.3028	-0.5405	-1.533061580513
36.12	-6.1442	-0.35725	-0.7839322962705
36.271	-7.3453	-1.3238	0.707483044058197
36.488	-6.1858	-3.8549	-0.598661922272576
35.366	-1.8119	-5.5672	-0.620090117529722
36.371	-1.3748	-4.149	-0.637511458461393
31.428	1.6486	-2.2588	-0.140208723128517
30.715	1.0071	-0.9415	-0.421710610185938
37.231	-3.9099	-4.7721	-0.34737810719765
34.721	-8.3715	-4.579	-0.471600127202222
36.514	-8.5327	-2.2652	-0.239041779154252
36.083	-2.6015	-0.39972	-0.208877325416426
35.498	-8.087	-2.6598	1.645
30.178	1.4558	-0.55411	0.688486451261151
33.074	-10.314	-3.0415	-0.866368338393247
34.568	-8.0682	-4.3868	0.321343010178385
36.881	-6.9741	-1.2878	0.97252132362872
31.206	-10.908	-3.2517	-1.29956933055011
20.185	-12.42	-3.592	-0.93974688303762
37.199	-1.6237	-2.4917	-0.121633990506383
36.947	-7.3373	-1.2444	-1.37398929593183
33.778	0.11392	-0.5513	-0.579540628566229
36.98	-3.2319	-1.217	0.558284225082599
36.125	-7.0592	-0.43751	-0.700330462392122
30.989	1.3364	-1.2695	-0.610907003960821
37.721	-2.718	-3.5393	1.01954480663833
36.492	-7.4624	-0.46387	-0.611779533865473
35.897	-8.9728	-2.3728	1.645
36.92	-3.6492	-4.6394	-0.936142412915312
36.993	-4.0546	-1.8566	0.447707164908616
34.583	-9.2741	-3.2361	-0.968634436167822
34.344	-1.2254	-5.6987	0.545938015254732
35.742	-8.0212	-3.8443	-0.47362315946038
37.001	-2.4226	-2.9225	-0.36395418936876
35.171	-6.1369	-1.2886	-0.406398172467809
37.028	-3.37	-4.176	-0.352284141668476
33.298	0.35184	-3.695	0.633336363630903
30.361	0.79431	-0.83387	-1.11292697530023
35.436	-6.7361	-0.95815	-0.758308489443502
37.41	-6.4188	-0.83121	1.645
36.383	-1.4084	-1.6501	-0.389036281007684
28.632	2.1882	-0.58482	0.195649198329719
34.186	-2.9176	0.81454	-0.156990444115336
36.195	-4.2493	-5.2274	0.798590509959031
26.47	-1.2093	0.66759	-0.559605737280007
36.233	-7.5856	-0.90686	-0.170472534007909
36.421	-8.4179	-2.0881	-1.645
37.469	-3.1858	-2.9957	0.65249199281769
35.257	-2.0901	-4.006	-1.12186306305514
36.163	-7.092	-0.771	-0.0970853645456928
37.734	-5.9544	-4.0513	-1.645
37.902	-5.9908	-2.0936	0.0631982190615303
37.448	-6.4351	-3.4083	-0.153836586745806
36.099	-7.3386	-0.73775	0.131006488255921
38.19	-5.2303	-3.4668	1.13251998869983
32.123	0.60269	-0.86491	-0.589602738874875
32.053	1.3059	-1.5197	-0.632217520699641
36.699	-4.6467	0.089536	0.425088548931115
27.83	-11.511	-3.6894	-0.558555914800408
35.927	-2.6184	-5.194	1.645
36.378	-8.7082	-2.2334	0.0117979129560049
37.434	-4.6484	-2.4277	-0.838207159264738
36.422	-2.8263	-5.0446	-0.4742100570804
37.128	-7.3771	-0.91807	1.0434449438903
36.806	-7.1946	-1.9069	-0.778548733872175
34.659	-0.55942	-4.4261	0.816488758997446
36.328	-7.1272	-0.93379	0.128846580535723
36.281	-2.7152	-5.341	0.432496796148473
37.412	-6.2447	-2.696	-0.669207593883873
35.967	-2.729	-0.69909	0.226231765823356
36.783	-8.0664	-2.712	-0.227809417431634
36.508	-6.9874	-0.76697	0.792182745309575
37.295	-4.7406	-4.9434	1.35785636996523
37.907	-5.6622	-1.514	0.0127289449832449
36.54	-2.6445	-3.9797	1.645
34.705	-0.88028	-5.109	0.231580413405256
35.571	-0.535	-3.7779	-0.0583653141522574
36.023	-3.1128	-0.9772	1.49421317738651
36.969	-6.9389	-2.1567	0.254010138059401
30.821	-10.653	-3.8519	-1.645
34.81	-1.815	-0.71735	-0.852002688440335
37.007	-3.2381	-4.6457	0.427777886499352
22.98	3.3486	0.063496	-0.339653370138697
32.159	-10.433	-3.0039	0.370055514023846
37.195	-6.8729	-0.94274	-1.16616255341984
34.005	-0.32428	-5.4688	-0.508645291165482
37.776	-3.2527	-3.708	-0.438527619466998
25.345	2.9604	0.81839	-0.593782430274587
37.704	-6.9036	-3.5007	1.645
25.232	-11.836	-3.4376	-0.724511684767468
35.212	-2.5121	-5.7232	0.581285409547598
38.366	-5.4234	-2.4492	-0.216022565463257
29.989	-1.4419	-6.6104	0.894974776918078
37.702	-3.2554	-2.2478	1.61732910818246
36.695	-8.3244	-3.4796	-0.464940346576219
22.216	-0.28528	1.8218	-0.602209398551933
27.938	-0.14693	-6.4389	-0.338326073631179
37.215	-2.1692	-3.2804	-0.551207547141614
24.948	-1.1145	1.1193	0.00810990930825553
35.868	-5.9551	-0.76246	1.13974922257668
28.015	-11.269	-3.5031	0.237787007588858
36.415	-2.8229	-5.3315	0.221002403758962
36.026	-2.1342	-5.1439	-1.29849017448301
36.861	-6.3361	-0.60656	0.0687077620848737
34.486	-9.5717	-3.7802	-0.463866013410392
22.352	3.0673	1.2586	-1.05771491412613
35.219	-2.1202	-1.3575	1.29157707330442
36.39	-6.9544	-0.46647	0.138830950854825
32.516	-0.5129	-6.2823	-0.172413696822977
37.032	-6.1426	-0.88556	-1.59922491942991
28.289	2.0839	-1.1024	0.660221332570543
33.548	-1.5978	0.067007	-0.814133896694618
35.336	-1.5855	-5.3664	-0.618463714410213
35.391	-7.7354	-2.7639	-1.09322180565886
36.84	-7.9578	-3.3052	-0.48277962772134
37.095	-3.2146	-1.7715	-0.165111112440966
33.859	-9.2605	-2.5721	-0.469369820148675
35.877	-8.4213	-3.4308	-1.14496491139933
34.549	-0.84299	-5.6394	-0.786918073496742
36.996	-7.5551	-2.6668	-1.54879185531187
34.832	-7.3907	0.24362	-0.656753240007451
33.235	-10.72	-2.9872	-0.693784169489128
37.307	-6.0201	-1.5607	-1.64180903894562
37.418	-2.9354	-2.5082	-0.327190240853087
34.343	-1.6947	-5.9695	-0.303883812527413
35.852	-6.3953	-0.66102	-0.802261200497582
23.219	-11.625	-3.7246	0.366746976728866
25.658	-11.743	-4.0632	-1.17210969389364
36.408	-7.0685	-0.74929	-0.788112698970273
34.872	-9.2335	-3.1798	-1.41053374215017
32.521	-10.366	-3.3013	-1.08083605058416
35.301	-7.1362	-0.87532	0.175969354512851
36.981	-7.338	-4.1057	-0.354355061766303
36.532	-2.2219	-4.9142	-1.30292570073769
36.587	-6.9588	-0.9185	-0.587270986110854
37.804	-3.758	-2.5106	1.03316815390905
37.188	-3.3266	-4.129	1.27917953779419
36.601	-3.3263	-0.83788	-0.756409975273749
20.494	-12.103	-3.3423	0.915682059423826
37.343	-6.62	-3.3463	-1.62505200859831
34.74	-1.4122	-5.6472	1.645
33.679	-0.86234	-0.17042	-0.121570085571126
36.655	-3.0677	-4.4207	1.645
34.85	-8.5722	-4.0191	-0.722304974342934
30.867	-10.809	-3.5384	0.746354976709349
37.307	-3.9139	-4.5918	-0.887959901270082
36.667	-6.7386	-0.78268	0.103230086831697
31.457	-0.30158	-6.5963	0.839624065820438
35.913	-7.6121	-0.87189	-0.941625914696658
36.13	-2.8164	-5.1146	-0.767370626472662
35.209	-0.0088546	-1.6024	-0.373896626682383
37.083	-6.3311	-0.76982	0.18609757154163
36.223	-7.7271	-1.0545	-0.495080883006937
30.474	-10.434	-3.6727	-1.19005532982409
35.745	-6.4161	-0.72233	-0.131667240725971
34.25	-0.42419	-5.4538	0.804309833817861
35.158	-7.4175	-0.57039	-0.701598773455432
37.835	-4.0336	-3.727	0.974300044777771
29.205	-1.0063	-6.6398	0.746910565427418
35.456	-3.3218	0.088323	0.0988703195750838
29.803	-10.77	-3.5859	-1.36874857370882
37.4	-5.3887	-1.203	0.255584318946335
38.39	-4.8164	-3.1837	0.370053010986315
28.169	-10.539	-4.4468	-0.646136337101427
37.101	-6.2474	-1.5272	1.09409081477637
36.103	-2.9353	-0.50444	-0.607257807699492
33.597	-0.56617	-5.3621	1.645
34.55	-8.264	-2.9045	-0.0410962199703841
35.071	-9.1648	-1.7033	1.645
37.21	-4.2579	-4.7383	0.603216740045819
35.826	-8.9178	-2.6398	0.297040027643127
29.572	-9.596	-4.4341	-1.15400599019518
38.35	-4.2938	-3.138	0.6801160801046
33.688	-2.6749	1.0381	0.494272575562937
36.474	-2.0151	-4.8982	-0.347932974951719
36.528	-6.7207	-0.3798	0.51980400238847
33.424	-10.084	-3.4669	-0.664554433120021
35.861	-2.605	-5.277	-0.967608152479817
34.46	-9.1908	-4.2253	0.518713428351645
38.32	-4.8525	-3.1108	-1.16156402438092
37.496	-3.2443	-4.1554	0.531944318536638
26.909	2.6637	0.026832	0.920616597901709
23.052	-12.064	-3.317	-0.255780470186808
37.644	-6.4692	-2.6675	-0.4058262659399
36.848	-6.5595	-2.1398	-1.08368179197482
29.035	1.6447	-0.066406	0.31637138488816
35.626	-7.5125	-0.57968	-0.944020191569476
37.322	-7.6218	-1.4826	1.645
35.285	-8.2893	-0.64382	-0.404243376544796
20.084	-12.312	-3.48	-0.491217250307478
28.865	1.751	-0.48839	-0.547933928497483
29.709	-10.969	-3.9119	-0.499043294418589
37.772	-3.5059	-3.3861	0.0168902447666573
36.942	-6.4637	-0.66239	0.558032677066268
33.758	0.38343	-3.2386	1.645
36.282	-1.236	-3.9953	1.15024566016509
36.872	-6.6326	-0.5159	1.17738669098183
27.991	-1.7102	0.46544	0.318954695496769
34.467	-0.7789	-5.5486	1.645
28.91	-10.416	-4.3339	-1.13472674184029
36.451	-2.0925	-4.9467	1.35621915523472
29.772	1.7553	-0.20628	1.645
37.46	-4.4038	-1.0835	0.0338850400890961
30.47	-9.6622	-4.3325	0.446539663828419
31.478	0.98321	-0.87069	-0.332575331699947
36.431	-1.4634	-3.8262	-0.581110841218694
36	-9.0717	-3.5695	-0.711358328480923
37.711	-5.9719	-3.357	0.361219119486564
27.558	-11.495	-3.2371	-0.508762110023871
24.502	-11.889	-4.0808	0.968910107400071
36.522	-7.3306	-1.1206	-1.26422743161024
34.234	-9.0501	-4.1876	-0.193342221902601
34.039	-8.7942	-4.1058	-0.598472462903842
36.049	-2.8343	-0.31658	1.645
35.726	-3.108	-0.29894	-0.997942348959309
37.247	-6.3258	-0.74275	0.890176490928848
36.663	-8.0185	-1.3392	-0.735059017340111
36.819	-2.209	-4.6629	0.123178496395624
36.367	-7.0131	-1.7098	-0.641083998846263
37.603	-3.5366	-2.3554	0.19958789230097
37.32	-2.9559	-2.0473	0.910650715680178
36.358	-3.1915	-4.9347	-0.537436355133578
18.772	-12.196	-3.1299	-0.772363105932818
32.75	-10.422	-2.8005	-1.38037130258879
36.785	-1.4031	-3.5604	-0.816402085768741
35.477	-1.5291	-5.0441	0.341421807121705
28.024	-11.618	-3.2678	-1.645
38.028	-3.372	-3.8422	0.197256152584572
35.983	-6.7157	-0.25748	-0.543888350505302
37.675	-7.2641	-2.5191	1.37504887586941
38.285	-6.068	-1.6478	-0.408323349769236
37.648	-2.9954	-2.6871	0.690437356614981
36.758	-6.2914	-0.49534	1.645
37.3	-4.165	-1.6175	-1.12684121162758
27.805	2.13	0.2655	-0.899700165351068
33.741	-1.9733	-5.4226	-0.655082806583861
36.11	-7.4497	-1.499	-0.611716256687599
37.13	-3.482	-3.5833	1.645
37.065	-7.2034	-1.1197	0.294727259443998
35.676	-1.5634	-5.343	-0.981609084789799
25.634	-1.2253	0.94194	0.247812776615441
36.345	-2.7504	-1.3676	-0.636475268101896
35.006	-5.2704	-0.66318	-0.925056598430148
21.515	-0.82075	1.3352	1.645
36.934	-7.1197	-1.3898	-0.215206068985561
35.563	-2.7773	-0.24283	-0.393737717264286
37.173	-2.6245	-3.9132	0.657572145219429
36.387	-2.0945	-4.6511	0.567584183518437
35.784	-2.114	-0.96068	1.07535699856699
37.664	-3.9756	-1.3644	1.645
33.453	-9.9212	-3.2833	-0.703051921806966
28.418	-11.12	-3.9506	-1.645
35.617	-3.9137	0.42156	-0.127883320946616
35.863	-2.4069	-2.5622	0.371877337379292
35.028	-7.1752	-0.66195	-0.266221195534115
35.812	-5.4805	-0.52955	0.158414150762782
35.948	-1.8128	-5.129	0.683518465470744
36.383	-2.5713	-5.1106	0.992842015801247
37.161	-6.9458	-4.105	0.11655953841266
33.48	-0.64767	-5.7709	1.40634592669266
36.767	-7.3284	-1.2693	-0.810173602649218
34.688	-1.4445	-4.5017	1.645
35.727	-1.6297	-5.1851	-0.972384314163381
27.955	2.3396	-0.87238	1.41596539638575
33.377	-10.479	-2.644	-1.017083477303
32.498	-1.6331	0.075498	1.40115696961579
37.362	-2.3661	-4.0574	1.19737196429046
37.957	-5.771	-1.0749	1.3198703357355
36.775	-7.7189	-0.67347	-0.0572108959656653
37.412	-4.5111	-2.4789	-0.0190644629233097
36.828	-7.5118	-1.7764	-0.835900574943558
34.807	-9.2413	-0.70097	0.488947165322819
37.16	-6.5484	-1.2193	0.269099201732321
36.12	-6.8519	-0.23334	0.608889477518741
38.418	-4.7373	-1.7362	-1.01352392789117
33.209	-1.3065	0.58739	-0.43566926983084
36.674	-2.2954	-4.338	0.0979627637066911
36.732	-2.5374	-4.5019	-0.327822262963811
37.642	-6.2693	-1.2363	0.442316595278988
34.288	-1.2429	-5.9811	1.645
34.357	-6.5455	-4.6842	-1.55609472281606
33.459	-6.2113	-5.0877	-0.245728754882567
34.398	-1.8175	-6.1834	0.651995946650495
28.402	1.6858	-0.84161	-0.434488171708455
36.054	-8.1439	-2.2738	-0.573524034786675
36.711	-5.4696	-0.059321	-0.600068711400329
36.851	-6.8	-1.1773	-0.959745731323946
38.242	-5.918	-2.1091	-0.477504085693572
37.137	-3.3898	-4.8805	-0.578191480342421
37.779	-6.3044	-1.8107	1.24373464632903
34.925	-1.4506	-5.7603	0.352097785193086
36.307	-6.6518	-5.0565	1.645
37.216	-7.7869	-1.3901	1.645
34.201	-6.8832	-5.1613	0.502794152740936
37.024	-5.0281	-5.0016	0.560797354164471
31.076	-10.596	-3.1788	-0.764970874179162
37.732	-3.9914	-1.8724	0.283863364948891
28.05	2.1178	-0.84351	0.625891853313166
29.068	1.9082	-0.13313	-1.18015503685951
38.105	-6.1144	-1.8308	-1.5932708884181
31.208	-10.341	-3.9103	-1.06001378284063
37.164	-3.1932	-4.4762	1.10740031052925
35.947	-7.6318	-0.92707	0.0184206430089044
26.384	-11.718	-3.1602	-0.682737629733194
17.539	-12.176	-3.6076	-0.473138747638657
27.847	-1.0006	-6.7591	-0.122995659237086
28.06	-11.31	-4.1272	-1.645
26.252	2.4373	0.2568	-0.307781109688063
36.415	-1.8489	-3.4901	0.576011937785358
36.414	-6.6305	-0.54073	1.23361620777129
36.926	-6.1455	-1.226	-0.998397331851805
37.013	-1.3675	-2.5758	-0.143708915125725
31.516	-1.6663	-1.0651	0.884274272692434
23.685	-0.6064	0.95115	1.25187357050719
27.546	2.3168	-0.11179	1.645
36.582	-3.2051	-5.0006	0.0517491259492683
37.103	-6.8195	-0.88503	0.493899230435984
36.399	-7.0935	-1.8265	1.645
35.481	-2.2084	-0.77026	-0.427936188591213
27.377	2.5778	-0.06166	-0.942370074125837
29.712	-0.9678	-6.7499	-0.299326817677732
37.899	-7.3266	-2.9614	-0.714016839160145
36.681	-7.6883	-1.3233	1.60925968848946
36.539	-6.8839	-1.4043	1.13743934985816
36.927	-2.4784	-4.6331	0.386221885920523
37.289	-5.8562	-1.1742	-0.995359930623751
36.35	-1.06	-3.5694	0.167606788557814
36.839	-2.8458	-4.6107	0.666636318728048
34.409	-9.3628	-3.4874	-1.10570554910836
21.749	-12.082	-3.1072	-0.651434853657054
36.479	-2.3034	-4.7111	1.645
35.35	-9.2134	-2.9742	-0.562045833642979
37.069	-7.3037	-1.1191	-0.0996200173687878
37.293	-2.0806	-4.0461	1.645
37.112	-7.3561	-1.2594	-0.500796059554476
35.298	-7.0473	-0.77197	-0.29967795141393
34.237	-8.2289	-3.8283	-0.837571994260099
38.056	-5.1676	-2.5888	-0.984003161372753
35.642	-2.2581	-5.5624	-0.261185497690201
37.132	-6.4566	-0.84542	-1.09911208127684
33.381	-2.7503	-0.92077	-0.208814495054415
36.842	-7.1254	-1.1484	-0.213811852756885
36.903	-6.0825	-1.1782	-0.428541236506766
36.19	-1.7172	-3.5639	1.39998583760799
34.92	-2.2908	-0.34357	-0.842321559681929
38.043	-4.5569	-3.3936	-0.218862719070726
35.541	-0.99494	-3.919	0.938242625546753
37.769	-5.0176	-1.871	0.297878020684731
35.269	-8.6907	-0.96378	0.121894719224651
36.885	-8.2585	-1.4113	0.635820324153146
34.961	-9.0902	-2.5955	0.51678775063569
36.838	-3.1052	-0.58324	1.645
27.664	-10.9	-3.9195	-0.0423528892231757
23.422	-0.66444	0.89025	-0.695603744051649
29.878	1.9333	-3.6835	-0.219984816515009
38.515	-5.1784	-2.2231	-0.681494765265036
38.137	-5.8416	-1.5113	-0.475389241694797
37.654	-2.3191	-2.4915	-0.971050041134666
35.139	-7.3104	-0.6746	0.365654675243171
29.667	-0.36181	-6.2471	-0.941321270391212
34.572	-9.5317	-2.8881	0.69598160888345
36.627	-2.2565	-4.6513	0.334123570897537
38.041	-6.1191	-1.0396	-0.651018221389246
35.898	-7.0416	-0.93679	1.645
33.998	-7.9864	-0.16569	1.44638344607918
35.179	-4.4275	-0.35156	-1.18634627646654
35.475	-6.9959	-0.76676	-1.41520094752181
32.07	1.4293	-2.3833	0.417296283880312
35.045	-8.4451	-3.0206	-0.38501176322337
36.626	-6.7312	-0.7282	-1.32670142336913
28.783	-1.1034	-6.5278	-0.439811898296486
35.933	-8.4365	-1.8553	-0.901666755492023
32.506	-10.224	-2.3987	-0.942875789874749
34.744	-7.6455	-4.2175	-0.871687619798778
35.716	-8.4489	-2.1184	-1.20318145080468
31.72	-0.96702	0.3544	-0.506299418081255
36.751	-6.7733	-0.83624	0.996524410946754
26.305	2.5123	-0.34699	0.702758969003416
37.254	-3.0555	-4.385	1.41697810737885
34.17	-1.3725	0.13005	0.693215703837075
36.772	-2.0808	-3.8427	0.137391574940087
28.764	-0.51537	-6.6424	0.850504238829262
38.014	-5.9577	-1.8809	0.41460733210752
34.574	-3.6874	0.49795	-0.435784297460559
36.293	-1.505	-4.5643	-0.26179817499938
36.234	-7.6629	-0.97961	-0.0839277714313091
34.65	-7.5723	-2.293	0.640702641525043
36.083	-8.5847	-3.8822	-1.31703263139288
27.103	-1.7895	0.51807	-0.729453120937355
36.16	-3.0067	-5.1595	-0.40869216422021
33.832	-9.4165	-3.2844	-0.00594285858059021
35.349	-1.7696	-4.8635	-0.429910000509181
37.166	-4.2299	-4.5378	-0.927785960010266
34.808	-9.1052	-3.57	0.0362381810581671
35.873	-6.1718	0.076158	1.645
35.622	-2.128	-5.639	0.278797741498382
37.437	-6.1818	-4.1612	-0.296543466510529
36.152	-7.3342	-0.95071	-0.42075711138027
35.261	-1.5128	-5.0484	0.270086425199925
33.824	-9.9319	-3.7705	1.14174242522805
35.159	-5.0452	-1.1061	-0.895326889458736
30.039	-10.6	-3.9322	-0.811541008711996
30.135	-9.1454	-4.2499	-0.458512655620721
29.138	-11.188	-3.8476	-1.18005654941581
35.92	-6.9901	-0.49628	1.25567086868281
31.224	0.17342	-5.7504	0.713777301022128
35.622	-3.6657	-1.0615	-0.216435249832745
37.487	-6.2291	-1.7669	-0.17578045874557
35.929	-8.1243	-1.4357	-0.789500820026051
33.353	-0.15211	-5.6436	1.645
34.134	-10.156	-2.7773	-0.769735335113453
35.54	-1.4891	-4.931	-0.305286710955428
34.026	-9.7903	-3.2879	-0.2526474066483
36.626	-5.7911	-1.2278	-0.688888074788254
24.178	-11.704	-3.6301	-1.645
37.404	-5.4861	-1.3972	-0.763639812642136
33.892	-0.68384	-5.8885	-0.216020945466404
24.368	3.7988	0.25655	-0.731765374404165
25.316	0.0397	0.96357	0.459755125431608
36.37	-2.9592	-4.9675	-0.283633710834148
36.177	-2.5183	-1.6875	-0.328559795750891
34.494	-0.21675	-1.9609	-0.26424611075114
36.989	-2.1522	-4.4694	-0.22701901062502
29.538	-10.738	-4.0519	-1.16623112938558
37.198	-6.5255	-1.0386	-0.630709512166665
36.164	-7.808	-2.0116	-0.499011231037897
26.615	-11.683	-3.4185	-0.926271821678589
35.959	-8.016	-1.3819	-0.219404532964393
37.27	-6.2276	-1.1357	-0.27942176884371
36.454	-6.533	0.32032	-0.627266108251736
36.452	-2.8956	-0.53636	-0.627764627128729
33.279	-10.124	-3.4263	-0.70183600015636
26.736	2.6919	-0.6298	-1.32213871753584
37.768	-2.7583	-2.6984	-1.645
35.59	-2.7801	-5.4654	-0.375564852811837
37.579	-7.1001	-2.0947	-0.731870026144
36.093	-8.6628	-3.2445	-0.462354765645524
33.734	-9.5652	-3.4776	-0.445748515469731
38.216	-4.6273	-2.5373	1.25634212273123
27.089	-11.553	-3.8875	-0.983634145774542
32.801	-10.494	-2.9191	-0.550763793795978
38.241	-4.5629	-4.0563	-0.284693214957367
37.785	-3.759	-1.4766	0.217599621459878
38.276	-5.2348	-2.0977	0.762041456861935
37.742	-3.366	-3.0438	-0.538292615035333
27.815	-0.57083	-6.707	1.645
28.23	-0.50422	-6.5389	0.223339514538016
29.63	-0.92416	-6.7941	-0.0483760614643633
33.189	-2.0783	0.76822	-1.13319735643127
34.078	-0.040589	-5.3448	-0.686666119112069
36.923	-2.6406	-4.693	0.235962630176234
30.923	-10.273	-3.951	-0.723501396457152
33.454	-0.75361	-5.856	-0.851997277234869
37.946	-3.4073	-2.4633	0.773129838615228
24.271	-12.112	-3.4109	0.172874381183477
36.432	-7.4201	-0.80639	-1.05272954460562
35.365	-1.0409	-4.4356	-1.09602610917244
36.627	-4.0545	-5.0559	-0.0789790465448204
36.92	-5.8143	-0.62305	-0.215861335146026
36.617	-3.1258	-4.9507	0.556596769825113
35.936	-1.5523	-5.1143	0.0434654095185634
22.13	-12.369	-2.9595	-0.406665021884601
35.285	-7.5377	0.066807	-0.947031342555688
34.246	-1.9271	-6.1455	-0.0831350894841603
35.563	-0.78294	-4.4159	-1.0976029353051
37.246	-2.3567	-4.2847	0.243488425764794
36.836	-2.003	-4.5542	-0.961360453083727
35.681	-7.0142	0.034118	-0.425663004711632
28.476	2.3052	-0.21928	1.07150267605994
36.702	-4.5632	-0.72328	1.645
35.022	-2.2931	-0.30106	-0.379321206772446
36.997	-2.8596	-4.6194	1.5496698322503
31.828	1.1086	-2.2523	-1.41385769470817
35.129	-7.3311	-0.43908	0.628376661801962
35.687	-2.4359	-5.3201	0.0723331327011755
26.988	-0.92323	0.91876	-0.534717242016775
31.846	-3.3065	-0.63738	-0.458959916190683
33.401	-1.0653	-5.7202	-0.828591833426378
36.04	-6.7814	-0.20054	-0.545078815481782
34.114	-0.95412	-5.5611	0.717155794474523
36.599	-6.6278	-0.62335	-0.764281951171975
37.135	-6.6056	-1.2216	-0.238217159506769
38.176	-5.8106	-2.8118	-1.56710681655183
37.58	-4.0989	-3.3811	-0.038268441889151
35.637	-6.7245	-0.37612	0.175524241215774
35.282	-0.54191	-4.5888	1.645
35.082	-1.3413	-5.5522	-0.920679801406439
35.866	-8.262	-4.0059	0.891267755709488
37.104	-7.4099	-0.84084	-0.234749572677543
35.513	-9.1151	-3.2543	-0.0077054109994459
36.187	-7.133	-0.64214	-0.923401342081716
35.107	-0.70271	-4.7009	1.645
37.184	-1.7013	-2.732	-0.316076372607873
37.267	-6.9481	-1.9059	-0.708828018693881
32.963	-0.82231	0.13576	-0.83488555993929
35.467	-1.2018	-5.1814	-0.0851684493299872
19.144	-11.629	-3.5846	-0.770739216976608
35.444	-3.6749	-0.45329	-1.33992466662604
33.256	-0.209	-5.6186	0.920112869530795
38.277	-5.7043	-2.5148	-0.826273702718547
35.262	-6.5396	-0.11959	-0.638440941590633
36.147	-2.2079	-4.9607	-0.740191247883043
25.063	2.6942	0.50611	0.919205075594166
35.954	-7.1833	-0.97152	0.915067063091216
31.359	1.133	-1.4757	1.645
36.883	-3.2841	-4.7561	0.157001491448766
37.07	-3.5895	-4.5398	-1.05048140838516
29.455	1.4441	-0.33154	0.950919504857838
30.771	-10.607	-3.8479	0.0802979506626338
35.249	-6.5454	-5.549	-0.948843712597259
37.709	-3.0288	-3.4199	-0.275480274895647
36.433	-4.7672	-1.4114	-0.751278016815813
27.534	-0.34665	-6.4868	-1.28980961399304
36.086	-7.7136	-1.5338	-0.00894313685910682
38.056	-6.0844	-2.1369	-0.553753875839257
34.733	-2.7372	-1.1845	-1.02959389785927
34.09	-1.9336	-5.9096	0.204961103268793
30.214	-10.125	-4.3742	-1.4367753040127
36.733	-2.908	-4.739	-0.230813573674145
32.649	-1.5728	0.16861	-0.854740467003327
35.94	-8.616	-2.4003	-1.51199401554466
38.211	-6.7695	-2.7243	1.36152970243394
34.473	-6.0424	-5.0366	0.206847621174841
36.627	-6.1571	-0.69163	0.0891010852319406
36.064	-7.1385	-1.2273	-1.414377057119
28.21	-11.078	-3.6007	-0.613296966957416
33.526	-9.8154	-3.646	-0.156814857561156
37.809	-4.4404	-2.6843	1.39944411451437
36.294	-2.8729	-4.9081	-0.0341433771531518
36.932	-2.2441	-4.676	1.24070378450196
34.882	-7.8087	-4.7386	-1.20415179348391
36.476	-7.382	-1.0621	-1.35121364252624
37.275	-3.0113	-4.2995	0.12390570529282
37.16	-7.4515	-1.5202	-0.410520266962659
29.493	-2.0896	-0.37662	0.349009061660727
36.008	-4.144	0.37998	-1.19098805695721
33.871	-0.68123	-5.6772	1.06509069326069
26.97	-0.27744	-6.7405	-0.39739495552431
34.878	-7.421	-4.5206	0.169724417631197
36.796	-7.0838	-1.2456	-1.07924834433094
36.362	-7.0014	-1.1047	0.109960849404405
20.626	-11.99	-3.1838	-0.492962551205996
37.31	-7.5264	-2.6178	1.03309410122214
30.671	-0.85242	-6.8893	1.645
16.859	-12.177	-3.2421	-0.748986556816402
36.905	-4.2578	-0.4808	-0.170841832273195
35.511	-1.8353	-5.3157	1.645
21.085	3.772	0.79139	-0.605017622018685
37.367	-3.737	-1.2535	-1.05367820624268
36.651	-7.5829	-1.2475	-0.374336606994903
35.014	-8.2377	-0.58041	-1.16444633715759
36.616	-6.8313	-0.47681	1.11295445818706
36.201	-2.0957	-4.461	-0.582938023534213
36.759	-7.1446	-0.57465	-0.136031240504879
35.043	-1.2339	-5.4064	1.03435198971608
36.334	-6.388	-0.29077	-0.0435353341450243
35.239	-3.0074	-0.11223	-0.109263152417641
33.832	-8.7472	-3.3011	-0.536573082072112
29.377	1.7668	-0.97623	0.0455076490266003
36.531	-6.2769	-0.45093	-0.144660732498371
35.735	-6.5504	-5.0381	-0.409469746934351
36.185	-8.2947	-3.287	0.794459291318789
30.382	1.5907	-0.49021	-0.214293207653371
36.292	-7.3381	-2.103	-0.575124142677977
30.558	0.84485	-0.90212	-0.38680294950964
