30.252	-10.709	-4.2735	0.602450279015607
37.784	-3.0457	-3.1938	1.10760056690708
35.233	-1.7225	-5.4094	-0.779615844623803
36.304	-5.6636	-0.46282	-0.151123611229204
34.958	-1.4558	-5.6443	-0.615170396344719
35.711	-7.1492	-0.48083	0.766123856720651
35.577	-2.1617	-5.7207	-1.01614906912236
30.384	-1.1125	-6.3906	-0.883930871484416
35.662	-6.8765	-0.14067	-0.644677425187968
37.208	-4.7836	-0.79393	1.18377461141965
35.031	-0.73919	-5.3013	0.719008215146309
30.639	-1.4277	-6.4224	-0.740691290569533
30.396	1.5929	-2.7118	-0.592058283909483
37.36	-1.9229	-3.4248	-0.749206910835558
38.053	-4.9272	-3.8114	-0.734015651311328
25.215	3.2448	-0.1568	0.422666068617812
37.946	-3.3618	-3.7233	0.729636221090099
36.345	-3.4584	-0.40195	0.177122609998837
29.468	1.8323	-1.3242	0.409311503754811
35.221	-8.5458	-1.1697	0.0674550106958513
37.076	-4.767	-1.1442	1.32699488644502
38.1	-6.0953	-1.2467	0.0168249142041831
37.421	-4.2265	-4.3602	0.580107769212131
37.609	-6.1563	-1.2378	-0.159778350202181
29.628	1.4832	-0.091737	-1.22587206707977
30.886	-9.9839	-3.954	0.405169594357161
36.237	-7.9567	-0.56517	1.15506345725288
38.043	-6.8756	-1.8666	-0.87437638738729
37.508	-3.0489	-2.1855	-0.369672202586645
38.329	-4.7319	-3.6869	0.54416141922879
34.7	-1.2137	-5.6412	0.286444330425936
38.1	-3.8544	-2.0497	-0.742718319509118
35.969	-7.2747	-0.90899	0.328077410910403
27.088	0.10397	-6.6888	-0.655952237274254
37.973	-4.0567	-3.8317	0.147962748232382
27.649	-11.462	-3.5438	0.963315182849397
35.681	-8.7417	-2.8366	0.236102321755093
27.506	2.6504	-0.70193	-0.789472057129351
29.352	-10.501	-3.6657	0.586187111134341
36.904	-6.9214	-1.6942	-0.280405307970356
35.473	-9.362	-2.7353	1.28703309178617
36.27	-3.1772	-4.7845	1.15953343919889
28.019	-0.25125	-6.6692	-1.16712522888012
33.485	-9.167	-3.831	1.645
34.236	-10.016	-2.8261	0.518419452433637
33.449	-0.6842	-5.706	0.173425855107059
36.817	-3.992	-1.0023	-0.959531431479614
36.439	-2.5243	-2.1194	-0.32315160803434
34.364	-0.084456	-4.3062	-0.0640369387149264
35.596	-0.68966	-4.4515	-1.12636307796577
36.24	-2.3286	-1.4169	-1.07982295893012
36.865	-7.6925	-1.6333	1.645
37.22	-6.5674	-1.1292	-0.939584702471099
37.897	-4.8967	-1.5729	1.49731245021885
35.228	-2.001	-3.9949	-0.0213717508205359
33.384	-0.71081	-6.05	1.645
36.605	-7.0821	-2.621	-0.341935819479028
34.196	-9.5363	-3.2052	-0.177483206265566
30.378	-9.9318	-4.0164	-0.0686324152190458
35.451	-2.0421	-5.2604	-0.798293189636033
37.029	-6.5279	-1.0449	-0.754648140885478
36.22	-7.0306	-1.8249	-0.813144049920913
35.361	-7.6139	-0.68234	0.0692469948514734
37.68	-3.1829	-3.9933	-0.710619449048035
34.157	-1.6204	0.0068926	-0.891518755475877
37.485	-7.2194	-1.5734	0.877672506456845
36.966	-5.8746	-2.2644	-0.0938165739776141
36.318	-6.8931	-3.2431	1.1720086117392
34.278	-8.7974	-3.7387	-0.881700242939229
31.307	-10.824	-3.7747	1.54762356169104
37.731	-4.9146	-1.0312	-0.599287751308988
23.754	-11.761	-3.3614	0.888497443942562
36.647	-7.5774	-0.80506	-1.41053299798943
37.798	-6.4612	-2.1662	0.198926037752387
37.754	-3.583	-4.2792	1.07920994755335
35.975	-7.482	-0.79263	-0.0109614037503413
37.505	-6.6685	-2.6847	0.746101798797201
35.53	-1.198	-4.9193	-0.0635281552499308
37.23	-3.1353	-2.1204	-0.125519193597903
36.382	-2.1964	-0.9519	0.265900702277075
24.761	3.1961	0.59405	-1.645
33.85	-8.5339	-4.1833	1.02548674555676
31.588	-10.845	-3.7152	1.38824851059249
34.348	-1.5875	-5.124	1.645
35.855	-8.5351	-4.1011	1.645
35.188	-7.5203	-0.50527	-0.0449178333471973
29.408	-0.87213	-6.5897	-0.0255019519862315
29.318	-10.906	-4.083	1.01276144125312
36.734	-4.8522	-4.9762	1.645
36.425	-0.63911	-3.5397	0.578433025069698
35.68	-4.0853	-5.459	-0.516677982626392
37.21	-7.0648	-0.9211	-0.556075683249541
35.97	-1.7404	-1.3486	0.749527986703548
36.73	-2.8421	-4.3338	-0.487638579489994
35.127	-8.9068	-3.2601	-0.16005524866117
34.516	-1.442	0.39769	-0.569293579563246
26.621	-0.41676	-6.7491	0.550105305685491
33.447	-0.099584	0.24688	-0.397138479604294
35.417	-9.3933	-3.2228	1.645
37.061	-6.5184	-1.2337	-0.624168969314342
36.761	-4.0431	-2.5386	-0.812864110480559
36.51	-6.2637	-0.54518	1.06813810266811
36.466	-7.3544	-0.70317	-0.226900933201274
28.861	-2.2487	0.5869	-0.476658345818766
37.211	-6.4572	-0.88182	-1.13386607474013
37.444	-6.7964	-3.6172	-1.16145426710249
36.601	-7.2495	-1.0362	-0.216254752143556
27.931	-0.28496	-6.5634	-0.644551623702771
31.618	-10.13	-4.2517	0.70707117428233
36.223	-7.4272	-1.0084	0.00607987369106229
29.629	-10.882	-3.5421	1.23753227427569
29.947	-10.855	-3.69	1.645
37.298	-6.2867	-4.72	0.181892617960102
38.155	-4.6891	-2.4946	0.205386985634442
29.457	-8.1844	-4.6495	0.655876464428964
37.961	-6.4367	-2.1714	-0.211360090292809
24.995	-12.011	-3.4335	-0.682078212573866
37.283	-5.6156	0.019012	1.02525997655034
36.059	-5.4499	-1.2052	-0.286924183329064
27.944	-0.12737	-6.92	1.41961740906095
33.895	-8.0079	0.42918	0.231304625934951
34.547	-9.2514	-3.6529	1.645
27.474	2.3031	-0.87242	-0.672776575780819
36.897	-3.6054	-4.7352	-1.08317373675927
34.858	-0.90232	-5.1763	-1.12124099441145
27.282	1.8772	0.36123	-0.182774566313836
26.937	-11.434	-4.0353	1.22506229204683
34.051	-7.057	-4.9855	-0.81355353011343
36.385	-6.6891	-0.91737	-0.916570975337481
36.707	-6.8401	-1.3848	-0.180120506535104
36.43	-6.2279	-0.72841	-0.857266587437597
37.485	-6.1472	-1.8209	-0.455917071969426
37.336	-4.2892	-1.3951	-1.06060809548094
36.534	-2.8847	-3.859	-0.842475800130887
36.765	-2.6537	-0.90358	-0.812820679541495
38.365	-5.7093	-3.163	-0.147468252091257
26.795	-1.38	0.76789	-1.40248682184771
37.736	-7.0645	-2.0451	-0.276263760902012
27.947	-11.622	-3.3485	0.220040972063133
29.441	-2.4441	0.42788	-0.497328760843436
34.545	-0.57259	-5.36	-0.303455452627939
37.192	-7.2199	-0.97104	-1.28120577785431
35.643	-1.0173	-4.7475	-0.959607658165086
29.467	-10.775	-3.9691	0.0187462047382747
36.573	-8.3132	-1.1099	0.40137457813728
36.38	-6.6055	-0.06572	1.645
36.872	-7.3054	-1.1125	-0.472887636042698
31.012	0.82625	-1.0063	-0.92626709891001
33.073	-10.383	-3.0347	0.922577207971392
33.721	-9.813	-3.1666	0.0882858182342925
36.514	-2.8311	-4.6458	0.237262413513616
26.728	-2.4993	0.37058	-0.468275430399061
35.137	-7.474	-0.47603	-0.295535184346355
33.092	-2.3509	-0.10809	-0.64925032358745
30.162	1.0924	-0.59141	-1.02547691495199
35.653	-8.8056	-2.0148	-0.733942821911636
37.55	-2.3992	-4.0514	-0.587486578961566
28.167	2.2203	-0.26485	-0.996497816156407
37.262	-7.6743	-2.5575	0.915604202505725
28.68	-0.5989	-6.5866	1.59920899522963
36.82	-6.8749	-0.3813	0.253634656498004
37.969	-4.1044	-3.9668	-0.936903419838089
27.04	-0.27364	-6.8262	-0.1730015872887
35.876	-2.8084	-4.9303	0.728782220180239
36.613	-7.1136	-0.79163	0.604908004573844
29.461	-1.419	0.7187	0.0176617526798022
33.343	-10.105	-3.3928	-0.219381700572491
35.407	-6.9301	-1.0617	0.263587372845408
36.67	-6.252	-0.26205	0.435706949301536
36.115	-6.9508	-0.31193	-1.645
30.193	1.2549	-0.92182	0.298329332267186
36.741	-6.2321	-0.25214	1.645
35.394	-6.7244	-4.8998	-0.82266459804411
35.901	-7.5783	-1.5121	-0.185479506867662
36.212	-2.8864	-4.4424	-1.11692544136452
36.519	-6.8297	-1.8835	-0.417984060590417
36.757	-4.3829	-1.9128	1.23665291130601
37.299	-4.6356	-4.2258	-0.980593592594666
36.961	-6.9266	-1.1732	1.645
35.464	-9.2253	-3.2972	0.826344372110738
35.372	-7.55	0.094466	1.645
37.434	-3.8318	-1.858	-1.07211009833805
37.432	-2.5769	-3.2596	-0.870405790858047
35.832	-1.7551	-5.3572	-0.0524797403026094
34.841	-1.1825	-5.6789	-0.251352665321024
35.748	-1.2876	-4.9432	-0.809116949708565
37.279	-7.3662	-1.4602	-1.03387814629157
33.607	-1.7542	0.66326	-0.417275541511502
36.366	-7.7739	-1.273	-0.860565985474884
29.524	1.8227	-0.21233	-0.604889303969642
24.281	-0.95431	1.6062	1.0726277044158
37.71	-3.7762	-3.6003	-0.657746066943856
37.127	-6.706	-1.4274	-0.494190815562462
37.568	-3.1113	-4.1591	-1.645
36.105	-7.3621	-0.27467	-1.16757322485468
36.68	-3.1089	-0.80076	-0.0991524328643041
37.185	-5.435	-1.2468	1.645
35.352	-7.529	-3.7597	0.674354000508195
37.144	-2.5994	-2.8073	0.327027019779354
36.629	-7.321	-0.79914	0.32970664968579
29.709	-1.2098	-6.7267	-1.17277061690224
28.639	-1.7463	0.11451	0.459817905313363
33.884	-9.4559	-2.2002	0.170388661852146
29.769	-1.6298	0.65782	0.124751700477022
37.081	-2.2684	-3.7777	1.645
36.206	-7.2978	-1.6692	-0.112009178056082
25.402	-11.378	-4.1255	0.714135649837119
37.885	-6.1483	-4.0581	0.325624873614082
31.038	-10.399	-3.8462	1.5238609250538
36.67	-6.0862	-0.60603	0.467935783423032
34.412	-0.72442	-5.3799	-1.19094300316195
29.81	-10.35	-3.8864	0.383389123453217
33.106	-8.9881	-4.6548	0.255263554323284
29.473	-0.48085	-6.5681	0.602896285832374
35.74	-1.5646	-5.2828	0.278921468203539
37.574	-2.8168	-1.8882	-1.0263777533191
32.89	0.72047	-2.1587	-0.809932793584215
36.778	-6.6332	-1.1096	1.645
37.034	-3.681	-5.0419	1.23908726929361
27.479	-1.1421	0.8687	-0.983891955030144
35.114	-8.5241	-4.0748	1.645
35.997	-3.0534	-4.6892	-0.81546762114037
36.301	-1.469	-4.8456	1.10384810618519
33.033	0.14127	-0.89016	0.0909773358153462
35.769	-1.0613	-4.7791	0.032141405772546
24.668	-11.654	-3.2159	-1.03337474363139
28.566	2.1575	-0.46418	0.491891737189219
18.476	-11.922	-3.6567	0.172097743079379
31.902	-10.188	-3.1425	1.48029540053774
35.592	-6.7005	-0.93449	0.354858508228603
34.055	0.053927	-3.4849	-1.16305255184641
29.642	-1.2463	-6.7948	-1.645
37.359	-2.1066	-3.8716	-0.94164687864946
28.656	-0.89458	-6.9293	-0.116299309735243
37.672	-6.7785	-0.78609	0.360847594020892
35.668	-7.5501	-1.0858	-0.585821577010238
36.261	-6.8152	-1.5389	-0.367733501642049
36.834	-6.7319	-1.2722	-1.59814915567485
36.996	-7.5969	-1.0678	-1.06017047277083
30.542	-6.0829	-5.3952	1.34868400155106
35.304	-0.72865	-1.7241	-1.18270220773867
32.167	-10.434	-3.3169	1.645
37.241	-6.6798	-1.5083	0.981721557833486
37.692	-3.8642	-3.9815	0.147983495896893
36.295	-7.3641	-1.1927	1.31192666304924
36.177	-1.3727	-4.7834	1.32112355090225
35.221	-1.4667	-5.6054	-0.161261370375037
36.195	-3.0407	-2.149	0.513388420352033
20.821	-12.156	-3.2601	-0.43077439439142
28.31	-11.059	-4.4058	0.863658285218953
37.112	-7.4161	-1.9881	0.340048848273431
35.304	-6.792	-4.5462	-0.224885508591041
31.554	1.5166	-0.70294	-0.450469708006762
35.332	-3.4379	0.25797	-0.436198071762864
33.492	-9.8817	-3.9009	0.133343017515017
37.411	-6.3305	-1.4893	-1.42359286966707
35.78	-6.7263	-1.6317	0.517780984036345
33.448	-0.77411	0.15523	-1.00488914207278
35.375	-5.2242	-0.81239	0.784766676384494
33.301	-0.8584	-6.2191	-1.44514634155929
33.996	-0.50546	-3.2843	0.77710260986942
36.135	-7.0239	-0.50614	-0.159926770816188
35.965	-2.0548	-5.2201	-0.043919434334366
36.394	-6.1789	-1.2919	-0.802079635916757
37.406	-4.8724	-2.8986	-0.0212728465853752
36.04	-7.8278	-3.3901	0.300149730973529
36.003	-7.4847	-0.98669	1.645
37.505	-3.3844	-3.665	-0.0926810960490966
38.095	-4.4114	-3.0289	0.670278546081155
28.845	-0.3391	-6.3215	0.373984814707455
31.873	1.1603	-1.4668	0.087283695556633
37.224	-5.958	-1.089	0.517412139644341
37.745	-6.0125	-2.6235	0.9279219610259
32.761	-10.279	-3.5803	1.09148733236608
35.146	-6.8688	-1.1453	-1.36607938814361
22.237	-11.81	-3.5527	-0.879572271756503
36.309	-1.0166	-2.6914	-1.06855625399077
32.789	-9.4975	-3.0511	1.645
38.051	-7.0224	-2.7249	-0.675011574427667
37.117	-7.0294	-1.3152	0.355927968692525
29.757	-0.67542	-6.5392	-0.835971102965409
37.809	-6.3381	-1.42	0.152881490074678
37.268	-4.9914	-0.25184	0.563233746227554
37.709	-3.5095	-2.5169	-0.196124484492914
29.359	-1.6151	0.50232	-0.71311907330397
35.72	-8.5251	-3.5035	0.896086104537485
35.965	-1.3746	-5.0021	0.50004513115868
36.316	-4.3292	-0.2157	-0.15949184180906
32.677	-8.7274	-4.1685	0.259852001958473
38.36	-5.3256	-2.9136	-0.674282774969632
36.221	-7.3412	-4.4751	-0.50153066963556
34.415	-6.8325	0.075148	0.362863066872013
28.368	-0.59665	-6.7559	-0.323512119849209
36.759	-3.5836	-0.81804	0.825386933865781
34.095	-9.7839	-3.228	-0.320120130247943
37.368	-6.4768	-2.9922	-0.719199265817218
37.332	-7.2515	-3.8961	-0.599337220781381
35.258	-5.3219	-5.4431	-0.543974264635895
36.321	-3.9637	-0.27042	-0.739846977565247
36.03	-6.7396	-2.2656	-0.222151427285636
36.297	-6.6218	-1.3064	0.969305079782235
36.623	-2.2417	-4.4946	-0.570044718756364
30.035	-10.734	-3.8263	-0.558663089437842
36.66	-6.6386	-0.37036	1.27700584998355
21.515	-0.27706	1.74	0.766099699631793
33.103	-10.306	-3.7632	-0.357803470314902
36.952	-8.0395	-3.7747	-0.184609117666319
22.571	-0.57713	1.5151	0.323755538022656
37.393	-3.4946	-4.3244	1.60584136536909
29.076	-11.036	-4.0158	-1.645
27.77	-11.555	-3.6482	-0.0751814324190846
37.578	-3.8494	-4.4812	0.770167446943156
37.42	-3.8425	-1.2864	0.287789078281577
26.936	-1.6129	1.3973	0.644260678539429
36.112	-7.3194	-0.71772	0.0490203863110586
35.791	-7.0583	-0.31701	-0.0640035220766793
30.4	-10.876	-4.4696	-0.61266719062399
35.159	-1.6508	-5.7185	0.506945498852857
36.861	-1.5517	-4.234	-1.40486900566301
26.877	2.3493	0.26303	-0.73861864413052
20.474	-12.495	-3.206	-0.660380971724857
27.177	-2.3797	0.14023	0.0269653686382656
37.496	-2.3662	-2.2257	-0.783666922216326
34.893	-8.2576	-0.2879	-1.0601001185845
26.716	-11.636	-3.9302	-1.01833429169215
34.889	-7.5416	-4.5362	1.29057907118698
36.442	-8.308	-1.1302	-0.33976468016261
35.773	-7.8802	-0.81617	-0.183237070830516
37.317	-6.8573	-3.3818	-0.196051276559745
36.102	-3.0749	-5.1304	-1.02908893632549
37.105	-2.5589	-3.5756	-0.818959527492345
25.809	-11.625	-3.7767	-0.283922110978228
31.857	1.6245	-3.1076	-0.445206505920592
26.788	-1.3344	0.7076	-0.334047423752667
37.049	-6.6954	-1.5441	-0.996497340237136
30.72	1.4517	-0.34053	-0.724376183085376
27.045	2.3681	0.63953	-0.467839403987768
20.617	-0.3175	1.6639	-0.382043279437349
37.887	-5.396	-1.5637	-0.170549123948016
37.858	-5.3791	-3.9756	-0.69674008009463
37.652	-4.4151	-4.0434	-1.4224572528902
29.685	-10.994	-2.7076	1.645
33.751	-10.254	-2.9882	0.202644956126951
33.908	-0.57427	-1.1263	-0.465009890264759
36.426	-7.9875	-4.213	1.43710957173066
33.919	-7.0507	-5.0645	-0.849144879780221
37.54	-3.8517	-4.3804	-0.795599640588221
35.577	-1.6453	-5.4049	1.645
38.032	-3.8433	-2.5224	0.940497045530492
26.259	-0.18253	-7.0548	-0.273751920862044
35.993	-7.0808	-1.3785	0.408376318177041
34.187	-1.4715	-5.6999	-0.962804716421952
38.371	-4.863	-2.051	0.0870781800043955
36.918	-7.5758	-1.5006	0.36376831039892
36.473	-1.6404	-4.767	-0.442947949951348
28.657	-0.49517	-6.6234	0.249643829685609
36.394	-7.593	-0.62675	-0.797124988788295
36.478	-7.1979	-2.0881	0.340640696904543
35.184	-9.2901	-3.1965	1.645
33.753	-9.4761	-3.5559	-0.737577697421669
38.074	-4.3028	-2.4632	0.415123323012746
36.292	-2.6554	-4.4174	-0.67485734049619
37.272	-6.8375	-1.1314	-0.613040833141921
33.715	-9.6432	-2.123	-0.265839007208328
35.237	-0.69076	-4.8874	-0.993453368026702
24.414	-12.142	-3.2013	0.544313652909925
37.569	-6.5148	-1.4642	-1.04095760258826
36.96	-6.9343	-1.0159	1.45585582378388
37.294	-1.9809	-3.4145	-0.866080329786378
37.737	-6.611	-1.2513	1.02009253211959
37.08	-2.6979	-1.4846	0.31876100922651
37.508	-7.0244	-1.8393	-0.980656722177743
37.038	-4.3294	-1.0892	-0.0444546737374484
34.492	-7.3364	0.24994	-0.518818532671942
27.619	-11.723	-3.0238	0.885018762385867
37.109	-7.0105	-0.90472	1.03002144183204
33.954	-0.85081	-5.874	0.289380842949904
25.499	-1.9116	0.89186	-0.926133735253685
33.203	-10.02	-3.7952	0.21512590328009
36.949	-4.5689	-2.2549	1.645
38.43	-6.1105	-2.4777	-1.00911904848912
36.281	-7.2612	-1.4428	-0.00147961917124461
36.205	-2.6511	-0.80731	-0.656269488555415
31.294	-7.8077	-4.7166	0.321238478120615
28.036	-0.32208	-6.6729	-0.666363656058706
37.033	-2.5461	-1.0928	0.0769868825233703
33.627	-10.262	-3.7998	0.88226997644534
28.89	2.0927	-0.92713	-1.645
36.811	-6.4165	0.35144	-0.491066577176317
37.011	-5.9559	-0.4383	-0.00190656622929437
38.201	-3.9247	-2.182	-0.551964920017659
36.854	-3.5895	-4.6313	-1.0932408150157
37.373	-6.9962	-0.69014	0.0899481062265289
38.149	-5.5533	-1.2842	-0.746037312739602
36.144	-2.2189	-1.1147	-1.39402783058828
35.14	-0.37334	-2.7565	0.400314390650647
36.902	-7.0363	-0.65284	-0.109727189230248
36.446	-6.3734	-4.8093	1.13535953788753
36.044	-8.7182	-2.4083	0.0675244933289611
34.719	-9.8405	-3.3063	1.19936845374199
36.437	-3.6993	-4.3082	-0.976022146525156
34.532	-1.6199	-5.9276	-0.156415194281753
24.371	-1.4143	1.2245	-0.337997925518036
27.162	-11.286	-4.1317	1.44438648687216
35.233	-8.8871	-3.1131	0.399735936978167
34.886	-6.2481	-5.5571	-0.383061306609802
34.45	-9.2067	-3.1109	1.45298745678126
35.822	-6.391	-2.1782	-1.13002089523455
35.733	-1.9219	-0.14499	-0.881030612634967
35.874	-8.6177	-1.8043	0.757207309501595
34.192	-8.3314	-3.5638	0.151763857016141
37.948	-6.3604	-1.6608	-1.41457257947715
35.228	-8.4952	-3.2171	0.301974424623777
34.806	-6.9562	-0.62806	-0.187297955306176
26.345	-1.1055	0.5634	1.645
25.296	-0.72466	1.6146	0.192268015807462
37.422	-3.4628	-2.3274	-0.848692213866986
28.048	-11.488	-4.1721	1.13571138512936
37.105	-3.6061	-4.5524	1.63901053280434
36.419	-6.6899	-0.5559	0.773351190963672
35.34	-2.5809	-4.242	-0.319125855190133
33.407	-9.7397	-3.9947	1.645
32.896	-9.6574	-3.1526	-0.639499742771309
36.359	-7.4549	-1.0004	-0.456526843189484
35.12	-1.2742	-2.8903	0.186503402677971
37.498	-3.5547	-4.4466	0.436468243327431
36.054	-7.6498	-0.76852	-0.940177853248105
37.167	-6.6659	-1.13	0.452886819269154
37.129	-4.2692	-2.0975	-0.894671143770826
36.978	-1.6567	-1.9199	-1.27408454568004
29.606	1.5715	-0.54431	-1.59429828944593
33.643	-1.3637	-2.5897	-0.498659682769074
34.789	-7.3388	-0.54573	-0.0631483700060924
28.725	1.7036	-0.72164	-0.446649212820168
24.712	2.8802	0.58317	0.375822818258667
36.593	-5.8661	-0.6886	-0.917881350754874
36.284	-1.8405	-5.0251	-0.624504369547
29.893	-1.3723	-6.5831	-0.658635356600688
36.546	-7.4554	-1.1895	1.49372670626597
35.946	-6.5489	-1.2203	-0.910844410825749
36.537	-6.8783	-1.0337	0.0280946940088571
20.317	-12.541	-3.2969	0.7677696761878
34.361	-1.276	-5.9627	0.407295772218736
37.923	-3.705	-3.5402	0.531082493643811
37.259	-3.0075	-4.4835	-0.441166067238377
37.096	-3.0514	-4.6541	1.08584929762421
34.849	-9.695	-3.414	0.917988912414497
38.398	-5.8134	-1.1318	-0.590500726759785
24.003	0.13853	1.4663	-0.186760144288607
37.122	-3.4666	-4.8168	-0.507810517488637
36.732	-7.2218	-0.73825	-0.49513758986566
33.778	-8.1256	-0.58235	1.26991087428533
31.849	-10.422	-3.1593	1.17473864214931
37.14	-3.9296	-2.3872	-0.475506319629893
36.72	-6.1892	-0.64828	0.518489703568334
36.229	-7.0194	-0.57746	-0.419040187625191
31.782	-10.612	-2.5976	0.292667057739752
33.339	-3.0923	-1.8954	-1.3411651016933
31.845	1.0033	-1.1008	-1.37535048995431
34.623	-7.9058	-0.21977	0.624706978296293
36.82	-6.9642	-1.231	0.074426114400775
38.141	-4.2786	-2.7783	-0.811536693202626
36.231	-6.2373	-5.1256	0.203484210871735
36.289	-2.5821	-5.4333	-0.777293466825408
37.38	-3.0814	-1.6637	-0.507920378062254
35.425	-1.3523	-5.359	-0.256891515913119
35.754	-8.7903	-3.0805	1.16173488359866
36.588	-2.8971	-0.65573	-0.540464196141267
28.461	0.98628	0.17033	0.113948103731312
36.185	-1.9151	-5.1717	0.358566279271663
36.577	-3.213	-5.146	-1.02680358858092
36.786	-8.3038	-2.0017	0.985056370849947
37.997	-4.8692	-1.9471	-0.609613081579461
37.103	-6.7509	-1.4273	1.645
38.09	-4.6696	-3.7878	-1.32995366180657
25.277	-1.3055	1.488	-0.732320577595203
36.099	-2.2894	-4.5739	1.645
31.698	-1.481	-6.3148	-1.09941233084721
37.265	-6.8089	-1.3866	-0.244714600634027
32.951	-2.1329	0.73755	0.20763696165981
35.127	-9.5065	-3.6642	0.401275926166492
36.16	-6.4134	-0.87063	-0.54354882385613
37.729	-4.9993	-4.3855	-0.633425428330827
32.13	-10.432	-3.3767	-0.418777135550152
37.573	-3.3045	-2.1576	-0.939695894051839
37.755	-3.5724	-3.9847	-0.829093890120865
37.348	-6.6439	-1.5268	0.273401374258353
37.925	-7.2268	-2.1791	1.35005309237527
36.177	-1.8567	-5.0243	0.167924718345643
37.795	-6.7263	-1.3088	1.46634435979996
31.65	0.84958	-1.5053	-1.12462124988195
36.07	-7.6448	-1.1824	1.13013893253398
22.184	-12.39	-2.6067	0.104259760276918
30.247	-10.532	-3.9948	-0.470793998688223
37.393	-6.592	-1.4972	1.645
37.554	-2.4907	-3.7862	0.557668387967876
37.201	-7.6178	-1.6684	-0.854045930558268
30.283	-1.7556	-6.5862	-1.03587002783872
25.356	-12.145	-2.9767	0.0779837594961839
35.172	-5.0249	-0.59907	-0.257956677823094
37.305	-7.1596	-1.4898	-0.919645094638911
35.947	-3.498	-4.6138	-0.758065026789917
33.207	-10.28	-2.8261	0.246929303269725
28.016	2.2856	-0.45016	-1.23042146702641
22.195	-0.52443	1.9394	-0.282564239336162
35.802	-9.2502	-3.1529	1.00156180677789
36.956	-7.4289	-1.0991	-0.611985405818183
38.171	-4.4907	-2.327	-0.124899526510278
36.092	-7.0394	-3.7643	-0.56440354539264
26.98	-11.301	-3.1408	-0.036955587173393
35.669	-5.378	-5.4118	-0.738227468376811
34.864	-0.4048	-2.0771	-0.670895544044922
36.613	-7.0288	-0.34779	-0.588765209725706
31.329	-9.8618	-4.0712	0.0575029939707535
36.769	-3.844	-5.1959	-0.447796749741588
30.827	-10.451	-4.0079	0.50528978137024
37.061	-7.7577	-3.156	0.61488167088801
34.483	-1.1037	-5.7561	-1.645
35.73	-7.9709	-0.66978	1.02928505773853
26.612	-11.577	-3.6266	1.645
36.745	-7.1831	-2.3689	0.301016936571563
31.359	1.2267	-0.79001	-0.544091798428144
34.084	-5.1555	-0.37926	-1.06634559857095
38.29	-5.6387	-2.4153	0.100075422474822
22.106	0.18732	1.8667	-0.689064877095121
35.735	-6.692	-0.29731	-0.942933274049577
17.095	-12.321	-2.8753	-0.150238642268846
36.501	-6.4825	-0.69156	-0.831753803810105
26.577	2.4753	-0.54886	-1.645
37.219	-2.0424	-2.5208	0.605570051836445
36.172	-0.92643	-4.2247	0.363341623513802
37.095	-4.2397	-4.9509	0.450913970677228
33.674	-1.1195	0.1615	-0.401355970623794
36.517	-7.0275	-0.29672	-1.51025841327842
31.972	-10.291	-4.3015	0.354506956575242
37.138	-4.5323	-4.5154	0.500390390430831
32.883	-8.6579	-4.8132	-0.549191975536761
33.946	0.48495	-2.0193	1.645
33.226	-8.1007	-3.0252	-0.710433682950556
36.037	-8.4397	-2.6454	-0.190818751815413
32.196	-1.6907	0.61627	-0.419272659634234
27.763	-0.19828	-6.7383	0.199508077839421
36.339	-6.8364	-0.98471	-1.645
32.65	-0.74971	-6.2361	-1.15955958189261
36.261	-2.6379	-4.6789	-0.585849339218813
35.636	-9.2272	-3.3149	1.645
37.07	-2.1273	-3.4271	-0.105460345387534
36.04	-8.1498	-3.5092	0.448987474243071
37.255	-6.7602	-0.97143	1.645
33.652	-9.6058	-2.9365	0.111746078252001
35.983	-8.1255	-2.4158	0.78086342886659
34.944	-8.9841	-4.1297	0.171896296877519
33.04	0.80558	-4.2231	-0.934019040369291
37.059	-7.1464	-0.47755	-0.403261317417279
35.629	-9.285	-3.1762	0.582093297801577
37.101	-2.5892	-4.5559	-1.40363950715039
33.365	0.518	-1.5642	-1.0727065972443
37.799	-3.4383	-3.9197	-0.170007257093143
37.502	-6.2755	-1.1577	-0.217745993289048
37.352	-7.3788	-1.6396	-0.685219970884258
34.537	-0.89781	-0.21511	-0.802503798558318
34.933	-9.2861	-1.8374	-0.159546255082142
34.882	-6.9392	-0.59267	0.776976346989865
28.051	-11.463	-3.9954	-0.423584345465132
38.583	-5.346	-2.3082	-0.416533420699389
35.765	-2.3939	-5.2168	1.645
35.587	-2.51	-0.4416	0.40979575990983
37.18	-7.2877	-2.0295	-1.19230156167587
36.955	-6.6936	-0.62468	0.929081578321937
33.145	0.72644	-3.0346	-0.841669432766489
36.358	-1.9963	-3.3979	-0.552591550773718
35.264	-7.1588	-0.50919	-0.615533096771568
34.658	-0.62976	-5.3143	-1.1358156478409
36.36	-2.2355	-0.98092	-0.659971344870592
36.834	-7.6649	-2.6837	-1.01387994043519
21.132	-1.0722	1.3773	-1.49653367891186
13.152	-11.939	-3.2046	-0.29687209233563
36.426	-6.7145	-0.56541	-0.515990447705466
36.807	-6.8513	-1.4331	-0.845633982008141
36.444	-7.3508	-0.80357	-0.587173526942967
35.638	-1.1759	-3.9446	-0.653358276376846
27.737	-11.284	-3.2202	0.830509809730659
36.113	-7.5229	-1.1566	0.906887542319187
34.689	-0.28268	-3.6521	-0.587480749080146
37.379	-3.6702	-0.92475	-1.54485168723274
38.099	-4.1749	-2.0066	-0.751618612408789
38.276	-3.9029	-2.2387	-0.956824342281098
35.502	-5.9782	-1.6541	0.761866336906317
36.584	-6.9242	-0.77023	-1.64414973126061
35.672	-1.7917	-5.3377	0.13058536170356
36.752	-3.5477	-2.6273	-1.0826844379166
34.205	-9.6351	-2.6179	0.965902684174672
36.673	-7.7313	-1.7312	-0.0854768150565327
34.93	-7.4385	0.28604	0.703632699722379
36.492	-7.1408	-1.0361	-0.208256081804617
37.788	-4.174	-1.7582	0.165410170617626
36.965	-3.0487	-1.9398	0.861238662760084
38.23	-4.9132	-3.4835	0.326711044993102
36.663	-3.1631	-0.3802	-1.41290500713495
33.099	0.055081	-5.2592	0.302918431293063
31.239	-10.563	-3.4322	0.265686268190243
35.881	-1.4853	-5.1216	-1.16885733420147
33.57	-8.7984	-2.8098	0.429200077706209
37.128	-7.3755	-1.516	0.103992179117421
33.552	-9.7298	-1.7604	-0.85691928885832
35.169	-9.4052	-2.0994	1.26061721611561
33.728	-7.5046	-4.2941	0.029405041202811
31.148	1.1191	-1.7657	-0.745641778763258
36.1	-5.7452	-0.9397	-0.557297577955108
14.2	-12.25	-2.7913	1.04430004192175
33.449	-0.70302	-0.86649	-1.14902794957007
36.735	-2.0513	-4.5974	-0.035004829546093
37.97	-6.9158	-1.8538	0.687305680764842
37.271	-6.6982	-1.6293	1.645
36.379	-3.7123	-1.4074	-0.00992081380123415
24.282	-11.844	-3.4144	1.645
36.613	-3.0796	-0.94265	1.50908402199547
35.771	-6.6465	-1.0204	1.645
29.6	1.593	-1.8446	0.387818747797928
37.883	-2.6633	-2.9858	1.11562648371674
31.258	-10.897	-3.3516	1.05332606993174
28.835	-0.9672	-6.622	-1.27369822088768
26.632	-11.363	-3.9523	0.767766691102297
34.045	-9.3825	-2.7884	-0.381056165512149
36.668	-5.7643	-0.36006	-1.09644597305621
33.156	0.051677	-0.95287	-1.25154465383593
33.764	-0.71277	-5.7633	0.832466825442519
35.295	-7.3557	-2.6164	-1.26030910512231
34.803	-7.3818	-0.18694	-0.129271186839705
34.462	-9.6263	-2.7398	-0.485368065297597
35.186	-7.3743	-0.73991	0.380379435200758
36.568	-6.7341	-0.43936	0.269490818056781
37.311	-7.1319	-2.484	0.774237275016263
24.603	3.0977	0.72789	-0.445176111071263
30.903	0.73487	-0.78254	-1.08715751399364
36.998	-6.8792	-0.55387	0.66380499358661
33.493	-0.10664	-5.5756	-0.740666894466676
38.411	-5.9434	-2.5654	-1.13912793237796
23.875	-11.581	-3.7265	-0.774689733023613
31.882	0.099737	0.85538	-0.657849625100653
31.935	-9.6442	-3.1092	1.645
26.959	-11.641	-3.4896	-0.17714735839621
27.536	2.4938	-0.31686	-0.343897282224007
37.244	-6.5933	-1.2809	1.45648151539336
29.127	1.8274	-0.60295	-1.645
37.126	-1.7498	-4.0023	0.593982425017662
37.964	-6.7002	-1.5893	1.645
29.648	-0.84476	0.71673	-0.157353774512198
37.316	-6.1483	-0.43037	0.853614074924564
37.077	-7.9142	-1.4075	-0.000677670034686919
33.288	-0.28058	-5.9272	1.645
35.647	-8.0758	-4.3618	-0.413391209413986
36.307	-7.1819	-0.72469	-0.602972912941606
37.012	-7.3768	-2.6185	0.657998866628633
29.6	-10.915	-3.8914	-0.412374182030825
37.241	-3.7254	-1.2785	-0.869673449062627
36.381	-6.3235	-0.97449	-0.0044101098289176
38.228	-5.9979	-2.4075	-0.308182252496621
29.683	2.3099	-1.5653	-0.147305690657317
36.092	-3.3609	-0.37577	0.493627392256286
36.459	-2.2777	-4.9212	-1.08545359018584
26.628	-11.465	-3.5706	1.60935152211178
37.597	-4.7139	-4.268	-0.817181365116591
37.638	-2.9456	-1.7393	-1.07383852666744
36.825	-5.2081	-2.5948	-0.133685840802996
37.001	-3.1956	-1.9825	1.06641794545863
35.376	-7.6203	-0.86273	1.1672000323113
29.737	-10.997	-3.7093	-0.420130295662756
36.646	-6.9621	-4.4572	0.00417420046865366
35.599	-6.7579	-0.15719	-1.38007493643647
31.82	-1.1205	-6.6025	1.645
36.406	-3.0178	-1.5552	-1.0867860300111
33.897	-9.3231	-3.4479	0.556454647060333
32.105	-1.7627	-0.10838	-0.473863718752033
36.277	-7.249	-0.71106	-0.391462183290907
36.737	-5.862	-0.77037	-0.750028043445547
36.388	-6.8777	-0.40505	1.645
37.261	-2.7718	-4.19	0.223209728195973
31.621	1.471	-2.1952	-0.568116573212333
37.684	-3.9188	-3.9944	-0.910350510583832
24.924	3.2424	0.63254	-1.01043782546919
35.866	-3.3966	-1.9231	0.18044657847137
27.767	2.2237	-0.43318	0.0438946500459404
35.011	-9.3326	-3.6961	-0.44647287662516
36.754	-3.0007	-4.6999	-0.568907908569254
28.246	-11.364	-3.9274	-0.0774354469452358
28.058	-0.40419	-6.5521	-1.645
36.427	-6.7942	-0.72939	-1.17255824905841
38.176	-3.9397	-2.3623	-1.00544183062955
31.848	-10.514	-3.7276	1.645
32.421	-9.9028	-3.8736	-0.530828729793476
37.445	-4.4388	-3.7318	1.19946303489918
35.951	-1.7764	-5.2628	-1.645
35.052	-2.3438	-0.25459	-0.140056168786263
37.046	-6.6266	-1.4054	0.608885595045769
35.805	-0.27107	-3.7675	0.10315773755214
37.018	-2.1404	-3.4635	-0.722436197478361
29.485	-11.04	-4.0291	1.645
34.963	-0.91573	-4.2992	-0.312554364501776
35	-8.9277	-3.0689	0.9608725235706
37.03	-6.9054	-0.89318	-0.930677702920979
36.998	-6.6701	-0.68066	-0.432666806050156
28.959	-10.732	-3.9835	-0.382784463763802
28.796	2.6423	-1.0447	0.647221257822197
35.607	-1.8209	-5.5017	-0.292627287655632
29.049	2.1374	-1.2587	-0.314093973009884
36.564	-7.3469	-0.8169	-0.972487753783801
37.58	-5.6603	-2.0723	1.43286710785947
31.865	0.77388	-1.3397	-0.087842913939639
29.143	-1.0016	-6.5471	-0.832601130547592
27.258	0.22043	-6.3336	0.0402462925516294
35.159	-8.7272	-4.1003	0.160034646867674
35.815	-7.8946	-0.37288	-0.166674000319803
37.493	-3.1652	-4.0554	-0.406434658742798
36.963	-3.5361	-2.5995	-1.22125087747376
37.393	-5.8686	-0.98026	-0.489427628050429
37.813	-3.2192	-2.0258	-0.274536171336409
37.005	-7.4155	-1.2923	0.973638841491924
36.678	-7.6703	-1.4146	0.355643756687596
36.409	-6.576	-1.957	0.961672076154765
36.077	-2.6253	-4.9514	1.47317401059595
36.243	-3.5794	-0.21717	-0.862762561866981
36.026	-6.626	-0.1023	1.645
36.241	-3.1487	-1.2023	-1.36826772486096
26.151	2.5267	-0.32816	-1.645
37.961	-4.5137	-3.6152	1.645
34.751	-2.076	-4.7894	-1.01783047422487
35.408	-1.3801	-5.2085	-1.06197538517392
31.983	-8.192	0.43924	1.645
37.348	-4.3808	-3.4643	1.645
25.224	-11.867	-3.7074	1.20552605828477
29.185	-1.0694	-6.7569	-1.31750477098866
34.119	-1.5572	-3.3554	-1.03151928014934
35.665	-1.1446	-3.4708	0.264629965538911
37.853	-6.0901	-2.2477	1.645
36.103	-2.9022	-4.7952	-0.87396276211455
36.835	-3.5596	-0.94827	-0.563740084863379
36.17	-7.445	-0.85062	1.645
26.906	2.3831	-0.26394	-1.4311314239378
36.06	-7.5642	-0.4854	-0.205202597747543
37.14	-4.964	-4.1295	-0.343158170566475
36.254	-2.536	-4.605	0.682998293558332
37.401	-2.788	-4.0256	-0.802496732108363
36.424	-7.281	-0.91605	1.34887278604566
35.811	-7.1054	-0.26252	-1.06714934508203
35.131	-7.9391	-1.5386	0.950847221663875
36.196	-2.2167	-5.2777	-1.09670232660485
35.143	-3.4181	-0.3143	-0.993744978402016
35.111	-2.7285	-5.6907	-0.300007881386331
38.008	-3.2008	-3.5752	-0.752740863795583
35.136	-0.6424	-1.0237	-0.478468234263159
35.689	-6.7757	-2.8578	0.925953141510363
29.713	-1.3836	0.57155	0.648425959622527
30.906	-10.083	-3.4443	1.645
34.883	-4.4287	-1.5223	-0.789874479024469
38.086	-4.8205	-3.8928	0.471165578118825
37.501	-3.63	-3.2459	0.710582216612126
35.843	-6.6108	-1.5401	-0.151789940121475
31.505	-10.677	-3.5357	-0.891190192676801
37.16	-6.6232	-0.7396	0.111703280958344
36.42	-7.2465	-0.79641	-0.28402951419306
31.917	-9.7447	-4.6294	0.0366107040472085
37.031	-6.9763	-1.0374	0.0969597575368202
38.265	-5.2641	-1.6418	-0.426720020760912
37.023	-7.7618	-3.0738	-0.873401833005086
35.848	-8.0086	-0.74692	-0.660313723831758
37.359	-3.4721	-4.3656	0.874440626853094
37.919	-4.1884	-3.3612	-0.41207809970025
31.151	-10.386	-3.707	1.31655327086609
37.056	-2.086	-4.1943	-0.157714324183064
38.006	-4.5622	-1.6132	-0.73099085163416
36.625	-3.1859	-5.035	-0.692168515819441
22.994	0.17768	1.5887	-0.87823561646234
37.974	-3.5713	-2.2629	0.20923446526118
35.991	-7.1105	-0.27884	0.845438075960021
34.046	-7.7115	-0.99998	-0.520214965965999
28.049	-10.987	-4.007	0.0841057915820933
24.626	2.8702	0.65734	-0.493933228664425
35.883	-6.8386	-4.8344	-0.943145100023007
36.537	-6.301	-1.1695	-1.32607315142258
36.684	-6.916	-0.54257	-0.652364085881665
36.131	-6.7703	-0.6249	-0.161055441592039
36.721	-7.1728	-1.6014	1.645
36.291	-3.2826	-5.4975	-1.30177312040602
37.998	-6.5588	-1.1578	-0.392485294103044
37.407	-3.279	-1.2402	-0.501883567522662
34.719	-0.76652	-0.38087	0.466194317129405
24.667	-11.97	-3.4268	0.387783811972709
36.562	-7.8558	-2.4601	-1.645
34.523	-6.4037	-5.2684	-0.893164911267327
36.344	-2.7243	-5.0541	-1.04886379650848
28.704	-1.2358	0.73461	-0.739367664425021
35.112	-8.381	-1.5627	-0.399472311978591
36.561	-8.08	-2.507	-0.711321477380752
29.101	1.8205	-1.2912	-0.981751258392468
35.878	-8.1252	-1.6888	0.155569586892376
33.057	0.84632	-2.7147	-0.444332332851068
33.546	-0.34527	-5.445	0.503559745807845
31.882	-0.57295	-5.8092	0.96722744145137
24.91	-11.954	-3.5912	-1.64292687889187
38.382	-5.4187	-2.2298	-0.879303223150616
35.342	-0.84757	-4.9727	-0.388607441328321
34.619	-5.6944	-5.4814	-1.06570512585317
36.436	-7.5013	-0.96146	0.138555827671009
37.02	-3.3083	-1.0167	-1.60377552397042
34.806	-8.8901	-2.973	1.645
34.347	-0.98887	-5.2431	-0.727694296307704
32.922	-10.36	-3.0592	1.645
37.436	-2.0099	-3.387	-1.08094405092918
27.802	-0.52154	-6.6001	0.242130709403468
36.324	-7.7981	-3.4379	0.276488521353583
33.436	-1.2899	-6.2745	0.064275816929799
33.177	-9.7487	-2.9992	-0.724276810795745
27.274	2.4161	-0.10539	-0.784573816054045
25.93	-1.2025	0.87789	-0.935879582741459
36.272	-2.8487	-4.1937	-0.527942109533335
37.157	-2.2965	-4.1908	0.351191283580304
30.682	1.0168	-1.2092	-0.743716142805466
34.541	-2.8555	-1.6681	-0.714015328652908
33.291	0.40457	-1.8331	0.755744507548179
37.406	-4.0066	-3.9598	1.04532960621066
24.997	-0.66669	1.1359	-0.172911689318085
36.12	-6.4143	-1.0835	-1.48634745202512
34.659	-1.9863	-5.9829	-0.287616676770083
36.488	-7.3251	-2.3262	-0.797456180346809
27.032	-11.414	-3.9168	-0.587589391742777
33.231	0.16905	-5.6528	-0.609738349586363
35.542	-6.5946	-1.1652	0.697393213617857
36.53	-7.222	-1.5122	1.645
35.769	-1.7993	-5.2612	-0.704640668776685
35.546	-8.9878	-2.0374	1.34991962416585
36.791	-7.3313	-1.4707	-0.582358879946592
29.891	1.399	-0.59674	0.118283622607997
35.835	-5.3318	-5.5868	-0.463775503998425
28.257	-0.68969	-6.8239	0.669796995271732
37.377	-6.8635	-1.8859	-0.949558407913045
27.464	-11.751	-2.8039	-0.244297035892533
28.168	-0.41404	-6.7192	0.254592134691174
37.75	-4.869	-1.3026	-1.07466658961789
35.944	-7.7459	-1.3209	-0.276393999469514
38.082	-5.3314	-2.1137	-0.256514848043884
33.007	0.29962	-0.29684	0.835815219110915
38.541	-5.8464	-3.3132	1.39931569756203
36.802	-7.1285	-0.91854	-0.205397657888453
37.28	-2.8613	-4.4514	0.378380807482049
27.788	-0.7983	-6.5807	0.903868229199333
29.504	-10.993	-3.853	-0.285907294281015
30.43	-10.246	-3.9492	0.630740419866279
35.675	-7.1694	-0.86933	0.117242555458795
37.326	-5.6839	-4.4112	0.687464480337212
36.829	-3.054	-4.6771	-0.138470879891674
37.127	-7.6054	-3.972	1.645
32.465	0.75286	-1.4389	-1.645
33.046	-8.5364	-0.65937	1.645
32.73	-10.178	-2.8586	1.645
34.579	-9.3204	-3.3467	1.645
33.708	-1.6614	0.33322	0.756560595143062
37.264	-6.7331	-1.3042	-0.51030312067652
33.378	-9.128	-3.986	-0.557484817046245
36.682	-6.2436	-0.22291	0.705121505598826
30.821	-10.162	-3.2975	0.386732853901103
36.51	-8.369	-3.6788	1.645
24.884	-12.03	-3.7199	0.535295378290786
35.633	-2.7754	-0.42644	-1.48614322616707
36.718	-6.6751	-0.98773	1.16986050675356
35.556	-2.9167	-0.96308	-0.616358366206763
27.416	-11.642	-3.608	1.645
35.042	-7.5012	-4.9165	1.34424519309385
37.034	-2.7736	-2.7544	-0.200070745202224
37.879	-3.3745	-3.9897	0.0234187417661613
28.693	1.9418	-0.84665	-1.645
36.863	-4.6665	-0.57369	-0.72672045925736
37.196	-2.9731	-1.8959	-0.600478119098987
28.874	-11.12	-4.0281	0.425588222102407
37.449	-6.7361	-1.3597	-0.889553127402465
35.503	-6.2815	0.51715	0.745194687874526
24.869	-11.715	-3.337	1.37150478969311
37.136	-6.9179	-0.88602	-0.983877151107023
37.548	-3.7864	-2.5541	-0.654029319015774
36.034	-7.4432	-0.97491	-0.452233710571204
37.937	-4.7004	-4.0766	1.50372477397474
35.013	-1.0942	-0.74452	-0.838882975446495
37.172	-5.7699	-2.3884	1.21277086679565
37.69	-2.9721	-2.3396	-0.497921710679123
36.99	-7.0988	-1.0916	0.74277723553479
32.325	-6.7771	-5.2843	-0.149758016107344
36.596	-8.2474	-2.108	-0.206311093394827
34.624	-9.1756	-3.8766	0.0536318778739721
36.626	-3.6918	-0.73483	-0.979164509448659
36.301	-7.5684	-2.2311	-0.742522321740776
35.615	-2.2489	-4.7724	-0.697979454410576
37.742	-5.3859	-2.9074	-0.490581270564708
36.329	-1.779	-4.8389	0.0657608704376594
33.853	-7.9412	-4.2012	-0.27294222651032
36.495	-7.6701	-0.95526	-0.194876952369127
32.664	-10.854	-2.59	-0.801208182891476
34.45	-0.82641	-5.3395	-0.747110579651612
31.683	-1.2044	1.0754	-1.22737617625179
36.139	-7.2369	-0.64364	-1.08083754920096
37.14	-3.0531	-2.5682	0.253842427651105
37.645	-3.0373	-2.7639	-0.603615693336128
33.42	-1.847	-0.09335	-0.421832805323561
25.808	2.4843	0.20229	-1.36367833529418
36.558	-3.477	-0.7264	-0.259065260093216
37.076	-2.1343	-2.4981	-0.443464272919753
37.295	-3.7665	-1.2328	1.645
36.868	-7.3659	-3.4925	0.0627259336093688
25.14	-11.017	-4.1427	0.602979595458208
37.662	-2.5526	-3.9957	0.847658904903433
37.251	-3.3098	-4.4526	-0.869089033304215
38.169	-4.0381	-2.3338	-1.19717050774415
32.388	-10.109	-3.1943	-0.723583539517206
34.469	-3.1586	0.16337	-1.01252108024811
36.915	-7.9132	-1.4713	1.05430945674417
28.759	-11.084	-4.2342	1.00395126784498
29.454	-1.0348	-6.7118	-0.273763826618306
36.981	-6.4968	-1.3048	0.855479020691966
23.9	3.4724	0.17699	0.773255431468903
36.503	-3.0435	-4.7703	-0.474984286370459
31.809	-9.8667	-4.0254	1.34370550380718
36.414	-2.6558	-5.1461	0.542805954712579
37.586	-5.8647	-1.1041	0.854177784915778
35.487	-7.1229	-0.32773	-0.406048213754238
27.695	2.5926	-0.75992	0.0122039825827669
36.496	-7.1131	-0.84695	-0.00245732694744981
36.57	-1.9504	-4.6956	0.22852824265539
37.89	-3.3009	-2.8666	0.922806173411373
35.773	-3.3263	-5.1052	1.01203454134482
36.89	-5.1349	-4.9182	0.514028061128108
36.339	-7.668	-3.0652	-0.804688495841517
37.425	-4.7946	-3.5831	0.133246597558361
36.89	-7.2192	-1.1222	-0.215640439087224
36.973	-4.4217	-0.99545	1.645
18.117	-12.427	-2.7497	0.743848470862691
28.914	1.9943	-0.15523	-0.247883343643468
35.884	-6.3224	-0.51641	-0.806262654331754
22.895	-11.764	-3.655	-0.452648217947855
29.674	1.9213	-1.1953	-0.230147400498626
34.349	-1.3018	-5.8695	-0.685242467733414
33.373	-6.1595	-5.613	1.55772748503783
36.107	-8.3833	-3.8955	-1.59885024522318
33.708	-6.1344	-5.2625	0.22199316127507
25.941	-0.49807	1.7601	0.15650324203563
24.148	-11.976	-3.5319	1.645
35.762	-2.4738	-4.9674	-1.29222617937869
34.387	-0.70831	-5.5504	0.592874185281466
37.663	-3.1052	-2.6371	0.0969346485123807
37.474	-3.0541	-2.0965	0.35782310624315
33.383	-10.034	-3.4276	0.595624517021552
28.812	1.5111	-0.18542	-1.20783765934011
36.922	-5.6457	-4.9601	-0.989136693381854
37.488	-6.6095	-1.1444	1.42786219958274
28.073	-11.668	-3.1194	0.197703730007237
36.91	-3.242	-1.1441	1.11399795564283
36.175	-7.537	-1.5303	-0.71577708724857
36.358	-0.97953	-2.8211	-0.388372207432928
36.017	-3.9337	-0.15164	-0.918156029596901
38.576	-4.8825	-2.3728	-0.234450659410555
37.872	-5.7018	-1.026	1.43533443036785
36.697	-2.4607	-4.6981	-0.785540055355742
36.349	-7.9935	-1.5244	-0.146631699528595
37.175	-3.326	-4.0231	-0.215595280364066
36.928	-3.1836	-4.6119	0.297493563988746
37.756	-7.1614	-3.4233	0.955030053802045
37.301	-2.9975	-4.1287	-0.975928509161565
30.193	1.1488	-0.66419	-1.645
28.46	2.2846	-2.1237	0.670857159686988
24.401	-1.0807	0.94528	0.213526213273018
27.402	2.3625	-0.79184	0.272047621500555
37.872	-6.6212	-3.506	0.655769698527813
29.53	-11.489	-3.1516	-0.128714211391641
27.857	-1.7479	0.28644	1.645
35.484	-8.9282	-1.9391	1.645
27.673	-11.413	-4.0307	1.645
36.204	-0.51726	-2.602	-0.525918137601711
28.13	-0.42296	-6.6429	-0.90419223756087
29.047	-11.285	-3.5116	1.5617468569757
37.948	-3.335	-3.8358	-0.37700512616259
36.671	-6.1766	-4.2952	1.645
36.841	-6.0594	-5.141	-0.42567500192794
36.965	-4.6772	-4.0313	0.0484332848515079
36.056	-7.7506	-4.4819	1.44694403581057
33.524	-0.99915	-6.1235	0.643553517999278
35.209	-2.4738	-5.3197	1.26279085456608
27.447	-11.476	-3.9333	0.297119693903615
36.676	-4.9225	-0.54227	-0.813784360646636
36.187	-1.3059	-1.2429	-0.893731787654294
29.373	-1.8565	0.38733	-0.047091851659045
29.141	-10.738	-4.3405	1.645
37.819	-3.8939	-4.081	1.53699050043482
35.461	-6.7856	0.21	0.907353297404072
33.537	-8.6364	-4.1537	0.798702195505956
35.576	-2.7145	-1.1661	0.471620682444149
36.729	-7.5145	-3.1312	-0.720079563982263
36.088	-6.6977	-0.52185	0.0296844235398269
32.739	0.91199	-2.6954	0.526908988773113
37.836	-4.3579	-3.3202	-0.690971974205011
36.018	-6.3323	-1.1371	-0.557183687233494
37.469	-3.0494	-4.2007	1.4917275969773
35.606	-2.0846	-5.5897	-1.11765862166381
35.933	-6.8829	-0.44488	-1.23464611307855
35.493	-9.2462	-3.3582	0.0733459136626401
37.53	-4.251	-3.1865	0.138244654020016
30.092	-11.065	-3.1338	0.254547872881035
32.99	-8.9546	-0.21807	-0.855721722044613
37.519	-7.3869	-2.6661	-0.179232419962
37.079	-6.2808	-0.77346	-0.188551778944909
36.022	-6.828	-0.57731	-0.354270876879034
37.918	-7.0786	-3.0856	0.138247602033726
28.343	-11.733	-3.5872	1.645
37.494	-5.8069	-1.0089	-0.310139140405477
34.273	-0.69818	-5.6839	0.410832527859228
26.188	-1.2389	0.73822	-0.00345434051482986
29.477	-10.678	-4.2809	0.290504137638283
29.977	-11.456	-3.3584	-0.63700545435267
36.939	-3.7073	-4.6069	-0.515924998456604
37.59	-3.4846	-3.6459	-1.07946155774682
28.11	-1.8263	0.47221	-1.16245440682524
35.99	-2.0913	-5.2288	0.810618401196657
31.074	0.26967	-6.3372	-0.722966262555697
37.27	-6.4269	-1.0324	-0.935255132059184
34.091	-7.9047	-4.067	1.645
36.52	-7.3394	-3.0192	-0.723017029814122
37.4	-6.6576	-3.761	-1.03422632369626
29.113	-0.98121	-6.9442	-0.322947580506032
37.029	-4.7412	-3.0954	1.645
33.037	0.75239	-2.4438	-1.49064668147149
22.655	-11.631	-3.7513	0.990914931420919
37.766	-3.2181	-1.9562	-0.268023521995286
37.838	-3.7151	-3.567	-0.231875102558096
37.285	-3.4399	-4.4883	-0.63038354047523
27.184	-1.4529	0.40133	-0.778137058654939
38.26	-5.4613	-2.6107	1.645
35.989	-1.6761	-5.1643	-0.581409681326551
37.247	-5.6924	-4.4819	0.996743944119381
34.351	-9.3416	-4.3517	-0.388973489274728
32.942	-10.187	-3.8424	-0.535339897806082
36.258	-3.1272	-2.1291	-0.619992654611578
37.522	-6.8014	-1.605	-0.652196315837863
34.875	-7.5634	-0.67985	-0.450253538750766
36.805	-6.8704	-0.46855	-0.479214230794272
36.438	-5.6209	-1.0791	-1.03470641060989
36.039	-7.5015	-0.37316	1.18455678903958
35.992	-6.343	-0.027214	0.0861094115491461
38.018	-4.0021	-3.4175	-1.645
36.085	-8.2433	-1.0166	-1.13126832194863
38.197	-3.1683	-2.8039	-1.07566988689367
37.221	-6.2661	-0.70586	-0.45281258874819
24.495	-0.80438	1.506	-0.197980230829078
19.894	-12.408	-3.0023	0.520770556412864
32.857	-1.747	1.0811	-0.458799032593358
38.182	-4.7359	-4.0348	1.39961885961736
32.564	-8.7826	-4.3392	-0.610700971732967
33.424	-10.297	-2.9498	-0.701664147863217
37.001	-1.8216	-3.9956	0.237351373161531
32.612	-9.982	-3.3678	0.430079166342295
26.104	2.9775	0.38525	0.102167765282002
35.856	-6.2175	-4.9262	-0.815642185700851
34.29	-0.70505	-5.4116	-0.204730898163233
35.119	-8.7121	-3.9509	-0.0603255996939599
32.294	1.3388	-1.5872	-1.645
26.933	2.2884	0.38868	-1.37934741987198
27.989	0.13398	0.8053	1.19357876405565
37.348	-6.549	-3.1685	1.05100113060586
34.481	-0.83471	-4.8208	-0.160371780325569
36.976	-6.7599	-1.9741	-0.429621640746254
36.879	-7.3031	-1.1171	0.362495187920948
37.988	-3.183	-3.7179	-1.645
37.929	-6.679	-1.6821	0.133551541568364
35.328	-8.9384	-1.7754	1.06194233899025
34.271	-9.6149	-3.6763	0.225234026609179
33.023	-9.9253	-4.2566	1.645
36.927	-6.6277	-0.54409	0.29841969918138
37.587	-7.0356	-2.9008	-0.387177483060042
36.719	-7.5573	-3.667	-0.519303476893387
37.13	-6.6506	-0.87502	-0.397680035379549
33.331	-10.091	-3.2853	0.053401263466517
36.513	-6.807	-1.1852	-0.759463245083056
28.452	-0.64826	-6.6807	1.40555386965192
35.608	-8.7425	-3.6319	1.50903118069132
36.084	-6.9266	-1.1155	0.235892565143128
34.803	-1.1978	-5.5854	-1.37921138871625
30.623	-10.628	-2.3359	0.633968364064029
34.746	-0.83355	-5.3832	-0.613358346082264
37.674	-6.0117	-3.9316	-0.609754091715737
35.239	-7.2057	-0.80222	-0.461913932740668
30.909	-10.532	-3.6165	0.718166865230345
34.081	-0.19025	-0.19369	-0.593239838719145
36.16	-6.2388	-4.6065	1.15199337887096
34.061	-9.7107	-2.6267	0.812262684183488
28.401	-0.6673	-6.6758	1.29062020756805
34.108	-1.3907	0.43458	-1.25602448642635
36.911	-4.0324	-0.88935	-1.39416408919161
36.133	-7.4211	-1.9201	1.645
35.653	-7.9359	-0.91161	-0.635776765104401
27.563	-1.7829	0.9933	1.645
35.686	-6.1698	-4.8122	-1.09158482431061
35.599	-6.05	-5.0311	-0.578646243546496
33.647	-9.5361	-2.9473	0.917146542309168
37.439	-7.1052	-1.3532	-0.715420104306459
23.069	-0.86413	1.3787	-0.893990171124006
37.717	-5.9636	-3.8253	0.338934896794627
37.26	-1.8777	-3.7953	1.42466673818614
37.331	-2.3602	-3.1346	-0.685238674491498
29.747	1.7848	-0.64182	0.249845168906294
31.26	-1.5383	-6.2118	-1.25304529726124
28.79	-0.60836	-6.4231	-1.01390663374995
28.577	-1.9917	0.59004	0.379277830067447
36.944	-6.5048	0.15745	0.0776404814940757
27.399	1.8644	0.060854	-0.849474879709617
34.571	-8.8569	-2.5749	0.81957195929074
37.024	-6.2246	-3.3113	0.448444448430327
37.905	-5.2701	-3.6581	1.645
37.467	-3.1874	-2.2578	-0.454327054731507
35.937	-7.7764	-1.2843	1.6330407651689
37.269	-6.4643	-1.3187	-1.58479127329688
35.22	-2.8647	-5.4605	1.22949577993794
36.327	-3.639	-5.216	-0.690869630831616
37.298	-5.8161	-0.65225	0.627677709176837
37.658	-4.6228	-3.5033	-0.579767300624046
33.532	-9.5404	-3.8361	1.645
38.11	-4.4154	-1.7878	-0.336117410328961
33.965	0.34185	-2.8306	-1.645
18.681	-11.853	-3.5342	-0.271580242755763
37.578	-6.9156	-1.9975	-0.30964007128804
22.178	3.5218	0.97528	-0.807619051428067
34.324	-1.491	-0.028499	-0.688049986937671
27.877	-10.224	-4.2064	-0.856187797605302
35.796	-7.3764	-0.93857	1.645
36.21	-7.1793	-0.91817	-0.920019007720724
33.756	0.78472	-3.7174	0.192457860617241
34.832	-1.3266	-5.3939	0.315536155602916
36.693	-6.5135	-1.0092	1.42067539858527
37.262	-3.681	-4.3805	0.334738044940979
37.664	-2.5775	-2.7475	-1.17840325220556
33.114	-0.44001	-5.9828	1.30544898792141
35.83	-8.0329	-0.94709	-0.250723962492859
37.168	-2.8936	-4.4433	-0.94017307228796
37.252	-3.2123	-4.5515	-0.556498587037942
37.485	-6.3438	-1.5371	0.604443563888101
36.79	-1.1179	-1.9369	-0.208212138296458
36.986	-3.4192	-4.8641	1.46663801867438
28.187	-2.0153	0.64751	-0.521057723403849
36.115	-2.5821	-0.79798	0.90182643207851
32.441	-8.4786	-4.6004	0.827494425737279
32.516	-10.186	-4.2238	-0.399084423153595
34.865	-8.7229	-3.4379	-0.883399953967948
37.744	-4.8284	-2.8158	0.410417365300797
36.311	-6.2684	-0.71261	-0.769175370530426
37.547	-3.1049	-3.4645	0.0578579689017974
38.079	-6.2421	-1.3115	1.23686561695726
37.974	-3.6555	-3.1281	0.585578677791301
28.696	-0.68077	-6.8741	-0.334265440830055
30.852	1.7849	-1.8279	0.344489711311618
34.821	-6.2335	-5.3327	0.710589481852203
14.631	-11.506	-3.6427	0.082088441746149
34.669	-0.46744	-3.1166	-0.558352228958782
37.859	-5.8203	-2.0456	-0.588908298363423
36.787	-5.5935	-0.20183	-0.727780270798617
36.693	-3.4679	-1.3316	-1.645
24.838	-11.328	-3.8629	-0.21292609986441
35.763	-0.51963	-3.4807	-1.645
35.201	-6.4466	-4.6978	0.857018686214842
32.044	-10.644	-3.7583	0.509302267811849
36.194	-6.8002	-1.6144	-0.683578897790033
36.007	-6.7848	-4.2244	-1.28014895668127
35.927	-7.6408	-0.39627	1.645
35.868	-8.013	-3.1225	-0.464121656965414
36.808	-7.1617	-1.0805	-0.256370005797361
36.946	-7.765	-1.2246	-0.303948192074456
36.325	-6.6188	-4.8643	0.949945631362573
35.549	-6.4596	-0.15332	-0.635168859986794
30.435	-2.0178	-5.0573	-1.29684245191635
36.901	-2.8551	-4.7309	0.553664937050779
37.149	-6.3657	-1.3475	0.69255413376131
36.787	-3.2912	-4.7881	1.645
37.496	-2.7345	-3.0657	0.337810312940874
32.833	-9.925	-3.8629	1.63230635497184
37.75	-6.5893	-1.4592	-0.106398704857399
36.038	-0.75241	-2.4819	-0.430158521200611
28.133	-11.456	-3.6026	-0.179028736009767
30.447	1.4981	0.012136	0.568829919855821
37.759	-5.8941	-2.4694	1.645
36.523	-6.9224	-0.55317	0.314102810209973
37.667	-3.3869	-1.5302	-0.465023929222212
35.259	-0.56743	-3.8436	-1.32716129906738
21.996	-12.117	-3.2949	-0.865824035069074
36.696	-3.7296	-4.7045	0.701561178472675
36.844	-2.8627	-4.1771	0.540193170391439
35.141	-7.3093	-1.8385	-0.546053630948741
37.236	-5.8353	-2.0778	-1.645
27.895	2.1727	-0.70999	0.281672826240863
35.937	-7.577	-0.66075	1.34935166707302
36.415	-3.3798	-0.64911	-1.00531649322755
37.914	-4.9455	-1.6546	-1.43359776847236
37.81	-6.0972	-2.6215	0.239258775463201
36.059	-6.6724	0.099282	-0.932260944079335
33.831	-0.82131	-5.9073	-1.4373713264694
37.488	-4.8809	-1.9614	0.377953493062482
34.309	-1.5814	-3.0886	-0.684315805920982
16.546	-12.122	-3.0507	1.645
26.475	2.8001	-0.13414	-0.984149641562641
36.584	-3.2355	-4.7375	-1.24343079326201
36.968	-3.0594	-1.5917	-0.440302707317257
36.022	-5.6927	-0.69924	0.329479463933511
22.905	-1.2773	1.3333	-0.346125378967962
36.937	-6.6664	-1.0888	-0.838805651603602
38.435	-6.2835	-2.839	0.314428600321545
35.405	-0.70375	-4.8046	-1.00027952443242
36.121	-2.9466	-5.1363	0.483694734076748
36.896	-1.6696	-2.1151	-0.247913739425869
27.474	-0.29098	-6.7196	1.20090803104156
34.672	-9.018	-2.7887	-0.711381022793779
36.78	-7.3321	-1.024	-0.327836027973724
31.309	1.3203	-2.1248	-1.645
34.816	-1.9829	-0.24815	-0.486813572548578
31.034	2.13	-1.503	-0.234192753655077
38.1	-4.3733	-2.6288	-0.0607176915948734
33.506	-8.587	-3.743	-0.394325525183546
36.038	-5.389	-5.311	-0.2729813454538
34.702	-1.6396	-3.8829	-0.557820822392426
32.373	0.99622	-2.1654	-0.463996213142221
35.958	-2.3821	-5.0615	-0.658522140823919
37.447	-2.7711	-3.2962	0.101828931811667
34.224	-1.4421	-5.2872	-0.462895658567406
25.823	2.7506	-0.30933	-0.587938487606999
36.853	-6.3522	-2.1496	-0.567825261998773
34.92	-2.181	-0.95545	-1.22230155403418
31.384	-10.126	-3.673	-0.847887536279602
36.331	-7.1059	-0.41523	1.645
29.704	-11.031	-4.1478	1.645
35.609	-7.1077	-0.68315	0.0733547097306741
35.818	-1.2328	-4.9674	-0.837738078919004
35.623	-7.3392	-1.1323	-1.34641352759364
32.987	0.16537	-5.4076	0.713790588603632
36.38	-3.1166	-4.3906	0.117439202268567
36.763	-2.5223	-2.4664	-1.032178682503
30.806	-9.287	-3.5933	0.0778625630607516
31.819	0.77723	-1.5751	-1.19113367692887
34.867	-2.1455	-5.957	-0.0448143725292584
36.432	-2.9785	-1.8557	0.649163829018523
37.33	-2.1802	-2.9054	-0.324395628088081
35.886	-6.8034	-0.66589	-1.06948993282534
34.169	-2.2291	-0.29475	0.100056056635179
27.676	-0.63697	-6.9622	-1.07583526354705
36.642	-7.6993	-2.0698	-0.466177131498437
36.441	-7.3309	-1.0821	-0.156215804911526
36.404	-0.77396	-3.045	-1.528346203665
32.197	1.205	-4.1368	-0.493295645959494
33.119	-10.31	-2.9906	1.645
37.344	-5.4244	-3.918	-0.195870525737793
30.026	1.6761	-1.1057	-0.108261045970332
37.878	-4.0903	-2.2179	1.4879770309939
37.108	-2.6266	-1.3105	0.545334250048023
36.482	-1.3979	-3.6565	-0.983079811230679
31.452	-9.1478	-3.2273	-0.572400086303556
35.595	-7.1083	-1.4836	-1.46982281612964
37.93	-4.6532	-1.5629	-0.0115843516381118
28.339	-11.288	-3.7747	0.687967406422458
34.572	-0.91389	-5.3163	1.01329917745206
27.025	-1.1452	0.8769	0.135709994266473
34.079	-9.9018	-3.0968	0.341644682494579
35.222	-7.552	-0.12993	1.07394995160507
37.707	-3.9647	-4.055	0.534569168209434
37.055	-7.808	-1.365	0.241855291331714
37.028	-8.0319	-2.3737	1.645
37.484	-2.9589	-2.2054	-1.22780168447065
36.636	-1.8449	-4.6217	-0.917984070383213
24.255	-1.0753	1.209	-0.208191522233544
37.908	-5.4849	-2.8675	-0.0123053189975171
28.144	-11.285	-3.6351	0.668594044078178
36.304	-3.0943	-4.7781	1.38304950189817
36.383	-6.8969	0.11651	-0.733315213331704
36.032	-2.4254	-5.2954	-0.159218799119061
37.693	-6.9362	-2.1968	0.0940848623807221
35.196	-7.2738	-0.20346	-0.914884149605181
36.191	-1.9754	-1.1911	0.525093493834182
35.949	-7.0988	0.036498	-0.85350321948625
32.924	-0.29634	0.38633	-0.0499495857902073
36.636	-8.1869	-3.6598	1.51133177256491
35.702	-1.5553	-5.3066	0.683726196817312
37.827	-3.3669	-2.5679	-0.589015192756244
34.952	-6.4194	-5.1862	1.645
25.703	0.22142	-6.7138	-0.637295759218375
37.718	-6.805	-2.3753	-0.489018852431417
20.57	-11.951	-3.571	1.15138073049618
33.204	0.41913	-3.6203	1.3032588683843
36.349	-7.4662	-1.0629	-1.27170618566339
32.301	0.83282	-1.4899	-0.961108563275557
36.889	-6.3605	-0.64418	0.381701579479001
37.364	-6.6113	-2.4395	0.758681352943824
36.557	-6.012	0.058335	-0.100634821751801
34.899	-8.9036	-2.1978	0.776757025525166
34.392	-0.67005	-5.3893	-0.913540581975347
36.058	-0.71232	-3.8443	1.443928699471
35.914	-2.1429	-5.1293	-0.063662269982776
38.175	-6.4615	-2.3743	-0.161331230264189
37.269	-6.594	-4.1428	0.0779219606285379
36.296	-3.9297	-1.4904	-0.670049145664605
34.929	-9.3154	-3.3453	0.523679095910853
33.624	-9.7678	-3.2114	1.645
35.452	-7.5059	-1.1164	0.285719193843828
36.034	-7.7111	-0.66814	-0.454413570465854
37.161	-2.9571	-4.3767	-0.682416687286545
35.801	-6.039	-0.10692	-0.669325141883618
38.018	-6.5426	-1.8973	-0.255959368410444
37.065	-2.8718	-1.9238	-0.577100442976531
37.741	-3.5231	-1.6764	1.06865563034757
36.429	-1.94	-1.5444	-0.775211232591264
38.124	-5.9004	-1.833	0.660773684029444
37.088	-2.7651	-4.3048	-0.950596531409142
37.718	-6.2576	-0.89144	-0.83757970566703
32.946	-10.118	-3.8613	-1.03907855583954
38.042	-4.4673	-2.5642	-0.538942041052305
35.311	-1.2939	-5.3454	0.137939679978197
36.716	-1.7406	-3.0904	-0.736676753249079
37.657	-5.2865	-0.77623	0.382693448197401
28.415	-1.9853	0.6287	-1.40673379798956
35.913	-2.1991	-5.1813	-1.17141749702822
37.832	-5.746	-1.2789	0.550231703658331
37.809	-7.1081	-3.5919	1.645
37.022	-7.8526	-1.9066	-0.178152577024291
35.963	-2.9456	-4.6888	1.44564771202234
29.139	-10.899	-4.2139	0.0319239862120524
38.328	-5.5245	-1.6957	0.918182801933072
35.913	-3.5353	-0.26692	0.61141347576536
36.624	-2.5872	-4.7152	-0.570216948845735
35.732	-7.4659	-0.892	-0.088622122758666
37.405	-2.8884	-4.2719	-1.24603421318447
27.224	-11.557	-2.9923	0.356135134739616
34.219	-0.7002	-5.219	-0.238641087928135
36.409	-6.4671	-0.54685	-0.539178534916125
29.133	0.029435	-6.8166	-0.460527203049816
34.285	-0.88002	-5.7289	0.895957067303106
35.879	-1.4706	-5.0897	-1.47261724282448
33.331	-0.8698	-4.6621	1.645
28.562	-11.373	-3.9338	-1.27552702525301
34.954	-8.59	-1.2637	0.693381258843779
12.655	-12.024	-3.1062	1.22545302511411
33.259	-0.86748	-5.1327	-0.215489416823743
38.313	-5.8634	-3.2643	-0.444172377827546
36.875	-2.9204	-4.2667	0.310545467223632
36.875	-6.5702	-0.73131	-1.01570030112964
32.785	0.6827	-1.7577	-1.06284834713173
36.807	-2.7145	-1.7884	-0.96687663531919
36.197	-2.5887	-0.88178	-1.26682229324263
37.29	-3.1505	-4.2486	1.645
33.099	0.48603	-1.4884	-0.500603402679769
34.092	-8.9227	-4.1576	1.05570202664036
37.012	-7.5666	-2.4787	0.639324211479641
36.947	-6.3535	-1.4057	1.14548374976433
24.144	-11.871	-4.1725	1.645
37.294	-5.8666	-0.45628	1.06107474589478
38.453	-6.2205	-2.5167	-0.631662678265196
38.205	-3.7763	-2.7418	-1.29982694152184
29.42	-11.225	-3.3753	0.794447473276328
37.148	-5.3387	-0.68234	0.20427215352595
26.075	-11.349	-3.6326	0.248729725068062
34.237	-0.72906	-5.5845	-0.839355023839329
35.409	-7.9537	-0.78786	0.0162804245138934
36.261	-5.9674	-0.39885	-0.967861995254782
35.769	-1.1302	-4.9338	1.17838279328788
34.05	-7.3166	-5.0561	-0.0467544637362103
33.716	-7.4941	-2.944	0.176394167558642
36.741	-6.3389	-1.159	-0.849206276930199
36.513	-7.4862	-2.793	-0.147454995276886
36.212	-4.2356	-0.11937	-0.947652051179978
30.542	1.6715	-0.25718	-1.26878690640047
37.523	-5.7548	-4.5898	-1.06321877011677
28.667	1.635	-0.37636	-1.46869457294984
37.356	-5.2576	-1.0494	1.05697593514534
36.478	-7.7756	-0.57777	1.645
37.883	-3.842	-3.38	-0.610464000984238
35.131	-9.2436	-3.3567	1.17404491948006
37.587	-5.2175	-1.004	1.1423170172724
36.221	-2.9564	-0.61513	-1.5464998071586
38.637	-6.5948	-1.8103	0.952337848432385
36.956	-3.2025	-4.4751	-0.461970666153785
29.985	-11.016	-3.6217	0.105920017556079
31.672	-6.1599	-5.747	0.148693469332874
36.491	-1.3732	-4.2775	0.428395842728059
37.131	-4.5617	-0.87893	-1.56249667420264
31.827	0.24387	-1.1057	-0.661369727544074
36.602	-7.2462	-0.74841	-0.354888077473369
35.527	-1.6899	-5.4983	0.0746665961508582
28.143	-0.79826	-6.7107	-0.63724323620478
36.361	-7.4636	-0.51885	-1.00337714655971
36.981	-6.59	-0.49138	-0.74021477133063
37.82	-7.0502	-1.9993	-1.26013702879499
36.574	-8.6753	-3.4189	1.645
37.993	-6.6047	-0.58157	-0.413417728526925
36.619	-3.3442	-5.008	0.78596942028517
37.163	-4.0055	-1.8496	0.714598963444604
27.841	-0.46924	-6.7153	0.21255668438165
33.362	0.38835	-1.7634	-1.04973919601319
38.275	-5.2304	-2.3682	-0.4294099371563
36.744	-6.6862	-0.47204	-0.784798363543734
29.038	-11.463	-3.3336	-0.0784929505338541
32	-9.0904	-4.758	-0.475625790805137
34.952	-1.4921	-5.7799	-0.674972270229833
35.586	-6.7863	-0.30952	1.645
29.473	-2.0004	1.2233	0.0358855668195859
36.946	-7.1431	-0.98937	-0.145051101586562
35.2	-1.6433	-5.5416	-0.742566104481372
38.265	-6.0586	-2.7998	1.28406692436575
33.966	-0.18969	-0.95979	-0.418245156576219
37.105	-2.5879	-1.2599	-0.330313560001572
37.342	-6.7824	-1.0638	0.285773370411677
36.545	-7.0306	-0.54223	-0.601200332021406
35.679	-7.0002	-1.2115	-1.11389644718561
35.984	-1.9774	-4.2136	1.61812774697323
35.308	-9.5027	-2.4343	0.648739566061187
33.845	-9.7813	-3.7695	0.330287931864113
33.349	-0.35116	-2.0425	-0.609173707112334
27.568	-0.41487	-6.818	0.670060086714676
33.366	-9.9976	-3.4617	0.6642676274365
19.483	-12.108	-3.7965	1.645
37.162	-5.5491	-4.7764	-0.644040933403611
35.769	-6.9619	-0.47515	0.171233347390899
35.88	-8.2388	-4.4135	-1.17767371605937
35.04	-7.5716	-1.0808	1.645
35.22	-1.6653	-1.0212	-0.560675871282707
36.935	-5.5179	-1.3782	1.645
35.664	-1.6218	-5.105	-1.16570444495892
26.332	2.8248	-0.26543	-0.858291153064054
38.305	-4.7921	-2.3396	-1.645
37.264	-6.0234	-0.95589	0.0836718624225792
24.961	-12.173	-3.2356	-0.23759721601769
36.493	-3.2037	-1.737	-1.59923498003545
37.016	-2.6871	-3.6991	-0.463561097651522
35.521	-7.0953	-0.81215	-0.189780304276812
37.573	-6.2663	-0.94834	-1.07933287874373
36.713	-2.7918	-3.6785	0.0919991381026455
37.267	-2.9412	-1.1413	0.922048795939134
36.105	-7.5793	-1.0388	0.269070998393442
36.149	-3.6882	-0.088772	-0.21325354853697
29.561	-2.1923	-0.92529	-1.29208109314211
28.421	-10.501	-3.8962	-0.886801641909177
37.543	-6.6177	-3.9242	-1.25746272883965
36.013	-5.2962	-5.2194	-1.23214824352247
31.616	-10.133	-3.0478	-1.62555636941509
26.865	-11.889	-3.6093	-0.0286865184046953
34.944	-1.8333	-5.6746	-1.3004010296827
33.974	-0.2086	-5.4289	-0.394209726854055
27.421	-11.915	-3.1716	-1.20607992563139
24.068	-11.949	-3.7635	0.622126008044423
36.904	-2.4271	-4.0264	1.645
32.829	-2.2829	-5.3286	-1.41987195554493
36.607	-2.9684	-1.1872	1.26605952942209
36.922	-6.114	-0.78434	-0.669981409388481
37.221	-6.042	-1.2144	-1.27077978953352
35.954	-7.1988	-1.5628	-0.85041748714021
35.692	-8.8069	-1.7571	-0.239412388973203
37.491	-6.0219	-1.2997	-0.7281939763703
35.9	-7.2416	-0.67509	-0.111416297656246
36.618	-7.6655	-0.98104	0.873124153560524
29.945	-1.3699	-6.7296	-1.03224711186992
32.161	0.91575	-1.7862	-0.101140829931875
37.605	-6.5111	-0.87244	0.46672166964753
35.517	-6.5056	-0.50915	-0.853714376764997
32.059	1.3109	-2.4168	-0.979105946521714
29.196	-10.899	-4.0629	0.93763949486031
24.476	-1.1701	0.93116	-0.764607007461237
36.747	-2.8716	-4.7368	0.224628973216558
38.014	-3.428	-3.3169	0.949941339276998
36.001	-6.2461	-0.9769	0.0157542278719641
36.332	-6.6978	-0.47076	-0.648166471677279
38.3	-5.7317	-1.6831	1.32770779940736
29.979	-11.824	-2.9049	1.41781247309202
37.151	-6.3028	-0.5405	-0.270261105349821
36.12	-6.1442	-0.35725	-0.286029853436576
36.271	-7.3453	-1.3238	0.951574538821032
36.488	-6.1858	-3.8549	0.184575742848759
35.366	-1.8119	-5.5672	0.724989989067087
36.371	-1.3748	-4.149	-0.599494420621655
31.428	1.6486	-2.2588	-0.444922723896155
30.715	1.0071	-0.9415	-0.236123022795591
37.231	-3.9099	-4.7721	1.645
34.721	-8.3715	-4.579	-1.22802386668357
36.514	-8.5327	-2.2652	1.645
36.083	-2.6015	-0.39972	-0.549131194454292
35.498	-8.087	-2.6598	-0.456816014185799
30.178	1.4558	-0.55411	-1.03217628319072
33.074	-10.314	-3.0415	1.39560913953344
34.568	-8.0682	-4.3868	-0.0182637569077591
36.881	-6.9741	-1.2878	-0.00594066793372827
31.206	-10.908	-3.2517	1.645
20.185	-12.42	-3.592	-0.387213746984127
37.199	-1.6237	-2.4917	1.645
36.947	-7.3373	-1.2444	0.949434878412468
33.778	0.11392	-0.5513	-1.60222896697766
36.98	-3.2319	-1.217	-1.64450209013713
36.125	-7.0592	-0.43751	1.12150523019958
30.989	1.3364	-1.2695	1.645
37.721	-2.718	-3.5393	0.222723229253828
36.492	-7.4624	-0.46387	-1.37850288071374
35.897	-8.9728	-2.3728	0.705952338519767
36.92	-3.6492	-4.6394	0.751683215131592
36.993	-4.0546	-1.8566	0.245598528423073
34.583	-9.2741	-3.2361	1.645
34.344	-1.2254	-5.6987	1.42301833415631
35.742	-8.0212	-3.8443	1.25105500641341
37.001	-2.4226	-2.9225	-0.812115213847531
35.171	-6.1369	-1.2886	-1.645
37.028	-3.37	-4.176	-0.362054958474882
33.298	0.35184	-3.695	-0.651344994357556
30.361	0.79431	-0.83387	-0.572979354290638
35.436	-6.7361	-0.95815	0.2521057548293
37.41	-6.4188	-0.83121	0.505618279292853
36.383	-1.4084	-1.6501	-0.748312119470195
28.632	2.1882	-0.58482	1.46044155537569
34.186	-2.9176	0.81454	-0.436406239986769
36.195	-4.2493	-5.2274	0.298902517798931
26.47	-1.2093	0.66759	-0.651842175301572
36.233	-7.5856	-0.90686	-0.213478315006576
36.421	-8.4179	-2.0881	0.257524126756856
37.469	-3.1858	-2.9957	1.645
35.257	-2.0901	-4.006	0.626314979087303
36.163	-7.092	-0.771	-0.274788774468863
37.734	-5.9544	-4.0513	-0.946313103504321
37.902	-5.9908	-2.0936	-0.57262196297343
37.448	-6.4351	-3.4083	-1.07443223747739
36.099	-7.3386	-0.73775	0.619126201812979
38.19	-5.2303	-3.4668	1.09207293641849
32.123	0.60269	-0.86491	-1.06466340423204
32.053	1.3059	-1.5197	-0.907059866419807
36.699	-4.6467	0.089536	-0.355500086120187
27.83	-11.511	-3.6894	0.0471067915664751
35.927	-2.6184	-5.194	0.179722856867691
36.378	-8.7082	-2.2334	-1.08654842377056
37.434	-4.6484	-2.4277	0.142396350439242
36.422	-2.8263	-5.0446	-0.463514637061245
37.128	-7.3771	-0.91807	-0.463004595529282
36.806	-7.1946	-1.9069	0.800374764671039
34.659	-0.55942	-4.4261	-0.878334327755751
36.328	-7.1272	-0.93379	1.645
36.281	-2.7152	-5.341	-1.24780251031011
37.412	-6.2447	-2.696	-0.627891259619222
35.967	-2.729	-0.69909	-1.30812124212838
36.783	-8.0664	-2.712	0.14561993195189
36.508	-6.9874	-0.76697	-0.626747435857767
37.295	-4.7406	-4.9434	0.79367987480134
37.907	-5.6622	-1.514	-0.657380241971468
36.54	-2.6445	-3.9797	-0.16244389871189
34.705	-0.88028	-5.109	0.289454132670495
35.571	-0.535	-3.7779	-1.645
36.023	-3.1128	-0.9772	1.645
36.969	-6.9389	-2.1567	1.39487648551702
30.821	-10.653	-3.8519	-0.254042543073521
34.81	-1.815	-0.71735	0.04372636906221
37.007	-3.2381	-4.6457	-0.55559864818232
22.98	3.3486	0.063496	-0.631526017252384
32.159	-10.433	-3.0039	0.775715104005337
37.195	-6.8729	-0.94274	-0.537471135933664
34.005	-0.32428	-5.4688	-0.58057275604356
37.776	-3.2527	-3.708	-0.839900769556297
25.345	2.9604	0.81839	-1.11107141917914
37.704	-6.9036	-3.5007	1.645
25.232	-11.836	-3.4376	1.645
35.212	-2.5121	-5.7232	0.418903097852282
38.366	-5.4234	-2.4492	0.336855020194478
29.989	-1.4419	-6.6104	-0.822704982849479
37.702	-3.2554	-2.2478	-0.063551953441215
36.695	-8.3244	-3.4796	1.39688485735247
22.216	-0.28528	1.8218	-0.0901553864977637
27.938	-0.14693	-6.4389	1.645
37.215	-2.1692	-3.2804	-0.737705133402069
24.948	-1.1145	1.1193	-1.55360638501701
35.868	-5.9551	-0.76246	0.259742465515957
28.015	-11.269	-3.5031	0.604466824266622
36.415	-2.8229	-5.3315	1.6256546315153
36.026	-2.1342	-5.1439	-0.393196433493522
36.861	-6.3361	-0.60656	0.915285687108231
34.486	-9.5717	-3.7802	0.441917023899329
22.352	3.0673	1.2586	-0.136080903233515
35.219	-2.1202	-1.3575	-1.60275871318592
36.39	-6.9544	-0.46647	1.645
32.516	-0.5129	-6.2823	1.645
37.032	-6.1426	-0.88556	-0.876260235136457
28.289	2.0839	-1.1024	-0.3902746674032
33.548	-1.5978	0.067007	-1.05024658963303
35.336	-1.5855	-5.3664	0.301557497791445
35.391	-7.7354	-2.7639	-1.15795592157292
36.84	-7.9578	-3.3052	-0.403723966001589
37.095	-3.2146	-1.7715	-0.39428978641205
33.859	-9.2605	-2.5721	1.645
35.877	-8.4213	-3.4308	1.1736486639427
34.549	-0.84299	-5.6394	-0.994959475591807
36.996	-7.5551	-2.6668	1.00827963000152
34.832	-7.3907	0.24362	0.228286561407172
33.235	-10.72	-2.9872	-1.36313911900068
37.307	-6.0201	-1.5607	0.21046378112923
37.418	-2.9354	-2.5082	-0.79179070618508
34.343	-1.6947	-5.9695	1.12566721500152
35.852	-6.3953	-0.66102	-1.55382384830427
23.219	-11.625	-3.7246	0.786250756610855
25.658	-11.743	-4.0632	0.695496211510529
36.408	-7.0685	-0.74929	-0.652424387377117
34.872	-9.2335	-3.1798	1.645
32.521	-10.366	-3.3013	1.46260942937743
35.301	-7.1362	-0.87532	0.48042311553114
36.981	-7.338	-4.1057	-0.610904290383955
36.532	-2.2219	-4.9142	-0.717947679856726
36.587	-6.9588	-0.9185	0.48858885305648
37.804	-3.758	-2.5106	0.367713539565143
37.188	-3.3266	-4.129	0.319348504413809
36.601	-3.3263	-0.83788	-1.34837850672103
20.494	-12.103	-3.3423	0.358159104708921
37.343	-6.62	-3.3463	-0.00649893554309424
34.74	-1.4122	-5.6472	0.906926046887311
33.679	-0.86234	-0.17042	-0.90216914535498
36.655	-3.0677	-4.4207	-0.882694921982284
34.85	-8.5722	-4.0191	1.645
30.867	-10.809	-3.5384	-0.118137280653205
37.307	-3.9139	-4.5918	0.570809580284615
36.667	-6.7386	-0.78268	-0.869352481423116
31.457	-0.30158	-6.5963	-0.98731697465825
35.913	-7.6121	-0.87189	-0.86293314292398
36.13	-2.8164	-5.1146	-0.361640733263709
35.209	-0.0088546	-1.6024	-1.14291112815488
37.083	-6.3311	-0.76982	1.645
36.223	-7.7271	-1.0545	0.342563744462721
30.474	-10.434	-3.6727	-0.0508075461486007
35.745	-6.4161	-0.72233	-0.721873956776596
34.25	-0.42419	-5.4538	-1.19233340805165
35.158	-7.4175	-0.57039	0.296389429014842
37.835	-4.0336	-3.727	-0.907041464251295
29.205	-1.0063	-6.6398	-0.34072681603416
35.456	-3.3218	0.088323	-0.359092100024002
29.803	-10.77	-3.5859	-0.32317420490213
37.4	-5.3887	-1.203	-0.241455643622117
38.39	-4.8164	-3.1837	-0.484936206646183
28.169	-10.539	-4.4468	0.304387764811365
37.101	-6.2474	-1.5272	-0.909511190078056
36.103	-2.9353	-0.50444	-0.49461149337817
33.597	-0.56617	-5.3621	1.645
34.55	-8.264	-2.9045	-0.44857877824786
35.071	-9.1648	-1.7033	1.645
37.21	-4.2579	-4.7383	1.645
35.826	-8.9178	-2.6398	-0.821951871239286
29.572	-9.596	-4.4341	0.973183752960198
38.35	-4.2938	-3.138	-0.574469128873063
33.688	-2.6749	1.0381	-0.520635759287942
36.474	-2.0151	-4.8982	1.645
36.528	-6.7207	-0.3798	0.414229755421452
33.424	-10.084	-3.4669	-1.22405019222641
35.861	-2.605	-5.277	-0.376885065008233
34.46	-9.1908	-4.2253	-1.1754417755549
38.32	-4.8525	-3.1108	-1.26171926977065
37.496	-3.2443	-4.1554	1.25187992543104
26.909	2.6637	0.026832	-0.419374924291272
23.052	-12.064	-3.317	-0.171324041546142
37.644	-6.4692	-2.6675	-0.994129735892023
36.848	-6.5595	-2.1398	-0.817560658594817
29.035	1.6447	-0.066406	-0.1395492135438
35.626	-7.5125	-0.57968	-0.178112197173113
37.322	-7.6218	-1.4826	-1.28954118115107
35.285	-8.2893	-0.64382	-0.84126841731938
20.084	-12.312	-3.48	0.896356834373148
28.865	1.751	-0.48839	0.0489026330436575
29.709	-10.969	-3.9119	-0.708531259362612
37.772	-3.5059	-3.3861	-0.736378913457196
36.942	-6.4637	-0.66239	0.548184056174394
33.758	0.38343	-3.2386	0.656781650907959
36.282	-1.236	-3.9953	-0.568041302271485
36.872	-6.6326	-0.5159	0.57067351743116
27.991	-1.7102	0.46544	0.0101512293519188
34.467	-0.7789	-5.5486	-0.519400574160142
28.91	-10.416	-4.3339	-0.627799747732246
36.451	-2.0925	-4.9467	1.37425059901837
29.772	1.7553	-0.20628	-0.343559841586946
37.46	-4.4038	-1.0835	-0.484691792675682
30.47	-9.6622	-4.3325	0.638983832941043
31.478	0.98321	-0.87069	0.442214467008637
36.431	-1.4634	-3.8262	-0.930307728749348
36	-9.0717	-3.5695	0.292725062009241
37.711	-5.9719	-3.357	-0.482788841748509
27.558	-11.495	-3.2371	-0.00144339418177525
24.502	-11.889	-4.0808	-0.499836587307079
36.522	-7.3306	-1.1206	-1.06998869353027
34.234	-9.0501	-4.1876	-0.836727098540959
34.039	-8.7942	-4.1058	-1.16252503209836
36.049	-2.8343	-0.31658	0.293102114524418
35.726	-3.108	-0.29894	0.308120561397254
37.247	-6.3258	-0.74275	1.18922267099935
36.663	-8.0185	-1.3392	1.645
36.819	-2.209	-4.6629	0.158647971775366
36.367	-7.0131	-1.7098	-0.334377927187204
37.603	-3.5366	-2.3554	0.247952955907704
37.32	-2.9559	-2.0473	-0.534570963938568
36.358	-3.1915	-4.9347	0.217692279809067
18.772	-12.196	-3.1299	-1.19069790518178
32.75	-10.422	-2.8005	0.771943391740552
36.785	-1.4031	-3.5604	-0.0551859154637523
35.477	-1.5291	-5.0441	1.27933874029806
28.024	-11.618	-3.2678	0.312445150358354
38.028	-3.372	-3.8422	0.101170690957768
35.983	-6.7157	-0.25748	0.579428609294337
37.675	-7.2641	-2.5191	0.977135007187091
38.285	-6.068	-1.6478	0.0623981652865985
37.648	-2.9954	-2.6871	-0.00405198061507574
36.758	-6.2914	-0.49534	-0.707880352843869
37.3	-4.165	-1.6175	-0.155144808887451
27.805	2.13	0.2655	-1.05748598721634
33.741	-1.9733	-5.4226	-0.136393738335275
36.11	-7.4497	-1.499	-0.410072492017432
37.13	-3.482	-3.5833	-0.122773425538577
37.065	-7.2034	-1.1197	-0.0783639678767504
35.676	-1.5634	-5.343	0.40883567707707
25.634	-1.2253	0.94194	-0.126194512616001
36.345	-2.7504	-1.3676	-0.228811130528332
35.006	-5.2704	-0.66318	-0.807445358196512
21.515	-0.82075	1.3352	-0.721417993369124
36.934	-7.1197	-1.3898	-1.645
35.563	-2.7773	-0.24283	0.760908545973634
37.173	-2.6245	-3.9132	-0.260487194562484
36.387	-2.0945	-4.6511	0.474862888925876
35.784	-2.114	-0.96068	-1.645
37.664	-3.9756	-1.3644	-0.0282770386120114
33.453	-9.9212	-3.2833	0.573044688991827
28.418	-11.12	-3.9506	-0.88875572402152
35.617	-3.9137	0.42156	-0.486089265422322
35.863	-2.4069	-2.5622	-0.639120199845459
35.028	-7.1752	-0.66195	0.235383377375972
35.812	-5.4805	-0.52955	-1.56337995646788
35.948	-1.8128	-5.129	1.28985651061937
36.383	-2.5713	-5.1106	-0.323893151621349
37.161	-6.9458	-4.105	-0.143268519626863
33.48	-0.64767	-5.7709	0.195053741815733
36.767	-7.3284	-1.2693	-0.0838246319550243
34.688	-1.4445	-4.5017	0.348387591818706
35.727	-1.6297	-5.1851	-1.20171473871327
27.955	2.3396	-0.87238	-0.419758107225932
33.377	-10.479	-2.644	0.543458724585769
32.498	-1.6331	0.075498	-1.04561864871639
37.362	-2.3661	-4.0574	-0.156954995696367
37.957	-5.771	-1.0749	-1.23155982318231
36.775	-7.7189	-0.67347	-0.0427102482632987
37.412	-4.5111	-2.4789	-1.182849595593
36.828	-7.5118	-1.7764	0.84216383618029
34.807	-9.2413	-0.70097	-0.462461255263372
37.16	-6.5484	-1.2193	-0.52738685676866
36.12	-6.8519	-0.23334	0.370567988255951
38.418	-4.7373	-1.7362	-1.40957901387687
33.209	-1.3065	0.58739	-0.55620625031816
36.674	-2.2954	-4.338	0.0811881499338694
36.732	-2.5374	-4.5019	-1.645
37.642	-6.2693	-1.2363	1.03609719787117
34.288	-1.2429	-5.9811	-1.19430422817196
34.357	-6.5455	-4.6842	-0.587231736900353
33.459	-6.2113	-5.0877	-1.14483734594875
34.398	-1.8175	-6.1834	-0.87887248986835
28.402	1.6858	-0.84161	-1.0886522799097
36.054	-8.1439	-2.2738	1.10564109382531
36.711	-5.4696	-0.059321	-1.46097530898043
36.851	-6.8	-1.1773	-0.155676130260618
38.242	-5.918	-2.1091	1.2392256378738
37.137	-3.3898	-4.8805	-0.666484584987587
37.779	-6.3044	-1.8107	1.47267661123267
34.925	-1.4506	-5.7603	-0.385314580392075
36.307	-6.6518	-5.0565	-0.313144840413456
37.216	-7.7869	-1.3901	0.49687211260852
34.201	-6.8832	-5.1613	0.732660306981948
37.024	-5.0281	-5.0016	-0.744897338180855
31.076	-10.596	-3.1788	-0.59381585025083
37.732	-3.9914	-1.8724	-0.65451774843088
28.05	2.1178	-0.84351	-0.619637566561569
29.068	1.9082	-0.13313	-0.609535867289896
38.105	-6.1144	-1.8308	-1.08503296155442
31.208	-10.341	-3.9103	-1.1252422420617
37.164	-3.1932	-4.4762	1.20173284126196
35.947	-7.6318	-0.92707	-0.197554458392402
26.384	-11.718	-3.1602	1.17217163027814
17.539	-12.176	-3.6076	0.957991759852889
27.847	-1.0006	-6.7591	0.318265104423964
28.06	-11.31	-4.1272	0.0884903447614715
26.252	2.4373	0.2568	-0.759225031546253
36.415	-1.8489	-3.4901	0.666327512136968
36.414	-6.6305	-0.54073	-0.780363810221623
36.926	-6.1455	-1.226	-0.301772123055385
37.013	-1.3675	-2.5758	-0.317068627031553
31.516	-1.6663	-1.0651	-0.897593290534529
23.685	-0.6064	0.95115	-0.169597877145751
27.546	2.3168	-0.11179	-1.17503208961568
36.582	-3.2051	-5.0006	-0.401084018121108
37.103	-6.8195	-0.88503	-0.578114185761488
36.399	-7.0935	-1.8265	0.547983818837954
35.481	-2.2084	-0.77026	1.13953704510575
27.377	2.5778	-0.06166	0.0205578633388495
29.712	-0.9678	-6.7499	-0.601493758569582
37.899	-7.3266	-2.9614	1.645
36.681	-7.6883	-1.3233	0.555620478727367
36.539	-6.8839	-1.4043	-0.24902721787146
36.927	-2.4784	-4.6331	-0.587781429785679
37.289	-5.8562	-1.1742	-0.805443043774761
36.35	-1.06	-3.5694	0.790266230084192
36.839	-2.8458	-4.6107	0.369904580717362
34.409	-9.3628	-3.4874	1.645
21.749	-12.082	-3.1072	-0.434373967766594
36.479	-2.3034	-4.7111	-0.744132418591102
35.35	-9.2134	-2.9742	0.450331318673146
37.069	-7.3037	-1.1191	-0.163316307266778
37.293	-2.0806	-4.0461	0.663147834961964
37.112	-7.3561	-1.2594	1.52065197471984
35.298	-7.0473	-0.77197	-1.645
34.237	-8.2289	-3.8283	0.774972325752479
38.056	-5.1676	-2.5888	1.61502119940025
35.642	-2.2581	-5.5624	-0.72851535258397
37.132	-6.4566	-0.84542	1.03785785396126
33.381	-2.7503	-0.92077	-1.645
36.842	-7.1254	-1.1484	1.2976810699568
36.903	-6.0825	-1.1782	0.0201105731393235
36.19	-1.7172	-3.5639	0.378665289633036
34.92	-2.2908	-0.34357	-0.555192664800372
38.043	-4.5569	-3.3936	0.794957558754148
35.541	-0.99494	-3.919	-0.634653341924923
37.769	-5.0176	-1.871	-0.141097055519162
35.269	-8.6907	-0.96378	1.14832903872307
36.885	-8.2585	-1.4113	1.645
34.961	-9.0902	-2.5955	0.701550010462795
36.838	-3.1052	-0.58324	0.822788145238362
27.664	-10.9	-3.9195	0.55086631179081
23.422	-0.66444	0.89025	-0.742537329731772
29.878	1.9333	-3.6835	0.136665859280551
38.515	-5.1784	-2.2231	1.645
38.137	-5.8416	-1.5113	1.31603683430721
37.654	-2.3191	-2.4915	0.253884119604888
35.139	-7.3104	-0.6746	-1.012741435295
29.667	-0.36181	-6.2471	-1.20560430449663
34.572	-9.5317	-2.8881	-0.531214098265291
36.627	-2.2565	-4.6513	0.0255102175642371
38.041	-6.1191	-1.0396	-0.508776209341568
35.898	-7.0416	-0.93679	0.307041396834565
33.998	-7.9864	-0.16569	-0.429687022215663
35.179	-4.4275	-0.35156	0.019041276943772
35.475	-6.9959	-0.76676	-0.87043564743355
32.07	1.4293	-2.3833	-0.90962453123426
35.045	-8.4451	-3.0206	-0.856564062017444
36.626	-6.7312	-0.7282	1.645
28.783	-1.1034	-6.5278	0.30190307165606
35.933	-8.4365	-1.8553	0.258847771411876
32.506	-10.224	-2.3987	0.936688377602253
34.744	-7.6455	-4.2175	0.121952657492014
35.716	-8.4489	-2.1184	0.289761094769271
31.72	-0.96702	0.3544	-1.3500198815581
36.751	-6.7733	-0.83624	0.445846356991062
26.305	2.5123	-0.34699	-0.465302114572414
37.254	-3.0555	-4.385	0.71706695528828
34.17	-1.3725	0.13005	0.441160573452883
36.772	-2.0808	-3.8427	-0.0176718759404271
28.764	-0.51537	-6.6424	-0.0681494800180337
38.014	-5.9577	-1.8809	1.645
34.574	-3.6874	0.49795	-0.608948427664318
36.293	-1.505	-4.5643	1.41305497916709
36.234	-7.6629	-0.97961	-0.392143339071107
34.65	-7.5723	-2.293	-0.653607150489009
36.083	-8.5847	-3.8822	-0.904451945665158
27.103	-1.7895	0.51807	-0.665929302480173
36.16	-3.0067	-5.1595	-0.16199109039248
33.832	-9.4165	-3.2844	0.21571705082127
35.349	-1.7696	-4.8635	-0.511294936141105
37.166	-4.2299	-4.5378	-1.46971800370699
34.808	-9.1052	-3.57	1.645
35.873	-6.1718	0.076158	-0.951180695036804
35.622	-2.128	-5.639	1.645
37.437	-6.1818	-4.1612	0.633845588295972
36.152	-7.3342	-0.95071	0.640546799261311
35.261	-1.5128	-5.0484	-0.835427536700546
33.824	-9.9319	-3.7705	1.30782475233366
35.159	-5.0452	-1.1061	-0.727089406102033
30.039	-10.6	-3.9322	0.333459597033213
30.135	-9.1454	-4.2499	0.101118161953564
29.138	-11.188	-3.8476	-0.259805819496994
35.92	-6.9901	-0.49628	-0.0393571576137084
31.224	0.17342	-5.7504	-0.0299364182213854
35.622	-3.6657	-1.0615	-0.0540919492620257
37.487	-6.2291	-1.7669	-0.636817640410165
35.929	-8.1243	-1.4357	1.645
33.353	-0.15211	-5.6436	-1.03739855486256
34.134	-10.156	-2.7773	0.684053031354097
35.54	-1.4891	-4.931	-1.22547631797035
34.026	-9.7903	-3.2879	0.948453426990484
36.626	-5.7911	-1.2278	1.61911968660702
24.178	-11.704	-3.6301	-1.39143959194651
37.404	-5.4861	-1.3972	-0.0840659264589443
33.892	-0.68384	-5.8885	-0.883882393521908
24.368	3.7988	0.25655	-0.751703744525641
25.316	0.0397	0.96357	-0.253562894474943
36.37	-2.9592	-4.9675	-1.0193191465765
36.177	-2.5183	-1.6875	-0.960814902512692
34.494	-0.21675	-1.9609	-1.06438782440032
36.989	-2.1522	-4.4694	0.315988800057606
29.538	-10.738	-4.0519	-1.33825238356351
37.198	-6.5255	-1.0386	0.535890929403789
36.164	-7.808	-2.0116	-0.11374926274463
26.615	-11.683	-3.4185	0.887771637522217
35.959	-8.016	-1.3819	0.32359710331382
37.27	-6.2276	-1.1357	0.0162083561056684
36.454	-6.533	0.32032	-0.30530144380436
36.452	-2.8956	-0.53636	1.34926503877311
33.279	-10.124	-3.4263	0.425860256029375
26.736	2.6919	-0.6298	-0.288518457261414
37.768	-2.7583	-2.6984	-0.663114656431068
35.59	-2.7801	-5.4654	0.00575478019385591
37.579	-7.1001	-2.0947	0.446698110866691
36.093	-8.6628	-3.2445	-0.443131593890657
33.734	-9.5652	-3.4776	-1.27734352151514
38.216	-4.6273	-2.5373	0.2023326659456
27.089	-11.553	-3.8875	1.60738936315186
32.801	-10.494	-2.9191	1.645
38.241	-4.5629	-4.0563	-0.640008690983217
37.785	-3.759	-1.4766	-0.329940228609188
38.276	-5.2348	-2.0977	-0.108611918083151
37.742	-3.366	-3.0438	-0.13075854101373
27.815	-0.57083	-6.707	0.213966967337341
28.23	-0.50422	-6.5389	0.571413255104592
29.63	-0.92416	-6.7941	0.0659693006369727
33.189	-2.0783	0.76822	-1.03860017840665
34.078	-0.040589	-5.3448	1.02926779030482
36.923	-2.6406	-4.693	0.343511126417534
30.923	-10.273	-3.951	0.0383685758882297
33.454	-0.75361	-5.856	1.645
37.946	-3.4073	-2.4633	0.102817004493025
24.271	-12.112	-3.4109	-0.0727279434219337
36.432	-7.4201	-0.80639	0.692693828807154
35.365	-1.0409	-4.4356	1.54513519159215
36.627	-4.0545	-5.0559	0.277050255020806
36.92	-5.8143	-0.62305	-1.18594501919856
36.617	-3.1258	-4.9507	0.958832562889768
35.936	-1.5523	-5.1143	-1.38779265390957
22.13	-12.369	-2.9595	0.360555587293928
35.285	-7.5377	0.066807	-0.744853585117166
34.246	-1.9271	-6.1455	0.482495354218441
35.563	-0.78294	-4.4159	-1.17977869560791
37.246	-2.3567	-4.2847	-1.645
36.836	-2.003	-4.5542	-1.06747381839323
35.681	-7.0142	0.034118	1.645
28.476	2.3052	-0.21928	-0.609552780489197
36.702	-4.5632	-0.72328	-0.973646666266918
35.022	-2.2931	-0.30106	-0.402758666225012
36.997	-2.8596	-4.6194	1.645
31.828	1.1086	-2.2523	0.519333230778005
35.129	-7.3311	-0.43908	-0.570205565215781
35.687	-2.4359	-5.3201	1.645
26.988	-0.92323	0.91876	-0.521922050918268
31.846	-3.3065	-0.63738	-0.918106788354058
33.401	-1.0653	-5.7202	1.10458344054967
36.04	-6.7814	-0.20054	0.421666268308873
34.114	-0.95412	-5.5611	1.64431868495775
36.599	-6.6278	-0.62335	-1.04628194433315
37.135	-6.6056	-1.2216	0.0141808538234897
38.176	-5.8106	-2.8118	1.645
37.58	-4.0989	-3.3811	0.307576433430424
35.637	-6.7245	-0.37612	-0.737482245254226
35.282	-0.54191	-4.5888	-0.339313271806007
35.082	-1.3413	-5.5522	-1.30865837858634
35.866	-8.262	-4.0059	-0.941112245528101
37.104	-7.4099	-0.84084	1.19421708294416
35.513	-9.1151	-3.2543	1.645
36.187	-7.133	-0.64214	-0.402995941083711
35.107	-0.70271	-4.7009	-0.304244160790271
37.184	-1.7013	-2.732	-0.371534975046045
37.267	-6.9481	-1.9059	1.645
32.963	-0.82231	0.13576	-0.775224410819742
35.467	-1.2018	-5.1814	0.0560670425017637
19.144	-11.629	-3.5846	1.06141377378673
35.444	-3.6749	-0.45329	-0.832180164738596
33.256	-0.209	-5.6186	-0.229593999742192
38.277	-5.7043	-2.5148	-0.415476328891977
35.262	-6.5396	-0.11959	-1.46304098460718
36.147	-2.2079	-4.9607	1.60406028833259
25.063	2.6942	0.50611	-0.0248496438785321
35.954	-7.1833	-0.97152	0.978572043592283
31.359	1.133	-1.4757	-1.49608159016128
36.883	-3.2841	-4.7561	-0.0359813296246343
37.07	-3.5895	-4.5398	0.244802525066692
29.455	1.4441	-0.33154	-1.645
30.771	-10.607	-3.8479	-0.67633003456735
35.249	-6.5454	-5.549	-0.655732977025647
37.709	-3.0288	-3.4199	1.31099826251343
36.433	-4.7672	-1.4114	-0.52004407946536
27.534	-0.34665	-6.4868	0.143756380300951
36.086	-7.7136	-1.5338	0.0217640412573592
38.056	-6.0844	-2.1369	-0.351654396715479
34.733	-2.7372	-1.1845	-0.670663860019129
34.09	-1.9336	-5.9096	-1.02044811883297
30.214	-10.125	-4.3742	0.365334825817264
36.733	-2.908	-4.739	-0.92953295552048
32.649	-1.5728	0.16861	0.24388145635559
35.94	-8.616	-2.4003	-0.145492303484439
38.211	-6.7695	-2.7243	1.49065189977001
34.473	-6.0424	-5.0366	-0.277718209616559
36.627	-6.1571	-0.69163	-0.577759840959994
36.064	-7.1385	-1.2273	0.339612945192792
28.21	-11.078	-3.6007	-0.368207985351173
33.526	-9.8154	-3.646	1.2835456192623
37.809	-4.4404	-2.6843	-1.18738218530166
36.294	-2.8729	-4.9081	-0.0898850902331127
36.932	-2.2441	-4.676	-1.52186335095142
34.882	-7.8087	-4.7386	1.29843118794905
36.476	-7.382	-1.0621	0.965494782721476
37.275	-3.0113	-4.2995	-0.103033861515904
37.16	-7.4515	-1.5202	0.402498688963613
29.493	-2.0896	-0.37662	-0.77610530991721
36.008	-4.144	0.37998	-1.4921101186323
33.871	-0.68123	-5.6772	0.886279553543128
26.97	-0.27744	-6.7405	0.512406639903175
34.878	-7.421	-4.5206	0.436673334814118
36.796	-7.0838	-1.2456	-0.167587525470923
36.362	-7.0014	-1.1047	0.647836361064202
20.626	-11.99	-3.1838	-0.178666208457922
37.31	-7.5264	-2.6178	0.427863695292716
30.671	-0.85242	-6.8893	-0.324445542557863
16.859	-12.177	-3.2421	0.963231028019946
36.905	-4.2578	-0.4808	0.0105947723754029
35.511	-1.8353	-5.3157	-0.724940035587079
21.085	3.772	0.79139	-0.980970566464246
37.367	-3.737	-1.2535	-0.612169302843246
36.651	-7.5829	-1.2475	0.460391511732197
35.014	-8.2377	-0.58041	1.645
36.616	-6.8313	-0.47681	0.239031403972653
36.201	-2.0957	-4.461	-0.332820248009561
36.759	-7.1446	-0.57465	1.645
35.043	-1.2339	-5.4064	0.432209354343494
36.334	-6.388	-0.29077	0.485012704315737
35.239	-3.0074	-0.11223	-1.55494263427644
33.832	-8.7472	-3.3011	0.38603033328986
29.377	1.7668	-0.97623	-1.05802704625421
36.531	-6.2769	-0.45093	0.259717331605463
35.735	-6.5504	-5.0381	0.248591401626167
36.185	-8.2947	-3.287	-1.15786575135451
30.382	1.5907	-0.49021	-1.08190295894198
36.292	-7.3381	-2.103	-0.460393709828268
30.558	0.84485	-0.90212	-1.11266981404938
