30.252	-10.709	-4.2735	-0.308437665489432
37.784	-3.0457	-3.1938	1.645
35.233	-1.7225	-5.4094	1.645
36.304	-5.6636	-0.46282	-0.589797798810889
34.958	-1.4558	-5.6443	-0.554968636716807
35.711	-7.1492	-0.48083	1.58830623901728
35.577	-2.1617	-5.7207	-1.09054837676664
30.384	-1.1125	-6.3906	1.17408873079376
35.662	-6.8765	-0.14067	-0.649260425547425
37.208	-4.7836	-0.79393	-0.391707157742147
35.031	-0.73919	-5.3013	0.0117776154696633
30.639	-1.4277	-6.4224	1.64300547118075
30.396	1.5929	-2.7118	-0.826102754969613
37.36	-1.9229	-3.4248	-0.988584657145079
38.053	-4.9272	-3.8114	-0.225423988795718
25.215	3.2448	-0.1568	0.867024445110442
37.946	-3.3618	-3.7233	-1.39172685181826
36.345	-3.4584	-0.40195	0.430821457350842
29.468	1.8323	-1.3242	-0.883917651122631
35.221	-8.5458	-1.1697	-0.692281178513194
37.076	-4.767	-1.1442	-0.575912532039595
38.1	-6.0953	-1.2467	1.645
37.421	-4.2265	-4.3602	1.645
37.609	-6.1563	-1.2378	-0.119747700710951
29.628	1.4832	-0.091737	-1.04350896820593
30.886	-9.9839	-3.954	0.350951047372807
36.237	-7.9567	-0.56517	-0.421363560796743
38.043	-6.8756	-1.8666	0.209769434757699
37.508	-3.0489	-2.1855	-0.149988478347103
38.329	-4.7319	-3.6869	-0.825786720016192
34.7	-1.2137	-5.6412	-0.238748265196757
38.1	-3.8544	-2.0497	-1.36889216263014
35.969	-7.2747	-0.90899	0.820410879136204
27.088	0.10397	-6.6888	1.645
37.973	-4.0567	-3.8317	-0.280644750292781
27.649	-11.462	-3.5438	-0.671898361572174
35.681	-8.7417	-2.8366	0.273247134885188
27.506	2.6504	-0.70193	-1.11157347793143
29.352	-10.501	-3.6657	1.645
36.904	-6.9214	-1.6942	1.17552239531782
35.473	-9.362	-2.7353	1.03125987862639
36.27	-3.1772	-4.7845	-0.421878500842936
28.019	-0.25125	-6.6692	0.491050308222317
33.485	-9.167	-3.831	-0.90146614034097
34.236	-10.016	-2.8261	0.316326148080821
33.449	-0.6842	-5.706	-0.282099207105755
36.817	-3.992	-1.0023	0.24273328193467
36.439	-2.5243	-2.1194	-0.267951099217386
34.364	-0.084456	-4.3062	1.00623087030278
35.596	-0.68966	-4.4515	-0.766819010997884
36.24	-2.3286	-1.4169	-1.2723109937492
36.865	-7.6925	-1.6333	-0.0876387052651244
37.22	-6.5674	-1.1292	0.419760964281223
37.897	-4.8967	-1.5729	-0.132276543021158
35.228	-2.001	-3.9949	-0.488689572229339
33.384	-0.71081	-6.05	0.186855014732992
36.605	-7.0821	-2.621	-0.490831647358188
34.196	-9.5363	-3.2052	0.512753502066886
30.378	-9.9318	-4.0164	-0.831554670971387
35.451	-2.0421	-5.2604	-0.699925236664959
37.029	-6.5279	-1.0449	-0.524713503540676
36.22	-7.0306	-1.8249	-0.526641445968657
35.361	-7.6139	-0.68234	-0.395924952496828
37.68	-3.1829	-3.9933	0.534999113629061
34.157	-1.6204	0.0068926	-0.502038507888216
37.485	-7.2194	-1.5734	1.57706121479054
36.966	-5.8746	-2.2644	1.15849316373933
36.318	-6.8931	-3.2431	0.246018003249179
34.278	-8.7974	-3.7387	-0.794882106885232
31.307	-10.824	-3.7747	1.03118421979943
37.731	-4.9146	-1.0312	-0.20937848485879
23.754	-11.761	-3.3614	0.330192927960038
36.647	-7.5774	-0.80506	-0.464842154877973
37.798	-6.4612	-2.1662	-0.453013496134747
37.754	-3.583	-4.2792	1.645
35.975	-7.482	-0.79263	-0.289487796948914
37.505	-6.6685	-2.6847	1.11093458343814
35.53	-1.198	-4.9193	-1.18436184874518
37.23	-3.1353	-2.1204	-1.33848530387848
36.382	-2.1964	-0.9519	0.0121843332240502
24.761	3.1961	0.59405	-0.53305095322161
33.85	-8.5339	-4.1833	-0.506640516214963
31.588	-10.845	-3.7152	-0.654469851009415
34.348	-1.5875	-5.124	0.157397065695192
35.855	-8.5351	-4.1011	0.288284552317669
35.188	-7.5203	-0.50527	-0.918011611336133
29.408	-0.87213	-6.5897	-0.752886347504598
29.318	-10.906	-4.083	-0.854471287013335
36.734	-4.8522	-4.9762	1.26364386742931
36.425	-0.63911	-3.5397	0.0298657700589878
35.68	-4.0853	-5.459	-0.53845058772761
37.21	-7.0648	-0.9211	-0.438670249457328
35.97	-1.7404	-1.3486	1.645
36.73	-2.8421	-4.3338	-0.238197539151645
35.127	-8.9068	-3.2601	0.815696957721244
34.516	-1.442	0.39769	0.263486263811972
26.621	-0.41676	-6.7491	-0.661480234593775
33.447	-0.099584	0.24688	-0.74635573861944
35.417	-9.3933	-3.2228	1.645
37.061	-6.5184	-1.2337	-0.885018125821201
36.761	-4.0431	-2.5386	-1.06879587194573
36.51	-6.2637	-0.54518	1.645
36.466	-7.3544	-0.70317	-0.780915610727179
28.861	-2.2487	0.5869	-0.964293805141067
37.211	-6.4572	-0.88182	-1.12524948958352
37.444	-6.7964	-3.6172	-0.0964642873110695
36.601	-7.2495	-1.0362	-0.622507388545998
27.931	-0.28496	-6.5634	1.645
31.618	-10.13	-4.2517	-0.479689777271568
36.223	-7.4272	-1.0084	-0.315737747986531
29.629	-10.882	-3.5421	-0.579836114829293
29.947	-10.855	-3.69	0.962933569964633
37.298	-6.2867	-4.72	-0.62606657191339
38.155	-4.6891	-2.4946	1.43392682426876
29.457	-8.1844	-4.6495	-0.543294071932314
37.961	-6.4367	-2.1714	1.645
24.995	-12.011	-3.4335	-0.643475727687378
37.283	-5.6156	0.019012	-1.25934150075692
36.059	-5.4499	-1.2052	1.37790461253784
27.944	-0.12737	-6.92	-0.0712175460661268
33.895	-8.0079	0.42918	-0.492259209353212
34.547	-9.2514	-3.6529	-0.355473149532451
27.474	2.3031	-0.87242	-0.088046743049482
36.897	-3.6054	-4.7352	-0.981772380729091
34.858	-0.90232	-5.1763	0.555213464641385
27.282	1.8772	0.36123	0.13629453489087
26.937	-11.434	-4.0353	-1.43220587622599
34.051	-7.057	-4.9855	-0.596004699516747
36.385	-6.6891	-0.91737	0.689607128622833
36.707	-6.8401	-1.3848	1.61961632603393
36.43	-6.2279	-0.72841	0.422298100166424
37.485	-6.1472	-1.8209	0.663987886231063
37.336	-4.2892	-1.3951	-0.463837279332545
36.534	-2.8847	-3.859	-0.160853475820981
36.765	-2.6537	-0.90358	0.526681216808796
38.365	-5.7093	-3.163	-0.367567698027867
26.795	-1.38	0.76789	1.59494442898424
37.736	-7.0645	-2.0451	-0.899617505698123
27.947	-11.622	-3.3485	-0.518033260441807
29.441	-2.4441	0.42788	-0.231974912002292
34.545	-0.57259	-5.36	-0.979372602541715
37.192	-7.2199	-0.97104	0.118708606543116
35.643	-1.0173	-4.7475	-0.74464035802372
29.467	-10.775	-3.9691	0.555192962555537
36.573	-8.3132	-1.1099	-0.614249072612565
36.38	-6.6055	-0.06572	-0.9335861765465
36.872	-7.3054	-1.1125	0.623351595432405
31.012	0.82625	-1.0063	-0.247694196940011
33.073	-10.383	-3.0347	-0.530866246619078
33.721	-9.813	-3.1666	0.801823353454367
36.514	-2.8311	-4.6458	0.564616001998165
26.728	-2.4993	0.37058	0.313096040588734
35.137	-7.474	-0.47603	-1.09328448656387
33.092	-2.3509	-0.10809	0.976279683987354
30.162	1.0924	-0.59141	0.682283736794251
35.653	-8.8056	-2.0148	-0.627282521164261
37.55	-2.3992	-4.0514	-0.667281081693303
28.167	2.2203	-0.26485	0.639450611815531
37.262	-7.6743	-2.5575	-0.336057293420063
28.68	-0.5989	-6.5866	-1.01515038693321
36.82	-6.8749	-0.3813	-0.646806775883466
37.969	-4.1044	-3.9668	-0.810523651307171
27.04	-0.27364	-6.8262	1.645
35.876	-2.8084	-4.9303	-0.175329272740979
36.613	-7.1136	-0.79163	-0.744557565183319
29.461	-1.419	0.7187	-0.422912283248575
33.343	-10.105	-3.3928	-0.770734632863557
35.407	-6.9301	-1.0617	-0.89846016092195
36.67	-6.252	-0.26205	0.0280543511618916
36.115	-6.9508	-0.31193	-0.572707572132843
30.193	1.2549	-0.92182	-1.24274407724414
36.741	-6.2321	-0.25214	0.0071454644357576
35.394	-6.7244	-4.8998	-0.351558284365825
35.901	-7.5783	-1.5121	0.316018547070939
36.212	-2.8864	-4.4424	0.102569950238232
36.519	-6.8297	-1.8835	0.977740818465501
36.757	-4.3829	-1.9128	0.342393182344214
37.299	-4.6356	-4.2258	-0.47942104969889
36.961	-6.9266	-1.1732	-0.781430582009429
35.464	-9.2253	-3.2972	0.885184744295951
35.372	-7.55	0.094466	0.209007183532559
37.434	-3.8318	-1.858	0.74448165363076
37.432	-2.5769	-3.2596	-0.496743209160166
35.832	-1.7551	-5.3572	-0.466163906904955
34.841	-1.1825	-5.6789	-0.603455957354396
35.748	-1.2876	-4.9432	1.33914486535664
37.279	-7.3662	-1.4602	-1.39892300657461
33.607	-1.7542	0.66326	-0.53639094779692
36.366	-7.7739	-1.273	-0.713448215264779
29.524	1.8227	-0.21233	-0.436139925127129
24.281	-0.95431	1.6062	-0.843279992990153
37.71	-3.7762	-3.6003	-0.73834685762609
37.127	-6.706	-1.4274	1.645
37.568	-3.1113	-4.1591	-1.62667151278369
36.105	-7.3621	-0.27467	-0.731311596713608
36.68	-3.1089	-0.80076	-1.56722786957391
37.185	-5.435	-1.2468	-0.479758547243986
35.352	-7.529	-3.7597	0.297122958395436
37.144	-2.5994	-2.8073	-0.975526037591969
36.629	-7.321	-0.79914	1.645
29.709	-1.2098	-6.7267	-0.989188395079198
28.639	-1.7463	0.11451	-0.513007273257548
33.884	-9.4559	-2.2002	-0.821036288367718
29.769	-1.6298	0.65782	-0.145809123977576
37.081	-2.2684	-3.7777	-0.518289602011824
36.206	-7.2978	-1.6692	-0.807621453982357
25.402	-11.378	-4.1255	-0.492938634411168
37.885	-6.1483	-4.0581	0.793423966959536
31.038	-10.399	-3.8462	-0.14279671583477
36.67	-6.0862	-0.60603	0.320250343475281
34.412	-0.72442	-5.3799	-0.100445317559479
29.81	-10.35	-3.8864	-0.234160993313566
33.106	-8.9881	-4.6548	0.152792025995485
29.473	-0.48085	-6.5681	0.335364139605027
35.74	-1.5646	-5.2828	-0.0875998147464958
37.574	-2.8168	-1.8882	-0.0431945041702022
32.89	0.72047	-2.1587	0.739242195076911
36.778	-6.6332	-1.1096	-0.268026639849063
37.034	-3.681	-5.0419	-0.267220137915195
27.479	-1.1421	0.8687	-0.965228732056302
35.114	-8.5241	-4.0748	-0.462087735093495
35.997	-3.0534	-4.6892	-0.528314997667054
36.301	-1.469	-4.8456	-0.642074266285646
33.033	0.14127	-0.89016	-0.258886875614756
35.769	-1.0613	-4.7791	-0.793582566036335
24.668	-11.654	-3.2159	-0.494772116025245
28.566	2.1575	-0.46418	-0.77387948660994
18.476	-11.922	-3.6567	-0.812604060576429
31.902	-10.188	-3.1425	-0.266107222740589
35.592	-6.7005	-0.93449	-0.334694501003789
34.055	0.053927	-3.4849	-0.754391390002764
29.642	-1.2463	-6.7948	1.645
37.359	-2.1066	-3.8716	-1.645
28.656	-0.89458	-6.9293	-0.703823283475381
37.672	-6.7785	-0.78609	-0.451959561762899
35.668	-7.5501	-1.0858	0.0574179949058559
36.261	-6.8152	-1.5389	-0.201803255752429
36.834	-6.7319	-1.2722	-0.905018028025067
36.996	-7.5969	-1.0678	1.59894266866123
30.542	-6.0829	-5.3952	1.645
35.304	-0.72865	-1.7241	-0.432352028941132
32.167	-10.434	-3.3169	-0.519917307290008
37.241	-6.6798	-1.5083	0.799814194391953
37.692	-3.8642	-3.9815	-0.610545383020619
36.295	-7.3641	-1.1927	-0.725088190913812
36.177	-1.3727	-4.7834	-0.352855117445602
35.221	-1.4667	-5.6054	-0.0656712671200975
36.195	-3.0407	-2.149	-0.676794084140657
20.821	-12.156	-3.2601	-1.00996302930068
28.31	-11.059	-4.4058	0.207571585548106
37.112	-7.4161	-1.9881	-1.4937198922592
35.304	-6.792	-4.5462	1.35081820577514
31.554	1.5166	-0.70294	-1.645
35.332	-3.4379	0.25797	-0.296986246530309
33.492	-9.8817	-3.9009	0.322242630329049
37.411	-6.3305	-1.4893	1.645
35.78	-6.7263	-1.6317	0.0446008017584493
33.448	-0.77411	0.15523	1.07248650374801
35.375	-5.2242	-0.81239	-0.337958597267888
33.301	-0.8584	-6.2191	1.49979084080456
33.996	-0.50546	-3.2843	-0.625547833390276
36.135	-7.0239	-0.50614	-0.387495478180176
35.965	-2.0548	-5.2201	0.0208962657109157
36.394	-6.1789	-1.2919	-0.641708118265976
37.406	-4.8724	-2.8986	-0.121600799476762
36.04	-7.8278	-3.3901	1.48750841242836
36.003	-7.4847	-0.98669	-0.627793293607827
37.505	-3.3844	-3.665	-0.409269895222594
38.095	-4.4114	-3.0289	1.56075079339931
28.845	-0.3391	-6.3215	-0.0376265169240131
31.873	1.1603	-1.4668	-1.4590473534786
37.224	-5.958	-1.089	-0.320355325338536
37.745	-6.0125	-2.6235	-1.204713614766
32.761	-10.279	-3.5803	0.0953977420374197
35.146	-6.8688	-1.1453	0.150750173134146
22.237	-11.81	-3.5527	-0.328161918652325
36.309	-1.0166	-2.6914	-1.20761806199579
32.789	-9.4975	-3.0511	-0.922335459429642
38.051	-7.0224	-2.7249	-0.981514086460101
37.117	-7.0294	-1.3152	0.0530606279985209
29.757	-0.67542	-6.5392	-0.235714449960298
37.809	-6.3381	-1.42	0.900366687390797
37.268	-4.9914	-0.25184	-0.0864582627065913
37.709	-3.5095	-2.5169	-0.931765005536125
29.359	-1.6151	0.50232	0.73357075197304
35.72	-8.5251	-3.5035	-0.486038302273293
35.965	-1.3746	-5.0021	1.645
36.316	-4.3292	-0.2157	-1.20852405236898
32.677	-8.7274	-4.1685	-0.894514685239319
38.36	-5.3256	-2.9136	1.645
36.221	-7.3412	-4.4751	0.14041952007435
34.415	-6.8325	0.075148	-0.393951119504279
28.368	-0.59665	-6.7559	-0.432865386135847
36.759	-3.5836	-0.81804	-1.04816984923755
34.095	-9.7839	-3.228	-0.83367610521636
37.368	-6.4768	-2.9922	-0.578117752028712
37.332	-7.2515	-3.8961	-0.337501421679013
35.258	-5.3219	-5.4431	0.911742528202014
36.321	-3.9637	-0.27042	0.313363647636838
36.03	-6.7396	-2.2656	-0.691766988232019
36.297	-6.6218	-1.3064	1.51162191179434
36.623	-2.2417	-4.4946	0.241698884935526
30.035	-10.734	-3.8263	-0.840902190829291
36.66	-6.6386	-0.37036	0.0608366161605805
21.515	-0.27706	1.74	-0.394731520695163
33.103	-10.306	-3.7632	1.645
36.952	-8.0395	-3.7747	-0.306524965910619
22.571	-0.57713	1.5151	-0.00594266217172564
37.393	-3.4946	-4.3244	0.426019450718599
29.076	-11.036	-4.0158	-1.374878072385
27.77	-11.555	-3.6482	-0.776307303144051
37.578	-3.8494	-4.4812	1.49658247367079
37.42	-3.8425	-1.2864	-0.490654834014138
26.936	-1.6129	1.3973	-0.295335186907806
36.112	-7.3194	-0.71772	0.175093900008838
35.791	-7.0583	-0.31701	0.60591950441972
30.4	-10.876	-4.4696	-0.81689013177213
35.159	-1.6508	-5.7185	0.964912146233721
36.861	-1.5517	-4.234	-1.14683398764591
26.877	2.3493	0.26303	-0.64141495872201
20.474	-12.495	-3.206	-0.655215500104177
27.177	-2.3797	0.14023	0.66741648920065
37.496	-2.3662	-2.2257	0.667709562122231
34.893	-8.2576	-0.2879	-0.48580349227513
26.716	-11.636	-3.9302	1.30662023658629
34.889	-7.5416	-4.5362	-0.228991584101467
36.442	-8.308	-1.1302	-0.780438542534745
35.773	-7.8802	-0.81617	-0.517787355440043
37.317	-6.8573	-3.3818	0.171074347545228
36.102	-3.0749	-5.1304	-0.510695636417396
37.105	-2.5589	-3.5756	-0.59977944674567
25.809	-11.625	-3.7767	0.39931745063648
31.857	1.6245	-3.1076	0.414542513676995
26.788	-1.3344	0.7076	0.338436778387575
37.049	-6.6954	-1.5441	-0.954031334243041
30.72	1.4517	-0.34053	-0.290885649839582
27.045	2.3681	0.63953	-0.503823415878028
20.617	-0.3175	1.6639	-0.391156428077471
37.887	-5.396	-1.5637	-0.215121911502235
37.858	-5.3791	-3.9756	1.04160862904969
37.652	-4.4151	-4.0434	0.601528950959688
29.685	-10.994	-2.7076	0.514641729308301
33.751	-10.254	-2.9882	-0.29454287475283
33.908	-0.57427	-1.1263	1.645
36.426	-7.9875	-4.213	-1.26367465098737
33.919	-7.0507	-5.0645	-0.59439865748795
37.54	-3.8517	-4.3804	1.06711453354442
35.577	-1.6453	-5.4049	1.645
38.032	-3.8433	-2.5224	-0.924805999282614
26.259	-0.18253	-7.0548	-0.485370343607012
35.993	-7.0808	-1.3785	1.20214834328421
34.187	-1.4715	-5.6999	0.87608474534516
38.371	-4.863	-2.051	1.04754358604474
36.918	-7.5758	-1.5006	-0.40243543744849
36.473	-1.6404	-4.767	0.373428671177606
28.657	-0.49517	-6.6234	-0.0888065832439872
36.394	-7.593	-0.62675	-0.954763715641778
36.478	-7.1979	-2.0881	-0.571353732043719
35.184	-9.2901	-3.1965	0.443187829742273
33.753	-9.4761	-3.5559	0.313582296497746
38.074	-4.3028	-2.4632	0.0730311137644577
36.292	-2.6554	-4.4174	-0.457606634066377
37.272	-6.8375	-1.1314	-0.596315123646268
33.715	-9.6432	-2.123	-0.551700359180179
35.237	-0.69076	-4.8874	0.639746406129233
24.414	-12.142	-3.2013	-0.0276189036464632
37.569	-6.5148	-1.4642	1.15733894385185
36.96	-6.9343	-1.0159	-1.0494794357849
37.294	-1.9809	-3.4145	1.18185101229967
37.737	-6.611	-1.2513	0.463396012914577
37.08	-2.6979	-1.4846	-0.474913123221813
37.508	-7.0244	-1.8393	0.173649160977483
37.038	-4.3294	-1.0892	1.645
34.492	-7.3364	0.24994	-0.14572467263221
27.619	-11.723	-3.0238	0.0335382277048364
37.109	-7.0105	-0.90472	0.622879755629747
33.954	-0.85081	-5.874	-0.83979840093098
25.499	-1.9116	0.89186	0.10374767118229
33.203	-10.02	-3.7952	-0.0869417200389514
36.949	-4.5689	-2.2549	-0.180759372789648
38.43	-6.1105	-2.4777	-1.05848551093787
36.281	-7.2612	-1.4428	-0.652679812189062
36.205	-2.6511	-0.80731	1.26156377241521
31.294	-7.8077	-4.7166	-0.575138289166356
28.036	-0.32208	-6.6729	1.29181773875999
37.033	-2.5461	-1.0928	-0.315421521339797
33.627	-10.262	-3.7998	-0.627285836916658
28.89	2.0927	-0.92713	0.406483701465786
36.811	-6.4165	0.35144	0.217697121206439
37.011	-5.9559	-0.4383	-1.38395321781743
38.201	-3.9247	-2.182	-0.690156548120878
36.854	-3.5895	-4.6313	0.407518808702289
37.373	-6.9962	-0.69014	-0.221412101173541
38.149	-5.5533	-1.2842	0.125048606869811
36.144	-2.2189	-1.1147	-0.696249617417033
35.14	-0.37334	-2.7565	1.1176883447345
36.902	-7.0363	-0.65284	-0.53699469802193
36.446	-6.3734	-4.8093	0.86475922333232
36.044	-8.7182	-2.4083	0.159976352144868
34.719	-9.8405	-3.3063	1.36801581258576
36.437	-3.6993	-4.3082	1.36411012685688
34.532	-1.6199	-5.9276	-0.0847889605327558
24.371	-1.4143	1.2245	0.302274196253914
27.162	-11.286	-4.1317	-0.74100032938398
35.233	-8.8871	-3.1131	0.957311912269188
34.886	-6.2481	-5.5571	-0.637891838515362
34.45	-9.2067	-3.1109	0.838715107892309
35.822	-6.391	-2.1782	-1.15799175842052
35.733	-1.9219	-0.14499	-0.93892766072382
35.874	-8.6177	-1.8043	0.643174523839668
34.192	-8.3314	-3.5638	-0.624569060559607
37.948	-6.3604	-1.6608	-0.0327432904188266
35.228	-8.4952	-3.2171	0.269910721399977
34.806	-6.9562	-0.62806	-0.203619502604585
26.345	-1.1055	0.5634	-0.774378121398282
25.296	-0.72466	1.6146	-0.622646388400622
37.422	-3.4628	-2.3274	-0.267167644855597
28.048	-11.488	-4.1721	-0.109566962184473
37.105	-3.6061	-4.5524	-0.576354247504176
36.419	-6.6899	-0.5559	-0.747112309337987
35.34	-2.5809	-4.242	0.420365819014199
33.407	-9.7397	-3.9947	0.684993657034376
32.896	-9.6574	-3.1526	0.311942967421546
36.359	-7.4549	-1.0004	-0.602478875022134
35.12	-1.2742	-2.8903	0.602515039505571
37.498	-3.5547	-4.4466	0.464285876942364
36.054	-7.6498	-0.76852	-0.00933536323038243
37.167	-6.6659	-1.13	-0.162378505708107
37.129	-4.2692	-2.0975	0.951949964884339
36.978	-1.6567	-1.9199	-0.50327756288465
29.606	1.5715	-0.54431	0.099236296102365
33.643	-1.3637	-2.5897	-0.833807944278667
34.789	-7.3388	-0.54573	-0.1775743223487
28.725	1.7036	-0.72164	-0.429891285411262
24.712	2.8802	0.58317	-0.453600406671422
36.593	-5.8661	-0.6886	-0.573695584820698
36.284	-1.8405	-5.0251	-0.301141452461471
29.893	-1.3723	-6.5831	0.726545018974081
36.546	-7.4554	-1.1895	1.29411867433613
35.946	-6.5489	-1.2203	-1.00999641126615
36.537	-6.8783	-1.0337	-0.797592084882353
20.317	-12.541	-3.2969	-0.161249724941885
34.361	-1.276	-5.9627	0.181173310319575
37.923	-3.705	-3.5402	-0.348595754665179
37.259	-3.0075	-4.4835	-0.295154249588146
37.096	-3.0514	-4.6541	-0.458000658263707
34.849	-9.695	-3.414	1.645
38.398	-5.8134	-1.1318	-0.604043395686804
24.003	0.13853	1.4663	-0.477625496182173
37.122	-3.4666	-4.8168	1.6118874051405
36.732	-7.2218	-0.73825	-0.515632642711721
33.778	-8.1256	-0.58235	0.521871091320189
31.849	-10.422	-3.1593	0.0350107637351388
37.14	-3.9296	-2.3872	1.2213578273985
36.72	-6.1892	-0.64828	-0.083266330365855
36.229	-7.0194	-0.57746	-0.783729590134147
31.782	-10.612	-2.5976	1.34241640937368
33.339	-3.0923	-1.8954	-0.520129129410744
31.845	1.0033	-1.1008	-0.636875280693265
34.623	-7.9058	-0.21977	-0.97300346879723
36.82	-6.9642	-1.231	-0.0799819236067156
38.141	-4.2786	-2.7783	-0.180648370984189
36.231	-6.2373	-5.1256	0.328331711575783
36.289	-2.5821	-5.4333	1.18236899346029
37.38	-3.0814	-1.6637	-0.791276666903065
35.425	-1.3523	-5.359	1.13309891741117
35.754	-8.7903	-3.0805	-1.19226193240693
36.588	-2.8971	-0.65573	1.27741672891882
28.461	0.98628	0.17033	-0.85242615911006
36.185	-1.9151	-5.1717	-0.0485591913397806
36.577	-3.213	-5.146	1.645
36.786	-8.3038	-2.0017	-0.237048292201379
37.997	-4.8692	-1.9471	-0.74147767662042
37.103	-6.7509	-1.4273	-0.87793277060999
38.09	-4.6696	-3.7878	-0.575327198914395
25.277	-1.3055	1.488	-0.412064585219147
36.099	-2.2894	-4.5739	-0.103195390823286
31.698	-1.481	-6.3148	-0.344296157592093
37.265	-6.8089	-1.3866	-0.752419137529105
32.951	-2.1329	0.73755	0.41326212933797
35.127	-9.5065	-3.6642	1.04187262482937
36.16	-6.4134	-0.87063	0.407602077456932
37.729	-4.9993	-4.3855	-1.58077495559336
32.13	-10.432	-3.3767	0.0081849307948311
37.573	-3.3045	-2.1576	-1.1596737675406
37.755	-3.5724	-3.9847	1.645
37.348	-6.6439	-1.5268	0.422127553136195
37.925	-7.2268	-2.1791	0.0430554863547967
36.177	-1.8567	-5.0243	-0.369129986576182
37.795	-6.7263	-1.3088	0.0118940098728861
31.65	0.84958	-1.5053	-0.419227441303556
36.07	-7.6448	-1.1824	1.645
22.184	-12.39	-2.6067	0.211060007416718
30.247	-10.532	-3.9948	1.25212508926388
37.393	-6.592	-1.4972	-0.734413885271697
37.554	-2.4907	-3.7862	0.0460594282521798
37.201	-7.6178	-1.6684	-0.426293708399933
30.283	-1.7556	-6.5862	0.138391358223305
25.356	-12.145	-2.9767	-0.287166644175759
35.172	-5.0249	-0.59907	-0.792035417345866
37.305	-7.1596	-1.4898	1.26215853728766
35.947	-3.498	-4.6138	-0.598231969148211
33.207	-10.28	-2.8261	1.58791719329316
28.016	2.2856	-0.45016	-0.447661721908916
22.195	-0.52443	1.9394	-0.537135969599091
35.802	-9.2502	-3.1529	1.645
36.956	-7.4289	-1.0991	-1.00645383365471
38.171	-4.4907	-2.327	-0.0990139135614981
36.092	-7.0394	-3.7643	-0.439319294563247
26.98	-11.301	-3.1408	-1.00028968174624
35.669	-5.378	-5.4118	0.24890271525234
34.864	-0.4048	-2.0771	-0.597922401414325
36.613	-7.0288	-0.34779	0.173748750345643
31.329	-9.8618	-4.0712	-0.463629691302567
36.769	-3.844	-5.1959	-0.454956634115487
30.827	-10.451	-4.0079	1.645
37.061	-7.7577	-3.156	-0.929377468732409
34.483	-1.1037	-5.7561	-0.0767589735303469
35.73	-7.9709	-0.66978	-0.186794266441699
26.612	-11.577	-3.6266	-0.343753043158401
36.745	-7.1831	-2.3689	0.353013311231628
31.359	1.2267	-0.79001	0.0464216372029204
34.084	-5.1555	-0.37926	-0.599902793642078
38.29	-5.6387	-2.4153	1.645
22.106	0.18732	1.8667	-0.604066095795016
35.735	-6.692	-0.29731	-0.705988084869121
17.095	-12.321	-2.8753	1.645
36.501	-6.4825	-0.69156	-1.42976226057925
26.577	2.4753	-0.54886	-0.485070675716997
37.219	-2.0424	-2.5208	-0.630045971315491
36.172	-0.92643	-4.2247	-0.817193303656183
37.095	-4.2397	-4.9509	-0.667839908069685
33.674	-1.1195	0.1615	-0.3883679567975
36.517	-7.0275	-0.29672	0.39982521908748
31.972	-10.291	-4.3015	-1.28637906916545
37.138	-4.5323	-4.5154	1.645
32.883	-8.6579	-4.8132	0.428376069799301
33.946	0.48495	-2.0193	-0.641955030655622
33.226	-8.1007	-3.0252	0.252705725842833
36.037	-8.4397	-2.6454	0.0142999608965255
32.196	-1.6907	0.61627	-0.721077245262187
27.763	-0.19828	-6.7383	0.272863629110548
36.339	-6.8364	-0.98471	-0.143955212285483
32.65	-0.74971	-6.2361	-0.131253219262231
36.261	-2.6379	-4.6789	0.396441142833613
35.636	-9.2272	-3.3149	0.271738020149825
37.07	-2.1273	-3.4271	1.38217350382495
36.04	-8.1498	-3.5092	-0.784263133170489
37.255	-6.7602	-0.97143	1.645
33.652	-9.6058	-2.9365	1.00088292443629
35.983	-8.1255	-2.4158	0.341022026095856
34.944	-8.9841	-4.1297	0.00600745204754476
33.04	0.80558	-4.2231	0.429438677153168
37.059	-7.1464	-0.47755	-0.96239011660337
35.629	-9.285	-3.1762	-0.413497518365053
37.101	-2.5892	-4.5559	1.645
33.365	0.518	-1.5642	0.945666543547665
37.799	-3.4383	-3.9197	1.00573080305791
37.502	-6.2755	-1.1577	1.03982575006078
37.352	-7.3788	-1.6396	0.111585613928475
34.537	-0.89781	-0.21511	0.628122744683174
34.933	-9.2861	-1.8374	-0.586318833072088
34.882	-6.9392	-0.59267	-0.702308177950091
28.051	-11.463	-3.9954	0.849921223948336
38.583	-5.346	-2.3082	0.444494049026328
35.765	-2.3939	-5.2168	-0.339434482384266
35.587	-2.51	-0.4416	-0.976555619426565
37.18	-7.2877	-2.0295	-1.17176697323973
36.955	-6.6936	-0.62468	0.28094463083556
33.145	0.72644	-3.0346	-0.765909808751775
36.358	-1.9963	-3.3979	1.645
35.264	-7.1588	-0.50919	-0.848347076027858
34.658	-0.62976	-5.3143	-0.548150818590133
36.36	-2.2355	-0.98092	0.100841972917275
36.834	-7.6649	-2.6837	-0.0501117528968926
21.132	-1.0722	1.3773	1.645
13.152	-11.939	-3.2046	-0.846410077136926
36.426	-6.7145	-0.56541	-1.19179566399913
36.807	-6.8513	-1.4331	0.569744913632245
36.444	-7.3508	-0.80357	-0.913486804267678
35.638	-1.1759	-3.9446	-0.268489488064661
27.737	-11.284	-3.2202	-0.995247672589868
36.113	-7.5229	-1.1566	0.734577182781085
34.689	-0.28268	-3.6521	-0.921342900403909
37.379	-3.6702	-0.92475	-0.0718838422928139
38.099	-4.1749	-2.0066	0.0477387118281482
38.276	-3.9029	-2.2387	-0.0898973738045125
35.502	-5.9782	-1.6541	-0.116643796285901
36.584	-6.9242	-0.77023	0.80546517748229
35.672	-1.7917	-5.3377	0.101139945016658
36.752	-3.5477	-2.6273	-0.207937676898599
34.205	-9.6351	-2.6179	1.13787704213315
36.673	-7.7313	-1.7312	-0.717276514329971
34.93	-7.4385	0.28604	-0.910111222139418
36.492	-7.1408	-1.0361	0.990981553209338
37.788	-4.174	-1.7582	0.363092281617209
36.965	-3.0487	-1.9398	-0.668211260291773
38.23	-4.9132	-3.4835	-0.322337552941515
36.663	-3.1631	-0.3802	-0.160763600587249
33.099	0.055081	-5.2592	0.920392480033835
31.239	-10.563	-3.4322	0.661304026726628
35.881	-1.4853	-5.1216	-0.299631603130551
33.57	-8.7984	-2.8098	-0.36164243748442
37.128	-7.3755	-1.516	-0.928942011594282
33.552	-9.7298	-1.7604	-0.757977427124282
35.169	-9.4052	-2.0994	-0.469509042599025
33.728	-7.5046	-4.2941	-0.928036837446851
31.148	1.1191	-1.7657	-0.781143095417752
36.1	-5.7452	-0.9397	-0.597411662862191
14.2	-12.25	-2.7913	-0.169985891851967
33.449	-0.70302	-0.86649	-0.545381569610622
36.735	-2.0513	-4.5974	-0.0370350789682872
37.97	-6.9158	-1.8538	0.690627689801691
37.271	-6.6982	-1.6293	0.148592479448038
36.379	-3.7123	-1.4074	0.0733792288135627
24.282	-11.844	-3.4144	-0.178236000807951
36.613	-3.0796	-0.94265	0.448135819058389
35.771	-6.6465	-1.0204	0.13840769593801
29.6	1.593	-1.8446	-1.00716006815421
37.883	-2.6633	-2.9858	-0.10547319765212
31.258	-10.897	-3.3516	-0.21833755363508
28.835	-0.9672	-6.622	-1.18506246252401
26.632	-11.363	-3.9523	0.0335574587436338
34.045	-9.3825	-2.7884	-0.813352927387494
36.668	-5.7643	-0.36006	1.1077700042115
33.156	0.051677	-0.95287	-0.122466756287263
33.764	-0.71277	-5.7633	-0.281982841684809
35.295	-7.3557	-2.6164	1.43562102365127
34.803	-7.3818	-0.18694	-0.174851054437818
34.462	-9.6263	-2.7398	1.28636415593483
35.186	-7.3743	-0.73991	-0.875969927520659
36.568	-6.7341	-0.43936	-0.0699965836813079
37.311	-7.1319	-2.484	0.0969054658049079
24.603	3.0977	0.72789	0.138578610195043
30.903	0.73487	-0.78254	-0.896604859503132
36.998	-6.8792	-0.55387	-0.213134816293474
33.493	-0.10664	-5.5756	-0.928276472631274
38.411	-5.9434	-2.5654	0.620610124831727
23.875	-11.581	-3.7265	-0.579062148810774
31.882	0.099737	0.85538	-0.828863395870849
31.935	-9.6442	-3.1092	1.22648022548281
26.959	-11.641	-3.4896	-0.0517358360323622
27.536	2.4938	-0.31686	0.996721305674293
37.244	-6.5933	-1.2809	-1.45467372273869
29.127	1.8274	-0.60295	0.243848838966127
37.126	-1.7498	-4.0023	-0.638571792523724
37.964	-6.7002	-1.5893	-0.535236023582335
29.648	-0.84476	0.71673	-0.329738539434805
37.316	-6.1483	-0.43037	-0.785317675555624
37.077	-7.9142	-1.4075	-0.669317886773008
33.288	-0.28058	-5.9272	-0.63640811845814
35.647	-8.0758	-4.3618	-0.376511504333915
36.307	-7.1819	-0.72469	-0.742617541457925
37.012	-7.3768	-2.6185	-0.729962463319741
29.6	-10.915	-3.8914	1.645
37.241	-3.7254	-1.2785	-0.403312035444722
36.381	-6.3235	-0.97449	-0.349656789504948
38.228	-5.9979	-2.4075	-0.969958185277072
29.683	2.3099	-1.5653	-0.676058863061778
36.092	-3.3609	-0.37577	1.01471371596965
36.459	-2.2777	-4.9212	-1.03715652651795
26.628	-11.465	-3.5706	0.290026644214216
37.597	-4.7139	-4.268	1.18801386374167
37.638	-2.9456	-1.7393	1.34329409861128
36.825	-5.2081	-2.5948	-0.722896395246878
37.001	-3.1956	-1.9825	-0.764136629853511
35.376	-7.6203	-0.86273	0.195172997467501
29.737	-10.997	-3.7093	-0.454990855004277
36.646	-6.9621	-4.4572	-0.686063964650962
35.599	-6.7579	-0.15719	-1.46992260540782
31.82	-1.1205	-6.6025	-0.430383387389168
36.406	-3.0178	-1.5552	-0.623627483333714
33.897	-9.3231	-3.4479	1.645
32.105	-1.7627	-0.10838	-0.600421210901023
36.277	-7.249	-0.71106	1.23636019352307
36.737	-5.862	-0.77037	-0.97236381025741
36.388	-6.8777	-0.40505	0.784587440319152
37.261	-2.7718	-4.19	-0.584807169879411
31.621	1.471	-2.1952	-1.21840825589171
37.684	-3.9188	-3.9944	-0.857470349990863
24.924	3.2424	0.63254	-0.715347860927662
35.866	-3.3966	-1.9231	0.462406609521636
27.767	2.2237	-0.43318	-0.291236335409649
35.011	-9.3326	-3.6961	-0.692852103432452
36.754	-3.0007	-4.6999	1.645
28.246	-11.364	-3.9274	-0.572355189129389
28.058	-0.40419	-6.5521	-0.065039591558255
36.427	-6.7942	-0.72939	-0.812634590556739
38.176	-3.9397	-2.3623	-0.890321056060164
31.848	-10.514	-3.7276	1.645
32.421	-9.9028	-3.8736	-0.582891600795234
37.445	-4.4388	-3.7318	-0.663649137188227
35.951	-1.7764	-5.2628	-1.00810710193596
35.052	-2.3438	-0.25459	0.281912052184242
37.046	-6.6266	-1.4054	-0.88481374613481
35.805	-0.27107	-3.7675	0.776087311938447
37.018	-2.1404	-3.4635	-0.454974875001013
29.485	-11.04	-4.0291	-0.52926908083788
34.963	-0.91573	-4.2992	-0.975618697132188
35	-8.9277	-3.0689	-0.664169440015823
37.03	-6.9054	-0.89318	-0.768013989828138
36.998	-6.6701	-0.68066	-0.486436064907841
28.959	-10.732	-3.9835	1.40186731125569
28.796	2.6423	-1.0447	-0.513083045479902
35.607	-1.8209	-5.5017	1.645
29.049	2.1374	-1.2587	-0.913770286114428
36.564	-7.3469	-0.8169	-0.668710469803539
37.58	-5.6603	-2.0723	-0.117684867126827
31.865	0.77388	-1.3397	-0.865736768717928
29.143	-1.0016	-6.5471	0.332950576144328
27.258	0.22043	-6.3336	-0.369246813353858
35.159	-8.7272	-4.1003	-0.997607480667478
35.815	-7.8946	-0.37288	-0.205840448235259
37.493	-3.1652	-4.0554	-0.652664434997236
36.963	-3.5361	-2.5995	1.645
37.393	-5.8686	-0.98026	1.30816579670256
37.813	-3.2192	-2.0258	-0.373403150556351
37.005	-7.4155	-1.2923	-0.328710438978904
36.678	-7.6703	-1.4146	-0.48783269380118
36.409	-6.576	-1.957	-0.791562148656621
36.077	-2.6253	-4.9514	0.298759702703099
36.243	-3.5794	-0.21717	0.062354491295161
36.026	-6.626	-0.1023	0.634370080087809
36.241	-3.1487	-1.2023	-0.500628976480258
26.151	2.5267	-0.32816	-0.531960499799112
37.961	-4.5137	-3.6152	0.352062023873053
34.751	-2.076	-4.7894	-0.390318985786876
35.408	-1.3801	-5.2085	-0.430628278931357
31.983	-8.192	0.43924	-0.783038060134621
37.348	-4.3808	-3.4643	-0.0802395088878567
25.224	-11.867	-3.7074	-0.100328363663436
29.185	-1.0694	-6.7569	-0.658635311125536
34.119	-1.5572	-3.3554	-0.744892632706143
35.665	-1.1446	-3.4708	-0.691402759626354
37.853	-6.0901	-2.2477	0.385997094258832
36.103	-2.9022	-4.7952	1.29427669222653
36.835	-3.5596	-0.94827	-0.810706430110679
36.17	-7.445	-0.85062	-0.946716404621742
26.906	2.3831	-0.26394	-1.3281586934795
36.06	-7.5642	-0.4854	-1.19273954515118
37.14	-4.964	-4.1295	0.434998668904188
36.254	-2.536	-4.605	1.645
37.401	-2.788	-4.0256	0.68164644504589
36.424	-7.281	-0.91605	-0.996281262879177
35.811	-7.1054	-0.26252	0.069015395001337
35.131	-7.9391	-1.5386	0.598558343431267
36.196	-2.2167	-5.2777	-0.0995248552531144
35.143	-3.4181	-0.3143	-0.573974112225951
35.111	-2.7285	-5.6907	0.884172453014448
38.008	-3.2008	-3.5752	-0.366867390644723
35.136	-0.6424	-1.0237	-1.13633160269163
35.689	-6.7757	-2.8578	0.830766089408261
29.713	-1.3836	0.57155	-0.415356030120665
30.906	-10.083	-3.4443	0.43154332011725
34.883	-4.4287	-1.5223	1.08374068849919
38.086	-4.8205	-3.8928	-0.136352323145625
37.501	-3.63	-3.2459	-0.405901080515387
35.843	-6.6108	-1.5401	-1.03889747856076
31.505	-10.677	-3.5357	0.304897656622898
37.16	-6.6232	-0.7396	-0.516641118226676
36.42	-7.2465	-0.79641	0.0139602228174418
31.917	-9.7447	-4.6294	-0.498473353598738
37.031	-6.9763	-1.0374	-1.27111791372634
38.265	-5.2641	-1.6418	1.645
37.023	-7.7618	-3.0738	0.284275403816299
35.848	-8.0086	-0.74692	-0.897363293257044
37.359	-3.4721	-4.3656	-0.703858839534287
37.919	-4.1884	-3.3612	1.645
31.151	-10.386	-3.707	-1.00642576252751
37.056	-2.086	-4.1943	0.922857762135586
38.006	-4.5622	-1.6132	0.687929962042214
36.625	-3.1859	-5.035	0.958529107723222
22.994	0.17768	1.5887	-0.110600555958505
37.974	-3.5713	-2.2629	-0.3652123422734
35.991	-7.1105	-0.27884	0.546143133533346
34.046	-7.7115	-0.99998	0.368669089072958
28.049	-10.987	-4.007	-0.515148090856963
24.626	2.8702	0.65734	-0.82793876795367
35.883	-6.8386	-4.8344	-0.212250324735321
36.537	-6.301	-1.1695	1.645
36.684	-6.916	-0.54257	1.25814477298486
36.131	-6.7703	-0.6249	0.347059192123388
36.721	-7.1728	-1.6014	-0.90728235271471
36.291	-3.2826	-5.4975	-0.951954071243643
37.998	-6.5588	-1.1578	-1.4275323450741
37.407	-3.279	-1.2402	-1.00977308486889
34.719	-0.76652	-0.38087	-1.645
24.667	-11.97	-3.4268	-0.078949562880551
36.562	-7.8558	-2.4601	0.772806294092914
34.523	-6.4037	-5.2684	0.23941273671363
36.344	-2.7243	-5.0541	-0.400175287285518
28.704	-1.2358	0.73461	0.0926350131113172
35.112	-8.381	-1.5627	-0.591014173213583
36.561	-8.08	-2.507	-1.02341617737795
29.101	1.8205	-1.2912	-1.03163516641714
35.878	-8.1252	-1.6888	-0.63630198756849
33.057	0.84632	-2.7147	-0.0909533807262388
33.546	-0.34527	-5.445	-0.795500331948906
31.882	-0.57295	-5.8092	0.417833724098314
24.91	-11.954	-3.5912	-0.201750035887881
38.382	-5.4187	-2.2298	0.343024942677685
35.342	-0.84757	-4.9727	-0.0630801774361942
34.619	-5.6944	-5.4814	-0.831482332892337
36.436	-7.5013	-0.96146	-0.789188112792387
37.02	-3.3083	-1.0167	1.645
34.806	-8.8901	-2.973	-0.482110888512479
34.347	-0.98887	-5.2431	-0.422624617282955
32.922	-10.36	-3.0592	-0.300292218265352
37.436	-2.0099	-3.387	-0.861742852215988
27.802	-0.52154	-6.6001	1.645
36.324	-7.7981	-3.4379	1.645
33.436	-1.2899	-6.2745	-0.253300577747737
33.177	-9.7487	-2.9992	1.34532787326878
27.274	2.4161	-0.10539	-0.633839859279486
25.93	-1.2025	0.87789	1.09259177103646
36.272	-2.8487	-4.1937	0.309442667752406
37.157	-2.2965	-4.1908	-0.577105829089797
30.682	1.0168	-1.2092	0.0574175602171533
34.541	-2.8555	-1.6681	-0.319949790874776
33.291	0.40457	-1.8331	-0.552985554066418
37.406	-4.0066	-3.9598	-0.379531342802204
24.997	-0.66669	1.1359	-0.527735559191774
36.12	-6.4143	-1.0835	0.596003237813584
34.659	-1.9863	-5.9829	0.596396848953924
36.488	-7.3251	-2.3262	-0.0568820044290149
27.032	-11.414	-3.9168	-0.695482072698215
33.231	0.16905	-5.6528	-0.574235428639059
35.542	-6.5946	-1.1652	0.591635634315538
36.53	-7.222	-1.5122	-0.159797434051608
35.769	-1.7993	-5.2612	1.645
35.546	-8.9878	-2.0374	0.0946327098424388
36.791	-7.3313	-1.4707	-0.358503552547767
29.891	1.399	-0.59674	-0.893481283324386
35.835	-5.3318	-5.5868	-0.832003865269346
28.257	-0.68969	-6.8239	0.465140933976744
37.377	-6.8635	-1.8859	-1.0674845236587
27.464	-11.751	-2.8039	-0.902721280503177
28.168	-0.41404	-6.7192	0.227135958762762
37.75	-4.869	-1.3026	-1.02594291731598
35.944	-7.7459	-1.3209	-0.283394244677561
38.082	-5.3314	-2.1137	-0.849687282395321
33.007	0.29962	-0.29684	0.109207855035667
38.541	-5.8464	-3.3132	0.967641713210436
36.802	-7.1285	-0.91854	-0.255198956892921
37.28	-2.8613	-4.4514	0.419378713458902
27.788	-0.7983	-6.5807	1.645
29.504	-10.993	-3.853	-0.734408563334771
30.43	-10.246	-3.9492	-0.565457559013546
35.675	-7.1694	-0.86933	-0.196547271414125
37.326	-5.6839	-4.4112	-0.0991846049613981
36.829	-3.054	-4.6771	-0.554613874618239
37.127	-7.6054	-3.972	-0.74325310192153
32.465	0.75286	-1.4389	1.645
33.046	-8.5364	-0.65937	0.874401015290114
32.73	-10.178	-2.8586	-0.296119731513511
34.579	-9.3204	-3.3467	1.06022260848195
33.708	-1.6614	0.33322	0.851674769765563
37.264	-6.7331	-1.3042	1.19672594231047
33.378	-9.128	-3.986	-0.427147424413048
36.682	-6.2436	-0.22291	-0.778380331652214
30.821	-10.162	-3.2975	-0.3692802597644
36.51	-8.369	-3.6788	1.645
24.884	-12.03	-3.7199	-0.922427505802084
35.633	-2.7754	-0.42644	-0.562793976321991
36.718	-6.6751	-0.98773	-0.599126317005917
35.556	-2.9167	-0.96308	-0.86955103565121
27.416	-11.642	-3.608	0.497144359446098
35.042	-7.5012	-4.9165	-1.20559843974514
37.034	-2.7736	-2.7544	-0.416357245430439
37.879	-3.3745	-3.9897	-1.37958131422383
28.693	1.9418	-0.84665	-1.09651267204483
36.863	-4.6665	-0.57369	-0.521314881483531
37.196	-2.9731	-1.8959	0.549900704654541
28.874	-11.12	-4.0281	-1.6067936954075
37.449	-6.7361	-1.3597	-0.494723631664443
35.503	-6.2815	0.51715	0.539983533786539
24.869	-11.715	-3.337	0.0362356206536618
37.136	-6.9179	-0.88602	-0.722474679651325
37.548	-3.7864	-2.5541	0.387327968206755
36.034	-7.4432	-0.97491	-1.14498007298981
37.937	-4.7004	-4.0766	1.645
35.013	-1.0942	-0.74452	-1.40139536905568
37.172	-5.7699	-2.3884	0.746736678316886
37.69	-2.9721	-2.3396	-0.284695049363354
36.99	-7.0988	-1.0916	0.306869841788501
32.325	-6.7771	-5.2843	-0.627766169267733
36.596	-8.2474	-2.108	1.645
34.624	-9.1756	-3.8766	-0.324696843873625
36.626	-3.6918	-0.73483	-1.02524339111127
36.301	-7.5684	-2.2311	-0.141598870558122
35.615	-2.2489	-4.7724	-0.368554997829568
37.742	-5.3859	-2.9074	-0.67007649704462
36.329	-1.779	-4.8389	-1.11591511044608
33.853	-7.9412	-4.2012	-0.258380582465592
36.495	-7.6701	-0.95526	1.05365262548872
32.664	-10.854	-2.59	-0.459051340364188
34.45	-0.82641	-5.3395	-0.89586753950548
31.683	-1.2044	1.0754	-0.625970565683067
36.139	-7.2369	-0.64364	-1.4009811481184
37.14	-3.0531	-2.5682	1.645
37.645	-3.0373	-2.7639	1.645
33.42	-1.847	-0.09335	1.645
25.808	2.4843	0.20229	0.0473940099983942
36.558	-3.477	-0.7264	-1.02265589387388
37.076	-2.1343	-2.4981	-0.485926341855101
37.295	-3.7665	-1.2328	0.453437425306736
36.868	-7.3659	-3.4925	1.645
25.14	-11.017	-4.1427	-0.567607486394069
37.662	-2.5526	-3.9957	-1.46117828139102
37.251	-3.3098	-4.4526	-0.956053328792773
38.169	-4.0381	-2.3338	1.15372151600386
32.388	-10.109	-3.1943	-0.315533967643974
34.469	-3.1586	0.16337	0.693734757852665
36.915	-7.9132	-1.4713	-0.187392825433967
28.759	-11.084	-4.2342	0.542758231077537
29.454	-1.0348	-6.7118	0.146981015105196
36.981	-6.4968	-1.3048	-0.503079045317016
23.9	3.4724	0.17699	-0.952042678869626
36.503	-3.0435	-4.7703	-0.225144528591963
31.809	-9.8667	-4.0254	0.23899925247967
36.414	-2.6558	-5.1461	0.532087335363413
37.586	-5.8647	-1.1041	0.994989417119293
35.487	-7.1229	-0.32773	-0.127105565143388
27.695	2.5926	-0.75992	-0.522293798533219
36.496	-7.1131	-0.84695	-0.795500710575398
36.57	-1.9504	-4.6956	0.654057534004139
37.89	-3.3009	-2.8666	-0.313570967656979
35.773	-3.3263	-5.1052	-0.515039955674742
36.89	-5.1349	-4.9182	1.28723451161938
36.339	-7.668	-3.0652	0.231776442870627
37.425	-4.7946	-3.5831	-0.619264728969027
36.89	-7.2192	-1.1222	0.747365403407326
36.973	-4.4217	-0.99545	-0.733474093223651
18.117	-12.427	-2.7497	-0.913614832735296
28.914	1.9943	-0.15523	-0.928069911827707
35.884	-6.3224	-0.51641	-0.246173255378132
22.895	-11.764	-3.655	-0.229013843710957
29.674	1.9213	-1.1953	-1.01892569626356
34.349	-1.3018	-5.8695	-0.966920101623496
33.373	-6.1595	-5.613	-0.681361484402233
36.107	-8.3833	-3.8955	-0.363168571352231
33.708	-6.1344	-5.2625	-1.12375353179376
25.941	-0.49807	1.7601	-0.23356615855441
24.148	-11.976	-3.5319	1.13532444072475
35.762	-2.4738	-4.9674	-0.886176021153113
34.387	-0.70831	-5.5504	-0.472925821083957
37.663	-3.1052	-2.6371	0.236214404946845
37.474	-3.0541	-2.0965	-1.14425985671162
33.383	-10.034	-3.4276	0.285844153733796
28.812	1.5111	-0.18542	0.0992190479556367
36.922	-5.6457	-4.9601	-0.695604088302795
37.488	-6.6095	-1.1444	0.425861004846779
28.073	-11.668	-3.1194	1.23370526773976
36.91	-3.242	-1.1441	-0.932378812893323
36.175	-7.537	-1.5303	1.645
36.358	-0.97953	-2.8211	-0.774525673556155
36.017	-3.9337	-0.15164	-0.716042777282486
38.576	-4.8825	-2.3728	-0.346559879238007
37.872	-5.7018	-1.026	-1.0211830546591
36.697	-2.4607	-4.6981	1.645
36.349	-7.9935	-1.5244	-0.758711434167247
37.175	-3.326	-4.0231	-0.617212260731853
36.928	-3.1836	-4.6119	-0.555400018214771
37.756	-7.1614	-3.4233	0.635838911461279
37.301	-2.9975	-4.1287	-1.09653995986652
30.193	1.1488	-0.66419	0.138964002813447
28.46	2.2846	-2.1237	-0.426932490609652
24.401	-1.0807	0.94528	-1.04763931244577
27.402	2.3625	-0.79184	-0.185831451326852
37.872	-6.6212	-3.506	0.788080035468711
29.53	-11.489	-3.1516	0.551762300489361
27.857	-1.7479	0.28644	-0.579356641424539
35.484	-8.9282	-1.9391	0.614714872807496
27.673	-11.413	-4.0307	-0.720364677261176
36.204	-0.51726	-2.602	-0.633923756532696
28.13	-0.42296	-6.6429	0.188812199294198
29.047	-11.285	-3.5116	1.11928083682677
37.948	-3.335	-3.8358	-0.976862656198299
36.671	-6.1766	-4.2952	0.790917153672341
36.841	-6.0594	-5.141	1.5555728230862
36.965	-4.6772	-4.0313	1.645
36.056	-7.7506	-4.4819	-0.404247975449746
33.524	-0.99915	-6.1235	-1.03076325873466
35.209	-2.4738	-5.3197	1.645
27.447	-11.476	-3.9333	0.119570016541791
36.676	-4.9225	-0.54227	0.587613416588409
36.187	-1.3059	-1.2429	0.0808139635952995
29.373	-1.8565	0.38733	1.14975429333263
29.141	-10.738	-4.3405	-0.180506294195291
37.819	-3.8939	-4.081	-0.652562302986767
35.461	-6.7856	0.21	0.494372486231615
33.537	-8.6364	-4.1537	1.645
35.576	-2.7145	-1.1661	-0.64730766170266
36.729	-7.5145	-3.1312	0.132262222009598
36.088	-6.6977	-0.52185	1.645
32.739	0.91199	-2.6954	-0.811519879158693
37.836	-4.3579	-3.3202	1.50751576408797
36.018	-6.3323	-1.1371	-0.222146624606919
37.469	-3.0494	-4.2007	0.998814639227884
35.606	-2.0846	-5.5897	1.00866418798205
35.933	-6.8829	-0.44488	-0.900226728622617
35.493	-9.2462	-3.3582	0.419611861253165
37.53	-4.251	-3.1865	-0.870309004776485
30.092	-11.065	-3.1338	-0.4270582895388
32.99	-8.9546	-0.21807	1.645
37.519	-7.3869	-2.6661	-0.968655922405036
37.079	-6.2808	-0.77346	-0.130407030233728
36.022	-6.828	-0.57731	0.956295867815295
37.918	-7.0786	-3.0856	0.581394188023574
28.343	-11.733	-3.5872	-1.01973786623178
37.494	-5.8069	-1.0089	-1.29676728814032
34.273	-0.69818	-5.6839	-0.0563983339832476
26.188	-1.2389	0.73822	-0.536600782055951
29.477	-10.678	-4.2809	-1.27759441321526
29.977	-11.456	-3.3584	-0.114233900527153
36.939	-3.7073	-4.6069	1.645
37.59	-3.4846	-3.6459	-0.00805320493265899
28.11	-1.8263	0.47221	-1.0392663639433
35.99	-2.0913	-5.2288	-0.665339495590744
31.074	0.26967	-6.3372	-0.0294587578599564
37.27	-6.4269	-1.0324	1.44038462212881
34.091	-7.9047	-4.067	1.07627863646587
36.52	-7.3394	-3.0192	-0.694025878520977
37.4	-6.6576	-3.761	-0.281209753560746
29.113	-0.98121	-6.9442	-0.955285615658631
37.029	-4.7412	-3.0954	-0.28758409106164
33.037	0.75239	-2.4438	-1.26337778932965
22.655	-11.631	-3.7513	1.645
37.766	-3.2181	-1.9562	-0.646942900068301
37.838	-3.7151	-3.567	-0.806851814710701
37.285	-3.4399	-4.4883	-1.00323407823709
27.184	-1.4529	0.40133	-0.5689734876811
38.26	-5.4613	-2.6107	0.589197374686939
35.989	-1.6761	-5.1643	1.49686556639628
37.247	-5.6924	-4.4819	-0.414093696925352
34.351	-9.3416	-4.3517	-0.129250638118283
32.942	-10.187	-3.8424	0.202953472036529
36.258	-3.1272	-2.1291	0.960299943737578
37.522	-6.8014	-1.605	-0.922438777662512
34.875	-7.5634	-0.67985	1.645
36.805	-6.8704	-0.46855	-0.673971573363608
36.438	-5.6209	-1.0791	-0.91112244734844
36.039	-7.5015	-0.37316	1.02915332430678
35.992	-6.343	-0.027214	-0.577172582810289
38.018	-4.0021	-3.4175	-0.632832949395958
36.085	-8.2433	-1.0166	1.645
38.197	-3.1683	-2.8039	-0.899287407985132
37.221	-6.2661	-0.70586	-0.000329055828453592
24.495	-0.80438	1.506	-0.548466660070636
19.894	-12.408	-3.0023	0.0904067829117262
32.857	-1.747	1.0811	-0.0104357132235527
38.182	-4.7359	-4.0348	0.314869791739454
32.564	-8.7826	-4.3392	0.480906656398905
33.424	-10.297	-2.9498	1.01018600982076
37.001	-1.8216	-3.9956	1.645
32.612	-9.982	-3.3678	-0.565792175468567
26.104	2.9775	0.38525	-0.618500034241314
35.856	-6.2175	-4.9262	-0.538997065752194
34.29	-0.70505	-5.4116	-0.85963436827276
35.119	-8.7121	-3.9509	0.957629814116251
32.294	1.3388	-1.5872	1.50494984802254
26.933	2.2884	0.38868	-1.22322683363557
27.989	0.13398	0.8053	1.645
37.348	-6.549	-3.1685	1.00121752633596
34.481	-0.83471	-4.8208	-0.796048014658874
36.976	-6.7599	-1.9741	-0.369502504620916
36.879	-7.3031	-1.1171	-1.41365967808265
37.988	-3.183	-3.7179	-1.10148466861216
37.929	-6.679	-1.6821	-0.722469326093304
35.328	-8.9384	-1.7754	-0.126311169893013
34.271	-9.6149	-3.6763	-0.965628858309374
33.023	-9.9253	-4.2566	-0.628634615583396
36.927	-6.6277	-0.54409	-1.00930869400941
37.587	-7.0356	-2.9008	0.224617348510936
36.719	-7.5573	-3.667	-0.281538398468275
37.13	-6.6506	-0.87502	-1.01336257484437
33.331	-10.091	-3.2853	-0.285864663222755
36.513	-6.807	-1.1852	-0.670984524039662
28.452	-0.64826	-6.6807	-0.570097621798864
35.608	-8.7425	-3.6319	1.11882197644483
36.084	-6.9266	-1.1155	1.11367330003516
34.803	-1.1978	-5.5854	-0.992820049686111
30.623	-10.628	-2.3359	1.25996380370841
34.746	-0.83355	-5.3832	-0.656061625746043
37.674	-6.0117	-3.9316	0.311117100758131
35.239	-7.2057	-0.80222	-0.496258887998493
30.909	-10.532	-3.6165	0.866842353789892
34.081	-0.19025	-0.19369	-0.629220452935419
36.16	-6.2388	-4.6065	-0.724416519826821
34.061	-9.7107	-2.6267	0.173951120852495
28.401	-0.6673	-6.6758	0.790782024704092
34.108	-1.3907	0.43458	-0.544446960631194
36.911	-4.0324	-0.88935	1.645
36.133	-7.4211	-1.9201	-0.597017909686954
35.653	-7.9359	-0.91161	-0.11362611542918
27.563	-1.7829	0.9933	-0.440147598982378
35.686	-6.1698	-4.8122	-0.536440698918193
35.599	-6.05	-5.0311	-1.03163606853747
33.647	-9.5361	-2.9473	0.975762621472015
37.439	-7.1052	-1.3532	-0.804162841239477
23.069	-0.86413	1.3787	-0.776578814515003
37.717	-5.9636	-3.8253	-0.880250462260864
37.26	-1.8777	-3.7953	-1.12459305657469
37.331	-2.3602	-3.1346	-1.37719695997749
29.747	1.7848	-0.64182	0.70881170704452
31.26	-1.5383	-6.2118	-0.629685172267444
28.79	-0.60836	-6.4231	0.746328514132001
28.577	-1.9917	0.59004	-0.667754549477568
36.944	-6.5048	0.15745	-0.529767480851775
27.399	1.8644	0.060854	-0.876915921488335
34.571	-8.8569	-2.5749	-1.10590279096455
37.024	-6.2246	-3.3113	1.32878864252257
37.905	-5.2701	-3.6581	-0.671343949426835
37.467	-3.1874	-2.2578	-0.409847019488282
35.937	-7.7764	-1.2843	-0.538673614834464
37.269	-6.4643	-1.3187	-0.301099824429597
35.22	-2.8647	-5.4605	-0.653067631600358
36.327	-3.639	-5.216	-1.01712765320505
37.298	-5.8161	-0.65225	-0.344689636694204
37.658	-4.6228	-3.5033	0.87291739690185
33.532	-9.5404	-3.8361	-0.736193482311872
38.11	-4.4154	-1.7878	-1.34206670376987
33.965	0.34185	-2.8306	-1.22366028847198
18.681	-11.853	-3.5342	0.380065000596324
37.578	-6.9156	-1.9975	-0.885686567165467
22.178	3.5218	0.97528	1.645
34.324	-1.491	-0.028499	-0.682900000663023
27.877	-10.224	-4.2064	0.378060660442265
35.796	-7.3764	-0.93857	-0.368773490545659
36.21	-7.1793	-0.91817	0.514496149611464
33.756	0.78472	-3.7174	0.699811110215893
34.832	-1.3266	-5.3939	-0.387400221978517
36.693	-6.5135	-1.0092	-0.447490356861325
37.262	-3.681	-4.3805	-0.241992084263013
37.664	-2.5775	-2.7475	-0.135322391217173
33.114	-0.44001	-5.9828	1.645
35.83	-8.0329	-0.94709	-0.915580960818112
37.168	-2.8936	-4.4433	0.213472501946947
37.252	-3.2123	-4.5515	-0.871208465099453
37.485	-6.3438	-1.5371	-0.65823226791087
36.79	-1.1179	-1.9369	-0.60081661346088
36.986	-3.4192	-4.8641	1.03041361208412
28.187	-2.0153	0.64751	0.221566492387535
36.115	-2.5821	-0.79798	-0.401733833482944
32.441	-8.4786	-4.6004	0.467808760774243
32.516	-10.186	-4.2238	0.572371323163392
34.865	-8.7229	-3.4379	0.582445593179012
37.744	-4.8284	-2.8158	-0.987692098435403
36.311	-6.2684	-0.71261	-0.786084078135765
37.547	-3.1049	-3.4645	-0.733657886513434
38.079	-6.2421	-1.3115	0.00302455754260669
37.974	-3.6555	-3.1281	0.618486149681547
28.696	-0.68077	-6.8741	-0.0860360450690656
30.852	1.7849	-1.8279	-0.633747808843582
34.821	-6.2335	-5.3327	-0.383790105409376
14.631	-11.506	-3.6427	-0.124598908065118
34.669	-0.46744	-3.1166	1.645
37.859	-5.8203	-2.0456	-0.151243967369796
36.787	-5.5935	-0.20183	-0.568023322939313
36.693	-3.4679	-1.3316	-0.839955428847165
24.838	-11.328	-3.8629	-0.194687472889394
35.763	-0.51963	-3.4807	-0.571843581238261
35.201	-6.4466	-4.6978	-0.288251399387882
32.044	-10.644	-3.7583	-0.0119402100658678
36.194	-6.8002	-1.6144	-0.292648670429557
36.007	-6.7848	-4.2244	-0.28136054227789
35.927	-7.6408	-0.39627	1.645
35.868	-8.013	-3.1225	-0.747965788446074
36.808	-7.1617	-1.0805	-1.12895895308619
36.946	-7.765	-1.2246	-0.689617769940178
36.325	-6.6188	-4.8643	-0.669338457733016
35.549	-6.4596	-0.15332	-0.776105955699154
30.435	-2.0178	-5.0573	-0.459452898184628
36.901	-2.8551	-4.7309	-1.0177407296452
37.149	-6.3657	-1.3475	-1.00020783052933
36.787	-3.2912	-4.7881	-0.553202247158462
37.496	-2.7345	-3.0657	1.38114202900848
32.833	-9.925	-3.8629	-0.750553994083403
37.75	-6.5893	-1.4592	-0.485455263023605
36.038	-0.75241	-2.4819	-1.20041289612375
28.133	-11.456	-3.6026	0.528702736006305
30.447	1.4981	0.012136	-0.70850839332291
37.759	-5.8941	-2.4694	1.23232895463578
36.523	-6.9224	-0.55317	0.0728668225850236
37.667	-3.3869	-1.5302	1.46079907396517
35.259	-0.56743	-3.8436	-1.08482651349298
21.996	-12.117	-3.2949	-0.438882656037288
36.696	-3.7296	-4.7045	-0.707065370461568
36.844	-2.8627	-4.1771	-0.583063335006688
35.141	-7.3093	-1.8385	0.225143310172423
37.236	-5.8353	-2.0778	-0.701487100031743
27.895	2.1727	-0.70999	-0.307482734203163
35.937	-7.577	-0.66075	1.645
36.415	-3.3798	-0.64911	1.645
37.914	-4.9455	-1.6546	-0.6194088714575
37.81	-6.0972	-2.6215	-0.451880406333602
36.059	-6.6724	0.099282	-0.83174706826162
33.831	-0.82131	-5.9073	0.151538230458052
37.488	-4.8809	-1.9614	1.30681213686625
34.309	-1.5814	-3.0886	1.645
16.546	-12.122	-3.0507	-0.253945528221713
26.475	2.8001	-0.13414	0.237808110852462
36.584	-3.2355	-4.7375	1.645
36.968	-3.0594	-1.5917	-0.976836532889371
36.022	-5.6927	-0.69924	-0.00209214111523427
22.905	-1.2773	1.3333	-0.361818571935234
36.937	-6.6664	-1.0888	-0.597533401691222
38.435	-6.2835	-2.839	0.75658555882668
35.405	-0.70375	-4.8046	1.02027681334043
36.121	-2.9466	-5.1363	-0.364103507718401
36.896	-1.6696	-2.1151	-0.026958123069656
27.474	-0.29098	-6.7196	-0.42291233653672
34.672	-9.018	-2.7887	0.821618603989356
36.78	-7.3321	-1.024	0.689766162443043
31.309	1.3203	-2.1248	0.445962505409293
34.816	-1.9829	-0.24815	-0.462606185701843
31.034	2.13	-1.503	-0.819349159480057
38.1	-4.3733	-2.6288	-0.1813176564656
33.506	-8.587	-3.743	0.0780610684098198
36.038	-5.389	-5.311	0.468454065632744
34.702	-1.6396	-3.8829	0.249363777119478
32.373	0.99622	-2.1654	1.15739527458636
35.958	-2.3821	-5.0615	-0.906463407969698
37.447	-2.7711	-3.2962	-0.00101465994413731
34.224	-1.4421	-5.2872	-0.017219076392986
25.823	2.7506	-0.30933	-1.19338195800156
36.853	-6.3522	-2.1496	-0.538559230026309
34.92	-2.181	-0.95545	-0.86394924178097
31.384	-10.126	-3.673	-0.0765644700140464
36.331	-7.1059	-0.41523	-0.510171673964238
29.704	-11.031	-4.1478	-0.483889567095068
35.609	-7.1077	-0.68315	-0.757277374696924
35.818	-1.2328	-4.9674	-0.938072442679911
35.623	-7.3392	-1.1323	1.23417474160635
32.987	0.16537	-5.4076	-0.800074941965697
36.38	-3.1166	-4.3906	-0.599806585001323
36.763	-2.5223	-2.4664	1.03263544977997
30.806	-9.287	-3.5933	0.0402409719983055
31.819	0.77723	-1.5751	-1.13012892012861
34.867	-2.1455	-5.957	0.0113597252807001
36.432	-2.9785	-1.8557	1.645
37.33	-2.1802	-2.9054	-0.0374369444669211
35.886	-6.8034	-0.66589	-1.11223623057643
34.169	-2.2291	-0.29475	-0.705328185598281
27.676	-0.63697	-6.9622	-0.601600727973235
36.642	-7.6993	-2.0698	-0.330728117856347
36.441	-7.3309	-1.0821	-0.290214157309481
36.404	-0.77396	-3.045	-1.11352551492553
32.197	1.205	-4.1368	-0.566120779647564
33.119	-10.31	-2.9906	1.1241455492372
37.344	-5.4244	-3.918	-1.31125979281586
30.026	1.6761	-1.1057	-0.138398285907952
37.878	-4.0903	-2.2179	-0.152449422903423
37.108	-2.6266	-1.3105	0.427600541726687
36.482	-1.3979	-3.6565	0.656032741595772
31.452	-9.1478	-3.2273	1.645
35.595	-7.1083	-1.4836	-0.00345769513036085
37.93	-4.6532	-1.5629	0.22176691702804
28.339	-11.288	-3.7747	0.535018500945833
34.572	-0.91389	-5.3163	-0.575583046604695
27.025	-1.1452	0.8769	-0.430353007367802
34.079	-9.9018	-3.0968	-0.148681607610077
35.222	-7.552	-0.12993	-0.88005969158181
37.707	-3.9647	-4.055	-0.00744220716304376
37.055	-7.808	-1.365	-1.34663122907403
37.028	-8.0319	-2.3737	1.645
37.484	-2.9589	-2.2054	-0.723197495563006
36.636	-1.8449	-4.6217	-1.11591976168611
24.255	-1.0753	1.209	-0.0284271780196088
37.908	-5.4849	-2.8675	-0.182592222736885
28.144	-11.285	-3.6351	1.645
36.304	-3.0943	-4.7781	0.452523635885357
36.383	-6.8969	0.11651	0.201428265613407
36.032	-2.4254	-5.2954	-0.327112213909797
37.693	-6.9362	-2.1968	-1.23833562732143
35.196	-7.2738	-0.20346	1.07106478161933
36.191	-1.9754	-1.1911	-0.671411249551156
35.949	-7.0988	0.036498	-0.703385998529609
32.924	-0.29634	0.38633	1.645
36.636	-8.1869	-3.6598	-0.657706621610576
35.702	-1.5553	-5.3066	0.0933913167821865
37.827	-3.3669	-2.5679	-0.404822691018737
34.952	-6.4194	-5.1862	1.27149382680801
25.703	0.22142	-6.7138	0.185308304476109
37.718	-6.805	-2.3753	0.111632062281441
20.57	-11.951	-3.571	-0.562212054847775
33.204	0.41913	-3.6203	-0.424819897503345
36.349	-7.4662	-1.0629	-0.696255105524758
32.301	0.83282	-1.4899	-0.56809553156608
36.889	-6.3605	-0.64418	-0.834166378924259
37.364	-6.6113	-2.4395	-0.732732291790481
36.557	-6.012	0.058335	-0.920832980660659
34.899	-8.9036	-2.1978	0.52914903521374
34.392	-0.67005	-5.3893	0.209895515143608
36.058	-0.71232	-3.8443	-1.21444459466188
35.914	-2.1429	-5.1293	-0.705205750143864
38.175	-6.4615	-2.3743	0.801039100460654
37.269	-6.594	-4.1428	1.35971956114024
36.296	-3.9297	-1.4904	0.0566982407181799
34.929	-9.3154	-3.3453	0.0800144527007513
33.624	-9.7678	-3.2114	0.572350041277623
35.452	-7.5059	-1.1164	0.643623773851138
36.034	-7.7111	-0.66814	-0.718368767809904
37.161	-2.9571	-4.3767	-0.65916200177664
35.801	-6.039	-0.10692	-0.44166693610991
38.018	-6.5426	-1.8973	-0.261749939988839
37.065	-2.8718	-1.9238	1.645
37.741	-3.5231	-1.6764	-1.19489010319955
36.429	-1.94	-1.5444	0.623161516339339
38.124	-5.9004	-1.833	-0.156432476296147
37.088	-2.7651	-4.3048	-0.956400694734096
37.718	-6.2576	-0.89144	1.645
32.946	-10.118	-3.8613	-0.562012109559439
38.042	-4.4673	-2.5642	-0.33298889832053
35.311	-1.2939	-5.3454	0.22086182944742
36.716	-1.7406	-3.0904	0.0971669478911875
37.657	-5.2865	-0.77623	-0.165282524859793
28.415	-1.9853	0.6287	-1.40278298278102
35.913	-2.1991	-5.1813	-0.963524916469217
37.832	-5.746	-1.2789	-0.294394703408577
37.809	-7.1081	-3.5919	1.53691892070604
37.022	-7.8526	-1.9066	-0.0405747936487762
35.963	-2.9456	-4.6888	-0.361657734785456
29.139	-10.899	-4.2139	0.667761009625207
38.328	-5.5245	-1.6957	1.32244344284896
35.913	-3.5353	-0.26692	1.18525039768809
36.624	-2.5872	-4.7152	-0.102261289395718
35.732	-7.4659	-0.892	-0.82861818170751
37.405	-2.8884	-4.2719	1.59050210448638
27.224	-11.557	-2.9923	-1.08984951337282
34.219	-0.7002	-5.219	-0.417487144503449
36.409	-6.4671	-0.54685	-0.814585805378181
29.133	0.029435	-6.8166	-1.00280879842189
34.285	-0.88002	-5.7289	0.236528713190281
35.879	-1.4706	-5.0897	-1.14597385147698
33.331	-0.8698	-4.6621	-0.644208824178039
28.562	-11.373	-3.9338	-0.531271095855149
34.954	-8.59	-1.2637	-0.239439680889585
12.655	-12.024	-3.1062	1.6248261427768
33.259	-0.86748	-5.1327	-0.505340622977298
38.313	-5.8634	-3.2643	0.0242772465817015
36.875	-2.9204	-4.2667	-0.800486567026473
36.875	-6.5702	-0.73131	0.159635385426091
32.785	0.6827	-1.7577	-0.37523857146121
36.807	-2.7145	-1.7884	-0.0414249427195
36.197	-2.5887	-0.88178	-1.55039032761556
37.29	-3.1505	-4.2486	0.638809152230826
33.099	0.48603	-1.4884	0.330282341108527
34.092	-8.9227	-4.1576	-1.30965372040663
37.012	-7.5666	-2.4787	1.11485192127559
36.947	-6.3535	-1.4057	-1.23690943678877
24.144	-11.871	-4.1725	1.645
37.294	-5.8666	-0.45628	0.481887709085357
38.453	-6.2205	-2.5167	0.281368710625435
38.205	-3.7763	-2.7418	-0.969920402619212
29.42	-11.225	-3.3753	-0.0315800232203316
37.148	-5.3387	-0.68234	-0.404062346444635
26.075	-11.349	-3.6326	0.378920778349582
34.237	-0.72906	-5.5845	0.146527011938998
35.409	-7.9537	-0.78786	-0.123078583385733
36.261	-5.9674	-0.39885	-0.23940365789363
35.769	-1.1302	-4.9338	-0.258567450345691
34.05	-7.3166	-5.0561	0.390059904034875
33.716	-7.4941	-2.944	-0.51837245986952
36.741	-6.3389	-1.159	-0.62537997412688
36.513	-7.4862	-2.793	-0.296161757344309
36.212	-4.2356	-0.11937	0.663728159701172
30.542	1.6715	-0.25718	0.286172772104567
37.523	-5.7548	-4.5898	0.414964245632379
28.667	1.635	-0.37636	-0.676769538251016
37.356	-5.2576	-1.0494	1.5100423682013
36.478	-7.7756	-0.57777	0.651040072354273
37.883	-3.842	-3.38	0.379709306681117
35.131	-9.2436	-3.3567	0.116354118477168
37.587	-5.2175	-1.004	-0.498595056081706
36.221	-2.9564	-0.61513	1.56671722282569
38.637	-6.5948	-1.8103	-0.28463522409886
36.956	-3.2025	-4.4751	-0.962278849713498
29.985	-11.016	-3.6217	1.18018926316751
31.672	-6.1599	-5.747	-0.0422530659473401
36.491	-1.3732	-4.2775	-1.59240103634229
37.131	-4.5617	-0.87893	0.0469747923009105
31.827	0.24387	-1.1057	0.381558167103706
36.602	-7.2462	-0.74841	-0.540229886069243
35.527	-1.6899	-5.4983	-0.146917776893621
28.143	-0.79826	-6.7107	1.645
36.361	-7.4636	-0.51885	-1.07252484717147
36.981	-6.59	-0.49138	0.0456421039277213
37.82	-7.0502	-1.9993	-0.848722131670834
36.574	-8.6753	-3.4189	-0.766289015940212
37.993	-6.6047	-0.58157	-1.06598916499594
36.619	-3.3442	-5.008	-0.08510242458656
37.163	-4.0055	-1.8496	0.333636875772802
27.841	-0.46924	-6.7153	0.312777880402254
33.362	0.38835	-1.7634	-1.4246422256651
38.275	-5.2304	-2.3682	0.211977311117266
36.744	-6.6862	-0.47204	-0.957722975597934
29.038	-11.463	-3.3336	-1.03579874424459
32	-9.0904	-4.758	0.432563342176777
34.952	-1.4921	-5.7799	-1.09144732094844
35.586	-6.7863	-0.30952	-0.391830807759598
29.473	-2.0004	1.2233	-0.33312266226289
36.946	-7.1431	-0.98937	-0.654511626032365
35.2	-1.6433	-5.5416	-0.698006812180277
38.265	-6.0586	-2.7998	-0.496700931021694
33.966	-0.18969	-0.95979	1.645
37.105	-2.5879	-1.2599	-0.692957213030666
37.342	-6.7824	-1.0638	0.136957666905648
36.545	-7.0306	-0.54223	0.510492886885429
35.679	-7.0002	-1.2115	0.457112864779562
35.984	-1.9774	-4.2136	0.400394739726422
35.308	-9.5027	-2.4343	-0.820581563282934
33.845	-9.7813	-3.7695	-0.881347637143139
33.349	-0.35116	-2.0425	0.248723008251051
27.568	-0.41487	-6.818	1.645
33.366	-9.9976	-3.4617	-0.982396037772559
19.483	-12.108	-3.7965	1.25780704502267
37.162	-5.5491	-4.7764	-0.915000251148846
35.769	-6.9619	-0.47515	-0.392726410764201
35.88	-8.2388	-4.4135	0.0450571466035476
35.04	-7.5716	-1.0808	0.693979720316135
35.22	-1.6653	-1.0212	-0.707176199382636
36.935	-5.5179	-1.3782	-0.606164608994873
35.664	-1.6218	-5.105	0.93391729117161
26.332	2.8248	-0.26543	-0.316139702208182
38.305	-4.7921	-2.3396	-0.540103350487609
37.264	-6.0234	-0.95589	-0.563976607540591
24.961	-12.173	-3.2356	-0.97811579662819
36.493	-3.2037	-1.737	-0.0863479954802992
37.016	-2.6871	-3.6991	1.645
35.521	-7.0953	-0.81215	-1.48083320862868
37.573	-6.2663	-0.94834	1.61741516535307
36.713	-2.7918	-3.6785	1.645
37.267	-2.9412	-1.1413	0.724558757237352
36.105	-7.5793	-1.0388	0.713076484706151
36.149	-3.6882	-0.088772	-0.306097983724181
29.561	-2.1923	-0.92529	1.645
28.421	-10.501	-3.8962	-0.120999198716473
37.543	-6.6177	-3.9242	-1.16538945396538
36.013	-5.2962	-5.2194	-1.04729888326272
31.616	-10.133	-3.0478	0.985985946664829
26.865	-11.889	-3.6093	-0.506391735206743
34.944	-1.8333	-5.6746	1.29215033673061
33.974	-0.2086	-5.4289	0.281195694886117
27.421	-11.915	-3.1716	-0.316209032019877
24.068	-11.949	-3.7635	0.490988304093267
36.904	-2.4271	-4.0264	-0.610018855625659
32.829	-2.2829	-5.3286	0.827508565465812
36.607	-2.9684	-1.1872	0.0720016335903906
36.922	-6.114	-0.78434	-0.575127411089184
37.221	-6.042	-1.2144	-1.11406180473669
35.954	-7.1988	-1.5628	-0.798443748562142
35.692	-8.8069	-1.7571	-0.566248917017953
37.491	-6.0219	-1.2997	-0.668081419719477
35.9	-7.2416	-0.67509	-0.193022061551205
36.618	-7.6655	-0.98104	0.659323775017137
29.945	-1.3699	-6.7296	-0.427434030279228
32.161	0.91575	-1.7862	-0.878605587809785
37.605	-6.5111	-0.87244	0.741660449188016
35.517	-6.5056	-0.50915	1.02913948984111
32.059	1.3109	-2.4168	0.316285290748445
29.196	-10.899	-4.0629	0.0952620240507615
24.476	-1.1701	0.93116	0.859854872153474
36.747	-2.8716	-4.7368	-0.901385509541337
38.014	-3.428	-3.3169	-1.05491277073656
36.001	-6.2461	-0.9769	-0.1299474348354
36.332	-6.6978	-0.47076	0.78992139936208
38.3	-5.7317	-1.6831	-1.28418884004659
29.979	-11.824	-2.9049	-0.54766770384127
37.151	-6.3028	-0.5405	-0.93371884056387
36.12	-6.1442	-0.35725	-0.353266396723145
36.271	-7.3453	-1.3238	-0.0994967996130682
36.488	-6.1858	-3.8549	-0.474781653531826
35.366	-1.8119	-5.5672	-0.413312652641993
36.371	-1.3748	-4.149	-0.533773784867415
31.428	1.6486	-2.2588	-0.475611360681241
30.715	1.0071	-0.9415	0.151096182354423
37.231	-3.9099	-4.7721	-0.225132797460049
34.721	-8.3715	-4.579	-0.544019882876062
36.514	-8.5327	-2.2652	-0.882311483308715
36.083	-2.6015	-0.39972	-1.5074640184042
35.498	-8.087	-2.6598	1.645
30.178	1.4558	-0.55411	-0.887393576118904
33.074	-10.314	-3.0415	1.07824396433846
34.568	-8.0682	-4.3868	1.645
36.881	-6.9741	-1.2878	-1.26158083235843
31.206	-10.908	-3.2517	-0.551849976882695
20.185	-12.42	-3.592	0.151891972861052
37.199	-1.6237	-2.4917	-0.44523232532644
36.947	-7.3373	-1.2444	0.252856571654413
33.778	0.11392	-0.5513	-0.197951130658885
36.98	-3.2319	-1.217	-0.769441424353449
36.125	-7.0592	-0.43751	-1.2560872390499
30.989	1.3364	-1.2695	0.54025303257654
37.721	-2.718	-3.5393	-0.441071607236506
36.492	-7.4624	-0.46387	-1.15258664732291
35.897	-8.9728	-2.3728	-0.650335828474925
36.92	-3.6492	-4.6394	-1.14777237517434
36.993	-4.0546	-1.8566	-0.437414240773259
34.583	-9.2741	-3.2361	-0.581365671239657
34.344	-1.2254	-5.6987	0.482005803676157
35.742	-8.0212	-3.8443	-0.746262021618613
37.001	-2.4226	-2.9225	-0.517576546892827
35.171	-6.1369	-1.2886	-0.86587909762957
37.028	-3.37	-4.176	1.645
33.298	0.35184	-3.695	-0.928594074636487
30.361	0.79431	-0.83387	-0.552985027431405
35.436	-6.7361	-0.95815	-0.217905219606946
37.41	-6.4188	-0.83121	-0.806360119689163
36.383	-1.4084	-1.6501	-1.645
28.632	2.1882	-0.58482	0.51694138266457
34.186	-2.9176	0.81454	0.560699748192079
36.195	-4.2493	-5.2274	1.645
26.47	-1.2093	0.66759	-0.849775772721071
36.233	-7.5856	-0.90686	0.155057107437007
36.421	-8.4179	-2.0881	-0.918800571505956
37.469	-3.1858	-2.9957	-0.864413307134806
35.257	-2.0901	-4.006	1.12107194185653
36.163	-7.092	-0.771	0.623229963297199
37.734	-5.9544	-4.0513	0.578489741633683
37.902	-5.9908	-2.0936	-0.594011452220772
37.448	-6.4351	-3.4083	-0.962311933576609
36.099	-7.3386	-0.73775	0.137951230643267
38.19	-5.2303	-3.4668	-0.371255716508989
32.123	0.60269	-0.86491	-0.835000358761453
32.053	1.3059	-1.5197	-0.564319923108252
36.699	-4.6467	0.089536	-0.56725526950454
27.83	-11.511	-3.6894	1.645
35.927	-2.6184	-5.194	-0.416941591069725
36.378	-8.7082	-2.2334	-0.792609274174844
37.434	-4.6484	-2.4277	0.943002368510591
36.422	-2.8263	-5.0446	0.4095220062464
37.128	-7.3771	-0.91807	-0.0676413453717231
36.806	-7.1946	-1.9069	0.90929984792795
34.659	-0.55942	-4.4261	1.10608146819909
36.328	-7.1272	-0.93379	-0.0936752013377124
36.281	-2.7152	-5.341	0.130419058402578
37.412	-6.2447	-2.696	-0.410331270651157
35.967	-2.729	-0.69909	-1.10887796413494
36.783	-8.0664	-2.712	-0.371131961330826
36.508	-6.9874	-0.76697	-0.534612171554773
37.295	-4.7406	-4.9434	-0.812604558329204
37.907	-5.6622	-1.514	1.645
36.54	-2.6445	-3.9797	0.225073926874454
34.705	-0.88028	-5.109	-0.241172779213145
35.571	-0.535	-3.7779	-0.374294838358786
36.023	-3.1128	-0.9772	-0.845485350593115
36.969	-6.9389	-2.1567	-0.857257416804186
30.821	-10.653	-3.8519	-0.611565399576864
34.81	-1.815	-0.71735	-0.263664418300824
37.007	-3.2381	-4.6457	-0.0352775404832759
22.98	3.3486	0.063496	1.17708844594179
32.159	-10.433	-3.0039	-0.051891501138841
37.195	-6.8729	-0.94274	-0.772467348636837
34.005	-0.32428	-5.4688	-0.32577109122716
37.776	-3.2527	-3.708	-0.428848285231788
25.345	2.9604	0.81839	-0.248245604874607
37.704	-6.9036	-3.5007	-0.127804879867454
25.232	-11.836	-3.4376	-0.498168262057147
35.212	-2.5121	-5.7232	0.237542228156641
38.366	-5.4234	-2.4492	-0.631249501908553
29.989	-1.4419	-6.6104	-0.837599207990801
37.702	-3.2554	-2.2478	0.622460680546322
36.695	-8.3244	-3.4796	-1.02738491796961
22.216	-0.28528	1.8218	-0.290815388705583
27.938	-0.14693	-6.4389	-0.577341744548858
37.215	-2.1692	-3.2804	0.370528116911085
24.948	-1.1145	1.1193	-1.05679450184885
35.868	-5.9551	-0.76246	-0.258604620767664
28.015	-11.269	-3.5031	0.129812634855641
36.415	-2.8229	-5.3315	1.645
36.026	-2.1342	-5.1439	-1.10501931200683
36.861	-6.3361	-0.60656	-1.09694308335516
34.486	-9.5717	-3.7802	-0.680902957279797
22.352	3.0673	1.2586	-0.723167749234612
35.219	-2.1202	-1.3575	-0.136577400758908
36.39	-6.9544	-0.46647	0.260326365403555
32.516	-0.5129	-6.2823	0.467870893126429
37.032	-6.1426	-0.88556	-1.17339545778887
28.289	2.0839	-1.1024	-0.759150353577301
33.548	-1.5978	0.067007	-0.541371707068382
35.336	-1.5855	-5.3664	0.283857860760912
35.391	-7.7354	-2.7639	-0.657630762713138
36.84	-7.9578	-3.3052	-0.870067546437402
37.095	-3.2146	-1.7715	-1.42988323096229
33.859	-9.2605	-2.5721	1.645
35.877	-8.4213	-3.4308	0.625907381139362
34.549	-0.84299	-5.6394	1.645
36.996	-7.5551	-2.6668	-1.645
34.832	-7.3907	0.24362	-0.663223642361195
33.235	-10.72	-2.9872	1.645
37.307	-6.0201	-1.5607	-0.801447044242035
37.418	-2.9354	-2.5082	-1.04945554974885
34.343	-1.6947	-5.9695	-1.09107698521724
35.852	-6.3953	-0.66102	-0.636426443223738
23.219	-11.625	-3.7246	-0.66872783561362
25.658	-11.743	-4.0632	-0.574001043004878
36.408	-7.0685	-0.74929	1.645
34.872	-9.2335	-3.1798	-0.738667454096978
32.521	-10.366	-3.3013	0.923136833100717
35.301	-7.1362	-0.87532	0.940695581695043
36.981	-7.338	-4.1057	1.13186854920022
36.532	-2.2219	-4.9142	-0.68262363237793
36.587	-6.9588	-0.9185	1.0225167299679
37.804	-3.758	-2.5106	0.66598785647503
37.188	-3.3266	-4.129	-0.63088415321126
36.601	-3.3263	-0.83788	-0.0336581501144609
20.494	-12.103	-3.3423	-0.128007376740626
37.343	-6.62	-3.3463	-1.0188931224366
34.74	-1.4122	-5.6472	-0.557646405088778
33.679	-0.86234	-0.17042	-0.606205019603656
36.655	-3.0677	-4.4207	-0.176850376843687
34.85	-8.5722	-4.0191	-0.177856293704175
30.867	-10.809	-3.5384	1.645
37.307	-3.9139	-4.5918	-0.358130911773456
36.667	-6.7386	-0.78268	0.369167201472802
31.457	-0.30158	-6.5963	-0.809138131844777
35.913	-7.6121	-0.87189	-0.782855233344542
36.13	-2.8164	-5.1146	-0.812813462563914
35.209	-0.0088546	-1.6024	-0.728616062207857
37.083	-6.3311	-0.76982	0.243959583562159
36.223	-7.7271	-1.0545	0.638990581533262
30.474	-10.434	-3.6727	-1.06123900016828
35.745	-6.4161	-0.72233	-0.444451088781199
34.25	-0.42419	-5.4538	0.0462887333686714
35.158	-7.4175	-0.57039	1.51838507025988
37.835	-4.0336	-3.727	0.185514570890741
29.205	-1.0063	-6.6398	-0.605705365489505
35.456	-3.3218	0.088323	0.186497372382305
29.803	-10.77	-3.5859	-0.940033952065591
37.4	-5.3887	-1.203	-0.998061266007238
38.39	-4.8164	-3.1837	1.645
28.169	-10.539	-4.4468	0.445401445372985
37.101	-6.2474	-1.5272	0.532475185469106
36.103	-2.9353	-0.50444	-0.109836991673793
33.597	-0.56617	-5.3621	-1.32571203922754
34.55	-8.264	-2.9045	-0.695700250520866
35.071	-9.1648	-1.7033	-0.547134537717401
37.21	-4.2579	-4.7383	1.0640620477519
35.826	-8.9178	-2.6398	-0.816207193873878
29.572	-9.596	-4.4341	-0.8325237976686
38.35	-4.2938	-3.138	1.62918661279139
33.688	-2.6749	1.0381	0.265095637387279
36.474	-2.0151	-4.8982	-1.30220665109085
36.528	-6.7207	-0.3798	-0.631668393567134
33.424	-10.084	-3.4669	0.814426165982061
35.861	-2.605	-5.277	-0.924033340752225
34.46	-9.1908	-4.2253	-0.0702056510914145
38.32	-4.8525	-3.1108	0.885627869489409
37.496	-3.2443	-4.1554	0.782692836517608
26.909	2.6637	0.026832	1.58747711682189
23.052	-12.064	-3.317	1.40730360054601
37.644	-6.4692	-2.6675	-0.812909038807827
36.848	-6.5595	-2.1398	-0.703146355341763
29.035	1.6447	-0.066406	-0.198354919467725
35.626	-7.5125	-0.57968	0.334287038797393
37.322	-7.6218	-1.4826	-0.585153849566361
35.285	-8.2893	-0.64382	-0.443078174352728
20.084	-12.312	-3.48	-0.46025087688521
28.865	1.751	-0.48839	0.895735825881909
29.709	-10.969	-3.9119	1.645
37.772	-3.5059	-3.3861	-0.771030872003995
36.942	-6.4637	-0.66239	1.44797794846262
33.758	0.38343	-3.2386	0.199188630934687
36.282	-1.236	-3.9953	-0.667171901325314
36.872	-6.6326	-0.5159	-0.53985350910241
27.991	-1.7102	0.46544	-0.684004919026932
34.467	-0.7789	-5.5486	-0.165781460390705
28.91	-10.416	-4.3339	0.296799894634757
36.451	-2.0925	-4.9467	-0.696637535960054
29.772	1.7553	-0.20628	0.425895218676534
37.46	-4.4038	-1.0835	0.139792584499927
30.47	-9.6622	-4.3325	1.645
31.478	0.98321	-0.87069	0.0215312009121122
36.431	-1.4634	-3.8262	-0.771046444756553
36	-9.0717	-3.5695	-0.274769732518069
37.711	-5.9719	-3.357	-0.693731606243543
27.558	-11.495	-3.2371	0.971028138294771
24.502	-11.889	-4.0808	1.00964134605103
36.522	-7.3306	-1.1206	-1.17471001480072
34.234	-9.0501	-4.1876	-0.682025363138957
34.039	-8.7942	-4.1058	1.01571702423071
36.049	-2.8343	-0.31658	0.652338592267187
35.726	-3.108	-0.29894	1.51583800468338
37.247	-6.3258	-0.74275	-0.140781475223831
36.663	-8.0185	-1.3392	0.220659583792016
36.819	-2.209	-4.6629	-0.646890815679191
36.367	-7.0131	-1.7098	0.696664868006845
37.603	-3.5366	-2.3554	0.767933341351109
37.32	-2.9559	-2.0473	0.137980673184198
36.358	-3.1915	-4.9347	1.48505854265135
18.772	-12.196	-3.1299	1.53369355293226
32.75	-10.422	-2.8005	-0.77750830316506
36.785	-1.4031	-3.5604	-1.0488325788078
35.477	-1.5291	-5.0441	-0.389697510509273
28.024	-11.618	-3.2678	-0.188086430771312
38.028	-3.372	-3.8422	1.08564371551763
35.983	-6.7157	-0.25748	0.421254719417057
37.675	-7.2641	-2.5191	-0.247407977495198
38.285	-6.068	-1.6478	0.153375102188223
37.648	-2.9954	-2.6871	-0.566146335216717
36.758	-6.2914	-0.49534	0.182312217889488
37.3	-4.165	-1.6175	-0.58351730082426
27.805	2.13	0.2655	0.492884161148099
33.741	-1.9733	-5.4226	-0.596428474475144
36.11	-7.4497	-1.499	1.645
37.13	-3.482	-3.5833	-0.737093579386365
37.065	-7.2034	-1.1197	-0.414780912819905
35.676	-1.5634	-5.343	-0.561901061190077
25.634	-1.2253	0.94194	0.998435793306005
36.345	-2.7504	-1.3676	-1.645
35.006	-5.2704	-0.66318	1.645
21.515	-0.82075	1.3352	1.53211604126564
36.934	-7.1197	-1.3898	-0.707931714135942
35.563	-2.7773	-0.24283	0.849059818929029
37.173	-2.6245	-3.9132	-0.784595150788457
36.387	-2.0945	-4.6511	1.27848886882275
35.784	-2.114	-0.96068	1.645
37.664	-3.9756	-1.3644	1.645
33.453	-9.9212	-3.2833	-0.123169457101136
28.418	-11.12	-3.9506	0.612161839227051
35.617	-3.9137	0.42156	-0.565253888296192
35.863	-2.4069	-2.5622	1.645
35.028	-7.1752	-0.66195	-0.198929851269589
35.812	-5.4805	-0.52955	-0.415198655927974
35.948	-1.8128	-5.129	-0.782817758025823
36.383	-2.5713	-5.1106	0.23060545016611
37.161	-6.9458	-4.105	-0.557682026576423
33.48	-0.64767	-5.7709	-0.992477973359691
36.767	-7.3284	-1.2693	-0.609795179975216
34.688	-1.4445	-4.5017	-0.140105565664197
35.727	-1.6297	-5.1851	0.621419846690992
27.955	2.3396	-0.87238	-0.535145502562092
33.377	-10.479	-2.644	-0.402708111738117
32.498	-1.6331	0.075498	0.88467006157032
37.362	-2.3661	-4.0574	0.0581623861327594
37.957	-5.771	-1.0749	-0.0157287644256452
36.775	-7.7189	-0.67347	-0.864983350351843
37.412	-4.5111	-2.4789	-0.171084438223351
36.828	-7.5118	-1.7764	-0.193493983572397
34.807	-9.2413	-0.70097	0.760016641985817
37.16	-6.5484	-1.2193	1.645
36.12	-6.8519	-0.23334	-0.141674870158756
38.418	-4.7373	-1.7362	0.132932314154567
33.209	-1.3065	0.58739	-0.664775467013429
36.674	-2.2954	-4.338	0.222173045465983
36.732	-2.5374	-4.5019	-0.729744886279595
37.642	-6.2693	-1.2363	-0.916167442142953
34.288	-1.2429	-5.9811	1.08511032163397
34.357	-6.5455	-4.6842	0.270908175727658
33.459	-6.2113	-5.0877	1.645
34.398	-1.8175	-6.1834	-0.719732069365548
28.402	1.6858	-0.84161	1.645
36.054	-8.1439	-2.2738	1.14647116088049
36.711	-5.4696	-0.059321	-0.272129213090306
36.851	-6.8	-1.1773	-1.08681291736168
38.242	-5.918	-2.1091	0.17558641803285
37.137	-3.3898	-4.8805	0.441238387315253
37.779	-6.3044	-1.8107	-0.666654547927058
34.925	-1.4506	-5.7603	-0.525319905456163
36.307	-6.6518	-5.0565	1.645
37.216	-7.7869	-1.3901	-0.312108709344967
34.201	-6.8832	-5.1613	-0.530752279609281
37.024	-5.0281	-5.0016	-0.662857743763747
31.076	-10.596	-3.1788	-0.19145102920561
37.732	-3.9914	-1.8724	0.304195976425396
28.05	2.1178	-0.84351	-0.848554146779832
29.068	1.9082	-0.13313	-0.688919248114132
38.105	-6.1144	-1.8308	-0.973197032931178
31.208	-10.341	-3.9103	-1.08976813733269
37.164	-3.1932	-4.4762	-0.380775506904155
35.947	-7.6318	-0.92707	0.0842121127592918
26.384	-11.718	-3.1602	-0.903807518894484
17.539	-12.176	-3.6076	0.432124053493705
27.847	-1.0006	-6.7591	0.196066374623057
28.06	-11.31	-4.1272	-0.477231682464351
26.252	2.4373	0.2568	-0.311687209878733
36.415	-1.8489	-3.4901	-0.907959614135114
36.414	-6.6305	-0.54073	-1.10168970657464
36.926	-6.1455	-1.226	-0.732227473089836
37.013	-1.3675	-2.5758	0.711224843761809
31.516	-1.6663	-1.0651	-0.150930215443937
23.685	-0.6064	0.95115	1.34390564399606
27.546	2.3168	-0.11179	0.121231426275741
36.582	-3.2051	-5.0006	-0.57449745690851
37.103	-6.8195	-0.88503	-1.07720475664606
36.399	-7.0935	-1.8265	0.704173319839381
35.481	-2.2084	-0.77026	-0.868092027949463
27.377	2.5778	-0.06166	0.489031918521312
29.712	-0.9678	-6.7499	-0.533337921678376
37.899	-7.3266	-2.9614	0.0909835684869622
36.681	-7.6883	-1.3233	0.103600254563146
36.539	-6.8839	-1.4043	1.10923966485928
36.927	-2.4784	-4.6331	-0.715543320778392
37.289	-5.8562	-1.1742	-0.051968265290332
36.35	-1.06	-3.5694	-0.123686645473593
36.839	-2.8458	-4.6107	1.242276017553
34.409	-9.3628	-3.4874	-0.431471023345489
21.749	-12.082	-3.1072	-0.372599797533123
36.479	-2.3034	-4.7111	0.204575223830302
35.35	-9.2134	-2.9742	1.02341573660901
37.069	-7.3037	-1.1191	0.618368848524507
37.293	-2.0806	-4.0461	-0.85908323552454
37.112	-7.3561	-1.2594	1.43206448275046
35.298	-7.0473	-0.77197	-0.545186218191896
34.237	-8.2289	-3.8283	-0.637198360321502
38.056	-5.1676	-2.5888	-0.412515244574984
35.642	-2.2581	-5.5624	-1.2555358281232
37.132	-6.4566	-0.84542	-0.293418545873096
33.381	-2.7503	-0.92077	1.645
36.842	-7.1254	-1.1484	-0.53801502714835
36.903	-6.0825	-1.1782	-0.852628132386093
36.19	-1.7172	-3.5639	-0.140331469446887
34.92	-2.2908	-0.34357	1.645
38.043	-4.5569	-3.3936	0.0816651996356473
35.541	-0.99494	-3.919	0.426779156628941
37.769	-5.0176	-1.871	0.132237457702255
35.269	-8.6907	-0.96378	1.2546131117708
36.885	-8.2585	-1.4113	0.0482279950936603
34.961	-9.0902	-2.5955	1.645
36.838	-3.1052	-0.58324	-0.601466563081179
27.664	-10.9	-3.9195	-0.956887406386277
23.422	-0.66444	0.89025	-0.586381969525366
29.878	1.9333	-3.6835	-0.138687341794724
38.515	-5.1784	-2.2231	1.645
38.137	-5.8416	-1.5113	0.935412167555131
37.654	-2.3191	-2.4915	-0.685965592604458
35.139	-7.3104	-0.6746	0.390727597812082
29.667	-0.36181	-6.2471	-0.630112099072566
34.572	-9.5317	-2.8881	0.967887947131832
36.627	-2.2565	-4.6513	-0.00588028647202888
38.041	-6.1191	-1.0396	0.319691551448195
35.898	-7.0416	-0.93679	-0.0788882321244945
33.998	-7.9864	-0.16569	0.599601093458562
35.179	-4.4275	-0.35156	0.682321913809408
35.475	-6.9959	-0.76676	0.660463782173242
32.07	1.4293	-2.3833	1.40078487214116
35.045	-8.4451	-3.0206	-0.364247385922961
36.626	-6.7312	-0.7282	-0.859817381750224
28.783	-1.1034	-6.5278	-0.569272593195755
35.933	-8.4365	-1.8553	1.645
32.506	-10.224	-2.3987	-1.3074073646713
34.744	-7.6455	-4.2175	-0.714755434154779
35.716	-8.4489	-2.1184	-0.334171610105142
31.72	-0.96702	0.3544	0.857652895956418
36.751	-6.7733	-0.83624	1.1253418331881
26.305	2.5123	-0.34699	-0.651916648486949
37.254	-3.0555	-4.385	1.645
34.17	-1.3725	0.13005	0.78086086594076
36.772	-2.0808	-3.8427	0.523273735476795
28.764	-0.51537	-6.6424	-1.05461984888724
38.014	-5.9577	-1.8809	-0.76009489893962
34.574	-3.6874	0.49795	-0.24902629220321
36.293	-1.505	-4.5643	0.138425625854746
36.234	-7.6629	-0.97961	-0.61780795635301
34.65	-7.5723	-2.293	0.37802198682017
36.083	-8.5847	-3.8822	-0.637585291107153
27.103	-1.7895	0.51807	1.34276486946965
36.16	-3.0067	-5.1595	-0.529895744331539
33.832	-9.4165	-3.2844	0.639450721941332
35.349	-1.7696	-4.8635	-0.898002815723179
37.166	-4.2299	-4.5378	1.645
34.808	-9.1052	-3.57	-0.761324135784816
35.873	-6.1718	0.076158	0.294220011758785
35.622	-2.128	-5.639	-1.14998157429921
37.437	-6.1818	-4.1612	-0.706884122921067
36.152	-7.3342	-0.95071	-0.486791682419091
35.261	-1.5128	-5.0484	-0.625788108377822
33.824	-9.9319	-3.7705	-0.449533655174201
35.159	-5.0452	-1.1061	-1.01918584196836
30.039	-10.6	-3.9322	0.876156172855912
30.135	-9.1454	-4.2499	-0.33045904437505
29.138	-11.188	-3.8476	-0.0214775860103424
35.92	-6.9901	-0.49628	1.645
31.224	0.17342	-5.7504	-0.13548737022408
35.622	-3.6657	-1.0615	1.24269300641726
37.487	-6.2291	-1.7669	-0.438098397435319
35.929	-8.1243	-1.4357	-0.262166839860403
33.353	-0.15211	-5.6436	0.514834038802901
34.134	-10.156	-2.7773	0.123764174794744
35.54	-1.4891	-4.931	1.645
34.026	-9.7903	-3.2879	0.737889645299476
36.626	-5.7911	-1.2278	-0.580758230003813
24.178	-11.704	-3.6301	-0.0445682181387293
37.404	-5.4861	-1.3972	-0.514135046251144
33.892	-0.68384	-5.8885	0.19994275088565
24.368	3.7988	0.25655	0.186163570624823
25.316	0.0397	0.96357	-0.81446555571524
36.37	-2.9592	-4.9675	-0.295202218070772
36.177	-2.5183	-1.6875	-0.297664349068408
34.494	-0.21675	-1.9609	-0.341332625767404
36.989	-2.1522	-4.4694	0.99152831406054
29.538	-10.738	-4.0519	-1.37099324633462
37.198	-6.5255	-1.0386	0.467067239980789
36.164	-7.808	-2.0116	-0.586322554604826
26.615	-11.683	-3.4185	0.48236330044574
35.959	-8.016	-1.3819	-0.596858719252434
37.27	-6.2276	-1.1357	-0.37390769730183
36.454	-6.533	0.32032	0.0253180661739785
36.452	-2.8956	-0.53636	-0.119664472896301
33.279	-10.124	-3.4263	-0.300971963006079
26.736	2.6919	-0.6298	-1.177143795439
37.768	-2.7583	-2.6984	-0.479952900031138
35.59	-2.7801	-5.4654	0.202421219197242
37.579	-7.1001	-2.0947	-0.762937598391376
36.093	-8.6628	-3.2445	-0.0729593489179159
33.734	-9.5652	-3.4776	-0.216702689191424
38.216	-4.6273	-2.5373	1.645
27.089	-11.553	-3.8875	0.812453976562896
32.801	-10.494	-2.9191	0.00285413919039092
38.241	-4.5629	-4.0563	-1.39796988600853
37.785	-3.759	-1.4766	1.645
38.276	-5.2348	-2.0977	-0.529662983080011
37.742	-3.366	-3.0438	1.645
27.815	-0.57083	-6.707	-0.173056308518476
28.23	-0.50422	-6.5389	0.521991168398955
29.63	-0.92416	-6.7941	-0.754164131958332
33.189	-2.0783	0.76822	-0.922220243743228
34.078	-0.040589	-5.3448	0.12087806211221
36.923	-2.6406	-4.693	-1.47938437903709
30.923	-10.273	-3.951	1.00079107612734
33.454	-0.75361	-5.856	-0.560889062281916
37.946	-3.4073	-2.4633	0.409067980406296
24.271	-12.112	-3.4109	0.0399871687259662
36.432	-7.4201	-0.80639	-0.0126986392303006
35.365	-1.0409	-4.4356	-0.0243466790469733
36.627	-4.0545	-5.0559	1.645
36.92	-5.8143	-0.62305	-0.991912761314853
36.617	-3.1258	-4.9507	-0.205393688993453
35.936	-1.5523	-5.1143	1.645
22.13	-12.369	-2.9595	0.180641299712353
35.285	-7.5377	0.066807	-0.433457508228852
34.246	-1.9271	-6.1455	-0.874469420340969
35.563	-0.78294	-4.4159	-0.942685980941057
37.246	-2.3567	-4.2847	-0.963314785579262
36.836	-2.003	-4.5542	-0.10478871230577
35.681	-7.0142	0.034118	-0.939384636738321
28.476	2.3052	-0.21928	-0.864997149613707
36.702	-4.5632	-0.72328	0.117250895420759
35.022	-2.2931	-0.30106	-0.248771709203113
36.997	-2.8596	-4.6194	-0.19109449311429
31.828	1.1086	-2.2523	-1.31044983840464
35.129	-7.3311	-0.43908	0.274315985174369
35.687	-2.4359	-5.3201	0.747160561935925
26.988	-0.92323	0.91876	0.383481093907661
31.846	-3.3065	-0.63738	-0.708179876609351
33.401	-1.0653	-5.7202	0.743445256267878
36.04	-6.7814	-0.20054	1.08762499757449
34.114	-0.95412	-5.5611	1.51924230418724
36.599	-6.6278	-0.62335	1.54042122143156
37.135	-6.6056	-1.2216	-0.836798512052003
38.176	-5.8106	-2.8118	-0.769656899990418
37.58	-4.0989	-3.3811	-0.904329836778137
35.637	-6.7245	-0.37612	1.24115896943647
35.282	-0.54191	-4.5888	0.491991490710474
35.082	-1.3413	-5.5522	-0.556090028179064
35.866	-8.262	-4.0059	0.851170589240792
37.104	-7.4099	-0.84084	-0.771611168458707
35.513	-9.1151	-3.2543	-1.05410874309683
36.187	-7.133	-0.64214	-0.123756508403801
35.107	-0.70271	-4.7009	-0.125118269241241
37.184	-1.7013	-2.732	-0.652558965100221
37.267	-6.9481	-1.9059	0.287124250364211
32.963	-0.82231	0.13576	1.645
35.467	-1.2018	-5.1814	0.868567234128944
19.144	-11.629	-3.5846	0.929950949289684
35.444	-3.6749	-0.45329	-0.117020129320689
33.256	-0.209	-5.6186	1.42505271393204
38.277	-5.7043	-2.5148	0.211152478849881
35.262	-6.5396	-0.11959	-0.191094075232091
36.147	-2.2079	-4.9607	1.645
25.063	2.6942	0.50611	1.645
35.954	-7.1833	-0.97152	-0.0939511851830146
31.359	1.133	-1.4757	0.048641551056481
36.883	-3.2841	-4.7561	-1.28427933539272
37.07	-3.5895	-4.5398	-0.914893803268919
29.455	1.4441	-0.33154	0.0493783181327553
30.771	-10.607	-3.8479	-0.538803110617568
35.249	-6.5454	-5.549	1.08213718803303
37.709	-3.0288	-3.4199	0.0205917758726195
36.433	-4.7672	-1.4114	-0.604994342865991
27.534	-0.34665	-6.4868	-0.630147455590893
36.086	-7.7136	-1.5338	0.00408950294093125
38.056	-6.0844	-2.1369	-0.60195435878274
34.733	-2.7372	-1.1845	0.150702959156396
34.09	-1.9336	-5.9096	-0.911990035359028
30.214	-10.125	-4.3742	-1.04137274606753
36.733	-2.908	-4.739	-1.03595965729049
32.649	-1.5728	0.16861	-0.925546416540323
35.94	-8.616	-2.4003	0.755989484625895
38.211	-6.7695	-2.7243	0.458993767484613
34.473	-6.0424	-5.0366	1.05027035605244
36.627	-6.1571	-0.69163	0.757130041135074
36.064	-7.1385	-1.2273	-0.9666426155781
28.21	-11.078	-3.6007	0.0755923745620815
33.526	-9.8154	-3.646	-0.82167150986823
37.809	-4.4404	-2.6843	-0.0715095267173796
36.294	-2.8729	-4.9081	-0.132743992798846
36.932	-2.2441	-4.676	1.645
34.882	-7.8087	-4.7386	-0.441415359898807
36.476	-7.382	-1.0621	-0.307094104805901
37.275	-3.0113	-4.2995	0.697878629543894
37.16	-7.4515	-1.5202	-0.529301003868805
29.493	-2.0896	-0.37662	0.0623160983002588
36.008	-4.144	0.37998	-0.627853262731956
33.871	-0.68123	-5.6772	-0.688636095577589
26.97	-0.27744	-6.7405	-0.624290983664797
34.878	-7.421	-4.5206	-1.08632389172104
36.796	-7.0838	-1.2456	0.30767416356539
36.362	-7.0014	-1.1047	-0.453421491000003
20.626	-11.99	-3.1838	1.645
37.31	-7.5264	-2.6178	-0.114364858820991
30.671	-0.85242	-6.8893	-0.318051748242141
16.859	-12.177	-3.2421	-0.964950236313462
36.905	-4.2578	-0.4808	1.3165037527451
35.511	-1.8353	-5.3157	1.645
21.085	3.772	0.79139	-0.527808604759258
37.367	-3.737	-1.2535	-1.08662836351809
36.651	-7.5829	-1.2475	0.814762867099443
35.014	-8.2377	-0.58041	-0.48466205655169
36.616	-6.8313	-0.47681	1.645
36.201	-2.0957	-4.461	-0.261161698068807
36.759	-7.1446	-0.57465	0.243849106631715
35.043	-1.2339	-5.4064	1.645
36.334	-6.388	-0.29077	-0.728079481691994
35.239	-3.0074	-0.11223	1.645
33.832	-8.7472	-3.3011	-0.965125962481877
29.377	1.7668	-0.97623	1.645
36.531	-6.2769	-0.45093	-0.923422523870901
35.735	-6.5504	-5.0381	-0.699116508365707
36.185	-8.2947	-3.287	-0.981586438580308
30.382	1.5907	-0.49021	0.694943489124659
36.292	-7.3381	-2.103	-0.315087147848749
30.558	0.84485	-0.90212	1.03618331507323
