30.252	-10.709	-4.2735	-0.413199596466307
37.784	-3.0457	-3.1938	-0.724200631276477
35.233	-1.7225	-5.4094	-0.322278428853392
36.304	-5.6636	-0.46282	0.536863212044187
34.958	-1.4558	-5.6443	-1.29119768464886
35.711	-7.1492	-0.48083	0.0740538607298202
35.577	-2.1617	-5.7207	-0.994832321034427
30.384	-1.1125	-6.3906	-0.973793031347703
35.662	-6.8765	-0.14067	-1.01421953550348
37.208	-4.7836	-0.79393	0.00398845989777008
35.031	-0.73919	-5.3013	0.374059832395257
30.639	-1.4277	-6.4224	1.41676411351653
30.396	1.5929	-2.7118	0.318999274849884
37.36	-1.9229	-3.4248	-0.6857928081534
38.053	-4.9272	-3.8114	0.951478314592527
25.215	3.2448	-0.1568	-0.0877952832466508
37.946	-3.3618	-3.7233	-1.01939274557366
36.345	-3.4584	-0.40195	-0.416980247014016
29.468	1.8323	-1.3242	-0.522415839346371
35.221	-8.5458	-1.1697	-0.317273313261916
37.076	-4.767	-1.1442	-0.165986821737523
38.1	-6.0953	-1.2467	-1.26795810691214
37.421	-4.2265	-4.3602	-0.00308246710569922
37.609	-6.1563	-1.2378	-0.247528509049112
29.628	1.4832	-0.091737	-1.36517568462846
30.886	-9.9839	-3.954	0.0102756453386391
36.237	-7.9567	-0.56517	1.45090406009188
38.043	-6.8756	-1.8666	-0.668332842549987
37.508	-3.0489	-2.1855	-0.842531279097316
38.329	-4.7319	-3.6869	-0.510434547077444
34.7	-1.2137	-5.6412	0.823715719900609
38.1	-3.8544	-2.0497	-0.714689758954632
35.969	-7.2747	-0.90899	0.072380476292392
27.088	0.10397	-6.6888	0.213063259502436
37.973	-4.0567	-3.8317	1.42903346588085
27.649	-11.462	-3.5438	-0.947492589453052
35.681	-8.7417	-2.8366	0.459864545739887
27.506	2.6504	-0.70193	-1.645
29.352	-10.501	-3.6657	0.505085799719963
36.904	-6.9214	-1.6942	-1.15844320836126
35.473	-9.362	-2.7353	1.645
36.27	-3.1772	-4.7845	1.645
28.019	-0.25125	-6.6692	-1.645
33.485	-9.167	-3.831	1.645
34.236	-10.016	-2.8261	1.09597117211443
33.449	-0.6842	-5.706	-0.361254713583391
36.817	-3.992	-1.0023	-1.49944584277772
36.439	-2.5243	-2.1194	-0.372316508243564
34.364	-0.084456	-4.3062	0.615560520919718
35.596	-0.68966	-4.4515	-0.502796441828178
36.24	-2.3286	-1.4169	-0.744705424916637
36.865	-7.6925	-1.6333	0.153940044120387
37.22	-6.5674	-1.1292	0.529825520461262
37.897	-4.8967	-1.5729	1.645
35.228	-2.001	-3.9949	-0.709395516881076
33.384	-0.71081	-6.05	1.645
36.605	-7.0821	-2.621	0.295359600874329
34.196	-9.5363	-3.2052	0.970472786945399
30.378	-9.9318	-4.0164	0.743304073433769
35.451	-2.0421	-5.2604	-1.24415133725917
37.029	-6.5279	-1.0449	-0.474797067755306
36.22	-7.0306	-1.8249	0.468350362508374
35.361	-7.6139	-0.68234	-0.22883758985688
37.68	-3.1829	-3.9933	-1.0054783582204
34.157	-1.6204	0.0068926	-0.494630138722548
37.485	-7.2194	-1.5734	0.467202823131169
36.966	-5.8746	-2.2644	-0.565436940337872
36.318	-6.8931	-3.2431	-0.332524303363178
34.278	-8.7974	-3.7387	-1.25017054407945
31.307	-10.824	-3.7747	1.645
37.731	-4.9146	-1.0312	-1.0360971577024
23.754	-11.761	-3.3614	0.598220216754185
36.647	-7.5774	-0.80506	-0.324708487304309
37.798	-6.4612	-2.1662	1.02931443892495
37.754	-3.583	-4.2792	1.645
35.975	-7.482	-0.79263	-0.129422447816726
37.505	-6.6685	-2.6847	0.705761691187523
35.53	-1.198	-4.9193	-0.526725816308341
37.23	-3.1353	-2.1204	-0.447760476982086
36.382	-2.1964	-0.9519	-0.718107106412657
24.761	3.1961	0.59405	-1.21869865809507
33.85	-8.5339	-4.1833	0.982310557323275
31.588	-10.845	-3.7152	0.237095111009487
34.348	-1.5875	-5.124	0.292847892329291
35.855	-8.5351	-4.1011	-0.0844812307783445
35.188	-7.5203	-0.50527	0.0221792553124512
29.408	-0.87213	-6.5897	-0.551397372604616
29.318	-10.906	-4.083	1.645
36.734	-4.8522	-4.9762	-0.475212558910435
36.425	-0.63911	-3.5397	0.0694538470215013
35.68	-4.0853	-5.459	-0.562567328959123
37.21	-7.0648	-0.9211	-0.662732971430009
35.97	-1.7404	-1.3486	-0.288483290308665
36.73	-2.8421	-4.3338	-1.09549154751798
35.127	-8.9068	-3.2601	0.377434574874105
34.516	-1.442	0.39769	-0.0476362367167914
26.621	-0.41676	-6.7491	0.502077872395111
33.447	-0.099584	0.24688	0.283377826139402
35.417	-9.3933	-3.2228	1.645
37.061	-6.5184	-1.2337	-1.02317903780206
36.761	-4.0431	-2.5386	-0.0462938833964016
36.51	-6.2637	-0.54518	-0.400382404243095
36.466	-7.3544	-0.70317	0.002471096403889
28.861	-2.2487	0.5869	-1.645
37.211	-6.4572	-0.88182	0.136543788335129
37.444	-6.7964	-3.6172	-0.944697819838141
36.601	-7.2495	-1.0362	0.290778655634543
27.931	-0.28496	-6.5634	-0.0872231221044573
31.618	-10.13	-4.2517	0.709754740938215
36.223	-7.4272	-1.0084	0.765424406603116
29.629	-10.882	-3.5421	1.645
29.947	-10.855	-3.69	0.252933349622413
37.298	-6.2867	-4.72	0.684771192641681
38.155	-4.6891	-2.4946	-0.72502610333241
29.457	-8.1844	-4.6495	0.593274088182298
37.961	-6.4367	-2.1714	-0.0465190173788405
24.995	-12.011	-3.4335	-0.0514195610990155
37.283	-5.6156	0.019012	-0.408277807676157
36.059	-5.4499	-1.2052	0.0571755888263744
27.944	-0.12737	-6.92	-0.743333039900673
33.895	-8.0079	0.42918	0.162297876160043
34.547	-9.2514	-3.6529	0.975365491321937
27.474	2.3031	-0.87242	-0.937001680508749
36.897	-3.6054	-4.7352	-0.0166346360745558
34.858	-0.90232	-5.1763	-0.438751142236379
27.282	1.8772	0.36123	-0.171316094554009
26.937	-11.434	-4.0353	0.532593572544767
34.051	-7.057	-4.9855	-0.671627643763307
36.385	-6.6891	-0.91737	-0.604402632644055
36.707	-6.8401	-1.3848	0.012983074171735
36.43	-6.2279	-0.72841	-0.142741584701359
37.485	-6.1472	-1.8209	-1.00584981327259
37.336	-4.2892	-1.3951	-1.30640200890845
36.534	-2.8847	-3.859	-0.405679107318602
36.765	-2.6537	-0.90358	-0.48534109423074
38.365	-5.7093	-3.163	-1.11236478891083
26.795	-1.38	0.76789	-0.907292673264364
37.736	-7.0645	-2.0451	-0.478181627830123
27.947	-11.622	-3.3485	-0.686670428402501
29.441	-2.4441	0.42788	0.930244549956381
34.545	-0.57259	-5.36	-0.167046624107292
37.192	-7.2199	-0.97104	-1.01716046380859
35.643	-1.0173	-4.7475	-0.128896290067132
29.467	-10.775	-3.9691	0.545967825875941
36.573	-8.3132	-1.1099	-1.21629013237845
36.38	-6.6055	-0.06572	1.2852859387827
36.872	-7.3054	-1.1125	-0.514003912969823
31.012	0.82625	-1.0063	-0.228783551784169
33.073	-10.383	-3.0347	1.645
33.721	-9.813	-3.1666	1.15629884474212
36.514	-2.8311	-4.6458	0.385509676747714
26.728	-2.4993	0.37058	-0.0039725929107463
35.137	-7.474	-0.47603	-0.87826792995246
33.092	-2.3509	-0.10809	-0.307810958450504
30.162	1.0924	-0.59141	0.0716162470212138
35.653	-8.8056	-2.0148	0.708842246126528
37.55	-2.3992	-4.0514	-0.922959982065972
28.167	2.2203	-0.26485	-0.291776816612774
37.262	-7.6743	-2.5575	0.312493669916243
28.68	-0.5989	-6.5866	-1.04573342348975
36.82	-6.8749	-0.3813	0.208543876151011
37.969	-4.1044	-3.9668	-0.325287752867295
27.04	-0.27364	-6.8262	-0.16772844456428
35.876	-2.8084	-4.9303	-0.673357073236022
36.613	-7.1136	-0.79163	-0.140678557139558
29.461	-1.419	0.7187	-1.12291163836215
33.343	-10.105	-3.3928	1.645
35.407	-6.9301	-1.0617	1.48173049076917
36.67	-6.252	-0.26205	0.502257231116276
36.115	-6.9508	-0.31193	-1.03683360419973
30.193	1.2549	-0.92182	-1.10261553327111
36.741	-6.2321	-0.25214	1.645
35.394	-6.7244	-4.8998	-0.651903346704336
35.901	-7.5783	-1.5121	1.2384620703689
36.212	-2.8864	-4.4424	0.13649244590975
36.519	-6.8297	-1.8835	-1.645
36.757	-4.3829	-1.9128	1.51828986821581
37.299	-4.6356	-4.2258	-0.151666243256766
36.961	-6.9266	-1.1732	1.09321475070582
35.464	-9.2253	-3.2972	0.151090438445874
35.372	-7.55	0.094466	1.645
37.434	-3.8318	-1.858	-0.353121332082693
37.432	-2.5769	-3.2596	-0.598579612969162
35.832	-1.7551	-5.3572	0.268117488057206
34.841	-1.1825	-5.6789	-0.229868431008414
35.748	-1.2876	-4.9432	-0.410587277067606
37.279	-7.3662	-1.4602	-1.21191869247426
33.607	-1.7542	0.66326	-0.13439678717079
36.366	-7.7739	-1.273	-0.158120250418324
29.524	1.8227	-0.21233	-1.28379305522751
24.281	-0.95431	1.6062	-0.744675098525362
37.71	-3.7762	-3.6003	-0.35697697327168
37.127	-6.706	-1.4274	-1.25457961780361
37.568	-3.1113	-4.1591	-0.707787010761645
36.105	-7.3621	-0.27467	-0.602656950434708
36.68	-3.1089	-0.80076	0.282849364556513
37.185	-5.435	-1.2468	-0.0572318917580306
35.352	-7.529	-3.7597	1.32552212031797
37.144	-2.5994	-2.8073	0.832404655151406
36.629	-7.321	-0.79914	-0.818799955805007
29.709	-1.2098	-6.7267	-1.47895098792181
28.639	-1.7463	0.11451	-0.756463636171204
33.884	-9.4559	-2.2002	-0.304118481295534
29.769	-1.6298	0.65782	0.242988481748101
37.081	-2.2684	-3.7777	1.645
36.206	-7.2978	-1.6692	1.645
25.402	-11.378	-4.1255	0.0930379958849725
37.885	-6.1483	-4.0581	1.44544261621021
31.038	-10.399	-3.8462	1.645
36.67	-6.0862	-0.60603	1.61105567225997
34.412	-0.72442	-5.3799	-1.22639091888345
29.81	-10.35	-3.8864	-0.522315963587392
33.106	-8.9881	-4.6548	0.586607103034091
29.473	-0.48085	-6.5681	-0.688881489144974
35.74	-1.5646	-5.2828	1.60124728339437
37.574	-2.8168	-1.8882	-1.31423251963672
32.89	0.72047	-2.1587	-0.951563365952282
36.778	-6.6332	-1.1096	1.05673904657883
37.034	-3.681	-5.0419	-0.52750402851913
27.479	-1.1421	0.8687	0.487331544784257
35.114	-8.5241	-4.0748	0.218185295995432
35.997	-3.0534	-4.6892	-0.612725416491293
36.301	-1.469	-4.8456	0.129632835496094
33.033	0.14127	-0.89016	0.0651702892245234
35.769	-1.0613	-4.7791	-0.0121036569538098
24.668	-11.654	-3.2159	1.03498967418621
28.566	2.1575	-0.46418	-0.610430183219016
18.476	-11.922	-3.6567	1.29187525237545
31.902	-10.188	-3.1425	1.12402448882514
35.592	-6.7005	-0.93449	-0.740353624995301
34.055	0.053927	-3.4849	-0.887035677372732
29.642	-1.2463	-6.7948	-1.645
37.359	-2.1066	-3.8716	-0.35269680452563
28.656	-0.89458	-6.9293	-0.444785925262154
37.672	-6.7785	-0.78609	0.112262897236443
35.668	-7.5501	-1.0858	-0.186650415112882
36.261	-6.8152	-1.5389	0.344467835322619
36.834	-6.7319	-1.2722	0.947820856548302
36.996	-7.5969	-1.0678	-1.01611490482336
30.542	-6.0829	-5.3952	1.645
35.304	-0.72865	-1.7241	-0.369008725794561
32.167	-10.434	-3.3169	-0.272365320846396
37.241	-6.6798	-1.5083	0.312474182761418
37.692	-3.8642	-3.9815	0.514787376907974
36.295	-7.3641	-1.1927	1.61691743939216
36.177	-1.3727	-4.7834	-0.84640730967301
35.221	-1.4667	-5.6054	-0.918681161232568
36.195	-3.0407	-2.149	0.690732375297665
20.821	-12.156	-3.2601	-0.506598647474166
28.31	-11.059	-4.4058	0.898968152029189
37.112	-7.4161	-1.9881	0.334658223802029
35.304	-6.792	-4.5462	-0.540527666376963
31.554	1.5166	-0.70294	-0.21789878566405
35.332	-3.4379	0.25797	-1.011628296918
33.492	-9.8817	-3.9009	-1.23755109195246
37.411	-6.3305	-1.4893	1.29239084875205
35.78	-6.7263	-1.6317	0.763060424618302
33.448	-0.77411	0.15523	-0.948844108602397
35.375	-5.2242	-0.81239	0.304172033225349
33.301	-0.8584	-6.2191	-0.978198646105129
33.996	-0.50546	-3.2843	1.43690939563489
36.135	-7.0239	-0.50614	-0.0973389167534159
35.965	-2.0548	-5.2201	0.0436325326618097
36.394	-6.1789	-1.2919	-0.0589356943474049
37.406	-4.8724	-2.8986	-1.45153706634555
36.04	-7.8278	-3.3901	-0.00993668274872427
36.003	-7.4847	-0.98669	-0.340928158850078
37.505	-3.3844	-3.665	0.0073301474644962
38.095	-4.4114	-3.0289	-0.941986618321618
28.845	-0.3391	-6.3215	-0.633618801454305
31.873	1.1603	-1.4668	-1.0003888000291
37.224	-5.958	-1.089	0.130988423831557
37.745	-6.0125	-2.6235	-1.26262991886207
32.761	-10.279	-3.5803	1.645
35.146	-6.8688	-1.1453	1.645
22.237	-11.81	-3.5527	-0.521786250144808
36.309	-1.0166	-2.6914	-1.645
32.789	-9.4975	-3.0511	1.14723723447652
38.051	-7.0224	-2.7249	-0.51890787141347
37.117	-7.0294	-1.3152	-0.138599260258037
29.757	-0.67542	-6.5392	-0.71262563409495
37.809	-6.3381	-1.42	0.416637882946179
37.268	-4.9914	-0.25184	1.49718304274489
37.709	-3.5095	-2.5169	-0.443732236944559
29.359	-1.6151	0.50232	-0.758591132069068
35.72	-8.5251	-3.5035	1.645
35.965	-1.3746	-5.0021	0.0159331898692946
36.316	-4.3292	-0.2157	-0.892784740449368
32.677	-8.7274	-4.1685	-0.979247091307146
38.36	-5.3256	-2.9136	-0.524051517573861
36.221	-7.3412	-4.4751	-0.354515898911227
34.415	-6.8325	0.075148	1.02053478452182
28.368	-0.59665	-6.7559	-0.581377065435166
36.759	-3.5836	-0.81804	0.4092133490223
34.095	-9.7839	-3.228	0.20801666667436
37.368	-6.4768	-2.9922	-0.715222616276285
37.332	-7.2515	-3.8961	0.115696432581609
35.258	-5.3219	-5.4431	-0.155110669032829
36.321	-3.9637	-0.27042	-0.517167363543159
36.03	-6.7396	-2.2656	-0.276586374764891
36.297	-6.6218	-1.3064	0.251649376448918
36.623	-2.2417	-4.4946	0.230277511808632
30.035	-10.734	-3.8263	0.549812571551489
36.66	-6.6386	-0.37036	0.990235930938386
21.515	-0.27706	1.74	-0.746572953968468
33.103	-10.306	-3.7632	-0.417748158479161
36.952	-8.0395	-3.7747	-0.850481318664467
22.571	-0.57713	1.5151	1.24986354574846
37.393	-3.4946	-4.3244	-0.880355277945058
29.076	-11.036	-4.0158	-1.09358779461411
27.77	-11.555	-3.6482	1.645
37.578	-3.8494	-4.4812	-0.109372108914887
37.42	-3.8425	-1.2864	-0.904831398348687
26.936	-1.6129	1.3973	-0.759985013603818
36.112	-7.3194	-0.71772	1.04485635010502
35.791	-7.0583	-0.31701	-0.266583394890539
30.4	-10.876	-4.4696	0.0777820290043467
35.159	-1.6508	-5.7185	0.697926127651835
36.861	-1.5517	-4.234	-1.43903687931938
26.877	2.3493	0.26303	1.01220722999202
20.474	-12.495	-3.206	-0.401780597136403
27.177	-2.3797	0.14023	0.688172733328791
37.496	-2.3662	-2.2257	-0.799091391747542
34.893	-8.2576	-0.2879	-1.16580019611695
26.716	-11.636	-3.9302	-0.457908021169567
34.889	-7.5416	-4.5362	0.216203330248821
36.442	-8.308	-1.1302	0.622350005900472
35.773	-7.8802	-0.81617	0.376892238768203
37.317	-6.8573	-3.3818	1.645
36.102	-3.0749	-5.1304	1.2454374564733
37.105	-2.5589	-3.5756	0.205097504993937
25.809	-11.625	-3.7767	-0.171149238613583
31.857	1.6245	-3.1076	0.543968783854892
26.788	-1.3344	0.7076	0.356471391576347
37.049	-6.6954	-1.5441	-1.20548883289262
30.72	1.4517	-0.34053	-1.645
27.045	2.3681	0.63953	-1.09575822897966
20.617	-0.3175	1.6639	0.932142697554584
37.887	-5.396	-1.5637	1.15605110299848
37.858	-5.3791	-3.9756	1.645
37.652	-4.4151	-4.0434	0.889586964871281
29.685	-10.994	-2.7076	1.56494795022498
33.751	-10.254	-2.9882	-0.615999528567738
33.908	-0.57427	-1.1263	-1.15752275434588
36.426	-7.9875	-4.213	0.381507193114677
33.919	-7.0507	-5.0645	0.246822229024357
37.54	-3.8517	-4.3804	-0.282529854938367
35.577	-1.6453	-5.4049	1.21546612805149
38.032	-3.8433	-2.5224	1.645
26.259	-0.18253	-7.0548	0.575276728507387
35.993	-7.0808	-1.3785	0.279812736435058
34.187	-1.4715	-5.6999	0.423967453280063
38.371	-4.863	-2.051	-0.151264835071485
36.918	-7.5758	-1.5006	0.36443068257588
36.473	-1.6404	-4.767	-0.527728123289267
28.657	-0.49517	-6.6234	0.539982993991905
36.394	-7.593	-0.62675	-0.32852915865529
36.478	-7.1979	-2.0881	-0.22261258351721
35.184	-9.2901	-3.1965	1.645
33.753	-9.4761	-3.5559	1.13293577647476
38.074	-4.3028	-2.4632	0.72774786909961
36.292	-2.6554	-4.4174	-0.493851512144841
37.272	-6.8375	-1.1314	-1.645
33.715	-9.6432	-2.123	-0.21768490585604
35.237	-0.69076	-4.8874	0.390355097545815
24.414	-12.142	-3.2013	-0.666181607489733
37.569	-6.5148	-1.4642	-0.734828134586755
36.96	-6.9343	-1.0159	0.656048803007265
37.294	-1.9809	-3.4145	-0.184286466746202
37.737	-6.611	-1.2513	0.979499727944449
37.08	-2.6979	-1.4846	-1.3207869701598
37.508	-7.0244	-1.8393	-1.31374961637214
37.038	-4.3294	-1.0892	0.608116799982063
34.492	-7.3364	0.24994	-0.168670395767483
27.619	-11.723	-3.0238	1.645
37.109	-7.0105	-0.90472	0.670342581917336
33.954	-0.85081	-5.874	-0.987672377712606
25.499	-1.9116	0.89186	-0.937832812943374
33.203	-10.02	-3.7952	-0.965288204537236
36.949	-4.5689	-2.2549	1.20613973765925
38.43	-6.1105	-2.4777	-0.597027247950941
36.281	-7.2612	-1.4428	-1.0443349471643
36.205	-2.6511	-0.80731	0.216039961585615
31.294	-7.8077	-4.7166	-0.729631302875103
28.036	-0.32208	-6.6729	-0.685805368634154
37.033	-2.5461	-1.0928	0.29489660827418
33.627	-10.262	-3.7998	1.645
28.89	2.0927	-0.92713	-1.29935430049077
36.811	-6.4165	0.35144	0.421399382858623
37.011	-5.9559	-0.4383	-1.40963277171999
38.201	-3.9247	-2.182	0.331318206761955
36.854	-3.5895	-4.6313	-1.04490366547831
37.373	-6.9962	-0.69014	-0.126348113630367
38.149	-5.5533	-1.2842	-0.373120811449936
36.144	-2.2189	-1.1147	-0.45937147973594
35.14	-0.37334	-2.7565	0.320229411697578
36.902	-7.0363	-0.65284	-0.0530355732546882
36.446	-6.3734	-4.8093	0.444730176425007
36.044	-8.7182	-2.4083	-0.0490838362695452
34.719	-9.8405	-3.3063	0.107361254822428
36.437	-3.6993	-4.3082	0.234241726033163
34.532	-1.6199	-5.9276	-1.645
24.371	-1.4143	1.2245	-0.716451834913277
27.162	-11.286	-4.1317	-0.379822975122928
35.233	-8.8871	-3.1131	0.548574803216451
34.886	-6.2481	-5.5571	0.638851511746127
34.45	-9.2067	-3.1109	0.10543355370858
35.822	-6.391	-2.1782	-0.342354381826743
35.733	-1.9219	-0.14499	-0.991829568333644
35.874	-8.6177	-1.8043	-0.471732333311523
34.192	-8.3314	-3.5638	0.489134063162789
37.948	-6.3604	-1.6608	-1.59068074101329
35.228	-8.4952	-3.2171	-0.963466544801083
34.806	-6.9562	-0.62806	-0.59283679191101
26.345	-1.1055	0.5634	-0.729624514311974
25.296	-0.72466	1.6146	-0.0409991381989586
37.422	-3.4628	-2.3274	-0.964261912523194
28.048	-11.488	-4.1721	0.602312643124832
37.105	-3.6061	-4.5524	0.144221696850799
36.419	-6.6899	-0.5559	0.192433494373097
35.34	-2.5809	-4.242	-0.981083658286578
33.407	-9.7397	-3.9947	1.645
32.896	-9.6574	-3.1526	0.711999202159682
36.359	-7.4549	-1.0004	0.718458274951633
35.12	-1.2742	-2.8903	1.04635545873522
37.498	-3.5547	-4.4466	0.630108313878497
36.054	-7.6498	-0.76852	-0.827705897306566
37.167	-6.6659	-1.13	-0.188039752346255
37.129	-4.2692	-2.0975	-1.30295208027205
36.978	-1.6567	-1.9199	-1.28175144341466
29.606	1.5715	-0.54431	-0.396095778326251
33.643	-1.3637	-2.5897	-0.94628812103767
34.789	-7.3388	-0.54573	-0.662023665122967
28.725	1.7036	-0.72164	-0.313477401726581
24.712	2.8802	0.58317	0.164942131026718
36.593	-5.8661	-0.6886	-0.0313456120117983
36.284	-1.8405	-5.0251	-1.33227886432049
29.893	-1.3723	-6.5831	-1.40800729808615
36.546	-7.4554	-1.1895	1.645
35.946	-6.5489	-1.2203	-1.13735355550426
36.537	-6.8783	-1.0337	-1.645
20.317	-12.541	-3.2969	1.645
34.361	-1.276	-5.9627	-1.15149761042177
37.923	-3.705	-3.5402	-0.431064958130416
37.259	-3.0075	-4.4835	-0.0884643809352154
37.096	-3.0514	-4.6541	0.241424095419605
34.849	-9.695	-3.414	0.115933270349418
38.398	-5.8134	-1.1318	-0.594772405897027
24.003	0.13853	1.4663	0.471047672849013
37.122	-3.4666	-4.8168	-0.312125634656262
36.732	-7.2218	-0.73825	1.3534884019676
33.778	-8.1256	-0.58235	1.645
31.849	-10.422	-3.1593	0.56550629625908
37.14	-3.9296	-2.3872	0.199994972164422
36.72	-6.1892	-0.64828	1.47383124388753
36.229	-7.0194	-0.57746	-0.903283824619869
31.782	-10.612	-2.5976	0.232879269882541
33.339	-3.0923	-1.8954	-0.93268814173615
31.845	1.0033	-1.1008	-1.0356068134021
34.623	-7.9058	-0.21977	-0.5536994127144
36.82	-6.9642	-1.231	-0.465248768257508
38.141	-4.2786	-2.7783	-0.106616680169999
36.231	-6.2373	-5.1256	1.45128032063008
36.289	-2.5821	-5.4333	-0.685236142306842
37.38	-3.0814	-1.6637	-0.493234598093741
35.425	-1.3523	-5.359	0.985021237959647
35.754	-8.7903	-3.0805	0.0847272414028133
36.588	-2.8971	-0.65573	-0.0820929501104429
28.461	0.98628	0.17033	0.798142777882245
36.185	-1.9151	-5.1717	0.0106101972537602
36.577	-3.213	-5.146	-1.37965407272272
36.786	-8.3038	-2.0017	1.57431074767745
37.997	-4.8692	-1.9471	-0.506724991342284
37.103	-6.7509	-1.4273	-0.162681184514206
38.09	-4.6696	-3.7878	0.344039165058622
25.277	-1.3055	1.488	-0.819753295034185
36.099	-2.2894	-4.5739	1.645
31.698	-1.481	-6.3148	-0.566509123683059
37.265	-6.8089	-1.3866	1.04209852962321
32.951	-2.1329	0.73755	0.219167427752749
35.127	-9.5065	-3.6642	-0.76154168701478
36.16	-6.4134	-0.87063	0.81161761978358
37.729	-4.9993	-4.3855	0.829201297325378
32.13	-10.432	-3.3767	1.11160329697373
37.573	-3.3045	-2.1576	-1.31381056958275
37.755	-3.5724	-3.9847	-0.609649431974535
37.348	-6.6439	-1.5268	0.651737278919611
37.925	-7.2268	-2.1791	1.645
36.177	-1.8567	-5.0243	0.456570960800579
37.795	-6.7263	-1.3088	-0.0855025826302643
31.65	0.84958	-1.5053	-0.603836484135289
36.07	-7.6448	-1.1824	1.34571335614333
22.184	-12.39	-2.6067	1.645
30.247	-10.532	-3.9948	0.454893553567387
37.393	-6.592	-1.4972	0.190082711819252
37.554	-2.4907	-3.7862	-0.680431696691106
37.201	-7.6178	-1.6684	0.187640653792368
30.283	-1.7556	-6.5862	-0.247827949529206
25.356	-12.145	-2.9767	1.645
35.172	-5.0249	-0.59907	-0.835631280567693
37.305	-7.1596	-1.4898	0.568420034426558
35.947	-3.498	-4.6138	-0.496477040619959
33.207	-10.28	-2.8261	-0.197435724461774
28.016	2.2856	-0.45016	-0.823066607389662
22.195	-0.52443	1.9394	-0.73195586924475
35.802	-9.2502	-3.1529	1.645
36.956	-7.4289	-1.0991	-0.651322213076671
38.171	-4.4907	-2.327	0.893556402668742
36.092	-7.0394	-3.7643	0.651446047752385
26.98	-11.301	-3.1408	0.813087479536578
35.669	-5.378	-5.4118	1.42914959099683
34.864	-0.4048	-2.0771	0.999280976322849
36.613	-7.0288	-0.34779	-0.642662553928832
31.329	-9.8618	-4.0712	0.0343915790077598
36.769	-3.844	-5.1959	-0.159564420400142
30.827	-10.451	-4.0079	1.645
37.061	-7.7577	-3.156	1.645
34.483	-1.1037	-5.7561	-1.02323768072267
35.73	-7.9709	-0.66978	-0.35837696133221
26.612	-11.577	-3.6266	0.88106703589152
36.745	-7.1831	-2.3689	-0.982915174857649
31.359	1.2267	-0.79001	-0.00693318698637822
34.084	-5.1555	-0.37926	-0.990168533954844
38.29	-5.6387	-2.4153	0.743422309863813
22.106	0.18732	1.8667	-0.966975952919766
35.735	-6.692	-0.29731	-0.570397460446553
17.095	-12.321	-2.8753	0.892295743738885
36.501	-6.4825	-0.69156	-0.765501458337094
26.577	2.4753	-0.54886	-0.7150020028449
37.219	-2.0424	-2.5208	-0.566930829699535
36.172	-0.92643	-4.2247	-0.319347263376196
37.095	-4.2397	-4.9509	0.265569956881557
33.674	-1.1195	0.1615	-0.480216392331072
36.517	-7.0275	-0.29672	-0.858200860040332
31.972	-10.291	-4.3015	-0.35463562630925
37.138	-4.5323	-4.5154	0.0957074612444478
32.883	-8.6579	-4.8132	0.70394380784345
33.946	0.48495	-2.0193	1.12840299742487
33.226	-8.1007	-3.0252	0.94351492961701
36.037	-8.4397	-2.6454	0.241448287316485
32.196	-1.6907	0.61627	-0.859163130025988
27.763	-0.19828	-6.7383	-1.18133125199572
36.339	-6.8364	-0.98471	-0.156487243871405
32.65	-0.74971	-6.2361	-0.980185570132944
36.261	-2.6379	-4.6789	-1.645
35.636	-9.2272	-3.3149	1.645
37.07	-2.1273	-3.4271	0.824431178415259
36.04	-8.1498	-3.5092	1.42853785436627
37.255	-6.7602	-0.97143	1.645
33.652	-9.6058	-2.9365	0.518347307190566
35.983	-8.1255	-2.4158	0.178521383960264
34.944	-8.9841	-4.1297	0.3216099191545
33.04	0.80558	-4.2231	-1.30390571645595
37.059	-7.1464	-0.47755	-0.305440225816702
35.629	-9.285	-3.1762	-0.859642336481875
37.101	-2.5892	-4.5559	-1.08436360454881
33.365	0.518	-1.5642	1.18700256034847
37.799	-3.4383	-3.9197	0.918404504050678
37.502	-6.2755	-1.1577	-0.0458268099396853
37.352	-7.3788	-1.6396	-0.0433602721587955
34.537	-0.89781	-0.21511	-0.746383857383214
34.933	-9.2861	-1.8374	-0.182232083120186
34.882	-6.9392	-0.59267	1.42567811326806
28.051	-11.463	-3.9954	1.31999143849484
38.583	-5.346	-2.3082	-0.707156846261481
35.765	-2.3939	-5.2168	1.1824970223784
35.587	-2.51	-0.4416	-0.458531260031879
37.18	-7.2877	-2.0295	-0.75059643098732
36.955	-6.6936	-0.62468	0.551076120494874
33.145	0.72644	-3.0346	1.645
36.358	-1.9963	-3.3979	0.364817987519817
35.264	-7.1588	-0.50919	0.669309925534142
34.658	-0.62976	-5.3143	-1.44417013037951
36.36	-2.2355	-0.98092	-0.620153716601409
36.834	-7.6649	-2.6837	-0.0767073129853621
21.132	-1.0722	1.3773	-1.07819680046468
13.152	-11.939	-3.2046	0.0636161720977792
36.426	-6.7145	-0.56541	1.21326751475346
36.807	-6.8513	-1.4331	-1.28584439386713
36.444	-7.3508	-0.80357	-0.617047648624076
35.638	-1.1759	-3.9446	-0.474184775519229
27.737	-11.284	-3.2202	-0.740193765048819
36.113	-7.5229	-1.1566	0.808300864211615
34.689	-0.28268	-3.6521	-0.244002648723747
37.379	-3.6702	-0.92475	-0.423217989746736
38.099	-4.1749	-2.0066	-1.645
38.276	-3.9029	-2.2387	-0.766299532898174
35.502	-5.9782	-1.6541	1.645
36.584	-6.9242	-0.77023	-0.192056856328371
35.672	-1.7917	-5.3377	1.38844712027603
36.752	-3.5477	-2.6273	0.156830164931284
34.205	-9.6351	-2.6179	0.457053919687466
36.673	-7.7313	-1.7312	1.02658607847117
34.93	-7.4385	0.28604	1.645
36.492	-7.1408	-1.0361	0.587404773035559
37.788	-4.174	-1.7582	-0.670427895375639
36.965	-3.0487	-1.9398	1.645
38.23	-4.9132	-3.4835	-0.532004270627895
36.663	-3.1631	-0.3802	-0.65944717029795
33.099	0.055081	-5.2592	-1.20462755871748
31.239	-10.563	-3.4322	0.698103118989299
35.881	-1.4853	-5.1216	0.124821116399699
33.57	-8.7984	-2.8098	1.645
37.128	-7.3755	-1.516	0.228685158034501
33.552	-9.7298	-1.7604	0.0405335930207421
35.169	-9.4052	-2.0994	0.389073376639074
33.728	-7.5046	-4.2941	0.396639495505547
31.148	1.1191	-1.7657	-1.44663790919686
36.1	-5.7452	-0.9397	-0.933251586823716
14.2	-12.25	-2.7913	1.645
33.449	-0.70302	-0.86649	-1.25558780407514
36.735	-2.0513	-4.5974	-0.866868297441431
37.97	-6.9158	-1.8538	0.348378278992925
37.271	-6.6982	-1.6293	1.645
36.379	-3.7123	-1.4074	0.00815641995720161
24.282	-11.844	-3.4144	-0.277777824756618
36.613	-3.0796	-0.94265	1.645
35.771	-6.6465	-1.0204	0.0582178851358821
29.6	1.593	-1.8446	1.21587900880805
37.883	-2.6633	-2.9858	-0.957733177645106
31.258	-10.897	-3.3516	1.05526932503528
28.835	-0.9672	-6.622	-1.15784546143905
26.632	-11.363	-3.9523	1.14741620139548
34.045	-9.3825	-2.7884	0.177887540084017
36.668	-5.7643	-0.36006	-1.05106898558916
33.156	0.051677	-0.95287	-1.61642316439543
33.764	-0.71277	-5.7633	0.102598694440907
35.295	-7.3557	-2.6164	-0.324937636460401
34.803	-7.3818	-0.18694	0.619853982806402
34.462	-9.6263	-2.7398	1.13251162348823
35.186	-7.3743	-0.73991	0.553901039491948
36.568	-6.7341	-0.43936	-0.430621721456063
37.311	-7.1319	-2.484	1.39783878485346
24.603	3.0977	0.72789	-0.128416614074582
30.903	0.73487	-0.78254	-1.12494275875937
36.998	-6.8792	-0.55387	-0.00273868391437746
33.493	-0.10664	-5.5756	-0.0684724077471477
38.411	-5.9434	-2.5654	-1.14476238209292
23.875	-11.581	-3.7265	0.0416825886516413
31.882	0.099737	0.85538	-0.0611085678849231
31.935	-9.6442	-3.1092	1.1313959842499
26.959	-11.641	-3.4896	0.484304932865574
27.536	2.4938	-0.31686	-0.741396383486766
37.244	-6.5933	-1.2809	1.645
29.127	1.8274	-0.60295	-1.43655143891884
37.126	-1.7498	-4.0023	0.838449351328137
37.964	-6.7002	-1.5893	0.794471306207586
29.648	-0.84476	0.71673	1.15014443187573
37.316	-6.1483	-0.43037	1.645
37.077	-7.9142	-1.4075	0.51937054840045
33.288	-0.28058	-5.9272	0.206505321676862
35.647	-8.0758	-4.3618	-0.796855300787055
36.307	-7.1819	-0.72469	-0.460266384147553
37.012	-7.3768	-2.6185	-0.289107776745853
29.6	-10.915	-3.8914	1.31822375873786
37.241	-3.7254	-1.2785	-0.455662855741268
36.381	-6.3235	-0.97449	-1.46432903535529
38.228	-5.9979	-2.4075	1.08660050284669
29.683	2.3099	-1.5653	0.688233936693575
36.092	-3.3609	-0.37577	-1.645
36.459	-2.2777	-4.9212	-0.751855744347866
26.628	-11.465	-3.5706	0.609148529450976
37.597	-4.7139	-4.268	0.305271710402735
37.638	-2.9456	-1.7393	-1.4592358075543
36.825	-5.2081	-2.5948	-0.641090004298688
37.001	-3.1956	-1.9825	-0.921222064344017
35.376	-7.6203	-0.86273	-0.735745895677544
29.737	-10.997	-3.7093	-0.558575370979771
36.646	-6.9621	-4.4572	0.307061414892341
35.599	-6.7579	-0.15719	-1.645
31.82	-1.1205	-6.6025	-0.024305256966794
36.406	-3.0178	-1.5552	0.47899358658989
33.897	-9.3231	-3.4479	0.560180426847593
32.105	-1.7627	-0.10838	-0.724929430899996
36.277	-7.249	-0.71106	0.0398840487347045
36.737	-5.862	-0.77037	0.0505822341471879
36.388	-6.8777	-0.40505	-0.540360215656735
37.261	-2.7718	-4.19	-0.20082306302199
31.621	1.471	-2.1952	-1.645
37.684	-3.9188	-3.9944	-0.547908991688922
24.924	3.2424	0.63254	0.331450300527195
35.866	-3.3966	-1.9231	0.242930104573259
27.767	2.2237	-0.43318	0.533223826831448
35.011	-9.3326	-3.6961	1.17696151481557
36.754	-3.0007	-4.6999	-0.356992894130348
28.246	-11.364	-3.9274	0.0889330039299882
28.058	-0.40419	-6.5521	-0.553545214148016
36.427	-6.7942	-0.72939	-1.00283386396231
38.176	-3.9397	-2.3623	0.228708690839224
31.848	-10.514	-3.7276	0.838092268515865
32.421	-9.9028	-3.8736	-0.688350334122171
37.445	-4.4388	-3.7318	-0.100784616993263
35.951	-1.7764	-5.2628	-1.645
35.052	-2.3438	-0.25459	-0.248955827547658
37.046	-6.6266	-1.4054	1.29686027439816
35.805	-0.27107	-3.7675	0.132600292085462
37.018	-2.1404	-3.4635	0.0341578126792633
29.485	-11.04	-4.0291	1.645
34.963	-0.91573	-4.2992	-0.854694569556775
35	-8.9277	-3.0689	1.00056277543943
37.03	-6.9054	-0.89318	0.406442070153467
36.998	-6.6701	-0.68066	0.122179266781162
28.959	-10.732	-3.9835	-0.742366303552919
28.796	2.6423	-1.0447	-1.22610781075639
35.607	-1.8209	-5.5017	-1.645
29.049	2.1374	-1.2587	-0.967911369469991
36.564	-7.3469	-0.8169	-0.557792016048885
37.58	-5.6603	-2.0723	0.163707377467672
31.865	0.77388	-1.3397	-0.704954584915328
29.143	-1.0016	-6.5471	-1.35691705238976
27.258	0.22043	-6.3336	-0.975094164708026
35.159	-8.7272	-4.1003	0.105307998864596
35.815	-7.8946	-0.37288	0.22978384824419
37.493	-3.1652	-4.0554	-0.633665918975751
36.963	-3.5361	-2.5995	-1.05171133664029
37.393	-5.8686	-0.98026	0.63345006316896
37.813	-3.2192	-2.0258	1.31992937663339
37.005	-7.4155	-1.2923	1.39792906222269
36.678	-7.6703	-1.4146	-1.22880780235146
36.409	-6.576	-1.957	-0.0818050542556141
36.077	-2.6253	-4.9514	1.10506596837051
36.243	-3.5794	-0.21717	-1.645
36.026	-6.626	-0.1023	1.645
36.241	-3.1487	-1.2023	0.115968653703533
26.151	2.5267	-0.32816	-1.27193163474609
37.961	-4.5137	-3.6152	1.645
34.751	-2.076	-4.7894	-0.689949101947699
35.408	-1.3801	-5.2085	0.0757049052711784
31.983	-8.192	0.43924	0.059618553451523
37.348	-4.3808	-3.4643	1.645
25.224	-11.867	-3.7074	0.691787426881482
29.185	-1.0694	-6.7569	0.20647263772046
34.119	-1.5572	-3.3554	-0.867233425864714
35.665	-1.1446	-3.4708	0.594197403388878
37.853	-6.0901	-2.2477	0.998912025401405
36.103	-2.9022	-4.7952	-0.784089017602107
36.835	-3.5596	-0.94827	-0.645018532389314
36.17	-7.445	-0.85062	1.645
26.906	2.3831	-0.26394	-0.510375957294166
36.06	-7.5642	-0.4854	-0.263006474988051
37.14	-4.964	-4.1295	0.249981642303794
36.254	-2.536	-4.605	0.132948350715877
37.401	-2.788	-4.0256	-1.01647707670706
36.424	-7.281	-0.91605	-0.0284264243838928
35.811	-7.1054	-0.26252	0.021483863450335
35.131	-7.9391	-1.5386	-0.150042583071628
36.196	-2.2167	-5.2777	-1.36602562980131
35.143	-3.4181	-0.3143	-0.346937175043283
35.111	-2.7285	-5.6907	-0.319332259217514
38.008	-3.2008	-3.5752	0.33799362832622
35.136	-0.6424	-1.0237	0.678788151773071
35.689	-6.7757	-2.8578	-0.0836799474923166
29.713	-1.3836	0.57155	-0.166997114301764
30.906	-10.083	-3.4443	1.645
34.883	-4.4287	-1.5223	-0.129457365134223
38.086	-4.8205	-3.8928	0.167538604075117
37.501	-3.63	-3.2459	-0.878068905682267
35.843	-6.6108	-1.5401	-0.211795970839163
31.505	-10.677	-3.5357	0.542086569075444
37.16	-6.6232	-0.7396	-0.671671495026254
36.42	-7.2465	-0.79641	0.696029633668221
31.917	-9.7447	-4.6294	-0.593036812520588
37.031	-6.9763	-1.0374	0.0685194780993819
38.265	-5.2641	-1.6418	0.18488111024205
37.023	-7.7618	-3.0738	-1.10491350135534
35.848	-8.0086	-0.74692	-1.02697841787509
37.359	-3.4721	-4.3656	-0.390599152642206
37.919	-4.1884	-3.3612	0.979926368956343
31.151	-10.386	-3.707	1.645
37.056	-2.086	-4.1943	-0.500257378456715
38.006	-4.5622	-1.6132	-0.212436468660975
36.625	-3.1859	-5.035	-0.605615912542651
22.994	0.17768	1.5887	-0.734461476391168
37.974	-3.5713	-2.2629	-0.282449134917025
35.991	-7.1105	-0.27884	-0.116510596567262
34.046	-7.7115	-0.99998	0.00198451834618308
28.049	-10.987	-4.007	0.85320863097457
24.626	2.8702	0.65734	0.492368106910908
35.883	-6.8386	-4.8344	-0.214825892894144
36.537	-6.301	-1.1695	-0.836250151254046
36.684	-6.916	-0.54257	-0.71291432571012
36.131	-6.7703	-0.6249	-0.57360464057214
36.721	-7.1728	-1.6014	1.645
36.291	-3.2826	-5.4975	-0.528379688808996
37.998	-6.5588	-1.1578	-0.109528584404359
37.407	-3.279	-1.2402	-0.880821167637789
34.719	-0.76652	-0.38087	-0.495164380364492
24.667	-11.97	-3.4268	0.769232405645368
36.562	-7.8558	-2.4601	-0.339537031424574
34.523	-6.4037	-5.2684	1.04980501540864
36.344	-2.7243	-5.0541	-0.869395644609005
28.704	-1.2358	0.73461	-0.0192986372405841
35.112	-8.381	-1.5627	-0.625797369322624
36.561	-8.08	-2.507	-0.715651413555069
29.101	1.8205	-1.2912	-0.8519583964218
35.878	-8.1252	-1.6888	1.04282222520689
33.057	0.84632	-2.7147	0.749235192782042
33.546	-0.34527	-5.445	-0.918401331096057
31.882	-0.57295	-5.8092	-0.817630648019525
24.91	-11.954	-3.5912	1.27533614758861
38.382	-5.4187	-2.2298	1.35937614051557
35.342	-0.84757	-4.9727	-0.483729659291665
34.619	-5.6944	-5.4814	-0.654055765906981
36.436	-7.5013	-0.96146	1.50982791647067
37.02	-3.3083	-1.0167	-1.41948249842299
34.806	-8.8901	-2.973	1.44534102908743
34.347	-0.98887	-5.2431	0.210586744513938
32.922	-10.36	-3.0592	1.645
37.436	-2.0099	-3.387	-1.60698059975629
27.802	-0.52154	-6.6001	0.548564941946794
36.324	-7.7981	-3.4379	-0.704790110544112
33.436	-1.2899	-6.2745	0.480126292472543
33.177	-9.7487	-2.9992	0.819893893448336
27.274	2.4161	-0.10539	-0.636580281173042
25.93	-1.2025	0.87789	-1.44232174708574
36.272	-2.8487	-4.1937	-0.14184615131525
37.157	-2.2965	-4.1908	0.492363913327401
30.682	1.0168	-1.2092	1.2753491108894
34.541	-2.8555	-1.6681	-0.637444729581009
33.291	0.40457	-1.8331	0.939774228833419
37.406	-4.0066	-3.9598	0.494123780612946
24.997	-0.66669	1.1359	-0.91286533578522
36.12	-6.4143	-1.0835	-0.259003320817103
34.659	-1.9863	-5.9829	-0.613071293054014
36.488	-7.3251	-2.3262	-0.48313457330957
27.032	-11.414	-3.9168	-0.463868195848101
33.231	0.16905	-5.6528	-0.562650871156615
35.542	-6.5946	-1.1652	1.645
36.53	-7.222	-1.5122	1.645
35.769	-1.7993	-5.2612	0.256287415306715
35.546	-8.9878	-2.0374	1.645
36.791	-7.3313	-1.4707	-0.141244556316186
29.891	1.399	-0.59674	-0.0761815194445682
35.835	-5.3318	-5.5868	-1.01295345591022
28.257	-0.68969	-6.8239	0.0583749705427345
37.377	-6.8635	-1.8859	-0.14030764621729
27.464	-11.751	-2.8039	0.840118363018398
28.168	-0.41404	-6.7192	0.785212063037532
37.75	-4.869	-1.3026	-0.308616698678554
35.944	-7.7459	-1.3209	-0.585775916959398
38.082	-5.3314	-2.1137	-0.466352985205376
33.007	0.29962	-0.29684	0.313597503970377
38.541	-5.8464	-3.3132	1.645
36.802	-7.1285	-0.91854	1.41029775285081
37.28	-2.8613	-4.4514	-0.582381623310743
27.788	-0.7983	-6.5807	1.01051627207311
29.504	-10.993	-3.853	0.199202284004237
30.43	-10.246	-3.9492	-0.310555458048204
35.675	-7.1694	-0.86933	0.587286197179328
37.326	-5.6839	-4.4112	1.645
36.829	-3.054	-4.6771	0.831214288850457
37.127	-7.6054	-3.972	-0.331222209018236
32.465	0.75286	-1.4389	0.149429079169416
33.046	-8.5364	-0.65937	0.283129574790464
32.73	-10.178	-2.8586	-0.00321717307063088
34.579	-9.3204	-3.3467	1.61985501045618
33.708	-1.6614	0.33322	0.248070448557019
37.264	-6.7331	-1.3042	-0.508607913373991
33.378	-9.128	-3.986	-0.742399525183103
36.682	-6.2436	-0.22291	0.126138264915136
30.821	-10.162	-3.2975	-1.04789691569589
36.51	-8.369	-3.6788	0.877293151314719
24.884	-12.03	-3.7199	1.10570425436251
35.633	-2.7754	-0.42644	-0.326458484927143
36.718	-6.6751	-0.98773	-0.20390135121856
35.556	-2.9167	-0.96308	-1.17945869416017
27.416	-11.642	-3.608	1.645
35.042	-7.5012	-4.9165	0.108485634168862
37.034	-2.7736	-2.7544	1.01762379081213
37.879	-3.3745	-3.9897	0.0323621219541466
28.693	1.9418	-0.84665	-1.18685126273486
36.863	-4.6665	-0.57369	-0.0800928523605544
37.196	-2.9731	-1.8959	-0.895185979470956
28.874	-11.12	-4.0281	0.450505512771877
37.449	-6.7361	-1.3597	-0.744356317623978
35.503	-6.2815	0.51715	1.12068064905013
24.869	-11.715	-3.337	-0.122435515618273
37.136	-6.9179	-0.88602	-1.16964970076374
37.548	-3.7864	-2.5541	0.537514451897099
36.034	-7.4432	-0.97491	0.180477725963485
37.937	-4.7004	-4.0766	0.788955587286441
35.013	-1.0942	-0.74452	0.428757498789596
37.172	-5.7699	-2.3884	1.2235412614167
37.69	-2.9721	-2.3396	-0.833073367616005
36.99	-7.0988	-1.0916	1.645
32.325	-6.7771	-5.2843	1.55875741244336
36.596	-8.2474	-2.108	-0.798272198098546
34.624	-9.1756	-3.8766	0.509271825016819
36.626	-3.6918	-0.73483	-1.645
36.301	-7.5684	-2.2311	0.021747361540158
35.615	-2.2489	-4.7724	-0.558347315781188
37.742	-5.3859	-2.9074	1.645
36.329	-1.779	-4.8389	-1.645
33.853	-7.9412	-4.2012	-0.543633654298157
36.495	-7.6701	-0.95526	-0.808988167983071
32.664	-10.854	-2.59	-1.1245499167283
34.45	-0.82641	-5.3395	-0.476732244628286
31.683	-1.2044	1.0754	-0.980365685696682
36.139	-7.2369	-0.64364	-0.890463198946002
37.14	-3.0531	-2.5682	1.63404814628097
37.645	-3.0373	-2.7639	-1.03798740221013
33.42	-1.847	-0.09335	-0.468649853642096
25.808	2.4843	0.20229	-0.0205933531722351
36.558	-3.477	-0.7264	-0.669053034712266
37.076	-2.1343	-2.4981	-0.77051854495826
37.295	-3.7665	-1.2328	-0.488005818716983
36.868	-7.3659	-3.4925	0.224685621296765
25.14	-11.017	-4.1427	-0.547336295518945
37.662	-2.5526	-3.9957	0.0344732579032334
37.251	-3.3098	-4.4526	-0.780810452701305
38.169	-4.0381	-2.3338	-0.263459951336629
32.388	-10.109	-3.1943	-0.420330483975528
34.469	-3.1586	0.16337	-0.367402819581226
36.915	-7.9132	-1.4713	0.196012918343263
28.759	-11.084	-4.2342	0.549492031230023
29.454	-1.0348	-6.7118	0.0178768217109573
36.981	-6.4968	-1.3048	-0.664688951227618
23.9	3.4724	0.17699	-0.508572897311529
36.503	-3.0435	-4.7703	-0.962305522933938
31.809	-9.8667	-4.0254	-0.931029556648118
36.414	-2.6558	-5.1461	1.53683979724686
37.586	-5.8647	-1.1041	-0.646071381025349
35.487	-7.1229	-0.32773	-0.280318363150917
27.695	2.5926	-0.75992	-0.262933781303034
36.496	-7.1131	-0.84695	-0.714386084868278
36.57	-1.9504	-4.6956	-0.0229081213015247
37.89	-3.3009	-2.8666	-0.555163805304576
35.773	-3.3263	-5.1052	-0.669967615844786
36.89	-5.1349	-4.9182	1.645
36.339	-7.668	-3.0652	1.37639756936217
37.425	-4.7946	-3.5831	0.237204237733373
36.89	-7.2192	-1.1222	0.0650234279938331
36.973	-4.4217	-0.99545	0.77533056516192
18.117	-12.427	-2.7497	0.290706005368441
28.914	1.9943	-0.15523	0.98128505675359
35.884	-6.3224	-0.51641	-0.148476907475683
22.895	-11.764	-3.655	-0.239663402480893
29.674	1.9213	-1.1953	-0.812572250075918
34.349	-1.3018	-5.8695	-1.44899602383562
33.373	-6.1595	-5.613	-0.11964721320507
36.107	-8.3833	-3.8955	-1.46130579226833
33.708	-6.1344	-5.2625	0.24465008891871
25.941	-0.49807	1.7601	-0.731499519007764
24.148	-11.976	-3.5319	0.483380411458228
35.762	-2.4738	-4.9674	-0.999393143967955
34.387	-0.70831	-5.5504	0.702035667887526
37.663	-3.1052	-2.6371	0.0587311300125661
37.474	-3.0541	-2.0965	-0.154444124401928
33.383	-10.034	-3.4276	1.45428661535195
28.812	1.5111	-0.18542	-0.624889002472806
36.922	-5.6457	-4.9601	-0.499539338654851
37.488	-6.6095	-1.1444	0.379071477565929
28.073	-11.668	-3.1194	0.0160604628345902
36.91	-3.242	-1.1441	-0.355788072957512
36.175	-7.537	-1.5303	0.0530966129289163
36.358	-0.97953	-2.8211	-0.892272745628295
36.017	-3.9337	-0.15164	-0.422539048599398
38.576	-4.8825	-2.3728	-1.61403713498286
37.872	-5.7018	-1.026	0.00650755479314301
36.697	-2.4607	-4.6981	-0.774630598915297
36.349	-7.9935	-1.5244	0.461839018575676
37.175	-3.326	-4.0231	-0.196547483141415
36.928	-3.1836	-4.6119	0.831027777271063
37.756	-7.1614	-3.4233	0.899505683881829
37.301	-2.9975	-4.1287	-0.0924641101368027
30.193	1.1488	-0.66419	-1.37535872078072
28.46	2.2846	-2.1237	0.675303898017215
24.401	-1.0807	0.94528	-0.597334439986885
27.402	2.3625	-0.79184	0.488508853869557
37.872	-6.6212	-3.506	1.16810827442986
29.53	-11.489	-3.1516	-0.814270671054983
27.857	-1.7479	0.28644	1.194382700004
35.484	-8.9282	-1.9391	1.645
27.673	-11.413	-4.0307	1.19648318592256
36.204	-0.51726	-2.602	-0.547230106682458
28.13	-0.42296	-6.6429	-1.2937231308426
29.047	-11.285	-3.5116	1.39074832972227
37.948	-3.335	-3.8358	-1.03770355109854
36.671	-6.1766	-4.2952	0.649125671175902
36.841	-6.0594	-5.141	0.0120023582307465
36.965	-4.6772	-4.0313	0.262688618825178
36.056	-7.7506	-4.4819	1.36648484904229
33.524	-0.99915	-6.1235	0.378822310000371
35.209	-2.4738	-5.3197	0.228647490357231
27.447	-11.476	-3.9333	-0.197390170188789
36.676	-4.9225	-0.54227	-1.03756812453141
36.187	-1.3059	-1.2429	-0.663871967074522
29.373	-1.8565	0.38733	0.279438958735441
29.141	-10.738	-4.3405	1.645
37.819	-3.8939	-4.081	-0.524729645245718
35.461	-6.7856	0.21	0.403971254518769
33.537	-8.6364	-4.1537	-0.289989520951825
35.576	-2.7145	-1.1661	1.24111620676732
36.729	-7.5145	-3.1312	-0.259044918275764
36.088	-6.6977	-0.52185	-0.570250468178155
32.739	0.91199	-2.6954	-0.00257422806925955
37.836	-4.3579	-3.3202	-0.290288856896272
36.018	-6.3323	-1.1371	0.1241960147143
37.469	-3.0494	-4.2007	0.263104288836678
35.606	-2.0846	-5.5897	-0.116521257735261
35.933	-6.8829	-0.44488	-0.79835268240923
35.493	-9.2462	-3.3582	-0.428691176445452
37.53	-4.251	-3.1865	-0.696894499102138
30.092	-11.065	-3.1338	-0.338394955326578
32.99	-8.9546	-0.21807	0.491571808177878
37.519	-7.3869	-2.6661	-1.61522819586053
37.079	-6.2808	-0.77346	-0.891342369168726
36.022	-6.828	-0.57731	-0.931385916452661
37.918	-7.0786	-3.0856	0.343061670926581
28.343	-11.733	-3.5872	0.535207162074715
37.494	-5.8069	-1.0089	-0.52536365624062
34.273	-0.69818	-5.6839	-0.913042348748691
26.188	-1.2389	0.73822	-0.203686170969519
29.477	-10.678	-4.2809	1.645
29.977	-11.456	-3.3584	-0.0370069312824457
36.939	-3.7073	-4.6069	-0.0631774480738198
37.59	-3.4846	-3.6459	-1.08043739251685
28.11	-1.8263	0.47221	-1.645
35.99	-2.0913	-5.2288	-0.663066592132885
31.074	0.26967	-6.3372	-0.411350729522372
37.27	-6.4269	-1.0324	-0.491720376692353
34.091	-7.9047	-4.067	0.64256008011456
36.52	-7.3394	-3.0192	-0.742760831692962
37.4	-6.6576	-3.761	-0.112817835586947
29.113	-0.98121	-6.9442	-0.318995690849276
37.029	-4.7412	-3.0954	1.645
33.037	0.75239	-2.4438	-0.601457203362349
22.655	-11.631	-3.7513	1.36611361500936
37.766	-3.2181	-1.9562	-1.09958917123364
37.838	-3.7151	-3.567	-0.97789519200362
37.285	-3.4399	-4.4883	0.757478934255046
27.184	-1.4529	0.40133	-1.18854408059492
38.26	-5.4613	-2.6107	0.823636047272217
35.989	-1.6761	-5.1643	-0.762774126091533
37.247	-5.6924	-4.4819	-0.760424641504656
34.351	-9.3416	-4.3517	0.803986000298164
32.942	-10.187	-3.8424	1.35261010870023
36.258	-3.1272	-2.1291	-0.0585301801898484
37.522	-6.8014	-1.605	-0.289878559906345
34.875	-7.5634	-0.67985	-0.144869092806973
36.805	-6.8704	-0.46855	-0.126442601980162
36.438	-5.6209	-1.0791	-0.76550538232796
36.039	-7.5015	-0.37316	-0.782602395841374
35.992	-6.343	-0.027214	0.781804465124618
38.018	-4.0021	-3.4175	-0.978909038438089
36.085	-8.2433	-1.0166	-0.236169861573254
38.197	-3.1683	-2.8039	0.257180369789044
37.221	-6.2661	-0.70586	0.554563231002076
24.495	-0.80438	1.506	-0.936874069181294
19.894	-12.408	-3.0023	0.481477469503978
32.857	-1.747	1.0811	-1.05711004611272
38.182	-4.7359	-4.0348	0.363631436499592
32.564	-8.7826	-4.3392	-0.747799778363452
33.424	-10.297	-2.9498	1.10492577138303
37.001	-1.8216	-3.9956	-0.755145800609654
32.612	-9.982	-3.3678	0.626064067808897
26.104	2.9775	0.38525	-0.659649205500289
35.856	-6.2175	-4.9262	-0.425649055387926
34.29	-0.70505	-5.4116	-0.581396892147487
35.119	-8.7121	-3.9509	0.448899231741689
32.294	1.3388	-1.5872	-0.314362945133985
26.933	2.2884	0.38868	-1.14399185231694
27.989	0.13398	0.8053	0.106202515293774
37.348	-6.549	-3.1685	-0.00796721316914259
34.481	-0.83471	-4.8208	-0.882826211140612
36.976	-6.7599	-1.9741	-0.54514430991252
36.879	-7.3031	-1.1171	-0.385355430316346
37.988	-3.183	-3.7179	-0.0678900693979083
37.929	-6.679	-1.6821	-0.0140570808504369
35.328	-8.9384	-1.7754	-0.614670167229116
34.271	-9.6149	-3.6763	-0.496694966406876
33.023	-9.9253	-4.2566	1.645
36.927	-6.6277	-0.54409	0.881804258324382
37.587	-7.0356	-2.9008	1.04733382152705
36.719	-7.5573	-3.667	-0.599770290801827
37.13	-6.6506	-0.87502	-0.791153948320456
33.331	-10.091	-3.2853	0.829208852907975
36.513	-6.807	-1.1852	-0.548215854022129
28.452	-0.64826	-6.6807	-0.312755819524079
35.608	-8.7425	-3.6319	1.03826566887637
36.084	-6.9266	-1.1155	1.23661366054798
34.803	-1.1978	-5.5854	-0.99249397831005
30.623	-10.628	-2.3359	-0.171520912520493
34.746	-0.83355	-5.3832	-0.361412915292213
37.674	-6.0117	-3.9316	-1.12578866284096
35.239	-7.2057	-0.80222	-0.545967021344264
30.909	-10.532	-3.6165	1.645
34.081	-0.19025	-0.19369	-0.434646114412418
36.16	-6.2388	-4.6065	1.35626741104187
34.061	-9.7107	-2.6267	1.645
28.401	-0.6673	-6.6758	0.972272476388544
34.108	-1.3907	0.43458	-0.945079961160337
36.911	-4.0324	-0.88935	-0.629030563893081
36.133	-7.4211	-1.9201	-0.247383490761622
35.653	-7.9359	-0.91161	1.05935360277552
27.563	-1.7829	0.9933	0.567553902367481
35.686	-6.1698	-4.8122	0.658998752073901
35.599	-6.05	-5.0311	-1.645
33.647	-9.5361	-2.9473	-0.390628111677873
37.439	-7.1052	-1.3532	-1.28480784728773
23.069	-0.86413	1.3787	-0.805751984021343
37.717	-5.9636	-3.8253	-0.692474670964533
37.26	-1.8777	-3.7953	-1.08667111424064
37.331	-2.3602	-3.1346	-0.336397721352921
29.747	1.7848	-0.64182	0.355636471528636
31.26	-1.5383	-6.2118	-0.411531870534348
28.79	-0.60836	-6.4231	-1.47467013731567
28.577	-1.9917	0.59004	0.875939309079887
36.944	-6.5048	0.15745	-0.882558461829954
27.399	1.8644	0.060854	-0.904622790225781
34.571	-8.8569	-2.5749	1.10484108897181
37.024	-6.2246	-3.3113	-0.370942332935222
37.905	-5.2701	-3.6581	1.36683354876538
37.467	-3.1874	-2.2578	0.0130762276410757
35.937	-7.7764	-1.2843	1.43539555780806
37.269	-6.4643	-1.3187	-1.60316247339486
35.22	-2.8647	-5.4605	-0.110775801500111
36.327	-3.639	-5.216	-1.36500859115711
37.298	-5.8161	-0.65225	0.458192934422121
37.658	-4.6228	-3.5033	-1.06247904922422
33.532	-9.5404	-3.8361	1.645
38.11	-4.4154	-1.7878	0.164099319403724
33.965	0.34185	-2.8306	-0.820661328014863
18.681	-11.853	-3.5342	0.281500254832588
37.578	-6.9156	-1.9975	-0.136851982633868
22.178	3.5218	0.97528	-0.605512701778931
34.324	-1.491	-0.028499	-0.833006650584879
27.877	-10.224	-4.2064	-1.29998264403583
35.796	-7.3764	-0.93857	1.645
36.21	-7.1793	-0.91817	1.645
33.756	0.78472	-3.7174	-1.05187373654619
34.832	-1.3266	-5.3939	1.05276642004433
36.693	-6.5135	-1.0092	1.52235400878282
37.262	-3.681	-4.3805	-0.383719974769873
37.664	-2.5775	-2.7475	-0.905310884681967
33.114	-0.44001	-5.9828	-0.526751111546539
35.83	-8.0329	-0.94709	-0.191665828401519
37.168	-2.8936	-4.4433	-0.0789614057288797
37.252	-3.2123	-4.5515	0.0136810864715913
37.485	-6.3438	-1.5371	1.645
36.79	-1.1179	-1.9369	0.0837581146692278
36.986	-3.4192	-4.8641	1.645
28.187	-2.0153	0.64751	0.493563194713812
36.115	-2.5821	-0.79798	0.40199400450428
32.441	-8.4786	-4.6004	0.642610937527094
32.516	-10.186	-4.2238	0.0570391296180402
34.865	-8.7229	-3.4379	-0.711681544033693
37.744	-4.8284	-2.8158	0.767857314023365
36.311	-6.2684	-0.71261	-0.21573561734256
37.547	-3.1049	-3.4645	0.0769585208856133
38.079	-6.2421	-1.3115	0.670848206602971
37.974	-3.6555	-3.1281	-0.716603023714545
28.696	-0.68077	-6.8741	0.196182214944584
30.852	1.7849	-1.8279	0.478044951743958
34.821	-6.2335	-5.3327	0.227463296968394
14.631	-11.506	-3.6427	1.22513076719469
34.669	-0.46744	-3.1166	-1.3532093797271
37.859	-5.8203	-2.0456	-0.754508304594391
36.787	-5.5935	-0.20183	-0.732633666515583
36.693	-3.4679	-1.3316	-1.25796676411621
24.838	-11.328	-3.8629	0.347962825187011
35.763	-0.51963	-3.4807	-1.42319281124399
35.201	-6.4466	-4.6978	0.407952137659612
32.044	-10.644	-3.7583	1.3859809618057
36.194	-6.8002	-1.6144	-0.552175530121473
36.007	-6.7848	-4.2244	-1.21091698879617
35.927	-7.6408	-0.39627	1.43751416398358
35.868	-8.013	-3.1225	-0.312884488929952
36.808	-7.1617	-1.0805	-0.588563119883744
36.946	-7.765	-1.2246	1.645
36.325	-6.6188	-4.8643	-0.0600582240589451
35.549	-6.4596	-0.15332	0.174449370505296
30.435	-2.0178	-5.0573	-1.33308697853169
36.901	-2.8551	-4.7309	-0.855277042011357
37.149	-6.3657	-1.3475	-1.02283692831682
36.787	-3.2912	-4.7881	1.645
37.496	-2.7345	-3.0657	-0.676555906776794
32.833	-9.925	-3.8629	1.09736786734162
37.75	-6.5893	-1.4592	-0.878299618129539
36.038	-0.75241	-2.4819	-1.09876957072126
28.133	-11.456	-3.6026	-0.437292132099073
30.447	1.4981	0.012136	0.346775509677382
37.759	-5.8941	-2.4694	1.645
36.523	-6.9224	-0.55317	0.980995564248355
37.667	-3.3869	-1.5302	-0.844336176866372
35.259	-0.56743	-3.8436	-0.102264192158943
21.996	-12.117	-3.2949	-0.806647484405176
36.696	-3.7296	-4.7045	-0.489133221352133
36.844	-2.8627	-4.1771	1.645
35.141	-7.3093	-1.8385	-1.462939161639
37.236	-5.8353	-2.0778	-1.50324105738821
27.895	2.1727	-0.70999	0.0518567704723334
35.937	-7.577	-0.66075	1.645
36.415	-3.3798	-0.64911	-1.24424638551681
37.914	-4.9455	-1.6546	-0.552308819886834
37.81	-6.0972	-2.6215	0.531575666190415
36.059	-6.6724	0.099282	1.35868916437474
33.831	-0.82131	-5.9073	-0.786540098716252
37.488	-4.8809	-1.9614	1.2463829432252
34.309	-1.5814	-3.0886	-0.456802951347026
16.546	-12.122	-3.0507	1.24398766986587
26.475	2.8001	-0.13414	-1.10240141987591
36.584	-3.2355	-4.7375	-1.6406456394483
36.968	-3.0594	-1.5917	-1.30429518854373
36.022	-5.6927	-0.69924	-0.66097943452829
22.905	-1.2773	1.3333	-0.714004730451041
36.937	-6.6664	-1.0888	-0.265763495350006
38.435	-6.2835	-2.839	0.517832834390533
35.405	-0.70375	-4.8046	-0.787164411664927
36.121	-2.9466	-5.1363	0.364304140337697
36.896	-1.6696	-2.1151	-0.793694007809096
27.474	-0.29098	-6.7196	1.39632113887372
34.672	-9.018	-2.7887	-0.0937749778133348
36.78	-7.3321	-1.024	-0.979899108273379
31.309	1.3203	-2.1248	-1.645
34.816	-1.9829	-0.24815	-0.946404200114355
31.034	2.13	-1.503	-0.627168736445193
38.1	-4.3733	-2.6288	-1.01783892480196
33.506	-8.587	-3.743	0.445618288764731
36.038	-5.389	-5.311	1.645
34.702	-1.6396	-3.8829	-0.735242101400592
32.373	0.99622	-2.1654	-0.110711187989895
35.958	-2.3821	-5.0615	-0.0946720499545527
37.447	-2.7711	-3.2962	-0.872937103709341
34.224	-1.4421	-5.2872	-0.395440393944066
25.823	2.7506	-0.30933	-0.696710649187138
36.853	-6.3522	-2.1496	-0.238567865640128
34.92	-2.181	-0.95545	0.250819578661782
31.384	-10.126	-3.673	0.462730338524379
36.331	-7.1059	-0.41523	1.36395257755279
29.704	-11.031	-4.1478	1.645
35.609	-7.1077	-0.68315	-1.07313085662626
35.818	-1.2328	-4.9674	-0.516045730864367
35.623	-7.3392	-1.1323	-1.34912767666571
32.987	0.16537	-5.4076	0.102603214025185
36.38	-3.1166	-4.3906	0.732919156274786
36.763	-2.5223	-2.4664	-1.124601748995
30.806	-9.287	-3.5933	0.883159722542327
31.819	0.77723	-1.5751	0.227460093862132
34.867	-2.1455	-5.957	-0.403213835931272
36.432	-2.9785	-1.8557	-0.895174214966478
37.33	-2.1802	-2.9054	-0.265397215144068
35.886	-6.8034	-0.66589	-1.14427821584709
34.169	-2.2291	-0.29475	1.22591963913951
27.676	-0.63697	-6.9622	-0.233120351757878
36.642	-7.6993	-2.0698	-0.767382392168266
36.441	-7.3309	-1.0821	-0.408311416243701
36.404	-0.77396	-3.045	0.14763564061526
32.197	1.205	-4.1368	-0.293065643989011
33.119	-10.31	-2.9906	1.645
37.344	-5.4244	-3.918	1.05871336616556
30.026	1.6761	-1.1057	-0.179462239753316
37.878	-4.0903	-2.2179	-0.551915155403518
37.108	-2.6266	-1.3105	-1.06184860600885
36.482	-1.3979	-3.6565	-0.716831832266493
31.452	-9.1478	-3.2273	-0.722968792064322
35.595	-7.1083	-1.4836	-1.26035433945958
37.93	-4.6532	-1.5629	1.39209764425157
28.339	-11.288	-3.7747	0.3432507087925
34.572	-0.91389	-5.3163	0.337038003908194
27.025	-1.1452	0.8769	-0.674825131033009
34.079	-9.9018	-3.0968	-0.758108198223971
35.222	-7.552	-0.12993	1.645
37.707	-3.9647	-4.055	-0.302050881157968
37.055	-7.808	-1.365	0.808087180267087
37.028	-8.0319	-2.3737	1.645
37.484	-2.9589	-2.2054	-0.971414116834956
36.636	-1.8449	-4.6217	-0.833828755667641
24.255	-1.0753	1.209	-0.930591280451223
37.908	-5.4849	-2.8675	-0.104891122927096
28.144	-11.285	-3.6351	0.635229783388642
36.304	-3.0943	-4.7781	-1.16989799701105
36.383	-6.8969	0.11651	-0.589765023588938
36.032	-2.4254	-5.2954	-0.0635709287107418
37.693	-6.9362	-2.1968	-0.388583315809715
35.196	-7.2738	-0.20346	-0.550777968813002
36.191	-1.9754	-1.1911	-0.00374264773734883
35.949	-7.0988	0.036498	0.149805573058769
32.924	-0.29634	0.38633	-1.00169005648828
36.636	-8.1869	-3.6598	1.645
35.702	-1.5553	-5.3066	-0.7201461646191
37.827	-3.3669	-2.5679	-0.222048597482484
34.952	-6.4194	-5.1862	1.645
25.703	0.22142	-6.7138	-0.673052021668865
37.718	-6.805	-2.3753	-0.541857924589008
20.57	-11.951	-3.571	1.48501823349035
33.204	0.41913	-3.6203	-0.365586435771449
36.349	-7.4662	-1.0629	-0.662512316430637
32.301	0.83282	-1.4899	-1.0372885065414
36.889	-6.3605	-0.64418	1.645
37.364	-6.6113	-2.4395	1.645
36.557	-6.012	0.058335	0.0611544327809757
34.899	-8.9036	-2.1978	1.38623041474053
34.392	-0.67005	-5.3893	0.218886518086299
36.058	-0.71232	-3.8443	-0.58585757070697
35.914	-2.1429	-5.1293	0.424065453916094
38.175	-6.4615	-2.3743	0.920822921094818
37.269	-6.594	-4.1428	-0.882413516221666
36.296	-3.9297	-1.4904	-0.166389232486822
34.929	-9.3154	-3.3453	0.142076151803202
33.624	-9.7678	-3.2114	1.17369171498929
35.452	-7.5059	-1.1164	0.714617052237496
36.034	-7.7111	-0.66814	1.41714801731829
37.161	-2.9571	-4.3767	-0.695533205851774
35.801	-6.039	-0.10692	-0.515855939326587
38.018	-6.5426	-1.8973	1.13725981399855
37.065	-2.8718	-1.9238	-0.154595729194168
37.741	-3.5231	-1.6764	1.47915745027473
36.429	-1.94	-1.5444	-0.966805965278814
38.124	-5.9004	-1.833	-0.203309131657741
37.088	-2.7651	-4.3048	-1.38336250887737
37.718	-6.2576	-0.89144	-1.61819472211167
32.946	-10.118	-3.8613	-1.14547379498197
38.042	-4.4673	-2.5642	-0.360644442144499
35.311	-1.2939	-5.3454	1.24161136754317
36.716	-1.7406	-3.0904	-0.190634998631097
37.657	-5.2865	-0.77623	-0.333816436571021
28.415	-1.9853	0.6287	-0.870930145653948
35.913	-2.1991	-5.1813	-0.786277738964829
37.832	-5.746	-1.2789	1.07059407227818
37.809	-7.1081	-3.5919	0.418690981080105
37.022	-7.8526	-1.9066	0.970924174114163
35.963	-2.9456	-4.6888	-0.681105795317665
29.139	-10.899	-4.2139	0.139319962339422
38.328	-5.5245	-1.6957	0.971833669669131
35.913	-3.5353	-0.26692	-0.833933301954897
36.624	-2.5872	-4.7152	-0.235773176935049
35.732	-7.4659	-0.892	-0.0252307660471166
37.405	-2.8884	-4.2719	-0.55082764522594
27.224	-11.557	-2.9923	-1.14270546632463
34.219	-0.7002	-5.219	0.0744949980293373
36.409	-6.4671	-0.54685	-0.160416984529572
29.133	0.029435	-6.8166	-1.09927376595238
34.285	-0.88002	-5.7289	0.166188305521242
35.879	-1.4706	-5.0897	-1.24972950795833
33.331	-0.8698	-4.6621	-1.07126964366404
28.562	-11.373	-3.9338	-0.24914025511474
34.954	-8.59	-1.2637	0.272538853737339
12.655	-12.024	-3.1062	1.55224008139195
33.259	-0.86748	-5.1327	-0.631485372366085
38.313	-5.8634	-3.2643	1.645
36.875	-2.9204	-4.2667	-0.818768091575375
36.875	-6.5702	-0.73131	0.542790097658081
32.785	0.6827	-1.7577	-0.708752227135451
36.807	-2.7145	-1.7884	-1.39629557687866
36.197	-2.5887	-0.88178	-1.07615199706307
37.29	-3.1505	-4.2486	1.29925972724597
33.099	0.48603	-1.4884	0.138291823627398
34.092	-8.9227	-4.1576	1.645
37.012	-7.5666	-2.4787	0.460554348512765
36.947	-6.3535	-1.4057	-0.550128385294681
24.144	-11.871	-4.1725	-0.634353281938886
37.294	-5.8666	-0.45628	0.239196494067341
38.453	-6.2205	-2.5167	-0.744841493866063
38.205	-3.7763	-2.7418	0.110965785255297
29.42	-11.225	-3.3753	1.645
37.148	-5.3387	-0.68234	-1.60636182552373
26.075	-11.349	-3.6326	1.20465114776281
34.237	-0.72906	-5.5845	-0.441629731868741
35.409	-7.9537	-0.78786	-0.401393907762047
36.261	-5.9674	-0.39885	-0.69497330710727
35.769	-1.1302	-4.9338	1.07135153231882
34.05	-7.3166	-5.0561	0.880344684818771
33.716	-7.4941	-2.944	0.461074262265927
36.741	-6.3389	-1.159	0.219998943381028
36.513	-7.4862	-2.793	0.0608848860254813
36.212	-4.2356	-0.11937	-0.159460393495251
30.542	1.6715	-0.25718	-1.01141771352852
37.523	-5.7548	-4.5898	-0.942652070479358
28.667	1.635	-0.37636	-0.793794478163805
37.356	-5.2576	-1.0494	0.654802456006377
36.478	-7.7756	-0.57777	1.645
37.883	-3.842	-3.38	-0.248064014949987
35.131	-9.2436	-3.3567	1.645
37.587	-5.2175	-1.004	-0.279329571275035
36.221	-2.9564	-0.61513	0.46931609643579
38.637	-6.5948	-1.8103	0.589195197087638
36.956	-3.2025	-4.4751	-0.39034723747094
29.985	-11.016	-3.6217	-0.386262649514083
31.672	-6.1599	-5.747	0.754392833555182
36.491	-1.3732	-4.2775	1.09306536205786
37.131	-4.5617	-0.87893	-1.09385498763569
31.827	0.24387	-1.1057	0.223029616055539
36.602	-7.2462	-0.74841	1.00856930218268
35.527	-1.6899	-5.4983	-1.24531488934504
28.143	-0.79826	-6.7107	-1.645
36.361	-7.4636	-0.51885	-0.170570613309698
36.981	-6.59	-0.49138	-1.645
37.82	-7.0502	-1.9993	-0.678391863344288
36.574	-8.6753	-3.4189	1.645
37.993	-6.6047	-0.58157	-1.31232247792764
36.619	-3.3442	-5.008	0.973837639705995
37.163	-4.0055	-1.8496	-0.258666333411563
27.841	-0.46924	-6.7153	-1.645
33.362	0.38835	-1.7634	-0.0086253916143633
38.275	-5.2304	-2.3682	-0.852658007738708
36.744	-6.6862	-0.47204	-0.631227909534685
29.038	-11.463	-3.3336	-0.549643617778239
32	-9.0904	-4.758	0.609485317052758
34.952	-1.4921	-5.7799	-1.33577350755285
35.586	-6.7863	-0.30952	0.197202310117923
29.473	-2.0004	1.2233	-0.151176782304015
36.946	-7.1431	-0.98937	-0.0731989043942753
35.2	-1.6433	-5.5416	-0.896190166452345
38.265	-6.0586	-2.7998	1.645
33.966	-0.18969	-0.95979	-0.586242062922279
37.105	-2.5879	-1.2599	-0.717745731171641
37.342	-6.7824	-1.0638	0.333632445549951
36.545	-7.0306	-0.54223	0.348401812536842
35.679	-7.0002	-1.2115	-0.753707383502015
35.984	-1.9774	-4.2136	-0.681624737108896
35.308	-9.5027	-2.4343	1.27562698855329
33.845	-9.7813	-3.7695	0.121630125351032
33.349	-0.35116	-2.0425	-0.711399046882087
27.568	-0.41487	-6.818	-0.886767389727836
33.366	-9.9976	-3.4617	1.645
19.483	-12.108	-3.7965	1.645
37.162	-5.5491	-4.7764	-0.861830048198921
35.769	-6.9619	-0.47515	1.645
35.88	-8.2388	-4.4135	0.718313925155423
35.04	-7.5716	-1.0808	1.645
35.22	-1.6653	-1.0212	-0.472072910199868
36.935	-5.5179	-1.3782	-0.0874230960164865
35.664	-1.6218	-5.105	-0.958981683711377
26.332	2.8248	-0.26543	-0.721824375433669
38.305	-4.7921	-2.3396	-1.645
37.264	-6.0234	-0.95589	1.18976825874752
24.961	-12.173	-3.2356	0.581683607709069
36.493	-3.2037	-1.737	-1.645
37.016	-2.6871	-3.6991	-0.11307215082245
35.521	-7.0953	-0.81215	1.645
37.573	-6.2663	-0.94834	-0.452381068000927
36.713	-2.7918	-3.6785	0.414397754790451
37.267	-2.9412	-1.1413	0.312411426397642
36.105	-7.5793	-1.0388	-0.304168783495267
36.149	-3.6882	-0.088772	-0.512197382748523
29.561	-2.1923	-0.92529	0.777366736543905
28.421	-10.501	-3.8962	-0.385257411184233
37.543	-6.6177	-3.9242	-1.55687529640758
36.013	-5.2962	-5.2194	-0.683610790245023
31.616	-10.133	-3.0478	-0.530650427743237
26.865	-11.889	-3.6093	0.899491530812893
34.944	-1.8333	-5.6746	-1.18641889432039
33.974	-0.2086	-5.4289	-0.90740824132768
27.421	-11.915	-3.1716	0.166032637530616
24.068	-11.949	-3.7635	1.09496109569067
36.904	-2.4271	-4.0264	-1.19392636594443
32.829	-2.2829	-5.3286	-1.57153378098088
36.607	-2.9684	-1.1872	-0.00502334075554512
36.922	-6.114	-0.78434	-0.503524752717621
37.221	-6.042	-1.2144	-0.475407536042066
35.954	-7.1988	-1.5628	-0.688845906709744
35.692	-8.8069	-1.7571	0.985481342775079
37.491	-6.0219	-1.2997	-0.0204230153105649
35.9	-7.2416	-0.67509	1.645
36.618	-7.6655	-0.98104	1.12801077966284
29.945	-1.3699	-6.7296	-0.000298481533462269
32.161	0.91575	-1.7862	-0.175194095969469
37.605	-6.5111	-0.87244	1.41268180482184
35.517	-6.5056	-0.50915	-0.583059085139943
32.059	1.3109	-2.4168	-1.39819471960078
29.196	-10.899	-4.0629	0.19991555523143
24.476	-1.1701	0.93116	-0.960871652026869
36.747	-2.8716	-4.7368	-1.23950309736791
38.014	-3.428	-3.3169	-0.0188351056681314
36.001	-6.2461	-0.9769	-0.634772025076622
36.332	-6.6978	-0.47076	-0.924420043070428
38.3	-5.7317	-1.6831	0.966937655938949
29.979	-11.824	-2.9049	-0.58465722295829
37.151	-6.3028	-0.5405	-0.115727011324282
36.12	-6.1442	-0.35725	-0.656821058668523
36.271	-7.3453	-1.3238	0.430791640744474
36.488	-6.1858	-3.8549	-0.294611987270491
35.366	-1.8119	-5.5672	-0.995113262844487
36.371	-1.3748	-4.149	0.361551470110089
31.428	1.6486	-2.2588	-0.257222462305005
30.715	1.0071	-0.9415	0.16198438004785
37.231	-3.9099	-4.7721	0.788331857250856
34.721	-8.3715	-4.579	1.645
36.514	-8.5327	-2.2652	0.852142496242543
36.083	-2.6015	-0.39972	-0.682085557641648
35.498	-8.087	-2.6598	0.320749572963168
30.178	1.4558	-0.55411	-0.796103771369561
33.074	-10.314	-3.0415	1.32839923330805
34.568	-8.0682	-4.3868	0.984586020926399
36.881	-6.9741	-1.2878	-0.51638168434153
31.206	-10.908	-3.2517	1.645
20.185	-12.42	-3.592	0.412013672506691
37.199	-1.6237	-2.4917	0.196289772842535
36.947	-7.3373	-1.2444	1.56219330401112
33.778	0.11392	-0.5513	-0.819686786849077
36.98	-3.2319	-1.217	-0.338039907597964
36.125	-7.0592	-0.43751	1.48079187431692
30.989	1.3364	-1.2695	1.645
37.721	-2.718	-3.5393	-0.46899873149678
36.492	-7.4624	-0.46387	0.178066456834255
35.897	-8.9728	-2.3728	-0.26953248129423
36.92	-3.6492	-4.6394	-0.525774464916154
36.993	-4.0546	-1.8566	-0.76263215532951
34.583	-9.2741	-3.2361	1.53360210871252
34.344	-1.2254	-5.6987	0.6178995476865
35.742	-8.0212	-3.8443	1.27427028723521
37.001	-2.4226	-2.9225	-1.5411915337448
35.171	-6.1369	-1.2886	-0.861689400955313
37.028	-3.37	-4.176	-0.282984712689262
33.298	0.35184	-3.695	-1.1908100858284
30.361	0.79431	-0.83387	-0.515784861428535
35.436	-6.7361	-0.95815	-0.365350678433473
37.41	-6.4188	-0.83121	0.442500751060518
36.383	-1.4084	-1.6501	-0.499865899944663
28.632	2.1882	-0.58482	-0.651185229750842
34.186	-2.9176	0.81454	-0.189671598481328
36.195	-4.2493	-5.2274	-0.502644968768242
26.47	-1.2093	0.66759	-0.462529714899073
36.233	-7.5856	-0.90686	-0.317324770160445
36.421	-8.4179	-2.0881	-0.116669834590955
37.469	-3.1858	-2.9957	1.645
35.257	-2.0901	-4.006	0.420606207988077
36.163	-7.092	-0.771	-0.781646386516608
37.734	-5.9544	-4.0513	-0.57187603029947
37.902	-5.9908	-2.0936	-1.01905162088628
37.448	-6.4351	-3.4083	-0.487543278003964
36.099	-7.3386	-0.73775	0.891202508168924
38.19	-5.2303	-3.4668	-0.166894309008103
32.123	0.60269	-0.86491	-0.602614353577432
32.053	1.3059	-1.5197	-0.996427744662429
36.699	-4.6467	0.089536	0.256767393466388
27.83	-11.511	-3.6894	0.585187466408506
35.927	-2.6184	-5.194	-1.1801888313377
36.378	-8.7082	-2.2334	0.972217118962712
37.434	-4.6484	-2.4277	-1.1942853498515
36.422	-2.8263	-5.0446	0.39890986711133
37.128	-7.3771	-0.91807	0.490999272453123
36.806	-7.1946	-1.9069	0.700762513473307
34.659	-0.55942	-4.4261	-0.681114808836778
36.328	-7.1272	-0.93379	0.653258937579086
36.281	-2.7152	-5.341	-1.1354793792018
37.412	-6.2447	-2.696	0.113919050608983
35.967	-2.729	-0.69909	-0.165469881755022
36.783	-8.0664	-2.712	-0.671624656577671
36.508	-6.9874	-0.76697	-0.535826293706128
37.295	-4.7406	-4.9434	-0.623207103257367
37.907	-5.6622	-1.514	0.458103777778567
36.54	-2.6445	-3.9797	0.241358873152179
34.705	-0.88028	-5.109	0.681574441306241
35.571	-0.535	-3.7779	-0.481268041633013
36.023	-3.1128	-0.9772	-1.09855147174817
36.969	-6.9389	-2.1567	-0.125238510028977
30.821	-10.653	-3.8519	-0.353676049523012
34.81	-1.815	-0.71735	0.316983578970275
37.007	-3.2381	-4.6457	-0.683171685071331
22.98	3.3486	0.063496	-0.804365988989805
32.159	-10.433	-3.0039	-0.737896383212614
37.195	-6.8729	-0.94274	1.645
34.005	-0.32428	-5.4688	-0.816309897350881
37.776	-3.2527	-3.708	-0.808453977284924
25.345	2.9604	0.81839	0.105449295698482
37.704	-6.9036	-3.5007	1.1835840828263
25.232	-11.836	-3.4376	0.898961880463402
35.212	-2.5121	-5.7232	-1.04754418044771
38.366	-5.4234	-2.4492	1.13300341357869
29.989	-1.4419	-6.6104	-1.6286557119233
37.702	-3.2554	-2.2478	-0.406632625155151
36.695	-8.3244	-3.4796	-0.767842586952089
22.216	-0.28528	1.8218	-1.05609251614781
27.938	-0.14693	-6.4389	-1.36077923468545
37.215	-2.1692	-3.2804	-0.29407836054236
24.948	-1.1145	1.1193	-1.50114848723442
35.868	-5.9551	-0.76246	-0.466047910652252
28.015	-11.269	-3.5031	0.108133377901657
36.415	-2.8229	-5.3315	1.0735905290334
36.026	-2.1342	-5.1439	-0.382938271908325
36.861	-6.3361	-0.60656	-0.187545928690989
34.486	-9.5717	-3.7802	1.01604362618469
22.352	3.0673	1.2586	-0.988373559483138
35.219	-2.1202	-1.3575	-1.24762721415121
36.39	-6.9544	-0.46647	0.524447846202199
32.516	-0.5129	-6.2823	0.0906420281837322
37.032	-6.1426	-0.88556	-1.27192597361213
28.289	2.0839	-1.1024	-0.755784303038691
33.548	-1.5978	0.067007	-0.852566288801313
35.336	-1.5855	-5.3664	-0.448339291529044
35.391	-7.7354	-2.7639	0.160335263834645
36.84	-7.9578	-3.3052	-0.925577609037648
37.095	-3.2146	-1.7715	-1.02784656063487
33.859	-9.2605	-2.5721	0.911695428753843
35.877	-8.4213	-3.4308	1.04897007240609
34.549	-0.84299	-5.6394	0.416819176020905
36.996	-7.5551	-2.6668	0.793595041355411
34.832	-7.3907	0.24362	-0.0150979450941478
33.235	-10.72	-2.9872	0.219122400988188
37.307	-6.0201	-1.5607	0.486114890811655
37.418	-2.9354	-2.5082	-0.972484918539265
34.343	-1.6947	-5.9695	1.42435729343279
35.852	-6.3953	-0.66102	-0.796998249903686
23.219	-11.625	-3.7246	-0.144519238946249
25.658	-11.743	-4.0632	0.399188868748804
36.408	-7.0685	-0.74929	-0.242656486665077
34.872	-9.2335	-3.1798	-0.384028771733465
32.521	-10.366	-3.3013	-0.100172538554451
35.301	-7.1362	-0.87532	1.645
36.981	-7.338	-4.1057	-0.445298934690429
36.532	-2.2219	-4.9142	-0.539790541618738
36.587	-6.9588	-0.9185	-0.48013693959085
37.804	-3.758	-2.5106	-0.112352769705217
37.188	-3.3266	-4.129	-0.52173551161574
36.601	-3.3263	-0.83788	-0.0086015461606078
20.494	-12.103	-3.3423	0.846833770453217
37.343	-6.62	-3.3463	-0.185890674736401
34.74	-1.4122	-5.6472	-0.170690985453113
33.679	-0.86234	-0.17042	-0.85867282888376
36.655	-3.0677	-4.4207	-0.538366576314933
34.85	-8.5722	-4.0191	1.645
30.867	-10.809	-3.5384	0.0382870084630733
37.307	-3.9139	-4.5918	-0.649921802360338
36.667	-6.7386	-0.78268	-0.271234831252343
31.457	-0.30158	-6.5963	-0.831570520433242
35.913	-7.6121	-0.87189	-0.141606630474141
36.13	-2.8164	-5.1146	-0.439402261039775
35.209	-0.0088546	-1.6024	0.225436924820506
37.083	-6.3311	-0.76982	1.0663471493768
36.223	-7.7271	-1.0545	0.623731113914399
30.474	-10.434	-3.6727	0.890550293269447
35.745	-6.4161	-0.72233	-0.481532622467053
34.25	-0.42419	-5.4538	-1.50258784039045
35.158	-7.4175	-0.57039	1.645
37.835	-4.0336	-3.727	1.03659672957463
29.205	-1.0063	-6.6398	0.443062094119284
35.456	-3.3218	0.088323	-0.624695493672858
29.803	-10.77	-3.5859	-0.105814068761688
37.4	-5.3887	-1.203	-0.341210488667554
38.39	-4.8164	-3.1837	1.4623899657432
28.169	-10.539	-4.4468	-0.0660109228162013
37.101	-6.2474	-1.5272	-0.0460507724627446
36.103	-2.9353	-0.50444	-0.970988991770016
33.597	-0.56617	-5.3621	1.23099355130736
34.55	-8.264	-2.9045	0.26125333420136
35.071	-9.1648	-1.7033	0.890124461846352
37.21	-4.2579	-4.7383	0.485753942036845
35.826	-8.9178	-2.6398	-1.02946600421042
29.572	-9.596	-4.4341	0.00865198088753668
38.35	-4.2938	-3.138	-1.14044322186298
33.688	-2.6749	1.0381	-0.79124168055803
36.474	-2.0151	-4.8982	-0.505871911279947
36.528	-6.7207	-0.3798	1.26672792148246
33.424	-10.084	-3.4669	-0.596581458702874
35.861	-2.605	-5.277	0.731915310899904
34.46	-9.1908	-4.2253	-0.187037491529898
38.32	-4.8525	-3.1108	-0.91778646176349
37.496	-3.2443	-4.1554	0.737188081726025
26.909	2.6637	0.026832	-0.774455485041458
23.052	-12.064	-3.317	-0.172640582403082
37.644	-6.4692	-2.6675	-0.974234859516066
36.848	-6.5595	-2.1398	-0.989895205729488
29.035	1.6447	-0.066406	0.274540371650874
35.626	-7.5125	-0.57968	-0.706844425101697
37.322	-7.6218	-1.4826	-0.908708322969721
35.285	-8.2893	-0.64382	-0.238255564243377
20.084	-12.312	-3.48	0.742165800643351
28.865	1.751	-0.48839	-0.635979858370856
29.709	-10.969	-3.9119	1.14721039741498
37.772	-3.5059	-3.3861	-0.511938084001743
36.942	-6.4637	-0.66239	0.49655199719103
33.758	0.38343	-3.2386	-1.2086144519553
36.282	-1.236	-3.9953	-0.349369397455085
36.872	-6.6326	-0.5159	0.463284289042665
27.991	-1.7102	0.46544	-0.742444600180538
34.467	-0.7789	-5.5486	-0.81602897169362
28.91	-10.416	-4.3339	-0.980597021308334
36.451	-2.0925	-4.9467	-0.379258918772689
29.772	1.7553	-0.20628	-0.910769180353979
37.46	-4.4038	-1.0835	-1.54675645254414
30.47	-9.6622	-4.3325	1.2481110193368
31.478	0.98321	-0.87069	-0.76490566793911
36.431	-1.4634	-3.8262	-1.10746325768714
36	-9.0717	-3.5695	0.386853180473228
37.711	-5.9719	-3.357	-0.35971298782781
27.558	-11.495	-3.2371	1.03107491443517
24.502	-11.889	-4.0808	1.38940443298229
36.522	-7.3306	-1.1206	-0.10234808882578
34.234	-9.0501	-4.1876	-0.169768736543774
34.039	-8.7942	-4.1058	-0.334772238397226
36.049	-2.8343	-0.31658	0.947817257989181
35.726	-3.108	-0.29894	-0.697923075453404
37.247	-6.3258	-0.74275	1.187893307799
36.663	-8.0185	-1.3392	1.04022398690894
36.819	-2.209	-4.6629	-0.410328073065213
36.367	-7.0131	-1.7098	-0.93563368164952
37.603	-3.5366	-2.3554	-0.169837153462064
37.32	-2.9559	-2.0473	-1.00366174541514
36.358	-3.1915	-4.9347	-1.25494684171254
18.772	-12.196	-3.1299	-0.851961502342184
32.75	-10.422	-2.8005	1.645
36.785	-1.4031	-3.5604	-0.169136824062934
35.477	-1.5291	-5.0441	-0.586036119051491
28.024	-11.618	-3.2678	1.645
38.028	-3.372	-3.8422	-0.838819125300404
35.983	-6.7157	-0.25748	-0.0999009278200935
37.675	-7.2641	-2.5191	1.00169469818162
38.285	-6.068	-1.6478	-0.504650262367898
37.648	-2.9954	-2.6871	-0.337683246785544
36.758	-6.2914	-0.49534	-0.3213361287364
37.3	-4.165	-1.6175	-0.254934505862963
27.805	2.13	0.2655	0.917547615128736
33.741	-1.9733	-5.4226	1.26837527213204
36.11	-7.4497	-1.499	0.835972522079341
37.13	-3.482	-3.5833	0.908456256510327
37.065	-7.2034	-1.1197	-0.2472837011071
35.676	-1.5634	-5.343	-0.289192086687408
25.634	-1.2253	0.94194	-0.703991181645067
36.345	-2.7504	-1.3676	-0.363942132454874
35.006	-5.2704	-0.66318	-0.81019889667625
21.515	-0.82075	1.3352	0.932197457415794
36.934	-7.1197	-1.3898	-1.61096311310638
35.563	-2.7773	-0.24283	0.00763906614250266
37.173	-2.6245	-3.9132	-0.672736929132133
36.387	-2.0945	-4.6511	-0.70615575677009
35.784	-2.114	-0.96068	-0.862354493719062
37.664	-3.9756	-1.3644	0.000392888614097455
33.453	-9.9212	-3.2833	1.645
28.418	-11.12	-3.9506	-0.0330367050187721
35.617	-3.9137	0.42156	0.390267593000994
35.863	-2.4069	-2.5622	-0.279071263755886
35.028	-7.1752	-0.66195	-0.849918871265873
35.812	-5.4805	-0.52955	-0.824158405012708
35.948	-1.8128	-5.129	-0.459215802505383
36.383	-2.5713	-5.1106	0.348450124606008
37.161	-6.9458	-4.105	0.180135992187169
33.48	-0.64767	-5.7709	-0.250274593191313
36.767	-7.3284	-1.2693	-1.00323057583822
34.688	-1.4445	-4.5017	-1.26730929536066
35.727	-1.6297	-5.1851	-1.16847118577435
27.955	2.3396	-0.87238	1.18845365639474
33.377	-10.479	-2.644	0.602504671835754
32.498	-1.6331	0.075498	-1.16012637535938
37.362	-2.3661	-4.0574	-0.692736903661491
37.957	-5.771	-1.0749	-0.678329195368392
36.775	-7.7189	-0.67347	-0.315106580399868
37.412	-4.5111	-2.4789	-1.009123426051
36.828	-7.5118	-1.7764	0.356875861863959
34.807	-9.2413	-0.70097	-0.388585472718083
37.16	-6.5484	-1.2193	0.0374558834799615
36.12	-6.8519	-0.23334	-0.94555030046675
38.418	-4.7373	-1.7362	-1.11097368210627
33.209	-1.3065	0.58739	-1.23000158240564
36.674	-2.2954	-4.338	0.399820554530908
36.732	-2.5374	-4.5019	-1.32740204821557
37.642	-6.2693	-1.2363	0.733052237303048
34.288	-1.2429	-5.9811	-1.05779936164043
34.357	-6.5455	-4.6842	-0.962288278585934
33.459	-6.2113	-5.0877	1.645
34.398	-1.8175	-6.1834	-0.0105902190640353
28.402	1.6858	-0.84161	0.768398355488963
36.054	-8.1439	-2.2738	0.993800720027058
36.711	-5.4696	-0.059321	-1.12101338702925
36.851	-6.8	-1.1773	-0.230823625294796
38.242	-5.918	-2.1091	-0.0115247422462287
37.137	-3.3898	-4.8805	-0.958836502314373
37.779	-6.3044	-1.8107	0.787836147589686
34.925	-1.4506	-5.7603	0.522073683716073
36.307	-6.6518	-5.0565	0.913139258264691
37.216	-7.7869	-1.3901	-1.04172638703937
34.201	-6.8832	-5.1613	0.608425593527552
37.024	-5.0281	-5.0016	-1.16672203040408
31.076	-10.596	-3.1788	0.57108673669437
37.732	-3.9914	-1.8724	-0.195907497835892
28.05	2.1178	-0.84351	-0.971528743913906
29.068	1.9082	-0.13313	0.301887969376726
38.105	-6.1144	-1.8308	-1.47794940848993
31.208	-10.341	-3.9103	-0.868895056357029
37.164	-3.1932	-4.4762	-0.64626176594367
35.947	-7.6318	-0.92707	0.860815337517138
26.384	-11.718	-3.1602	0.331762334936325
17.539	-12.176	-3.6076	1.645
27.847	-1.0006	-6.7591	-1.42619946113948
28.06	-11.31	-4.1272	0.321043177949761
26.252	2.4373	0.2568	-0.677050317600495
36.415	-1.8489	-3.4901	0.623950555855871
36.414	-6.6305	-0.54073	-0.00958467946707286
36.926	-6.1455	-1.226	-0.689939278013838
37.013	-1.3675	-2.5758	-0.503914607988482
31.516	-1.6663	-1.0651	-0.610613861811556
23.685	-0.6064	0.95115	-1.09384325532887
27.546	2.3168	-0.11179	-1.645
36.582	-3.2051	-5.0006	-0.973274794383856
37.103	-6.8195	-0.88503	-0.367838157978
36.399	-7.0935	-1.8265	0.0798048063124677
35.481	-2.2084	-0.77026	1.645
27.377	2.5778	-0.06166	0.527739688758829
29.712	-0.9678	-6.7499	0.758590567507044
37.899	-7.3266	-2.9614	1.645
36.681	-7.6883	-1.3233	1.53374511765636
36.539	-6.8839	-1.4043	0.450422359365044
36.927	-2.4784	-4.6331	-1.1830911901797
37.289	-5.8562	-1.1742	-1.00429553935685
36.35	-1.06	-3.5694	0.0979503614999072
36.839	-2.8458	-4.6107	-0.775327026818069
34.409	-9.3628	-3.4874	0.703292943828399
21.749	-12.082	-3.1072	0.0871759705302802
36.479	-2.3034	-4.7111	-0.818457875863052
35.35	-9.2134	-2.9742	-0.0447852629189795
37.069	-7.3037	-1.1191	-0.763704760788409
37.293	-2.0806	-4.0461	0.524919486344563
37.112	-7.3561	-1.2594	0.0940595171759066
35.298	-7.0473	-0.77197	-1.56545093775847
34.237	-8.2289	-3.8283	-0.634159645204704
38.056	-5.1676	-2.5888	0.748223191391894
35.642	-2.2581	-5.5624	0.0797410883487513
37.132	-6.4566	-0.84542	0.238893209955934
33.381	-2.7503	-0.92077	-1.35235865780231
36.842	-7.1254	-1.1484	1.645
36.903	-6.0825	-1.1782	-0.341763657650148
36.19	-1.7172	-3.5639	1.645
34.92	-2.2908	-0.34357	-1.17657672230154
38.043	-4.5569	-3.3936	1.645
35.541	-0.99494	-3.919	-0.142693355888999
37.769	-5.0176	-1.871	-0.810947906980279
35.269	-8.6907	-0.96378	-0.609477716509961
36.885	-8.2585	-1.4113	1.645
34.961	-9.0902	-2.5955	1.12926410339483
36.838	-3.1052	-0.58324	0.768328427047135
27.664	-10.9	-3.9195	0.942419736256092
23.422	-0.66444	0.89025	-0.775052734227469
29.878	1.9333	-3.6835	-0.296941429049643
38.515	-5.1784	-2.2231	1.645
38.137	-5.8416	-1.5113	0.0206214116078056
37.654	-2.3191	-2.4915	-1.00042072793619
35.139	-7.3104	-0.6746	-0.894928721570739
29.667	-0.36181	-6.2471	0.271837896245225
34.572	-9.5317	-2.8881	-0.887585313634595
36.627	-2.2565	-4.6513	-0.205344268014984
38.041	-6.1191	-1.0396	-0.795992898938698
35.898	-7.0416	-0.93679	0.175866152490706
33.998	-7.9864	-0.16569	0.356757632298295
35.179	-4.4275	-0.35156	1.645
35.475	-6.9959	-0.76676	0.520223807975177
32.07	1.4293	-2.3833	0.235768910571988
35.045	-8.4451	-3.0206	0.71394410683431
36.626	-6.7312	-0.7282	-0.287377212884784
28.783	-1.1034	-6.5278	-0.661748476425966
35.933	-8.4365	-1.8553	1.22089950277169
32.506	-10.224	-2.3987	0.741837594751367
34.744	-7.6455	-4.2175	-1.18801904879995
35.716	-8.4489	-2.1184	0.157420262997219
31.72	-0.96702	0.3544	-0.533493478845258
36.751	-6.7733	-0.83624	0.784500460554819
26.305	2.5123	-0.34699	-0.3103309238345
37.254	-3.0555	-4.385	1.35122822973957
34.17	-1.3725	0.13005	-0.164225674760317
36.772	-2.0808	-3.8427	-0.625406007076987
28.764	-0.51537	-6.6424	-0.999902267278299
38.014	-5.9577	-1.8809	0.645429051514839
34.574	-3.6874	0.49795	0.466327762512337
36.293	-1.505	-4.5643	0.894900059216091
36.234	-7.6629	-0.97961	0.497636217903663
34.65	-7.5723	-2.293	1.01320464539958
36.083	-8.5847	-3.8822	1.21505789036612
27.103	-1.7895	0.51807	-1.02988691145147
36.16	-3.0067	-5.1595	1.645
33.832	-9.4165	-3.2844	-0.295643359819818
35.349	-1.7696	-4.8635	-1.23477584270841
37.166	-4.2299	-4.5378	-0.961512908177705
34.808	-9.1052	-3.57	1.645
35.873	-6.1718	0.076158	-1.645
35.622	-2.128	-5.639	0.301366607355593
37.437	-6.1818	-4.1612	1.28268740446074
36.152	-7.3342	-0.95071	1.05134604171539
35.261	-1.5128	-5.0484	0.927113495840707
33.824	-9.9319	-3.7705	1.645
35.159	-5.0452	-1.1061	-0.0919603335696454
30.039	-10.6	-3.9322	0.744877428196335
30.135	-9.1454	-4.2499	0.560735849928762
29.138	-11.188	-3.8476	-0.850002398099657
35.92	-6.9901	-0.49628	-0.307845771350174
31.224	0.17342	-5.7504	-0.929984546920547
35.622	-3.6657	-1.0615	-0.768714363479064
37.487	-6.2291	-1.7669	-0.717649841597596
35.929	-8.1243	-1.4357	1.645
33.353	-0.15211	-5.6436	-0.558571830768
34.134	-10.156	-2.7773	0.167603275205361
35.54	-1.4891	-4.931	-0.788061369410957
34.026	-9.7903	-3.2879	0.958433158298296
36.626	-5.7911	-1.2278	-0.00838102016259785
24.178	-11.704	-3.6301	-0.8484716265521
37.404	-5.4861	-1.3972	1.645
33.892	-0.68384	-5.8885	-0.763831943217796
24.368	3.7988	0.25655	-0.802657333889873
25.316	0.0397	0.96357	-0.780391583477896
36.37	-2.9592	-4.9675	-0.957121508765113
36.177	-2.5183	-1.6875	-0.841274982609165
34.494	-0.21675	-1.9609	-0.963182930329742
36.989	-2.1522	-4.4694	0.402131454280463
29.538	-10.738	-4.0519	-0.343147259335761
37.198	-6.5255	-1.0386	-0.254642039439629
36.164	-7.808	-2.0116	-0.460661066190851
26.615	-11.683	-3.4185	1.33036846192735
35.959	-8.016	-1.3819	0.211061457348502
37.27	-6.2276	-1.1357	-0.390464434459268
36.454	-6.533	0.32032	-0.72008971649648
36.452	-2.8956	-0.53636	-1.00938232304551
33.279	-10.124	-3.4263	-0.263326798345643
26.736	2.6919	-0.6298	-0.253277619253897
37.768	-2.7583	-2.6984	0.440193136172743
35.59	-2.7801	-5.4654	-0.237557406958707
37.579	-7.1001	-2.0947	0.486625633545218
36.093	-8.6628	-3.2445	0.203367640079454
33.734	-9.5652	-3.4776	0.0490387112222339
38.216	-4.6273	-2.5373	1.21720167989117
27.089	-11.553	-3.8875	0.0326940082138144
32.801	-10.494	-2.9191	1.645
38.241	-4.5629	-4.0563	-0.169561490847452
37.785	-3.759	-1.4766	-0.872493805551322
38.276	-5.2348	-2.0977	0.543502721509849
37.742	-3.366	-3.0438	-1.18451531567807
27.815	-0.57083	-6.707	0.484685803685131
28.23	-0.50422	-6.5389	-1.05980084893547
29.63	-0.92416	-6.7941	-0.830792713980251
33.189	-2.0783	0.76822	-0.502767598731063
34.078	-0.040589	-5.3448	-1.13715930209402
36.923	-2.6406	-4.693	0.124737817818487
30.923	-10.273	-3.951	-0.088227478065468
33.454	-0.75361	-5.856	0.578078540216614
37.946	-3.4073	-2.4633	-0.848980446366672
24.271	-12.112	-3.4109	0.169652133355435
36.432	-7.4201	-0.80639	1.06170260193658
35.365	-1.0409	-4.4356	-0.123935529093977
36.627	-4.0545	-5.0559	0.016787220929926
36.92	-5.8143	-0.62305	-0.489656796766564
36.617	-3.1258	-4.9507	1.645
35.936	-1.5523	-5.1143	-0.880531583516861
22.13	-12.369	-2.9595	-0.662552356554488
35.285	-7.5377	0.066807	-1.1449848515302
34.246	-1.9271	-6.1455	0.101776336792133
35.563	-0.78294	-4.4159	0.352702740131206
37.246	-2.3567	-4.2847	-1.645
36.836	-2.003	-4.5542	-0.303327354034383
35.681	-7.0142	0.034118	-0.431766116691031
28.476	2.3052	-0.21928	0.270422374411501
36.702	-4.5632	-0.72328	-0.850190218310371
35.022	-2.2931	-0.30106	-0.748905425729291
36.997	-2.8596	-4.6194	1.18858603722159
31.828	1.1086	-2.2523	-0.477125199592874
35.129	-7.3311	-0.43908	-1.2980367195586
35.687	-2.4359	-5.3201	1.645
26.988	-0.92323	0.91876	-1.11905814547382
31.846	-3.3065	-0.63738	-0.906709203616305
33.401	-1.0653	-5.7202	-0.817976714881799
36.04	-6.7814	-0.20054	0.10885777152868
34.114	-0.95412	-5.5611	-0.0721137927582545
36.599	-6.6278	-0.62335	-0.365650982687162
37.135	-6.6056	-1.2216	-0.0222684047932097
38.176	-5.8106	-2.8118	1.2535308458849
37.58	-4.0989	-3.3811	1.63196131101555
35.637	-6.7245	-0.37612	-0.437067281830687
35.282	-0.54191	-4.5888	-0.545372573968871
35.082	-1.3413	-5.5522	-0.673941436373055
35.866	-8.262	-4.0059	-0.322413572119549
37.104	-7.4099	-0.84084	1.645
35.513	-9.1151	-3.2543	1.645
36.187	-7.133	-0.64214	-0.595331174458
35.107	-0.70271	-4.7009	-0.958240993511443
37.184	-1.7013	-2.732	-1.22880703962594
37.267	-6.9481	-1.9059	1.645
32.963	-0.82231	0.13576	1.28699852045161
35.467	-1.2018	-5.1814	-0.344946336166299
19.144	-11.629	-3.5846	1.645
35.444	-3.6749	-0.45329	-0.881005779273323
33.256	-0.209	-5.6186	-0.525086876653671
38.277	-5.7043	-2.5148	0.226237066818636
35.262	-6.5396	-0.11959	-1.2698508469557
36.147	-2.2079	-4.9607	0.346834878034282
25.063	2.6942	0.50611	-0.636654535383888
35.954	-7.1833	-0.97152	1.645
31.359	1.133	-1.4757	-1.12254380113445
36.883	-3.2841	-4.7561	-0.456979558598388
37.07	-3.5895	-4.5398	-0.933899491578433
29.455	1.4441	-0.33154	-1.45744327883146
30.771	-10.607	-3.8479	-0.742896077462119
35.249	-6.5454	-5.549	-0.12401074925895
37.709	-3.0288	-3.4199	-0.371070371543603
36.433	-4.7672	-1.4114	-0.215495417878704
27.534	-0.34665	-6.4868	-1.12931816576389
36.086	-7.7136	-1.5338	0.0277904488694546
38.056	-6.0844	-2.1369	-0.12750858105307
34.733	-2.7372	-1.1845	-1.12517679306671
34.09	-1.9336	-5.9096	-0.882910078669859
30.214	-10.125	-4.3742	1.62637721134199
36.733	-2.908	-4.739	0.834772103464927
32.649	-1.5728	0.16861	-1.22242366774805
35.94	-8.616	-2.4003	-0.459505054842118
38.211	-6.7695	-2.7243	0.611160814161425
34.473	-6.0424	-5.0366	-0.814833599190025
36.627	-6.1571	-0.69163	-1.34615893218388
36.064	-7.1385	-1.2273	-0.771364548243796
28.21	-11.078	-3.6007	0.660587176422468
33.526	-9.8154	-3.646	1.59741154730992
37.809	-4.4404	-2.6843	-0.652761954717168
36.294	-2.8729	-4.9081	-0.20574961115246
36.932	-2.2441	-4.676	-0.916639001869501
34.882	-7.8087	-4.7386	0.738879924780702
36.476	-7.382	-1.0621	0.863733656937035
37.275	-3.0113	-4.2995	-1.23696279173417
37.16	-7.4515	-1.5202	1.645
29.493	-2.0896	-0.37662	-1.12630811484987
36.008	-4.144	0.37998	-0.619871316087612
33.871	-0.68123	-5.6772	-1.28256538062707
26.97	-0.27744	-6.7405	-0.748817313266659
34.878	-7.421	-4.5206	1.645
36.796	-7.0838	-1.2456	0.203822669481767
36.362	-7.0014	-1.1047	0.413277971054104
20.626	-11.99	-3.1838	-0.0728327306559726
37.31	-7.5264	-2.6178	0.482687839137297
30.671	-0.85242	-6.8893	-0.592938214820703
16.859	-12.177	-3.2421	1.645
36.905	-4.2578	-0.4808	-0.504056771339276
35.511	-1.8353	-5.3157	-0.977834295885463
21.085	3.772	0.79139	-0.0131780866017877
37.367	-3.737	-1.2535	-0.706040143276225
36.651	-7.5829	-1.2475	-1.27752660643457
35.014	-8.2377	-0.58041	1.35653321704384
36.616	-6.8313	-0.47681	0.434099713809658
36.201	-2.0957	-4.461	-0.48291637986266
36.759	-7.1446	-0.57465	0.223305194071288
35.043	-1.2339	-5.4064	-0.656088309451924
36.334	-6.388	-0.29077	-0.606056161501947
35.239	-3.0074	-0.11223	-0.997022821360925
33.832	-8.7472	-3.3011	0.757088974058207
29.377	1.7668	-0.97623	-0.258825639000016
36.531	-6.2769	-0.45093	-0.136308422892684
35.735	-6.5504	-5.0381	-0.759339035394961
36.185	-8.2947	-3.287	-0.932427413759605
30.382	1.5907	-0.49021	-0.913160582735786
36.292	-7.3381	-2.103	0.491840127370955
30.558	0.84485	-0.90212	-1.12853458278032
