30.252	-10.709	-4.2735	-0.163791355049561
37.784	-3.0457	-3.1938	1.04765151206966
35.233	-1.7225	-5.4094	0.371372506513018
36.304	-5.6636	-0.46282	-0.582490426563938
34.958	-1.4558	-5.6443	-0.430316679178216
35.711	-7.1492	-0.48083	-0.951665619139172
35.577	-2.1617	-5.7207	-0.916213119640652
30.384	-1.1125	-6.3906	-0.548910062968593
35.662	-6.8765	-0.14067	-0.231172662912109
37.208	-4.7836	-0.79393	-0.095581325604938
35.031	-0.73919	-5.3013	0.648799965355182
30.639	-1.4277	-6.4224	-0.709318429329877
30.396	1.5929	-2.7118	-0.485130182568434
37.36	-1.9229	-3.4248	-0.623088736143345
38.053	-4.9272	-3.8114	-0.0482877691395403
25.215	3.2448	-0.1568	0.285841058847316
37.946	-3.3618	-3.7233	-0.1178608531336
36.345	-3.4584	-0.40195	-0.0112183996753884
29.468	1.8323	-1.3242	-0.714667353231588
35.221	-8.5458	-1.1697	1.645
37.076	-4.767	-1.1442	-1.33707474742692
38.1	-6.0953	-1.2467	-0.2056167198681
37.421	-4.2265	-4.3602	0.00396156023501309
37.609	-6.1563	-1.2378	-0.461640710513127
29.628	1.4832	-0.091737	-0.624213539420579
30.886	-9.9839	-3.954	0.536156462687977
36.237	-7.9567	-0.56517	-0.191024605754696
38.043	-6.8756	-1.8666	-0.267819386099613
37.508	-3.0489	-2.1855	0.488850763796028
38.329	-4.7319	-3.6869	-0.425816500766616
34.7	-1.2137	-5.6412	-0.595577481870997
38.1	-3.8544	-2.0497	-0.906766026414858
35.969	-7.2747	-0.90899	-0.268617320379516
27.088	0.10397	-6.6888	-0.731455938831161
37.973	-4.0567	-3.8317	-0.0331580797663426
27.649	-11.462	-3.5438	0.317132975444425
35.681	-8.7417	-2.8366	1.14401501766571
27.506	2.6504	-0.70193	-0.98063840856004
29.352	-10.501	-3.6657	1.00073371562079
36.904	-6.9214	-1.6942	-0.165533764730051
35.473	-9.362	-2.7353	-0.882199304201167
36.27	-3.1772	-4.7845	-0.836016282728131
28.019	-0.25125	-6.6692	-1.09846574701513
33.485	-9.167	-3.831	0.399393294041194
34.236	-10.016	-2.8261	-0.729850051152676
33.449	-0.6842	-5.706	1.00585789697159
36.817	-3.992	-1.0023	-0.811965051556545
36.439	-2.5243	-2.1194	0.137136731610942
34.364	-0.084456	-4.3062	-0.60865695912904
35.596	-0.68966	-4.4515	-0.984391698022588
36.24	-2.3286	-1.4169	0.742060880826191
36.865	-7.6925	-1.6333	-0.129348768076445
37.22	-6.5674	-1.1292	-0.165943388277549
37.897	-4.8967	-1.5729	-0.943303512849916
35.228	-2.001	-3.9949	1.645
33.384	-0.71081	-6.05	-0.791581711785469
36.605	-7.0821	-2.621	0.288060642537181
34.196	-9.5363	-3.2052	-0.610637606528812
30.378	-9.9318	-4.0164	0.353167211806846
35.451	-2.0421	-5.2604	-0.657369270353647
37.029	-6.5279	-1.0449	0.30370637520705
36.22	-7.0306	-1.8249	-0.598247241992271
35.361	-7.6139	-0.68234	-1.19871560681407
37.68	-3.1829	-3.9933	-0.799636363794244
34.157	-1.6204	0.0068926	-0.880224289176087
37.485	-7.2194	-1.5734	1.645
36.966	-5.8746	-2.2644	-0.154638985745909
36.318	-6.8931	-3.2431	0.604776936595322
34.278	-8.7974	-3.7387	-0.589363745262857
31.307	-10.824	-3.7747	1.02598692672517
37.731	-4.9146	-1.0312	-0.675832760452127
23.754	-11.761	-3.3614	1.645
36.647	-7.5774	-0.80506	0.458099419833591
37.798	-6.4612	-2.1662	-0.549648515027407
37.754	-3.583	-4.2792	1.645
35.975	-7.482	-0.79263	0.364111397446619
37.505	-6.6685	-2.6847	0.231822405371555
35.53	-1.198	-4.9193	1.26942024052014
37.23	-3.1353	-2.1204	-0.324558255306443
36.382	-2.1964	-0.9519	0.493352985024205
24.761	3.1961	0.59405	0.76568275576442
33.85	-8.5339	-4.1833	-0.620652980008871
31.588	-10.845	-3.7152	-0.538388014587248
34.348	-1.5875	-5.124	-0.696394065499324
35.855	-8.5351	-4.1011	0.50665530611387
35.188	-7.5203	-0.50527	0.958893278753016
29.408	-0.87213	-6.5897	0.605383181724548
29.318	-10.906	-4.083	0.624376989026996
36.734	-4.8522	-4.9762	-0.39586514776607
36.425	-0.63911	-3.5397	-0.74267058006557
35.68	-4.0853	-5.459	-1.30082615690328
37.21	-7.0648	-0.9211	-0.91749121397915
35.97	-1.7404	-1.3486	0.0103958964742932
36.73	-2.8421	-4.3338	-1.02372440400732
35.127	-8.9068	-3.2601	-0.246237486629344
34.516	-1.442	0.39769	-0.748121650253781
26.621	-0.41676	-6.7491	-0.544632721573639
33.447	-0.099584	0.24688	-0.643165476952174
35.417	-9.3933	-3.2228	0.700763591991836
37.061	-6.5184	-1.2337	-0.135261767437923
36.761	-4.0431	-2.5386	0.962797298598639
36.51	-6.2637	-0.54518	-0.452923173344889
36.466	-7.3544	-0.70317	-0.679122615568401
28.861	-2.2487	0.5869	-0.83912720636909
37.211	-6.4572	-0.88182	-0.445008306224601
37.444	-6.7964	-3.6172	1.645
36.601	-7.2495	-1.0362	-0.300123954808588
27.931	-0.28496	-6.5634	-0.239395859964248
31.618	-10.13	-4.2517	1.645
36.223	-7.4272	-1.0084	-0.46617631034374
29.629	-10.882	-3.5421	1.51326733392564
29.947	-10.855	-3.69	-0.130416897958109
37.298	-6.2867	-4.72	0.8674340306212
38.155	-4.6891	-2.4946	-0.346848768092963
29.457	-8.1844	-4.6495	1.645
37.961	-6.4367	-2.1714	0.99344030037278
24.995	-12.011	-3.4335	-0.343640633572835
37.283	-5.6156	0.019012	-0.866523914781306
36.059	-5.4499	-1.2052	1.50534324794975
27.944	-0.12737	-6.92	1.44147679225737
33.895	-8.0079	0.42918	1.40610474542495
34.547	-9.2514	-3.6529	0.594421189585913
27.474	2.3031	-0.87242	-0.728199801109691
36.897	-3.6054	-4.7352	1.17285589824051
34.858	-0.90232	-5.1763	-0.88893430958531
27.282	1.8772	0.36123	-0.302364743040684
26.937	-11.434	-4.0353	1.30971808959219
34.051	-7.057	-4.9855	-0.223214017175888
36.385	-6.6891	-0.91737	0.476722097664992
36.707	-6.8401	-1.3848	-0.895923243944395
36.43	-6.2279	-0.72841	-0.989392994012122
37.485	-6.1472	-1.8209	-0.93997257698974
37.336	-4.2892	-1.3951	-0.757098301342325
36.534	-2.8847	-3.859	-0.394331125965227
36.765	-2.6537	-0.90358	-0.5161603546462
38.365	-5.7093	-3.163	1.08582019579833
26.795	-1.38	0.76789	-0.860315251064672
37.736	-7.0645	-2.0451	-1.50765346483746
27.947	-11.622	-3.3485	0.788379679670754
29.441	-2.4441	0.42788	-0.63052613446739
34.545	-0.57259	-5.36	0.269236071120664
37.192	-7.2199	-0.97104	-0.709785729401837
35.643	-1.0173	-4.7475	1.07475414148892
29.467	-10.775	-3.9691	0.844880826463114
36.573	-8.3132	-1.1099	-0.705029697168322
36.38	-6.6055	-0.06572	-0.71418401167093
36.872	-7.3054	-1.1125	0.50081959378532
31.012	0.82625	-1.0063	0.376681128029916
33.073	-10.383	-3.0347	0.175099397670991
33.721	-9.813	-3.1666	-1.19344868576885
36.514	-2.8311	-4.6458	-0.563502161471696
26.728	-2.4993	0.37058	-0.682902129559594
35.137	-7.474	-0.47603	-0.67468476926417
33.092	-2.3509	-0.10809	-0.422869170295549
30.162	1.0924	-0.59141	-0.253790853323803
35.653	-8.8056	-2.0148	-0.447519690017981
37.55	-2.3992	-4.0514	1.04515885200309
28.167	2.2203	-0.26485	-0.752160408117782
37.262	-7.6743	-2.5575	-0.418127694062686
28.68	-0.5989	-6.5866	-0.983993295464467
36.82	-6.8749	-0.3813	-0.97699229228219
37.969	-4.1044	-3.9668	-0.242495962752416
27.04	-0.27364	-6.8262	-0.0838837255954777
35.876	-2.8084	-4.9303	-0.37893085840561
36.613	-7.1136	-0.79163	-1.63752922825075
29.461	-1.419	0.7187	-0.771992534998472
33.343	-10.105	-3.3928	-0.606330122916832
35.407	-6.9301	-1.0617	0.686342397497244
36.67	-6.252	-0.26205	-0.440912540323829
36.115	-6.9508	-0.31193	0.204582605381259
30.193	1.2549	-0.92182	-0.706954453220593
36.741	-6.2321	-0.25214	-0.0994098766826174
35.394	-6.7244	-4.8998	0.357395999776515
35.901	-7.5783	-1.5121	-0.04245088804096
36.212	-2.8864	-4.4424	-0.602932287297391
36.519	-6.8297	-1.8835	1.3504250492857
36.757	-4.3829	-1.9128	0.267125853636452
37.299	-4.6356	-4.2258	1.00061453977636
36.961	-6.9266	-1.1732	-1.09362784773263
35.464	-9.2253	-3.2972	-0.800776106412128
35.372	-7.55	0.094466	-1.10731365927333
37.434	-3.8318	-1.858	-0.571993385440989
37.432	-2.5769	-3.2596	-0.472987253694966
35.832	-1.7551	-5.3572	0.268056233841617
34.841	-1.1825	-5.6789	0.785212297300123
35.748	-1.2876	-4.9432	-0.930456566459733
37.279	-7.3662	-1.4602	-1.00521117052148
33.607	-1.7542	0.66326	-0.914064488214818
36.366	-7.7739	-1.273	0.937952628230371
29.524	1.8227	-0.21233	-1.24152576923856
24.281	-0.95431	1.6062	-0.287810697272492
37.71	-3.7762	-3.6003	0.0987874393755382
37.127	-6.706	-1.4274	-0.980788939360311
37.568	-3.1113	-4.1591	-0.861437200182192
36.105	-7.3621	-0.27467	-0.151395748247676
36.68	-3.1089	-0.80076	-1.04217162206753
37.185	-5.435	-1.2468	0.987832682801186
35.352	-7.529	-3.7597	-0.00973123884335208
37.144	-2.5994	-2.8073	-0.344201817556205
36.629	-7.321	-0.79914	-0.0448136322981802
29.709	-1.2098	-6.7267	0.00739457876059877
28.639	-1.7463	0.11451	0.28186069204257
33.884	-9.4559	-2.2002	-0.7232746564715
29.769	-1.6298	0.65782	-1.12759590279956
37.081	-2.2684	-3.7777	-0.815063539500131
36.206	-7.2978	-1.6692	-0.763376356286241
25.402	-11.378	-4.1255	-0.469878624730999
37.885	-6.1483	-4.0581	-0.363001861782914
31.038	-10.399	-3.8462	0.0582301689053723
36.67	-6.0862	-0.60603	0.230152080599957
34.412	-0.72442	-5.3799	-1.15222324447793
29.81	-10.35	-3.8864	1.32753820450478
33.106	-8.9881	-4.6548	0.183283183775312
29.473	-0.48085	-6.5681	1.36690794452241
35.74	-1.5646	-5.2828	-0.540918922064644
37.574	-2.8168	-1.8882	-0.413967908643946
32.89	0.72047	-2.1587	0.232799182337447
36.778	-6.6332	-1.1096	0.224746637170274
37.034	-3.681	-5.0419	0.846979067120195
27.479	-1.1421	0.8687	0.106160773338013
35.114	-8.5241	-4.0748	-0.773564206481751
35.997	-3.0534	-4.6892	-0.0131730756587627
36.301	-1.469	-4.8456	0.606111521255546
33.033	0.14127	-0.89016	0.278827284428919
35.769	-1.0613	-4.7791	0.122470556853419
24.668	-11.654	-3.2159	1.04296445302562
28.566	2.1575	-0.46418	-0.569539090346052
18.476	-11.922	-3.6567	1.645
31.902	-10.188	-3.1425	0.00649062395752905
35.592	-6.7005	-0.93449	1.645
34.055	0.053927	-3.4849	-0.801113466378517
29.642	-1.2463	-6.7948	-0.792542691354793
37.359	-2.1066	-3.8716	-0.601566629564108
28.656	-0.89458	-6.9293	-0.797892042347799
37.672	-6.7785	-0.78609	1.29087815798376
35.668	-7.5501	-1.0858	0.419665011835098
36.261	-6.8152	-1.5389	0.888415583769208
36.834	-6.7319	-1.2722	-0.392042378939903
36.996	-7.5969	-1.0678	-0.620988055217948
30.542	-6.0829	-5.3952	0.0435968142127539
35.304	-0.72865	-1.7241	-0.594342508468324
32.167	-10.434	-3.3169	-0.0824005168870147
37.241	-6.6798	-1.5083	0.566342165095805
37.692	-3.8642	-3.9815	1.42505412784397
36.295	-7.3641	-1.1927	-0.442517428609683
36.177	-1.3727	-4.7834	-1.10668238200398
35.221	-1.4667	-5.6054	-0.498345394821432
36.195	-3.0407	-2.149	1.14618049226292
20.821	-12.156	-3.2601	-0.325797900510461
28.31	-11.059	-4.4058	1.645
37.112	-7.4161	-1.9881	-0.924056585212798
35.304	-6.792	-4.5462	1.645
31.554	1.5166	-0.70294	1.24324454107428
35.332	-3.4379	0.25797	-0.786508949669267
33.492	-9.8817	-3.9009	1.59636966488751
37.411	-6.3305	-1.4893	0.213692078943282
35.78	-6.7263	-1.6317	-0.6286402854154
33.448	-0.77411	0.15523	-0.191531210090994
35.375	-5.2242	-0.81239	0.445352073717978
33.301	-0.8584	-6.2191	1.645
33.996	-0.50546	-3.2843	1.09564707413174
36.135	-7.0239	-0.50614	1.58268257968805
35.965	-2.0548	-5.2201	-0.307718726954148
36.394	-6.1789	-1.2919	0.426975105393156
37.406	-4.8724	-2.8986	-0.870233227903037
36.04	-7.8278	-3.3901	-0.389248472474112
36.003	-7.4847	-0.98669	0.546169765136595
37.505	-3.3844	-3.665	-1.29807983452038
38.095	-4.4114	-3.0289	-0.489609137316726
28.845	-0.3391	-6.3215	1.63283480933298
31.873	1.1603	-1.4668	-0.547956151984245
37.224	-5.958	-1.089	0.0500255666505153
37.745	-6.0125	-2.6235	1.645
32.761	-10.279	-3.5803	1.645
35.146	-6.8688	-1.1453	-0.975377940297799
22.237	-11.81	-3.5527	1.03700315840182
36.309	-1.0166	-2.6914	-1.11585368972011
32.789	-9.4975	-3.0511	1.645
38.051	-7.0224	-2.7249	0.454103010441976
37.117	-7.0294	-1.3152	-0.940392130351483
29.757	-0.67542	-6.5392	-0.659742423545669
37.809	-6.3381	-1.42	0.600523915873195
37.268	-4.9914	-0.25184	-1.11969480798071
37.709	-3.5095	-2.5169	-0.791349619550898
29.359	-1.6151	0.50232	0.0668388091285359
35.72	-8.5251	-3.5035	-0.698106151726643
35.965	-1.3746	-5.0021	0.707319719319699
36.316	-4.3292	-0.2157	-0.232765036201337
32.677	-8.7274	-4.1685	1.13520233900243
38.36	-5.3256	-2.9136	-0.441719471597219
36.221	-7.3412	-4.4751	-0.249855713083181
34.415	-6.8325	0.075148	-0.652782335920389
28.368	-0.59665	-6.7559	-0.271539520459275
36.759	-3.5836	-0.81804	1.44731935957344
34.095	-9.7839	-3.228	0.0266240678300667
37.368	-6.4768	-2.9922	-0.674870884131914
37.332	-7.2515	-3.8961	0.0712193329931742
35.258	-5.3219	-5.4431	0.29937358660005
36.321	-3.9637	-0.27042	1.12180467170362
36.03	-6.7396	-2.2656	-0.586856485757781
36.297	-6.6218	-1.3064	1.645
36.623	-2.2417	-4.4946	0.426510431677236
30.035	-10.734	-3.8263	0.0283742643344565
36.66	-6.6386	-0.37036	-0.933459640125124
21.515	-0.27706	1.74	-0.600087303348202
33.103	-10.306	-3.7632	0.759154632792492
36.952	-8.0395	-3.7747	1.23202735361879
22.571	-0.57713	1.5151	-0.766548671930286
37.393	-3.4946	-4.3244	-0.561995513706271
29.076	-11.036	-4.0158	1.645
27.77	-11.555	-3.6482	0.954467294434995
37.578	-3.8494	-4.4812	-0.827426420388824
37.42	-3.8425	-1.2864	1.55715844250139
26.936	-1.6129	1.3973	-0.0853477717440631
36.112	-7.3194	-0.71772	-0.796640363254057
35.791	-7.0583	-0.31701	-0.588379799299073
30.4	-10.876	-4.4696	-0.494262371860431
35.159	-1.6508	-5.7185	-1.1883717407958
36.861	-1.5517	-4.234	0.441522798233758
26.877	2.3493	0.26303	-0.877723305543792
20.474	-12.495	-3.206	0.537965294664402
27.177	-2.3797	0.14023	0.0591038868165851
37.496	-2.3662	-2.2257	-0.261084607326154
34.893	-8.2576	-0.2879	-0.197662478499151
26.716	-11.636	-3.9302	1.645
34.889	-7.5416	-4.5362	0.0676179091538399
36.442	-8.308	-1.1302	-1.23587633628978
35.773	-7.8802	-0.81617	0.142470577953556
37.317	-6.8573	-3.3818	1.03470932372027
36.102	-3.0749	-5.1304	0.00701788657468757
37.105	-2.5589	-3.5756	-0.496212018115764
25.809	-11.625	-3.7767	1.645
31.857	1.6245	-3.1076	-1.24333739997563
26.788	-1.3344	0.7076	-0.794017301836308
37.049	-6.6954	-1.5441	-1.37409953550355
30.72	1.4517	-0.34053	-1.15692077810484
27.045	2.3681	0.63953	1.645
20.617	-0.3175	1.6639	0.184416589609169
37.887	-5.396	-1.5637	0.665793220505063
37.858	-5.3791	-3.9756	1.37502441009538
37.652	-4.4151	-4.0434	-0.451022235309373
29.685	-10.994	-2.7076	-0.643822991373087
33.751	-10.254	-2.9882	0.330336603215758
33.908	-0.57427	-1.1263	-0.308238902512412
36.426	-7.9875	-4.213	0.294479690459182
33.919	-7.0507	-5.0645	-0.394546157386
37.54	-3.8517	-4.3804	0.493107120230284
35.577	-1.6453	-5.4049	-0.107780077467682
38.032	-3.8433	-2.5224	-0.72674523697312
26.259	-0.18253	-7.0548	-0.165744346822302
35.993	-7.0808	-1.3785	-0.516381340971395
34.187	-1.4715	-5.6999	-0.0144304323664716
38.371	-4.863	-2.051	-0.568605664776088
36.918	-7.5758	-1.5006	-1.25147056343059
36.473	-1.6404	-4.767	-0.837725890162981
28.657	-0.49517	-6.6234	-1.36988054148661
36.394	-7.593	-0.62675	-0.529329851408834
36.478	-7.1979	-2.0881	-0.703381444002631
35.184	-9.2901	-3.1965	1.37554814547949
33.753	-9.4761	-3.5559	1.645
38.074	-4.3028	-2.4632	0.305811799186531
36.292	-2.6554	-4.4174	-0.538800868558471
37.272	-6.8375	-1.1314	-0.640100320255851
33.715	-9.6432	-2.123	0.980883594039707
35.237	-0.69076	-4.8874	-0.0995461745158032
24.414	-12.142	-3.2013	1.03458450992312
37.569	-6.5148	-1.4642	-0.72331305452116
36.96	-6.9343	-1.0159	-0.0370834427650318
37.294	-1.9809	-3.4145	0.343029622343064
37.737	-6.611	-1.2513	-0.0154104894028034
37.08	-2.6979	-1.4846	-0.339994537881081
37.508	-7.0244	-1.8393	1.05478682718545
37.038	-4.3294	-1.0892	-0.309513967431977
34.492	-7.3364	0.24994	-0.598920381512899
27.619	-11.723	-3.0238	1.645
37.109	-7.0105	-0.90472	-0.414326348931297
33.954	-0.85081	-5.874	1.645
25.499	-1.9116	0.89186	-0.578785871569396
33.203	-10.02	-3.7952	0.561050494127594
36.949	-4.5689	-2.2549	-0.645702399480309
38.43	-6.1105	-2.4777	-0.913999514736036
36.281	-7.2612	-1.4428	-0.337469866804411
36.205	-2.6511	-0.80731	-1.27953804528598
31.294	-7.8077	-4.7166	-0.317845835113466
28.036	-0.32208	-6.6729	-0.850791400758301
37.033	-2.5461	-1.0928	0.637270514225334
33.627	-10.262	-3.7998	-0.775360171058595
28.89	2.0927	-0.92713	0.449276457644726
36.811	-6.4165	0.35144	-0.508736249802042
37.011	-5.9559	-0.4383	-0.540728531965522
38.201	-3.9247	-2.182	-0.524680567251805
36.854	-3.5895	-4.6313	0.351989967394537
37.373	-6.9962	-0.69014	-1.26917030656873
38.149	-5.5533	-1.2842	-1.38536947457507
36.144	-2.2189	-1.1147	-0.669242855794813
35.14	-0.37334	-2.7565	-0.82152125953508
36.902	-7.0363	-0.65284	-1.01461564295526
36.446	-6.3734	-4.8093	-0.986043559293987
36.044	-8.7182	-2.4083	-1.06541702983659
34.719	-9.8405	-3.3063	0.292307667709126
36.437	-3.6993	-4.3082	-0.730168753002263
34.532	-1.6199	-5.9276	-0.410976737565426
24.371	-1.4143	1.2245	0.399555510572825
27.162	-11.286	-4.1317	-0.388693022039796
35.233	-8.8871	-3.1131	0.519038402284637
34.886	-6.2481	-5.5571	-0.196052511671078
34.45	-9.2067	-3.1109	1.645
35.822	-6.391	-2.1782	-0.862586949149477
35.733	-1.9219	-0.14499	-0.758577430770611
35.874	-8.6177	-1.8043	0.955364500676835
34.192	-8.3314	-3.5638	-0.60154986104609
37.948	-6.3604	-1.6608	-0.346981384299848
35.228	-8.4952	-3.2171	-0.155772451506019
34.806	-6.9562	-0.62806	-0.423068149769974
26.345	-1.1055	0.5634	-0.927567677706724
25.296	-0.72466	1.6146	-0.0770883302737315
37.422	-3.4628	-2.3274	-0.123936458148014
28.048	-11.488	-4.1721	-0.58013181796457
37.105	-3.6061	-4.5524	-0.423143828918488
36.419	-6.6899	-0.5559	1.21092671420004
35.34	-2.5809	-4.242	1.645
33.407	-9.7397	-3.9947	-0.272094026664664
32.896	-9.6574	-3.1526	0.297554504053827
36.359	-7.4549	-1.0004	-1.64194177243408
35.12	-1.2742	-2.8903	0.0759045428265799
37.498	-3.5547	-4.4466	0.988508821805565
36.054	-7.6498	-0.76852	1.15454177352481
37.167	-6.6659	-1.13	0.546197591606011
37.129	-4.2692	-2.0975	1.45990420834859
36.978	-1.6567	-1.9199	0.0451323606272206
29.606	1.5715	-0.54431	-0.731637454900002
33.643	-1.3637	-2.5897	-0.50822951133999
34.789	-7.3388	-0.54573	0.77154959597018
28.725	1.7036	-0.72164	-0.708048876065987
24.712	2.8802	0.58317	1.07800422966786
36.593	-5.8661	-0.6886	-0.411755314938746
36.284	-1.8405	-5.0251	-0.993263900516087
29.893	-1.3723	-6.5831	-0.615185181485427
36.546	-7.4554	-1.1895	-1.03410421910988
35.946	-6.5489	-1.2203	-0.590536916161984
36.537	-6.8783	-1.0337	-1.2584372339646
20.317	-12.541	-3.2969	-0.99376644525834
34.361	-1.276	-5.9627	1.645
37.923	-3.705	-3.5402	-0.789685239396966
37.259	-3.0075	-4.4835	-0.605977084415923
37.096	-3.0514	-4.6541	0.197762138626517
34.849	-9.695	-3.414	0.239085304170175
38.398	-5.8134	-1.1318	-0.673505236224111
24.003	0.13853	1.4663	-0.250225177139485
37.122	-3.4666	-4.8168	0.0194256037159754
36.732	-7.2218	-0.73825	0.237444153824982
33.778	-8.1256	-0.58235	-0.700579852876494
31.849	-10.422	-3.1593	-1.0526965522621
37.14	-3.9296	-2.3872	0.898423365152841
36.72	-6.1892	-0.64828	0.329784826183137
36.229	-7.0194	-0.57746	-0.150195575590427
31.782	-10.612	-2.5976	-0.611928628234736
33.339	-3.0923	-1.8954	1.39114739460231
31.845	1.0033	-1.1008	-0.146644382752371
34.623	-7.9058	-0.21977	-0.0331413831363637
36.82	-6.9642	-1.231	1.28232278935766
38.141	-4.2786	-2.7783	-0.738209309173434
36.231	-6.2373	-5.1256	-0.639840197029318
36.289	-2.5821	-5.4333	1.28103311140842
37.38	-3.0814	-1.6637	0.198374438077958
35.425	-1.3523	-5.359	0.279955095411823
35.754	-8.7903	-3.0805	1.645
36.588	-2.8971	-0.65573	-0.229508336334582
28.461	0.98628	0.17033	-0.132308860091765
36.185	-1.9151	-5.1717	-1.19738674784903
36.577	-3.213	-5.146	-0.549792625907715
36.786	-8.3038	-2.0017	0.947551411907663
37.997	-4.8692	-1.9471	-0.137959604269102
37.103	-6.7509	-1.4273	1.645
38.09	-4.6696	-3.7878	1.3939908699267
25.277	-1.3055	1.488	0.135036980902059
36.099	-2.2894	-4.5739	-0.125748130283439
31.698	-1.481	-6.3148	0.770322048405726
37.265	-6.8089	-1.3866	-0.717821207387627
32.951	-2.1329	0.73755	-0.851156533121504
35.127	-9.5065	-3.6642	1.645
36.16	-6.4134	-0.87063	0.643887249645638
37.729	-4.9993	-4.3855	0.822064651930458
32.13	-10.432	-3.3767	-1.26876296385673
37.573	-3.3045	-2.1576	0.355853222849435
37.755	-3.5724	-3.9847	1.34849345071934
37.348	-6.6439	-1.5268	0.311526003903507
37.925	-7.2268	-2.1791	0.0733309922146022
36.177	-1.8567	-5.0243	-0.571029317246753
37.795	-6.7263	-1.3088	-0.363167414874977
31.65	0.84958	-1.5053	-1.01429083571154
36.07	-7.6448	-1.1824	-0.775182516683725
22.184	-12.39	-2.6067	1.23432103424434
30.247	-10.532	-3.9948	0.536003452521714
37.393	-6.592	-1.4972	0.433924014412471
37.554	-2.4907	-3.7862	-0.62823423039543
37.201	-7.6178	-1.6684	-0.79106302437613
30.283	-1.7556	-6.5862	-0.0880667102414872
25.356	-12.145	-2.9767	0.984880298498425
35.172	-5.0249	-0.59907	-0.56466496849424
37.305	-7.1596	-1.4898	1.25733399404081
35.947	-3.498	-4.6138	-0.340173429915652
33.207	-10.28	-2.8261	-0.243208315968332
28.016	2.2856	-0.45016	-0.468082839634853
22.195	-0.52443	1.9394	-0.546340811894293
35.802	-9.2502	-3.1529	0.313145339128325
36.956	-7.4289	-1.0991	-0.341072831292147
38.171	-4.4907	-2.327	0.111742787927755
36.092	-7.0394	-3.7643	0.762348651184522
26.98	-11.301	-3.1408	0.436033561067515
35.669	-5.378	-5.4118	-0.323475434758264
34.864	-0.4048	-2.0771	1.645
36.613	-7.0288	-0.34779	-1.42257516080048
31.329	-9.8618	-4.0712	-0.29097446533421
36.769	-3.844	-5.1959	-0.757335563351116
30.827	-10.451	-4.0079	-0.35471788821543
37.061	-7.7577	-3.156	-0.452048341265363
34.483	-1.1037	-5.7561	-0.742639863292458
35.73	-7.9709	-0.66978	0.0179387225183984
26.612	-11.577	-3.6266	-0.253670830775687
36.745	-7.1831	-2.3689	-1.05349784870818
31.359	1.2267	-0.79001	-0.473041773879676
34.084	-5.1555	-0.37926	-0.345384477686597
38.29	-5.6387	-2.4153	0.48752643671157
22.106	0.18732	1.8667	-0.770509236782521
35.735	-6.692	-0.29731	-0.0135148863268142
17.095	-12.321	-2.8753	1.645
36.501	-6.4825	-0.69156	-0.265325478488072
26.577	2.4753	-0.54886	-0.944998383116363
37.219	-2.0424	-2.5208	-0.209956736956115
36.172	-0.92643	-4.2247	-0.233550503739332
37.095	-4.2397	-4.9509	-0.403472556379112
33.674	-1.1195	0.1615	-0.497318097779461
36.517	-7.0275	-0.29672	-0.964408144086719
31.972	-10.291	-4.3015	0.325623978950957
37.138	-4.5323	-4.5154	-0.85243391281185
32.883	-8.6579	-4.8132	0.786062157663343
33.946	0.48495	-2.0193	-0.558486724180501
33.226	-8.1007	-3.0252	-0.743900208852332
36.037	-8.4397	-2.6454	0.0705287894523314
32.196	-1.6907	0.61627	1.14835655235679
27.763	-0.19828	-6.7383	-0.460911149401636
36.339	-6.8364	-0.98471	-0.920624817216562
32.65	-0.74971	-6.2361	-1.36804409059735
36.261	-2.6379	-4.6789	-0.268235867779957
35.636	-9.2272	-3.3149	1.645
37.07	-2.1273	-3.4271	-0.36823322673457
36.04	-8.1498	-3.5092	0.628087624284156
37.255	-6.7602	-0.97143	-0.853689958970687
33.652	-9.6058	-2.9365	1.645
35.983	-8.1255	-2.4158	1.645
34.944	-8.9841	-4.1297	-0.368395688719059
33.04	0.80558	-4.2231	-0.390421897229145
37.059	-7.1464	-0.47755	-1.64183557519225
35.629	-9.285	-3.1762	1.54493706707124
37.101	-2.5892	-4.5559	-0.120223596253365
33.365	0.518	-1.5642	-0.542734440713991
37.799	-3.4383	-3.9197	-0.963423586100615
37.502	-6.2755	-1.1577	-0.710614443522744
37.352	-7.3788	-1.6396	-1.11160470034541
34.537	-0.89781	-0.21511	0.394959498172242
34.933	-9.2861	-1.8374	0.768946845189107
34.882	-6.9392	-0.59267	-0.544012183567011
28.051	-11.463	-3.9954	-0.623084395627218
38.583	-5.346	-2.3082	-1.07597229301197
35.765	-2.3939	-5.2168	-0.551172813217935
35.587	-2.51	-0.4416	-1.645
37.18	-7.2877	-2.0295	0.663508694696321
36.955	-6.6936	-0.62468	0.327695959717893
33.145	0.72644	-3.0346	0.489850410885165
36.358	-1.9963	-3.3979	-1.07691023282474
35.264	-7.1588	-0.50919	-0.786050919643185
34.658	-0.62976	-5.3143	-0.5685961769787
36.36	-2.2355	-0.98092	0.0144373814561602
36.834	-7.6649	-2.6837	1.64174288452339
21.132	-1.0722	1.3773	-0.303794368990297
13.152	-11.939	-3.2046	-0.34502932639298
36.426	-6.7145	-0.56541	-0.868384964376401
36.807	-6.8513	-1.4331	-1.21255799622605
36.444	-7.3508	-0.80357	-0.0619006069817496
35.638	-1.1759	-3.9446	0.556799756191909
27.737	-11.284	-3.2202	-0.494792916328979
36.113	-7.5229	-1.1566	-0.969725653119175
34.689	-0.28268	-3.6521	-0.302093075184229
37.379	-3.6702	-0.92475	-0.125531393760832
38.099	-4.1749	-2.0066	-1.11569737012746
38.276	-3.9029	-2.2387	0.860692259913843
35.502	-5.9782	-1.6541	-0.700738875586619
36.584	-6.9242	-0.77023	-1.1892159127023
35.672	-1.7917	-5.3377	-1.00756688476916
36.752	-3.5477	-2.6273	-0.666144259078684
34.205	-9.6351	-2.6179	-0.671779429155359
36.673	-7.7313	-1.7312	-0.749714864426349
34.93	-7.4385	0.28604	-0.440199466440833
36.492	-7.1408	-1.0361	-0.798365459066696
37.788	-4.174	-1.7582	1.63785274087866
36.965	-3.0487	-1.9398	-0.795459202174428
38.23	-4.9132	-3.4835	0.313204204393968
36.663	-3.1631	-0.3802	-0.338844950116755
33.099	0.055081	-5.2592	0.224993276948775
31.239	-10.563	-3.4322	0.31324175560957
35.881	-1.4853	-5.1216	-1.48303921473205
33.57	-8.7984	-2.8098	-0.194103616474222
37.128	-7.3755	-1.516	0.540708418070888
33.552	-9.7298	-1.7604	-0.118776977536015
35.169	-9.4052	-2.0994	0.38860718964784
33.728	-7.5046	-4.2941	1.645
31.148	1.1191	-1.7657	0.0246119977409232
36.1	-5.7452	-0.9397	1.645
14.2	-12.25	-2.7913	0.462758623697108
33.449	-0.70302	-0.86649	0.0374466879290062
36.735	-2.0513	-4.5974	-0.032056955828312
37.97	-6.9158	-1.8538	0.484909050776009
37.271	-6.6982	-1.6293	1.645
36.379	-3.7123	-1.4074	0.0712879911758857
24.282	-11.844	-3.4144	1.40796278878675
36.613	-3.0796	-0.94265	-0.276364673366757
35.771	-6.6465	-1.0204	1.32650747875291
29.6	1.593	-1.8446	0.231530128481053
37.883	-2.6633	-2.9858	-0.113114553476694
31.258	-10.897	-3.3516	1.645
28.835	-0.9672	-6.622	-0.331835119835135
26.632	-11.363	-3.9523	1.48909220196121
34.045	-9.3825	-2.7884	-0.609499885094948
36.668	-5.7643	-0.36006	0.361167791491119
33.156	0.051677	-0.95287	-1.09873503722858
33.764	-0.71277	-5.7633	0.374035840907453
35.295	-7.3557	-2.6164	0.0325559198804276
34.803	-7.3818	-0.18694	0.95970937587089
34.462	-9.6263	-2.7398	1.645
35.186	-7.3743	-0.73991	-0.353373108364555
36.568	-6.7341	-0.43936	-0.900221276677586
37.311	-7.1319	-2.484	0.279806207717915
24.603	3.0977	0.72789	0.00744639165563057
30.903	0.73487	-0.78254	-0.764777465439143
36.998	-6.8792	-0.55387	-0.958590083519175
33.493	-0.10664	-5.5756	-0.955446425241341
38.411	-5.9434	-2.5654	-0.658150920257968
23.875	-11.581	-3.7265	1.645
31.882	0.099737	0.85538	-0.407077110447065
31.935	-9.6442	-3.1092	1.645
26.959	-11.641	-3.4896	-0.461826927048608
27.536	2.4938	-0.31686	-0.656161323939625
37.244	-6.5933	-1.2809	-1.12573639685211
29.127	1.8274	-0.60295	-0.364542758907098
37.126	-1.7498	-4.0023	0.150488989375145
37.964	-6.7002	-1.5893	0.531627334874451
29.648	-0.84476	0.71673	-0.48023897344239
37.316	-6.1483	-0.43037	-1.10798325056552
37.077	-7.9142	-1.4075	0.379468011586384
33.288	-0.28058	-5.9272	-0.296863349842224
35.647	-8.0758	-4.3618	-0.660784057808715
36.307	-7.1819	-0.72469	-1.06558921136531
37.012	-7.3768	-2.6185	-0.704866397095555
29.6	-10.915	-3.8914	1.31763788623067
37.241	-3.7254	-1.2785	-0.73576442669924
36.381	-6.3235	-0.97449	-0.764503751237698
38.228	-5.9979	-2.4075	-0.31027549153262
29.683	2.3099	-1.5653	-0.0906764246975963
36.092	-3.3609	-0.37577	-0.832984461886006
36.459	-2.2777	-4.9212	-0.211336007032314
26.628	-11.465	-3.5706	1.645
37.597	-4.7139	-4.268	-0.0762575797103656
37.638	-2.9456	-1.7393	-0.756824557593096
36.825	-5.2081	-2.5948	-0.891475190967996
37.001	-3.1956	-1.9825	-0.748517373754995
35.376	-7.6203	-0.86273	1.645
29.737	-10.997	-3.7093	1.645
36.646	-6.9621	-4.4572	-0.412594014930094
35.599	-6.7579	-0.15719	-0.867813461133195
31.82	-1.1205	-6.6025	-0.661490687791396
36.406	-3.0178	-1.5552	0.430771658155628
33.897	-9.3231	-3.4479	-0.716201296332303
32.105	-1.7627	-0.10838	-0.728905639186839
36.277	-7.249	-0.71106	-1.07333281582696
36.737	-5.862	-0.77037	-0.441845071765557
36.388	-6.8777	-0.40505	-0.615182376378985
37.261	-2.7718	-4.19	-0.0930882493709067
31.621	1.471	-2.1952	-0.421465044030606
37.684	-3.9188	-3.9944	-0.847473884095932
24.924	3.2424	0.63254	-0.657612792998331
35.866	-3.3966	-1.9231	0.322493076686323
27.767	2.2237	-0.43318	-1.20638627310655
35.011	-9.3326	-3.6961	0.612660694332892
36.754	-3.0007	-4.6999	-1.10820087047535
28.246	-11.364	-3.9274	1.645
28.058	-0.40419	-6.5521	-0.182799417309631
36.427	-6.7942	-0.72939	-1.06947203490875
38.176	-3.9397	-2.3623	0.982588466573933
31.848	-10.514	-3.7276	1.645
32.421	-9.9028	-3.8736	-0.427806220359104
37.445	-4.4388	-3.7318	-0.419217267232286
35.951	-1.7764	-5.2628	-0.738854613725435
35.052	-2.3438	-0.25459	-0.603453095344835
37.046	-6.6266	-1.4054	-0.504016119343299
35.805	-0.27107	-3.7675	0.175070581848393
37.018	-2.1404	-3.4635	0.225935500208981
29.485	-11.04	-4.0291	1.57286926006355
34.963	-0.91573	-4.2992	-0.123496965414207
35	-8.9277	-3.0689	0.734657819276248
37.03	-6.9054	-0.89318	-0.119787154518583
36.998	-6.6701	-0.68066	-0.475278302781462
28.959	-10.732	-3.9835	-0.668326149927274
28.796	2.6423	-1.0447	0.106739923898971
35.607	-1.8209	-5.5017	-0.984667898581506
29.049	2.1374	-1.2587	-0.722860181316358
36.564	-7.3469	-0.8169	-0.109682846142991
37.58	-5.6603	-2.0723	1.645
31.865	0.77388	-1.3397	-1.15628727831877
29.143	-1.0016	-6.5471	-0.181942632692743
27.258	0.22043	-6.3336	-0.750739377054314
35.159	-8.7272	-4.1003	0.854507020824058
35.815	-7.8946	-0.37288	-0.801726944577671
37.493	-3.1652	-4.0554	0.800560389712927
36.963	-3.5361	-2.5995	0.266956334903121
37.393	-5.8686	-0.98026	0.909124203751049
37.813	-3.2192	-2.0258	-0.112951240983644
37.005	-7.4155	-1.2923	-0.338485569126588
36.678	-7.6703	-1.4146	1.12259527013396
36.409	-6.576	-1.957	-0.731821951079588
36.077	-2.6253	-4.9514	-0.458478738942902
36.243	-3.5794	-0.21717	-1.19484104779327
36.026	-6.626	-0.1023	1.36840712302234
36.241	-3.1487	-1.2023	0.658863166936461
26.151	2.5267	-0.32816	0.557985369842649
37.961	-4.5137	-3.6152	-0.398361649344378
34.751	-2.076	-4.7894	0.879451959421449
35.408	-1.3801	-5.2085	-0.918944875830438
31.983	-8.192	0.43924	-0.421460767905731
37.348	-4.3808	-3.4643	1.645
25.224	-11.867	-3.7074	1.645
29.185	-1.0694	-6.7569	-0.107800507618164
34.119	-1.5572	-3.3554	-1.02658696523817
35.665	-1.1446	-3.4708	-0.558834488745446
37.853	-6.0901	-2.2477	-0.377468558556497
36.103	-2.9022	-4.7952	-0.553821015290369
36.835	-3.5596	-0.94827	0.597594009997027
36.17	-7.445	-0.85062	-0.950643280222657
26.906	2.3831	-0.26394	-0.993818263508216
36.06	-7.5642	-0.4854	0.765044898696686
37.14	-4.964	-4.1295	1.645
36.254	-2.536	-4.605	-0.603668987246524
37.401	-2.788	-4.0256	1.645
36.424	-7.281	-0.91605	-1.02940266310429
35.811	-7.1054	-0.26252	-0.0435764928456508
35.131	-7.9391	-1.5386	-0.748566472413644
36.196	-2.2167	-5.2777	-0.11032962820637
35.143	-3.4181	-0.3143	-0.587474946648953
35.111	-2.7285	-5.6907	-0.469472980630164
38.008	-3.2008	-3.5752	-1.15070214137594
35.136	-0.6424	-1.0237	0.879989203261597
35.689	-6.7757	-2.8578	0.970315334297956
29.713	-1.3836	0.57155	-0.172509306714487
30.906	-10.083	-3.4443	1.645
34.883	-4.4287	-1.5223	-1.14290966012997
38.086	-4.8205	-3.8928	-0.546760735517261
37.501	-3.63	-3.2459	-0.611916862947544
35.843	-6.6108	-1.5401	-0.0293030149945638
31.505	-10.677	-3.5357	-0.899381681614052
37.16	-6.6232	-0.7396	1.12372522519646
36.42	-7.2465	-0.79641	-0.796214174117023
31.917	-9.7447	-4.6294	0.176263141509062
37.031	-6.9763	-1.0374	-0.75018227136388
38.265	-5.2641	-1.6418	-0.950701643318981
37.023	-7.7618	-3.0738	-0.543401218472113
35.848	-8.0086	-0.74692	-0.548613595972053
37.359	-3.4721	-4.3656	-1.03202311031228
37.919	-4.1884	-3.3612	0.306236339439112
31.151	-10.386	-3.707	0.897417555637396
37.056	-2.086	-4.1943	0.92823499773296
38.006	-4.5622	-1.6132	-1.04688234529801
36.625	-3.1859	-5.035	-0.736632197205498
22.994	0.17768	1.5887	-0.466832324108391
37.974	-3.5713	-2.2629	0.81687433779631
35.991	-7.1105	-0.27884	-1.08803726456094
34.046	-7.7115	-0.99998	-0.903290398141632
28.049	-10.987	-4.007	0.479944828870014
24.626	2.8702	0.65734	-0.776273946843723
35.883	-6.8386	-4.8344	0.958581717334845
36.537	-6.301	-1.1695	1.63576275755197
36.684	-6.916	-0.54257	-0.203012712065209
36.131	-6.7703	-0.6249	0.315909151128428
36.721	-7.1728	-1.6014	0.543367213022725
36.291	-3.2826	-5.4975	-0.441869243739275
37.998	-6.5588	-1.1578	-0.737088734215964
37.407	-3.279	-1.2402	-1.0410425743567
34.719	-0.76652	-0.38087	-0.890345188985416
24.667	-11.97	-3.4268	-1.28796625680619
36.562	-7.8558	-2.4601	-0.610486341062371
34.523	-6.4037	-5.2684	-0.850581895732018
36.344	-2.7243	-5.0541	1.645
28.704	-1.2358	0.73461	-0.667414804468657
35.112	-8.381	-1.5627	-0.555011813413776
36.561	-8.08	-2.507	-0.240347915948396
29.101	1.8205	-1.2912	0.0902109037631859
35.878	-8.1252	-1.6888	-0.517525004529419
33.057	0.84632	-2.7147	0.832496424901115
33.546	-0.34527	-5.445	-0.808044621390991
31.882	-0.57295	-5.8092	1.5849244445819
24.91	-11.954	-3.5912	1.01398701858215
38.382	-5.4187	-2.2298	0.202506011581538
35.342	-0.84757	-4.9727	0.88817608266463
34.619	-5.6944	-5.4814	0.578154851373505
36.436	-7.5013	-0.96146	-0.253958552172362
37.02	-3.3083	-1.0167	-1.37412470636468
34.806	-8.8901	-2.973	1.1016807241743
34.347	-0.98887	-5.2431	0.275739215661998
32.922	-10.36	-3.0592	0.840813104647976
37.436	-2.0099	-3.387	0.355655768076645
27.802	-0.52154	-6.6001	0.560532383921478
36.324	-7.7981	-3.4379	0.534018838455173
33.436	-1.2899	-6.2745	-0.78167328533853
33.177	-9.7487	-2.9992	0.279511186422952
27.274	2.4161	-0.10539	0.0661337346765607
25.93	-1.2025	0.87789	-0.715045332759333
36.272	-2.8487	-4.1937	0.760523132960863
37.157	-2.2965	-4.1908	-0.927103341041985
30.682	1.0168	-1.2092	0.968590047318976
34.541	-2.8555	-1.6681	-1.15952999856243
33.291	0.40457	-1.8331	1.40245291986813
37.406	-4.0066	-3.9598	0.0322671569554257
24.997	-0.66669	1.1359	-0.268566417538589
36.12	-6.4143	-1.0835	-1.07832209092919
34.659	-1.9863	-5.9829	-0.668175393023418
36.488	-7.3251	-2.3262	-1.07419534561433
27.032	-11.414	-3.9168	-0.429120859172027
33.231	0.16905	-5.6528	-0.463650809858737
35.542	-6.5946	-1.1652	1.19420063142123
36.53	-7.222	-1.5122	-1.00268794187511
35.769	-1.7993	-5.2612	-0.927800577398459
35.546	-8.9878	-2.0374	-0.488578129239021
36.791	-7.3313	-1.4707	1.05427702775699
29.891	1.399	-0.59674	-0.706991565808954
35.835	-5.3318	-5.5868	0.261266005359289
28.257	-0.68969	-6.8239	0.0479986907194109
37.377	-6.8635	-1.8859	-0.981377201841544
27.464	-11.751	-2.8039	-1.006497971481
28.168	-0.41404	-6.7192	-0.597837050110386
37.75	-4.869	-1.3026	-0.375124075117421
35.944	-7.7459	-1.3209	-1.61012256870928
38.082	-5.3314	-2.1137	-0.746225939132404
33.007	0.29962	-0.29684	-0.57984613334326
38.541	-5.8464	-3.3132	-0.419229063809015
36.802	-7.1285	-0.91854	-0.873194243888699
37.28	-2.8613	-4.4514	1.52437713062919
27.788	-0.7983	-6.5807	-1.24303405980173
29.504	-10.993	-3.853	-0.716926499067388
30.43	-10.246	-3.9492	0.74094122522375
35.675	-7.1694	-0.86933	-0.349252617559714
37.326	-5.6839	-4.4112	0.863382622140822
36.829	-3.054	-4.6771	-1.29142788126781
37.127	-7.6054	-3.972	-0.983310701691394
32.465	0.75286	-1.4389	-0.556386511532232
33.046	-8.5364	-0.65937	1.28711542748647
32.73	-10.178	-2.8586	0.37415223802716
34.579	-9.3204	-3.3467	-0.046755880145386
33.708	-1.6614	0.33322	-0.897264052828426
37.264	-6.7331	-1.3042	-0.451809216920025
33.378	-9.128	-3.986	1.119586425239
36.682	-6.2436	-0.22291	-0.852880664995799
30.821	-10.162	-3.2975	-0.697626211603262
36.51	-8.369	-3.6788	0.26516522191864
24.884	-12.03	-3.7199	1.52512014634685
35.633	-2.7754	-0.42644	0.872693181845663
36.718	-6.6751	-0.98773	1.645
35.556	-2.9167	-0.96308	-0.197922451701898
27.416	-11.642	-3.608	0.199590339608784
35.042	-7.5012	-4.9165	-0.0927062749542786
37.034	-2.7736	-2.7544	-0.356479720460186
37.879	-3.3745	-3.9897	-1.13212739276454
28.693	1.9418	-0.84665	1.645
36.863	-4.6665	-0.57369	-0.576993500176152
37.196	-2.9731	-1.8959	-0.453324310368003
28.874	-11.12	-4.0281	0.0738001907382193
37.449	-6.7361	-1.3597	-0.870897631034817
35.503	-6.2815	0.51715	1.56869813101716
24.869	-11.715	-3.337	0.719877333682923
37.136	-6.9179	-0.88602	-0.874634481514869
37.548	-3.7864	-2.5541	0.184010578096125
36.034	-7.4432	-0.97491	-0.825797583646528
37.937	-4.7004	-4.0766	0.814004160484919
35.013	-1.0942	-0.74452	-0.35196178166429
37.172	-5.7699	-2.3884	0.0975087025797532
37.69	-2.9721	-2.3396	-0.396395506952905
36.99	-7.0988	-1.0916	-0.0189481537891716
32.325	-6.7771	-5.2843	0.124593132230977
36.596	-8.2474	-2.108	-0.346152524164721
34.624	-9.1756	-3.8766	1.645
36.626	-3.6918	-0.73483	0.0260306824828446
36.301	-7.5684	-2.2311	-0.359533052382998
35.615	-2.2489	-4.7724	-1.29671601358629
37.742	-5.3859	-2.9074	0.0964761763616921
36.329	-1.779	-4.8389	-0.507106674702062
33.853	-7.9412	-4.2012	-0.647106596006531
36.495	-7.6701	-0.95526	0.431199370187253
32.664	-10.854	-2.59	0.451151242011999
34.45	-0.82641	-5.3395	-0.560529203163562
31.683	-1.2044	1.0754	-1.09765235608378
36.139	-7.2369	-0.64364	-0.170059840692819
37.14	-3.0531	-2.5682	-1.0368766365624
37.645	-3.0373	-2.7639	1.04079434632242
33.42	-1.847	-0.09335	-0.680559958551395
25.808	2.4843	0.20229	-1.41662790781739
36.558	-3.477	-0.7264	-1.10832462135626
37.076	-2.1343	-2.4981	-0.476377073657794
37.295	-3.7665	-1.2328	-0.900819966125129
36.868	-7.3659	-3.4925	1.645
25.14	-11.017	-4.1427	-0.0768026227064515
37.662	-2.5526	-3.9957	-1.38603019799005
37.251	-3.3098	-4.4526	1.42973765558654
38.169	-4.0381	-2.3338	-0.784637004825085
32.388	-10.109	-3.1943	-0.710620844276364
34.469	-3.1586	0.16337	-0.121494210738628
36.915	-7.9132	-1.4713	-0.465189992304181
28.759	-11.084	-4.2342	1.645
29.454	-1.0348	-6.7118	-0.0185850326361576
36.981	-6.4968	-1.3048	-0.813046235192949
23.9	3.4724	0.17699	-0.328141587732611
36.503	-3.0435	-4.7703	-0.136375910665819
31.809	-9.8667	-4.0254	-1.06803894817553
36.414	-2.6558	-5.1461	-0.121613188324565
37.586	-5.8647	-1.1041	-1.27379735261677
35.487	-7.1229	-0.32773	-0.904092126620663
27.695	2.5926	-0.75992	1.645
36.496	-7.1131	-0.84695	-0.346148626534089
36.57	-1.9504	-4.6956	0.205239669435321
37.89	-3.3009	-2.8666	0.810630583387033
35.773	-3.3263	-5.1052	-0.816719928449163
36.89	-5.1349	-4.9182	0.570887892080288
36.339	-7.668	-3.0652	-0.806199985020793
37.425	-4.7946	-3.5831	1.25460638638641
36.89	-7.2192	-1.1222	-1.3816604656315
36.973	-4.4217	-0.99545	-0.672593026653357
18.117	-12.427	-2.7497	0.35653624942089
28.914	1.9943	-0.15523	0.249948822665411
35.884	-6.3224	-0.51641	-0.652902871614953
22.895	-11.764	-3.655	0.200291398324018
29.674	1.9213	-1.1953	0.440319182673526
34.349	-1.3018	-5.8695	-0.94172012100956
33.373	-6.1595	-5.613	-0.705764857309431
36.107	-8.3833	-3.8955	0.951821032027443
33.708	-6.1344	-5.2625	-1.15033131403714
25.941	-0.49807	1.7601	-0.699102731282991
24.148	-11.976	-3.5319	0.392436229804169
35.762	-2.4738	-4.9674	-0.184593977138459
34.387	-0.70831	-5.5504	-0.931757024345498
37.663	-3.1052	-2.6371	-0.160696790963752
37.474	-3.0541	-2.0965	-0.455835626244722
33.383	-10.034	-3.4276	0.568988367534979
28.812	1.5111	-0.18542	0.49612782792113
36.922	-5.6457	-4.9601	-0.220329205875255
37.488	-6.6095	-1.1444	0.384156685073797
28.073	-11.668	-3.1194	0.163058497847638
36.91	-3.242	-1.1441	-1.01918752745013
36.175	-7.537	-1.5303	-0.109310939119699
36.358	-0.97953	-2.8211	-0.355344821214656
36.017	-3.9337	-0.15164	-0.606725781409616
38.576	-4.8825	-2.3728	-1.6140178700538
37.872	-5.7018	-1.026	0.707688570492673
36.697	-2.4607	-4.6981	-1.05665994214867
36.349	-7.9935	-1.5244	-0.0484346366952997
37.175	-3.326	-4.0231	-0.562088826304201
36.928	-3.1836	-4.6119	0.68439627729791
37.756	-7.1614	-3.4233	-1.05107705300356
37.301	-2.9975	-4.1287	-1.645
30.193	1.1488	-0.66419	-0.229596141955653
28.46	2.2846	-2.1237	-1.31710020128478
24.401	-1.0807	0.94528	-0.881922242925116
27.402	2.3625	-0.79184	-0.971427001507462
37.872	-6.6212	-3.506	0.530164274791182
29.53	-11.489	-3.1516	0.428665407556129
27.857	-1.7479	0.28644	-0.667867823754217
35.484	-8.9282	-1.9391	1.645
27.673	-11.413	-4.0307	1.645
36.204	-0.51726	-2.602	-0.668665413835393
28.13	-0.42296	-6.6429	-0.609255792340213
29.047	-11.285	-3.5116	-0.990991173092024
37.948	-3.335	-3.8358	-0.300374807798807
36.671	-6.1766	-4.2952	-0.0314122340038198
36.841	-6.0594	-5.141	1.07013458689322
36.965	-4.6772	-4.0313	0.385447713891948
36.056	-7.7506	-4.4819	1.645
33.524	-0.99915	-6.1235	-0.564693052552649
35.209	-2.4738	-5.3197	0.939217481172269
27.447	-11.476	-3.9333	0.335550616797702
36.676	-4.9225	-0.54227	-0.887976338615944
36.187	-1.3059	-1.2429	0.344090946010634
29.373	-1.8565	0.38733	0.150195550291201
29.141	-10.738	-4.3405	-0.512608567136465
37.819	-3.8939	-4.081	0.737918565881662
35.461	-6.7856	0.21	1.25366535458467
33.537	-8.6364	-4.1537	-0.680784140301635
35.576	-2.7145	-1.1661	-0.620114650053051
36.729	-7.5145	-3.1312	-1.06581902452238
36.088	-6.6977	-0.52185	-1.21515391666328
32.739	0.91199	-2.6954	-0.370966469947194
37.836	-4.3579	-3.3202	-0.0631403236102552
36.018	-6.3323	-1.1371	0.130808627327418
37.469	-3.0494	-4.2007	-1.00881650572642
35.606	-2.0846	-5.5897	0.738246397559217
35.933	-6.8829	-0.44488	-1.03732354793522
35.493	-9.2462	-3.3582	0.947863956420909
37.53	-4.251	-3.1865	0.0627279743469171
30.092	-11.065	-3.1338	1.09493409307891
32.99	-8.9546	-0.21807	1.02129934891972
37.519	-7.3869	-2.6661	0.726938030983119
37.079	-6.2808	-0.77346	1.645
36.022	-6.828	-0.57731	0.320675795723752
37.918	-7.0786	-3.0856	-0.17120874889811
28.343	-11.733	-3.5872	0.482401132913399
37.494	-5.8069	-1.0089	-0.991500270617463
34.273	-0.69818	-5.6839	-0.297215407628935
26.188	-1.2389	0.73822	0.703147970331208
29.477	-10.678	-4.2809	1.3864264204501
29.977	-11.456	-3.3584	0.498226665936349
36.939	-3.7073	-4.6069	-0.321484196448918
37.59	-3.4846	-3.6459	-0.876181839232166
28.11	-1.8263	0.47221	1.41083551032281
35.99	-2.0913	-5.2288	-0.732605394500554
31.074	0.26967	-6.3372	0.20107654275512
37.27	-6.4269	-1.0324	-0.922471460848241
34.091	-7.9047	-4.067	0.0382742916875107
36.52	-7.3394	-3.0192	0.149662890153607
37.4	-6.6576	-3.761	-0.298666963485937
29.113	-0.98121	-6.9442	-0.599851281363324
37.029	-4.7412	-3.0954	0.53266749036792
33.037	0.75239	-2.4438	-0.336475068227594
22.655	-11.631	-3.7513	-0.958735700724407
37.766	-3.2181	-1.9562	-0.275501188164821
37.838	-3.7151	-3.567	-0.828941985160357
37.285	-3.4399	-4.4883	-1.00932775872889
27.184	-1.4529	0.40133	-0.722449546814264
38.26	-5.4613	-2.6107	0.375305161426109
35.989	-1.6761	-5.1643	-0.399732170840828
37.247	-5.6924	-4.4819	-0.691752616407762
34.351	-9.3416	-4.3517	0.166492969534029
32.942	-10.187	-3.8424	1.645
36.258	-3.1272	-2.1291	-0.601481617503218
37.522	-6.8014	-1.605	-0.794409566596424
34.875	-7.5634	-0.67985	-0.597590023269196
36.805	-6.8704	-0.46855	0.06685941254979
36.438	-5.6209	-1.0791	0.0414481884877642
36.039	-7.5015	-0.37316	-0.366064414722927
35.992	-6.343	-0.027214	-0.354568955378907
38.018	-4.0021	-3.4175	-1.52679707827574
36.085	-8.2433	-1.0166	0.673303471145357
38.197	-3.1683	-2.8039	-0.337913531878893
37.221	-6.2661	-0.70586	-0.514991004925171
24.495	-0.80438	1.506	0.776824695602953
19.894	-12.408	-3.0023	1.23020938377068
32.857	-1.747	1.0811	-0.452867250398532
38.182	-4.7359	-4.0348	0.651745737363627
32.564	-8.7826	-4.3392	1.645
33.424	-10.297	-2.9498	-0.0506557008762731
37.001	-1.8216	-3.9956	1.645
32.612	-9.982	-3.3678	-1.06306483160863
26.104	2.9775	0.38525	-0.528484732097836
35.856	-6.2175	-4.9262	-0.422223722092609
34.29	-0.70505	-5.4116	-0.143049690648861
35.119	-8.7121	-3.9509	0.00988371046241165
32.294	1.3388	-1.5872	-0.96065515999335
26.933	2.2884	0.38868	-0.583964774200676
27.989	0.13398	0.8053	0.0206427092437806
37.348	-6.549	-3.1685	1.26784295594126
34.481	-0.83471	-4.8208	-0.640476395928125
36.976	-6.7599	-1.9741	-0.955411957689983
36.879	-7.3031	-1.1171	1.22742667380927
37.988	-3.183	-3.7179	0.385495114509602
37.929	-6.679	-1.6821	-0.754329645768319
35.328	-8.9384	-1.7754	0.980542935909329
34.271	-9.6149	-3.6763	-0.703305166078552
33.023	-9.9253	-4.2566	-0.624813901008302
36.927	-6.6277	-0.54409	0.831047452548391
37.587	-7.0356	-2.9008	-0.620401097193159
36.719	-7.5573	-3.667	-0.485517184151419
37.13	-6.6506	-0.87502	0.292964211215321
33.331	-10.091	-3.2853	-1.645
36.513	-6.807	-1.1852	-0.858241278381382
28.452	-0.64826	-6.6807	-0.159412390311155
35.608	-8.7425	-3.6319	-0.610540863901507
36.084	-6.9266	-1.1155	-1.03018598771425
34.803	-1.1978	-5.5854	-0.264419953732821
30.623	-10.628	-2.3359	0.609790644791542
34.746	-0.83355	-5.3832	-1.28479741057178
37.674	-6.0117	-3.9316	-0.0797514708050961
35.239	-7.2057	-0.80222	-0.683630853278983
30.909	-10.532	-3.6165	-0.343945850574646
34.081	-0.19025	-0.19369	0.817216797170673
36.16	-6.2388	-4.6065	1.21907792135923
34.061	-9.7107	-2.6267	-0.383270905829701
28.401	-0.6673	-6.6758	-0.676861883802619
34.108	-1.3907	0.43458	-0.705408570843789
36.911	-4.0324	-0.88935	-0.597235580740843
36.133	-7.4211	-1.9201	0.360831165828041
35.653	-7.9359	-0.91161	-1.41957179890328
27.563	-1.7829	0.9933	1.08507421017549
35.686	-6.1698	-4.8122	0.0414976166210557
35.599	-6.05	-5.0311	0.918779921598941
33.647	-9.5361	-2.9473	1.645
37.439	-7.1052	-1.3532	-0.144081578913602
23.069	-0.86413	1.3787	1.1185223325183
37.717	-5.9636	-3.8253	0.294946767400718
37.26	-1.8777	-3.7953	1.11760045829268
37.331	-2.3602	-3.1346	-0.000151311660543168
29.747	1.7848	-0.64182	-0.874504118839078
31.26	-1.5383	-6.2118	0.190944757158394
28.79	-0.60836	-6.4231	-1.645
28.577	-1.9917	0.59004	-0.542195509204835
36.944	-6.5048	0.15745	-0.760655670583386
27.399	1.8644	0.060854	-0.782839504816982
34.571	-8.8569	-2.5749	-0.159753256189057
37.024	-6.2246	-3.3113	-0.573533073793622
37.905	-5.2701	-3.6581	1.56416887975757
37.467	-3.1874	-2.2578	-0.5966726270114
35.937	-7.7764	-1.2843	-0.475639622943691
37.269	-6.4643	-1.3187	-0.217084731358544
35.22	-2.8647	-5.4605	1.36768441911846
36.327	-3.639	-5.216	-0.0314975708491737
37.298	-5.8161	-0.65225	0.783016419872573
37.658	-4.6228	-3.5033	1.645
33.532	-9.5404	-3.8361	-1.08518884618243
38.11	-4.4154	-1.7878	-0.683399895085948
33.965	0.34185	-2.8306	-0.502029102725229
18.681	-11.853	-3.5342	0.0595806304693376
37.578	-6.9156	-1.9975	-0.829284698712912
22.178	3.5218	0.97528	-0.362925807926405
34.324	-1.491	-0.028499	-1.19893764417665
27.877	-10.224	-4.2064	-0.0992055582272882
35.796	-7.3764	-0.93857	0.487719453225005
36.21	-7.1793	-0.91817	-0.304573320601694
33.756	0.78472	-3.7174	-0.306439230978342
34.832	-1.3266	-5.3939	-0.244066107797554
36.693	-6.5135	-1.0092	-0.0172802558529052
37.262	-3.681	-4.3805	-1.23791651957438
37.664	-2.5775	-2.7475	-0.251444120672219
33.114	-0.44001	-5.9828	-0.177748576281609
35.83	-8.0329	-0.94709	-0.487826404635589
37.168	-2.8936	-4.4433	-0.529538852826029
37.252	-3.2123	-4.5515	-0.174664792913607
37.485	-6.3438	-1.5371	1.08964975181494
36.79	-1.1179	-1.9369	-0.561827554913495
36.986	-3.4192	-4.8641	0.0356715806638975
28.187	-2.0153	0.64751	0.24530241974675
36.115	-2.5821	-0.79798	-0.11440862735265
32.441	-8.4786	-4.6004	0.756613541123114
32.516	-10.186	-4.2238	0.903303792689272
34.865	-8.7229	-3.4379	0.331149651133441
37.744	-4.8284	-2.8158	1.10823268390437
36.311	-6.2684	-0.71261	-0.509545757149048
37.547	-3.1049	-3.4645	-0.970912058756076
38.079	-6.2421	-1.3115	-0.422830184864688
37.974	-3.6555	-3.1281	-0.753567598195624
28.696	-0.68077	-6.8741	1.28982458920937
30.852	1.7849	-1.8279	-0.515374436920703
34.821	-6.2335	-5.3327	-0.582033352201494
14.631	-11.506	-3.6427	0.0555907530800927
34.669	-0.46744	-3.1166	0.531393003904021
37.859	-5.8203	-2.0456	-0.432872226926229
36.787	-5.5935	-0.20183	-0.805948862344772
36.693	-3.4679	-1.3316	-1.52043718750668
24.838	-11.328	-3.8629	-0.414896929028676
35.763	-0.51963	-3.4807	1.645
35.201	-6.4466	-4.6978	1.40136328317246
32.044	-10.644	-3.7583	1.645
36.194	-6.8002	-1.6144	-0.745657435866286
36.007	-6.7848	-4.2244	-0.297309723529253
35.927	-7.6408	-0.39627	1.645
35.868	-8.013	-3.1225	-0.0616738057008373
36.808	-7.1617	-1.0805	-0.999475091522304
36.946	-7.765	-1.2246	-0.49392622895258
36.325	-6.6188	-4.8643	-1.0117676677248
35.549	-6.4596	-0.15332	-0.481768823807157
30.435	-2.0178	-5.0573	1.43943869409789
36.901	-2.8551	-4.7309	-0.749400452840622
37.149	-6.3657	-1.3475	-1.34539154306429
36.787	-3.2912	-4.7881	0.244097836951955
37.496	-2.7345	-3.0657	0.157288545428601
32.833	-9.925	-3.8629	1.39279377470315
37.75	-6.5893	-1.4592	-0.857938844421358
36.038	-0.75241	-2.4819	-0.427454238310677
28.133	-11.456	-3.6026	1.04764967289864
30.447	1.4981	0.012136	-0.25245233052622
37.759	-5.8941	-2.4694	-1.26938067748951
36.523	-6.9224	-0.55317	-1.38014220430667
37.667	-3.3869	-1.5302	1.16851967475621
35.259	-0.56743	-3.8436	0.703474915193644
21.996	-12.117	-3.2949	0.630485744168234
36.696	-3.7296	-4.7045	0.14671140943113
36.844	-2.8627	-4.1771	0.123965958299674
35.141	-7.3093	-1.8385	-0.492128123213481
37.236	-5.8353	-2.0778	-0.00938996495999729
27.895	2.1727	-0.70999	-0.432751923371641
35.937	-7.577	-0.66075	-0.901185615923565
36.415	-3.3798	-0.64911	-1.01528168703964
37.914	-4.9455	-1.6546	-1.57338677122959
37.81	-6.0972	-2.6215	0.845249286810775
36.059	-6.6724	0.099282	-0.771184519285351
33.831	-0.82131	-5.9073	0.211222219567604
37.488	-4.8809	-1.9614	-1.06564683034978
34.309	-1.5814	-3.0886	-0.527924483057434
16.546	-12.122	-3.0507	1.10039071784263
26.475	2.8001	-0.13414	-0.572551599226946
36.584	-3.2355	-4.7375	-0.156372522739216
36.968	-3.0594	-1.5917	-0.432671988060267
36.022	-5.6927	-0.69924	1.645
22.905	-1.2773	1.3333	-0.393843776762818
36.937	-6.6664	-1.0888	1.13234080483074
38.435	-6.2835	-2.839	-0.915908586557513
35.405	-0.70375	-4.8046	-1.10679580849168
36.121	-2.9466	-5.1363	-0.965542709376334
36.896	-1.6696	-2.1151	0.0991391828454503
27.474	-0.29098	-6.7196	-0.669145972660076
34.672	-9.018	-2.7887	0.478893313936067
36.78	-7.3321	-1.024	-0.932188208604082
31.309	1.3203	-2.1248	-0.480341118688431
34.816	-1.9829	-0.24815	-1.02804993832496
31.034	2.13	-1.503	1.645
38.1	-4.3733	-2.6288	0.0645121641138415
33.506	-8.587	-3.743	-0.831677969631365
36.038	-5.389	-5.311	-0.124437582025606
34.702	-1.6396	-3.8829	-0.378116719283149
32.373	0.99622	-2.1654	0.268509495865601
35.958	-2.3821	-5.0615	-0.286701581932767
37.447	-2.7711	-3.2962	0.555650885893201
34.224	-1.4421	-5.2872	1.2127357088177
25.823	2.7506	-0.30933	-1.01724530879948
36.853	-6.3522	-2.1496	0.343141035221335
34.92	-2.181	-0.95545	-1.00179363627762
31.384	-10.126	-3.673	1.53281914297927
36.331	-7.1059	-0.41523	1.645
29.704	-11.031	-4.1478	1.645
35.609	-7.1077	-0.68315	0.480093025099187
35.818	-1.2328	-4.9674	0.0434114661368153
35.623	-7.3392	-1.1323	-0.233924438547365
32.987	0.16537	-5.4076	0.610821006144957
36.38	-3.1166	-4.3906	-0.498060520613902
36.763	-2.5223	-2.4664	-0.0076277357241342
30.806	-9.287	-3.5933	1.645
31.819	0.77723	-1.5751	0.265743325155697
34.867	-2.1455	-5.957	1.645
36.432	-2.9785	-1.8557	-0.789964738876571
37.33	-2.1802	-2.9054	-1.00511135281104
35.886	-6.8034	-0.66589	-0.764914458016161
34.169	-2.2291	-0.29475	0.413777808742746
27.676	-0.63697	-6.9622	-0.171564367469084
36.642	-7.6993	-2.0698	0.183398424849344
36.441	-7.3309	-1.0821	0.0510472439212425
36.404	-0.77396	-3.045	-0.737638823771577
32.197	1.205	-4.1368	-1.02412770080204
33.119	-10.31	-2.9906	-0.96328982695326
37.344	-5.4244	-3.918	0.61157517100832
30.026	1.6761	-1.1057	-0.443664609116756
37.878	-4.0903	-2.2179	0.794753870119845
37.108	-2.6266	-1.3105	-0.567948355719044
36.482	-1.3979	-3.6565	-0.423192340694542
31.452	-9.1478	-3.2273	-0.382280423886905
35.595	-7.1083	-1.4836	-0.86407810223893
37.93	-4.6532	-1.5629	-1.46222576316618
28.339	-11.288	-3.7747	0.91237351161709
34.572	-0.91389	-5.3163	-0.904672610306969
27.025	-1.1452	0.8769	0.34759219412881
34.079	-9.9018	-3.0968	1.645
35.222	-7.552	-0.12993	-0.934716952019801
37.707	-3.9647	-4.055	0.347943025000738
37.055	-7.808	-1.365	-0.743005482752747
37.028	-8.0319	-2.3737	-1.05659622682245
37.484	-2.9589	-2.2054	-0.116285138261215
36.636	-1.8449	-4.6217	1.645
24.255	-1.0753	1.209	-0.15517616460713
37.908	-5.4849	-2.8675	1.645
28.144	-11.285	-3.6351	-0.211418209105414
36.304	-3.0943	-4.7781	-0.593955363086189
36.383	-6.8969	0.11651	-0.793332825760678
36.032	-2.4254	-5.2954	-0.308902134339178
37.693	-6.9362	-2.1968	1.2499186884613
35.196	-7.2738	-0.20346	-0.566411840478982
36.191	-1.9754	-1.1911	0.938261232093227
35.949	-7.0988	0.036498	-0.723843708464473
32.924	-0.29634	0.38633	0.619794195518555
36.636	-8.1869	-3.6598	1.645
35.702	-1.5553	-5.3066	-0.409180945301327
37.827	-3.3669	-2.5679	-0.113247564635503
34.952	-6.4194	-5.1862	-0.740058166434012
25.703	0.22142	-6.7138	1.37024717767958
37.718	-6.805	-2.3753	0.0189439175041001
20.57	-11.951	-3.571	0.694772914707296
33.204	0.41913	-3.6203	-0.707116226333652
36.349	-7.4662	-1.0629	0.19975874059827
32.301	0.83282	-1.4899	1.10451136362291
36.889	-6.3605	-0.64418	-0.0335197616113854
37.364	-6.6113	-2.4395	-0.213479707545989
36.557	-6.012	0.058335	-0.571981289056216
34.899	-8.9036	-2.1978	-0.445102997467305
34.392	-0.67005	-5.3893	0.283169414300782
36.058	-0.71232	-3.8443	-0.346838695653093
35.914	-2.1429	-5.1293	-0.524505494379994
38.175	-6.4615	-2.3743	-1.32520522039598
37.269	-6.594	-4.1428	0.509229216004139
36.296	-3.9297	-1.4904	-0.356238558015263
34.929	-9.3154	-3.3453	0.70942885721347
33.624	-9.7678	-3.2114	-0.104995151007585
35.452	-7.5059	-1.1164	-0.44405547133323
36.034	-7.7111	-0.66814	-0.598083948576249
37.161	-2.9571	-4.3767	-0.75196362182556
35.801	-6.039	-0.10692	-0.462433927548369
38.018	-6.5426	-1.8973	-0.63904383992198
37.065	-2.8718	-1.9238	1.51516716237759
37.741	-3.5231	-1.6764	-0.547776256916231
36.429	-1.94	-1.5444	0.282953517034829
38.124	-5.9004	-1.833	-0.255298928267144
37.088	-2.7651	-4.3048	-0.60703243639998
37.718	-6.2576	-0.89144	0.903654709059484
32.946	-10.118	-3.8613	1.645
38.042	-4.4673	-2.5642	-0.243614998819755
35.311	-1.2939	-5.3454	-0.912100670178931
36.716	-1.7406	-3.0904	0.525913817023734
37.657	-5.2865	-0.77623	-1.4181153041262
28.415	-1.9853	0.6287	0.278762611069635
35.913	-2.1991	-5.1813	-1.09546099450926
37.832	-5.746	-1.2789	0.347070791451401
37.809	-7.1081	-3.5919	1.645
37.022	-7.8526	-1.9066	-0.233437350555398
35.963	-2.9456	-4.6888	-0.651232204784368
29.139	-10.899	-4.2139	0.616066283088989
38.328	-5.5245	-1.6957	-1.08548796240881
35.913	-3.5353	-0.26692	-0.433750023290144
36.624	-2.5872	-4.7152	-0.286886315043051
35.732	-7.4659	-0.892	0.754279193855322
37.405	-2.8884	-4.2719	-0.503170307689547
27.224	-11.557	-2.9923	-0.368180756433235
34.219	-0.7002	-5.219	0.232815258621693
36.409	-6.4671	-0.54685	-0.507729107830793
29.133	0.029435	-6.8166	-0.969667037238266
34.285	-0.88002	-5.7289	-0.104024039731202
35.879	-1.4706	-5.0897	-1.03894153949529
33.331	-0.8698	-4.6621	-0.936769039760885
28.562	-11.373	-3.9338	-1.02632821866442
34.954	-8.59	-1.2637	-0.140488113277419
12.655	-12.024	-3.1062	1.42076440452347
33.259	-0.86748	-5.1327	-0.456907455865416
38.313	-5.8634	-3.2643	-0.836160787721678
36.875	-2.9204	-4.2667	-0.0341749323693697
36.875	-6.5702	-0.73131	-0.532307804767665
32.785	0.6827	-1.7577	0.444700682263208
36.807	-2.7145	-1.7884	1.13399359778778
36.197	-2.5887	-0.88178	-1.18892343574831
37.29	-3.1505	-4.2486	-0.708662491970664
33.099	0.48603	-1.4884	0.918878442915298
34.092	-8.9227	-4.1576	1.645
37.012	-7.5666	-2.4787	1.645
36.947	-6.3535	-1.4057	1.645
24.144	-11.871	-4.1725	1.07140870522438
37.294	-5.8666	-0.45628	-1.06493936414358
38.453	-6.2205	-2.5167	-0.241072066697801
38.205	-3.7763	-2.7418	-0.730722870681429
29.42	-11.225	-3.3753	1.46388044691257
37.148	-5.3387	-0.68234	0.423252899080901
26.075	-11.349	-3.6326	-0.370894523109771
34.237	-0.72906	-5.5845	-0.373221952030516
35.409	-7.9537	-0.78786	0.935011210340784
36.261	-5.9674	-0.39885	-0.446165883029604
35.769	-1.1302	-4.9338	-0.494019151591001
34.05	-7.3166	-5.0561	1.50108561028578
33.716	-7.4941	-2.944	-0.303178945709723
36.741	-6.3389	-1.159	-0.550427911437961
36.513	-7.4862	-2.793	1.06824133872823
36.212	-4.2356	-0.11937	-0.0146351890314411
30.542	1.6715	-0.25718	-0.741116823565312
37.523	-5.7548	-4.5898	-0.450262337205567
28.667	1.635	-0.37636	-1.04584402277722
37.356	-5.2576	-1.0494	0.427988520929835
36.478	-7.7756	-0.57777	-0.830650319322658
37.883	-3.842	-3.38	-0.682753232427727
35.131	-9.2436	-3.3567	0.670009039733564
37.587	-5.2175	-1.004	0.4413138927203
36.221	-2.9564	-0.61513	-0.833428155889929
38.637	-6.5948	-1.8103	1.645
36.956	-3.2025	-4.4751	-0.443993924097784
29.985	-11.016	-3.6217	-1.02273338204431
31.672	-6.1599	-5.747	1.37778571452572
36.491	-1.3732	-4.2775	-1.43860886246299
37.131	-4.5617	-0.87893	0.473676862515758
31.827	0.24387	-1.1057	-0.256573586977433
36.602	-7.2462	-0.74841	0.797208040114667
35.527	-1.6899	-5.4983	-0.204866325069578
28.143	-0.79826	-6.7107	-0.654093529422034
36.361	-7.4636	-0.51885	0.773619924890305
36.981	-6.59	-0.49138	-0.638867419759537
37.82	-7.0502	-1.9993	-0.661706913352741
36.574	-8.6753	-3.4189	1.48545061398791
37.993	-6.6047	-0.58157	-0.739956236625471
36.619	-3.3442	-5.008	1.03692967589884
37.163	-4.0055	-1.8496	-1.12788832401418
27.841	-0.46924	-6.7153	-0.150154107751182
33.362	0.38835	-1.7634	-0.700838101023385
38.275	-5.2304	-2.3682	-1.38476805582591
36.744	-6.6862	-0.47204	-1.05539323872209
29.038	-11.463	-3.3336	0.528729473180035
32	-9.0904	-4.758	0.995177349875023
34.952	-1.4921	-5.7799	0.144426146485181
35.586	-6.7863	-0.30952	-0.479181171932835
29.473	-2.0004	1.2233	1.645
36.946	-7.1431	-0.98937	-0.75383975669713
35.2	-1.6433	-5.5416	-0.364634495478746
38.265	-6.0586	-2.7998	-0.531295740337872
33.966	-0.18969	-0.95979	1.17168610122646
37.105	-2.5879	-1.2599	-0.495145898704088
37.342	-6.7824	-1.0638	1.29451095490983
36.545	-7.0306	-0.54223	-1.06252142670268
35.679	-7.0002	-1.2115	1.06325337181409
35.984	-1.9774	-4.2136	0.0379600429994762
35.308	-9.5027	-2.4343	-0.827204309750768
33.845	-9.7813	-3.7695	0.426083057839815
33.349	-0.35116	-2.0425	-0.744631694907967
27.568	-0.41487	-6.818	0.256645048911878
33.366	-9.9976	-3.4617	-0.271146370924409
19.483	-12.108	-3.7965	-0.779380689298013
37.162	-5.5491	-4.7764	-0.215077075558813
35.769	-6.9619	-0.47515	-0.71972097370511
35.88	-8.2388	-4.4135	1.37759588858108
35.04	-7.5716	-1.0808	-1.06400023222805
35.22	-1.6653	-1.0212	0.211237574534027
36.935	-5.5179	-1.3782	-0.752329308915939
35.664	-1.6218	-5.105	0.884858428985063
26.332	2.8248	-0.26543	-0.125402700059444
38.305	-4.7921	-2.3396	-0.136956779916989
37.264	-6.0234	-0.95589	-0.399663998936367
24.961	-12.173	-3.2356	1.30105483916847
36.493	-3.2037	-1.737	-0.366911995930001
37.016	-2.6871	-3.6991	0.814703120801016
35.521	-7.0953	-0.81215	-0.36242301032754
37.573	-6.2663	-0.94834	-0.752189142296237
36.713	-2.7918	-3.6785	0.0692451567958389
37.267	-2.9412	-1.1413	-0.658708115092038
36.105	-7.5793	-1.0388	0.0298625132215459
36.149	-3.6882	-0.088772	0.999812993083255
29.561	-2.1923	-0.92529	-1.49163163342349
28.421	-10.501	-3.8962	-0.260942709323288
37.543	-6.6177	-3.9242	-1.08781816026603
36.013	-5.2962	-5.2194	-0.0757190708379143
31.616	-10.133	-3.0478	1.645
26.865	-11.889	-3.6093	0.372950732847308
34.944	-1.8333	-5.6746	-1.07621200873648
33.974	-0.2086	-5.4289	-0.146623627779861
27.421	-11.915	-3.1716	-0.388549575327473
24.068	-11.949	-3.7635	-1.04233535408092
36.904	-2.4271	-4.0264	0.467169955230174
32.829	-2.2829	-5.3286	-1.05722719641664
36.607	-2.9684	-1.1872	1.5593778041807
36.922	-6.114	-0.78434	-0.280434878095392
37.221	-6.042	-1.2144	-1.33478542305819
35.954	-7.1988	-1.5628	1.05399676395101
35.692	-8.8069	-1.7571	1.46646607651101
37.491	-6.0219	-1.2997	0.150944923343017
35.9	-7.2416	-0.67509	-0.236801848339761
36.618	-7.6655	-0.98104	1.645
29.945	-1.3699	-6.7296	-0.924738835949511
32.161	0.91575	-1.7862	1.31892789554155
37.605	-6.5111	-0.87244	-0.858339393504503
35.517	-6.5056	-0.50915	0.44499939792695
32.059	1.3109	-2.4168	-1.645
29.196	-10.899	-4.0629	-0.633445823592394
24.476	-1.1701	0.93116	1.01845558335434
36.747	-2.8716	-4.7368	0.0684615391046876
38.014	-3.428	-3.3169	-0.28717704293154
36.001	-6.2461	-0.9769	-0.822410240302235
36.332	-6.6978	-0.47076	-0.339944291465387
38.3	-5.7317	-1.6831	-0.635669112693289
29.979	-11.824	-2.9049	-0.193944053210856
37.151	-6.3028	-0.5405	-1.4585765891613
36.12	-6.1442	-0.35725	-0.252574734771621
36.271	-7.3453	-1.3238	-0.748019281515525
36.488	-6.1858	-3.8549	1.645
35.366	-1.8119	-5.5672	0.545092112433864
36.371	-1.3748	-4.149	-0.81537719019762
31.428	1.6486	-2.2588	-1.49902018496539
30.715	1.0071	-0.9415	-0.78772872945584
37.231	-3.9099	-4.7721	-0.739401159563114
34.721	-8.3715	-4.579	1.03812197303547
36.514	-8.5327	-2.2652	-0.261544026134849
36.083	-2.6015	-0.39972	-1.645
35.498	-8.087	-2.6598	-0.324505453760453
30.178	1.4558	-0.55411	0.392854913002246
33.074	-10.314	-3.0415	-0.640090921717641
34.568	-8.0682	-4.3868	1.645
36.881	-6.9741	-1.2878	1.22863904371051
31.206	-10.908	-3.2517	-0.898318841809613
20.185	-12.42	-3.592	0.241599834132919
37.199	-1.6237	-2.4917	-0.212847334445294
36.947	-7.3373	-1.2444	0.0675457203938864
33.778	0.11392	-0.5513	-0.721133767349175
36.98	-3.2319	-1.217	-0.755551993780015
36.125	-7.0592	-0.43751	-0.380581199296951
30.989	1.3364	-1.2695	0.0610615920370822
37.721	-2.718	-3.5393	-1.30595213101807
36.492	-7.4624	-0.46387	-0.209190796422446
35.897	-8.9728	-2.3728	1.645
36.92	-3.6492	-4.6394	0.487858588252819
36.993	-4.0546	-1.8566	-1.00117301456177
34.583	-9.2741	-3.2361	1.06110035202943
34.344	-1.2254	-5.6987	1.34142290505382
35.742	-8.0212	-3.8443	1.645
37.001	-2.4226	-2.9225	-0.938524668592424
35.171	-6.1369	-1.2886	-0.545901383640782
37.028	-3.37	-4.176	-0.136291214873949
33.298	0.35184	-3.695	-0.0155879613763252
30.361	0.79431	-0.83387	1.645
35.436	-6.7361	-0.95815	-1.02167941288683
37.41	-6.4188	-0.83121	0.613702848614686
36.383	-1.4084	-1.6501	-0.183414927585586
28.632	2.1882	-0.58482	0.447748806102875
34.186	-2.9176	0.81454	-0.0311530873784693
36.195	-4.2493	-5.2274	-0.512683745840911
26.47	-1.2093	0.66759	-0.344642046821829
36.233	-7.5856	-0.90686	-0.256975386372768
36.421	-8.4179	-2.0881	-0.603495851226716
37.469	-3.1858	-2.9957	-1.16590271814784
35.257	-2.0901	-4.006	-0.324978762399094
36.163	-7.092	-0.771	-0.695610197380787
37.734	-5.9544	-4.0513	-1.20954409187608
37.902	-5.9908	-2.0936	-0.515275248848168
37.448	-6.4351	-3.4083	-0.847229232910755
36.099	-7.3386	-0.73775	-0.524218048017711
38.19	-5.2303	-3.4668	-0.239611635729137
32.123	0.60269	-0.86491	-0.330789312649834
32.053	1.3059	-1.5197	0.105942621205494
36.699	-4.6467	0.089536	1.645
27.83	-11.511	-3.6894	1.15943043322078
35.927	-2.6184	-5.194	0.999959995667206
36.378	-8.7082	-2.2334	0.618188593501945
37.434	-4.6484	-2.4277	1.199688120767
36.422	-2.8263	-5.0446	1.645
37.128	-7.3771	-0.91807	-1.00265274021007
36.806	-7.1946	-1.9069	1.62631500974085
34.659	-0.55942	-4.4261	-0.615667911812997
36.328	-7.1272	-0.93379	0.275192294979387
36.281	-2.7152	-5.341	-0.6073819204251
37.412	-6.2447	-2.696	0.12145299411867
35.967	-2.729	-0.69909	-0.974388397595265
36.783	-8.0664	-2.712	0.589805545211849
36.508	-6.9874	-0.76697	1.645
37.295	-4.7406	-4.9434	-0.824242868276406
37.907	-5.6622	-1.514	-0.967363218960166
36.54	-2.6445	-3.9797	-0.370719957516313
34.705	-0.88028	-5.109	-0.567874461538613
35.571	-0.535	-3.7779	1.18913737861993
36.023	-3.1128	-0.9772	-1.0459624439088
36.969	-6.9389	-2.1567	0.838173303392272
30.821	-10.653	-3.8519	1.645
34.81	-1.815	-0.71735	1.17526121462933
37.007	-3.2381	-4.6457	-0.421193476215121
22.98	3.3486	0.063496	-0.497725564267173
32.159	-10.433	-3.0039	1.645
37.195	-6.8729	-0.94274	1.11095266865811
34.005	-0.32428	-5.4688	-0.980132730490946
37.776	-3.2527	-3.708	-0.484028944871312
25.345	2.9604	0.81839	0.741411598661768
37.704	-6.9036	-3.5007	1.39082428584887
25.232	-11.836	-3.4376	-0.124663088585699
35.212	-2.5121	-5.7232	-0.846942106790512
38.366	-5.4234	-2.4492	-0.892627659815669
29.989	-1.4419	-6.6104	1.13208955005606
37.702	-3.2554	-2.2478	1.36406662672319
36.695	-8.3244	-3.4796	0.0858669399036358
22.216	-0.28528	1.8218	-0.855340742449967
27.938	-0.14693	-6.4389	-0.114968937412792
37.215	-2.1692	-3.2804	-1.27274895852145
24.948	-1.1145	1.1193	-0.565415927303911
35.868	-5.9551	-0.76246	0.0574285578946398
28.015	-11.269	-3.5031	1.645
36.415	-2.8229	-5.3315	-0.511909397347171
36.026	-2.1342	-5.1439	0.288135290351218
36.861	-6.3361	-0.60656	-0.868498124199247
34.486	-9.5717	-3.7802	-1.09041793443218
22.352	3.0673	1.2586	-0.937727881712231
35.219	-2.1202	-1.3575	-0.457644553438082
36.39	-6.9544	-0.46647	0.435878988927793
32.516	-0.5129	-6.2823	-0.470641853108077
37.032	-6.1426	-0.88556	-1.08111668163248
28.289	2.0839	-1.1024	0.46186375006404
33.548	-1.5978	0.067007	0.35662734114238
35.336	-1.5855	-5.3664	-0.492132153065362
35.391	-7.7354	-2.7639	-0.344199636221162
36.84	-7.9578	-3.3052	-0.46189852366252
37.095	-3.2146	-1.7715	-0.981907543631558
33.859	-9.2605	-2.5721	-0.22644296369816
35.877	-8.4213	-3.4308	-0.609529573242826
34.549	-0.84299	-5.6394	-0.434823076067813
36.996	-7.5551	-2.6668	1.645
34.832	-7.3907	0.24362	1.645
33.235	-10.72	-2.9872	-0.972918042717871
37.307	-6.0201	-1.5607	-0.421843064458573
37.418	-2.9354	-2.5082	-0.709470578382248
34.343	-1.6947	-5.9695	-0.0213936626992483
35.852	-6.3953	-0.66102	-0.61950329648683
23.219	-11.625	-3.7246	-0.477394199102973
25.658	-11.743	-4.0632	0.00886121015381443
36.408	-7.0685	-0.74929	-0.658106335773167
34.872	-9.2335	-3.1798	1.02596010043849
32.521	-10.366	-3.3013	-1.13545948074865
35.301	-7.1362	-0.87532	-0.553239074360655
36.981	-7.338	-4.1057	-0.179062203210609
36.532	-2.2219	-4.9142	1.24831368641513
36.587	-6.9588	-0.9185	-0.162118285080538
37.804	-3.758	-2.5106	1.645
37.188	-3.3266	-4.129	-0.735715569765939
36.601	-3.3263	-0.83788	1.04810811389663
20.494	-12.103	-3.3423	1.3542197271453
37.343	-6.62	-3.3463	0.536511962025086
34.74	-1.4122	-5.6472	0.0407114504792819
33.679	-0.86234	-0.17042	-0.52594436868488
36.655	-3.0677	-4.4207	0.604089069042255
34.85	-8.5722	-4.0191	-0.571895314716933
30.867	-10.809	-3.5384	0.992166709494868
37.307	-3.9139	-4.5918	-0.98859313983587
36.667	-6.7386	-0.78268	-1.17513093996018
31.457	-0.30158	-6.5963	-0.764657760207213
35.913	-7.6121	-0.87189	-0.309656345559394
36.13	-2.8164	-5.1146	-1.09676984697555
35.209	-0.0088546	-1.6024	-0.736796603763288
37.083	-6.3311	-0.76982	1.03230595006559
36.223	-7.7271	-1.0545	-0.230300280208379
30.474	-10.434	-3.6727	-0.759981118604891
35.745	-6.4161	-0.72233	-0.801271189002023
34.25	-0.42419	-5.4538	-0.390571236637956
35.158	-7.4175	-0.57039	-0.739591740744524
37.835	-4.0336	-3.727	-1.645
29.205	-1.0063	-6.6398	-0.85677731224868
35.456	-3.3218	0.088323	0.797149149619554
29.803	-10.77	-3.5859	-1.05286676259417
37.4	-5.3887	-1.203	-0.824188952028431
38.39	-4.8164	-3.1837	-0.766582644266275
28.169	-10.539	-4.4468	1.645
37.101	-6.2474	-1.5272	-0.91563555218835
36.103	-2.9353	-0.50444	-0.540662391525525
33.597	-0.56617	-5.3621	-1.33048351925907
34.55	-8.264	-2.9045	-0.832881328905059
35.071	-9.1648	-1.7033	0.847188110550177
37.21	-4.2579	-4.7383	-0.728943986825674
35.826	-8.9178	-2.6398	-0.545376339264858
29.572	-9.596	-4.4341	0.28820736531173
38.35	-4.2938	-3.138	0.163618193995307
33.688	-2.6749	1.0381	-0.809474312954373
36.474	-2.0151	-4.8982	1.44597253913127
36.528	-6.7207	-0.3798	-1.00392687271742
33.424	-10.084	-3.4669	0.370577118824031
35.861	-2.605	-5.277	0.602818563826663
34.46	-9.1908	-4.2253	1.645
38.32	-4.8525	-3.1108	-1.26842359390847
37.496	-3.2443	-4.1554	0.691984468577169
26.909	2.6637	0.026832	-0.381101224718591
23.052	-12.064	-3.317	0.328858608295211
37.644	-6.4692	-2.6675	1.60612561824103
36.848	-6.5595	-2.1398	0.199271747239422
29.035	1.6447	-0.066406	-0.36317348166492
35.626	-7.5125	-0.57968	-0.419667597139261
37.322	-7.6218	-1.4826	0.307184290506436
35.285	-8.2893	-0.64382	-1.19131060282326
20.084	-12.312	-3.48	1.54797643108656
28.865	1.751	-0.48839	1.645
29.709	-10.969	-3.9119	0.202701239995084
37.772	-3.5059	-3.3861	-0.274564164131728
36.942	-6.4637	-0.66239	-1.06076392954292
33.758	0.38343	-3.2386	-0.0865749310384702
36.282	-1.236	-3.9953	-1.23841683877152
36.872	-6.6326	-0.5159	0.564032101488625
27.991	-1.7102	0.46544	-0.400489123466738
34.467	-0.7789	-5.5486	-0.98977857213738
28.91	-10.416	-4.3339	1.57113756407358
36.451	-2.0925	-4.9467	-0.697844864848825
29.772	1.7553	-0.20628	-0.398218965757859
37.46	-4.4038	-1.0835	-1.02412908942633
30.47	-9.6622	-4.3325	1.645
31.478	0.98321	-0.87069	-0.670817038780036
36.431	-1.4634	-3.8262	0.203714016482598
36	-9.0717	-3.5695	-0.452512236940329
37.711	-5.9719	-3.357	-0.763860782404021
27.558	-11.495	-3.2371	0.62492797522559
24.502	-11.889	-4.0808	1.645
36.522	-7.3306	-1.1206	-0.946342907320167
34.234	-9.0501	-4.1876	-0.629014227043855
34.039	-8.7942	-4.1058	1.645
36.049	-2.8343	-0.31658	-0.844615267956625
35.726	-3.108	-0.29894	0.00110554983645789
37.247	-6.3258	-0.74275	-0.456130858182122
36.663	-8.0185	-1.3392	0.549126671101262
36.819	-2.209	-4.6629	-0.208189897242281
36.367	-7.0131	-1.7098	1.645
37.603	-3.5366	-2.3554	-0.827429233799844
37.32	-2.9559	-2.0473	1.645
36.358	-3.1915	-4.9347	1.2381443804969
18.772	-12.196	-3.1299	0.0248651128367176
32.75	-10.422	-2.8005	-0.0695173011046422
36.785	-1.4031	-3.5604	-0.476068627871783
35.477	-1.5291	-5.0441	-0.296348334413852
28.024	-11.618	-3.2678	0.79003457783632
38.028	-3.372	-3.8422	-0.121246363053403
35.983	-6.7157	-0.25748	0.0973544567113351
37.675	-7.2641	-2.5191	0.871312021999383
38.285	-6.068	-1.6478	-0.34801625486503
37.648	-2.9954	-2.6871	1.02432911148282
36.758	-6.2914	-0.49534	1.3639156726512
37.3	-4.165	-1.6175	-0.489447345966967
27.805	2.13	0.2655	-1.41865094346423
33.741	-1.9733	-5.4226	1.645
36.11	-7.4497	-1.499	1.645
37.13	-3.482	-3.5833	-0.46185801261247
37.065	-7.2034	-1.1197	0.687096179731759
35.676	-1.5634	-5.343	1.08371461919437
25.634	-1.2253	0.94194	0.879619638567529
36.345	-2.7504	-1.3676	-0.204736231328153
35.006	-5.2704	-0.66318	-0.676218222719757
21.515	-0.82075	1.3352	-0.611940606099898
36.934	-7.1197	-1.3898	-0.97114376056768
35.563	-2.7773	-0.24283	-1.11820138360684
37.173	-2.6245	-3.9132	1.645
36.387	-2.0945	-4.6511	-0.427171316207527
35.784	-2.114	-0.96068	-0.682857422256786
37.664	-3.9756	-1.3644	1.49636215253822
33.453	-9.9212	-3.2833	0.39762259062058
28.418	-11.12	-3.9506	1.645
35.617	-3.9137	0.42156	-0.545563216977031
35.863	-2.4069	-2.5622	0.0769185600477941
35.028	-7.1752	-0.66195	-0.728389526168326
35.812	-5.4805	-0.52955	-0.749217760831085
35.948	-1.8128	-5.129	0.409737123567316
36.383	-2.5713	-5.1106	-0.0423684113943195
37.161	-6.9458	-4.105	-1.12425743708967
33.48	-0.64767	-5.7709	1.645
36.767	-7.3284	-1.2693	0.910427029183381
34.688	-1.4445	-4.5017	0.487202921432373
35.727	-1.6297	-5.1851	-0.15555934143856
27.955	2.3396	-0.87238	-0.259320862390005
33.377	-10.479	-2.644	-0.25956003293958
32.498	-1.6331	0.075498	-0.630800952095643
37.362	-2.3661	-4.0574	0.206712858624417
37.957	-5.771	-1.0749	0.211449420316353
36.775	-7.7189	-0.67347	-1.04577007118295
37.412	-4.5111	-2.4789	0.0134947684031153
36.828	-7.5118	-1.7764	-1.24677418607445
34.807	-9.2413	-0.70097	-0.950552358282662
37.16	-6.5484	-1.2193	-0.038634507421635
36.12	-6.8519	-0.23334	1.15967378837356
38.418	-4.7373	-1.7362	0.299812687092964
33.209	-1.3065	0.58739	-0.171728802652156
36.674	-2.2954	-4.338	-1.08256186165387
36.732	-2.5374	-4.5019	0.314429299841938
37.642	-6.2693	-1.2363	1.53364706584421
34.288	-1.2429	-5.9811	-1.42157508243494
34.357	-6.5455	-4.6842	0.905585486636751
33.459	-6.2113	-5.0877	-0.547098123085028
34.398	-1.8175	-6.1834	-0.458773588257937
28.402	1.6858	-0.84161	-0.905233145110937
36.054	-8.1439	-2.2738	1.00199323391337
36.711	-5.4696	-0.059321	-1.02802199245497
36.851	-6.8	-1.1773	-0.594394952874934
38.242	-5.918	-2.1091	-0.505814848625148
37.137	-3.3898	-4.8805	1.645
37.779	-6.3044	-1.8107	1.14619606480072
34.925	-1.4506	-5.7603	0.251487725960139
36.307	-6.6518	-5.0565	1.645
37.216	-7.7869	-1.3901	-1.13917897468314
34.201	-6.8832	-5.1613	1.645
37.024	-5.0281	-5.0016	-0.212128095390048
31.076	-10.596	-3.1788	-0.514366318587379
37.732	-3.9914	-1.8724	-0.619903391725176
28.05	2.1178	-0.84351	-0.499010908072867
29.068	1.9082	-0.13313	0.439845048335542
38.105	-6.1144	-1.8308	-0.547861433533665
31.208	-10.341	-3.9103	1.2020845953253
37.164	-3.1932	-4.4762	0.144401892732561
35.947	-7.6318	-0.92707	-0.662135978104038
26.384	-11.718	-3.1602	0.538961449223878
17.539	-12.176	-3.6076	1.645
27.847	-1.0006	-6.7591	0.236466206723138
28.06	-11.31	-4.1272	-0.299508361681406
26.252	2.4373	0.2568	-0.910962328396882
36.415	-1.8489	-3.4901	-0.0161877040755018
36.414	-6.6305	-0.54073	-0.935749989509985
36.926	-6.1455	-1.226	-0.772683380478003
37.013	-1.3675	-2.5758	0.114852955485193
31.516	-1.6663	-1.0651	-0.535826501610725
23.685	-0.6064	0.95115	-0.0260225944814465
27.546	2.3168	-0.11179	-0.361091832830929
36.582	-3.2051	-5.0006	-0.566202332030447
37.103	-6.8195	-0.88503	-0.422614989347195
36.399	-7.0935	-1.8265	0.764957481420379
35.481	-2.2084	-0.77026	-0.746998001995014
27.377	2.5778	-0.06166	-0.165811546288173
29.712	-0.9678	-6.7499	-0.147295367466921
37.899	-7.3266	-2.9614	0.667060887945905
36.681	-7.6883	-1.3233	-1.28756193411663
36.539	-6.8839	-1.4043	0.677543013450588
36.927	-2.4784	-4.6331	1.645
37.289	-5.8562	-1.1742	0.328518575678509
36.35	-1.06	-3.5694	-0.572995745970871
36.839	-2.8458	-4.6107	-0.124473462057717
34.409	-9.3628	-3.4874	0.140470314797259
21.749	-12.082	-3.1072	-0.417296348227327
36.479	-2.3034	-4.7111	0.269520951314099
35.35	-9.2134	-2.9742	1.645
37.069	-7.3037	-1.1191	0.243416522163778
37.293	-2.0806	-4.0461	0.340988766902645
37.112	-7.3561	-1.2594	1.40226333055197
35.298	-7.0473	-0.77197	-0.988664151442994
34.237	-8.2289	-3.8283	-0.383371070063797
38.056	-5.1676	-2.5888	1.52701519700562
35.642	-2.2581	-5.5624	-0.382041378798084
37.132	-6.4566	-0.84542	-0.235743414057622
33.381	-2.7503	-0.92077	0.235565902111617
36.842	-7.1254	-1.1484	0.0242714271861222
36.903	-6.0825	-1.1782	-0.545878673510046
36.19	-1.7172	-3.5639	-0.986088812033281
34.92	-2.2908	-0.34357	0.325566606138822
38.043	-4.5569	-3.3936	1.645
35.541	-0.99494	-3.919	-0.0691510287528252
37.769	-5.0176	-1.871	-0.802728396169893
35.269	-8.6907	-0.96378	0.938706940218494
36.885	-8.2585	-1.4113	-0.754170090457962
34.961	-9.0902	-2.5955	-0.457996183894342
36.838	-3.1052	-0.58324	0.702753749283504
27.664	-10.9	-3.9195	-0.101810173529618
23.422	-0.66444	0.89025	-0.789074002009909
29.878	1.9333	-3.6835	-0.545468377384601
38.515	-5.1784	-2.2231	0.359691718255548
38.137	-5.8416	-1.5113	0.128407136457346
37.654	-2.3191	-2.4915	-0.741597731912515
35.139	-7.3104	-0.6746	-0.32163815832939
29.667	-0.36181	-6.2471	-0.233902287275759
34.572	-9.5317	-2.8881	-0.612483741773474
36.627	-2.2565	-4.6513	0.106292864729171
38.041	-6.1191	-1.0396	-0.539374466396628
35.898	-7.0416	-0.93679	1.645
33.998	-7.9864	-0.16569	0.0924478822731767
35.179	-4.4275	-0.35156	-0.22908304285474
35.475	-6.9959	-0.76676	-0.273153806930486
32.07	1.4293	-2.3833	0.279218971783763
35.045	-8.4451	-3.0206	-0.348853466392524
36.626	-6.7312	-0.7282	-0.65414568980306
28.783	-1.1034	-6.5278	-0.747901762208809
35.933	-8.4365	-1.8553	-0.740655071574741
32.506	-10.224	-2.3987	-0.603991576106705
34.744	-7.6455	-4.2175	-0.57109045776946
35.716	-8.4489	-2.1184	-0.437124707461426
31.72	-0.96702	0.3544	-0.719869088326848
36.751	-6.7733	-0.83624	-1.15299372396732
26.305	2.5123	-0.34699	1.2050478864678
37.254	-3.0555	-4.385	-0.204506303861965
34.17	-1.3725	0.13005	-0.871156869771189
36.772	-2.0808	-3.8427	1.41010040884567
28.764	-0.51537	-6.6424	-1.05388863849941
38.014	-5.9577	-1.8809	-0.470110242570634
34.574	-3.6874	0.49795	-0.717762971405556
36.293	-1.505	-4.5643	-0.736041848305988
36.234	-7.6629	-0.97961	-0.680546308873477
34.65	-7.5723	-2.293	0.0130955277795344
36.083	-8.5847	-3.8822	0.138318006113771
27.103	-1.7895	0.51807	-0.436654948085385
36.16	-3.0067	-5.1595	-0.920528481203782
33.832	-9.4165	-3.2844	-0.859710741064705
35.349	-1.7696	-4.8635	-1.04247391311563
37.166	-4.2299	-4.5378	0.287350755699124
34.808	-9.1052	-3.57	0.505499094609672
35.873	-6.1718	0.076158	0.53808151576882
35.622	-2.128	-5.639	-0.766801197092646
37.437	-6.1818	-4.1612	1.05268649788857
36.152	-7.3342	-0.95071	-0.71490991179077
35.261	-1.5128	-5.0484	-0.29066310955711
33.824	-9.9319	-3.7705	0.737219148641234
35.159	-5.0452	-1.1061	-0.49932502037607
30.039	-10.6	-3.9322	1.645
30.135	-9.1454	-4.2499	-0.733702353180761
29.138	-11.188	-3.8476	-0.631643250993424
35.92	-6.9901	-0.49628	-0.662532384300827
31.224	0.17342	-5.7504	0.253851100652963
35.622	-3.6657	-1.0615	0.068821685977969
37.487	-6.2291	-1.7669	-0.695763960162819
35.929	-8.1243	-1.4357	-0.196830965576645
33.353	-0.15211	-5.6436	-1.25252844824221
34.134	-10.156	-2.7773	-0.801218938090105
35.54	-1.4891	-4.931	0.718029251805571
34.026	-9.7903	-3.2879	0.553813531237428
36.626	-5.7911	-1.2278	-0.729422619005801
24.178	-11.704	-3.6301	1.645
37.404	-5.4861	-1.3972	-0.87670188327884
33.892	-0.68384	-5.8885	0.924841183516303
24.368	3.7988	0.25655	-0.325583076192364
25.316	0.0397	0.96357	0.3991241462354
36.37	-2.9592	-4.9675	-0.290516331144596
36.177	-2.5183	-1.6875	0.612253284845828
34.494	-0.21675	-1.9609	-1.25184092766828
36.989	-2.1522	-4.4694	1.28034832737143
29.538	-10.738	-4.0519	1.645
37.198	-6.5255	-1.0386	-0.36012333671413
36.164	-7.808	-2.0116	0.0746194669702222
26.615	-11.683	-3.4185	-1.10133158950504
35.959	-8.016	-1.3819	0.937163209919054
37.27	-6.2276	-1.1357	0.846388553610719
36.454	-6.533	0.32032	-0.386008243745959
36.452	-2.8956	-0.53636	-0.770197074559858
33.279	-10.124	-3.4263	-0.356823550256728
26.736	2.6919	-0.6298	-0.0142803079419517
37.768	-2.7583	-2.6984	-0.482952245124315
35.59	-2.7801	-5.4654	-0.575141239691318
37.579	-7.1001	-2.0947	-0.530881928110542
36.093	-8.6628	-3.2445	1.645
33.734	-9.5652	-3.4776	0.532084585334288
38.216	-4.6273	-2.5373	1.33566401098529
27.089	-11.553	-3.8875	0.953764350346511
32.801	-10.494	-2.9191	1.25292430121882
38.241	-4.5629	-4.0563	0.572441911732762
37.785	-3.759	-1.4766	-0.161787043108403
38.276	-5.2348	-2.0977	0.264081670662957
37.742	-3.366	-3.0438	-0.697241048496726
27.815	-0.57083	-6.707	0.876078553842125
28.23	-0.50422	-6.5389	-1.20920213866811
29.63	-0.92416	-6.7941	0.0184956435745722
33.189	-2.0783	0.76822	-0.81515033441029
34.078	-0.040589	-5.3448	-1.13965401536992
36.923	-2.6406	-4.693	-1.34290051179153
30.923	-10.273	-3.951	1.645
33.454	-0.75361	-5.856	-0.661178897820292
37.946	-3.4073	-2.4633	0.00841747249285983
24.271	-12.112	-3.4109	0.593809858679999
36.432	-7.4201	-0.80639	-0.428407979171508
35.365	-1.0409	-4.4356	-0.312220913194154
36.627	-4.0545	-5.0559	0.380486188040893
36.92	-5.8143	-0.62305	-0.935318993933653
36.617	-3.1258	-4.9507	1.38554930170535
35.936	-1.5523	-5.1143	-0.145782618252727
22.13	-12.369	-2.9595	-0.242371210616426
35.285	-7.5377	0.066807	-0.573088371320635
34.246	-1.9271	-6.1455	0.511995891803564
35.563	-0.78294	-4.4159	-0.306861622674629
37.246	-2.3567	-4.2847	0.174141819394927
36.836	-2.003	-4.5542	-0.72948337251442
35.681	-7.0142	0.034118	-0.659393666769133
28.476	2.3052	-0.21928	-0.792104174825002
36.702	-4.5632	-0.72328	-1.26915256925185
35.022	-2.2931	-0.30106	0.766079366102174
36.997	-2.8596	-4.6194	1.23351740522569
31.828	1.1086	-2.2523	1.1894556832882
35.129	-7.3311	-0.43908	-0.920050972282189
35.687	-2.4359	-5.3201	0.084012328261865
26.988	-0.92323	0.91876	-0.932000769763945
31.846	-3.3065	-0.63738	0.221700589887922
33.401	-1.0653	-5.7202	-0.588116315525908
36.04	-6.7814	-0.20054	-0.64216253974423
34.114	-0.95412	-5.5611	0.377148499987696
36.599	-6.6278	-0.62335	-0.144895922970755
37.135	-6.6056	-1.2216	-0.195620890289531
38.176	-5.8106	-2.8118	1.06248128858888
37.58	-4.0989	-3.3811	-0.414569257416662
35.637	-6.7245	-0.37612	-0.609523150135969
35.282	-0.54191	-4.5888	1.18233043027728
35.082	-1.3413	-5.5522	-0.296561551985037
35.866	-8.262	-4.0059	-0.872462820771561
37.104	-7.4099	-0.84084	-0.798252876940565
35.513	-9.1151	-3.2543	0.166971765229021
36.187	-7.133	-0.64214	0.730811366490512
35.107	-0.70271	-4.7009	0.365810016247945
37.184	-1.7013	-2.732	-1.31090202690125
37.267	-6.9481	-1.9059	-0.0359895227352373
32.963	-0.82231	0.13576	-0.347622661259661
35.467	-1.2018	-5.1814	0.159715275899103
19.144	-11.629	-3.5846	0.263862189986543
35.444	-3.6749	-0.45329	1.645
33.256	-0.209	-5.6186	1.645
38.277	-5.7043	-2.5148	-0.707313864419105
35.262	-6.5396	-0.11959	-0.522751031142723
36.147	-2.2079	-4.9607	-0.382002019633289
25.063	2.6942	0.50611	-1.08003914905679
35.954	-7.1833	-0.97152	1.645
31.359	1.133	-1.4757	0.071535469045553
36.883	-3.2841	-4.7561	-0.019543150444251
37.07	-3.5895	-4.5398	-0.194608659373963
29.455	1.4441	-0.33154	0.776948093793136
30.771	-10.607	-3.8479	1.62188874485665
35.249	-6.5454	-5.549	-0.812268485485035
37.709	-3.0288	-3.4199	0.228523160854969
36.433	-4.7672	-1.4114	-0.315340940992086
27.534	-0.34665	-6.4868	0.390579024733574
36.086	-7.7136	-1.5338	1.645
38.056	-6.0844	-2.1369	-0.358791792214711
34.733	-2.7372	-1.1845	0.633105366660753
34.09	-1.9336	-5.9096	0.194610395840234
30.214	-10.125	-4.3742	-0.398448455379536
36.733	-2.908	-4.739	0.614753119772362
32.649	-1.5728	0.16861	-0.216180803182203
35.94	-8.616	-2.4003	-1.31548144368524
38.211	-6.7695	-2.7243	0.605426810551517
34.473	-6.0424	-5.0366	1.59922176999448
36.627	-6.1571	-0.69163	-0.182667028927859
36.064	-7.1385	-1.2273	-1.09628741607739
28.21	-11.078	-3.6007	0.857379806128899
33.526	-9.8154	-3.646	-0.262407182628198
37.809	-4.4404	-2.6843	-0.874846948474842
36.294	-2.8729	-4.9081	0.345658786926174
36.932	-2.2441	-4.676	-1.26174671540444
34.882	-7.8087	-4.7386	-0.167318742913888
36.476	-7.382	-1.0621	-0.334249143998297
37.275	-3.0113	-4.2995	-0.0856145672432388
37.16	-7.4515	-1.5202	-0.484073731381153
29.493	-2.0896	-0.37662	-0.754088913046255
36.008	-4.144	0.37998	-0.560553484774276
33.871	-0.68123	-5.6772	-0.169499970810055
26.97	-0.27744	-6.7405	-0.446421931031414
34.878	-7.421	-4.5206	1.645
36.796	-7.0838	-1.2456	-1.29996873777895
36.362	-7.0014	-1.1047	0.287293465683615
20.626	-11.99	-3.1838	0.714731005701153
37.31	-7.5264	-2.6178	0.404442493250693
30.671	-0.85242	-6.8893	0.741761979676556
16.859	-12.177	-3.2421	0.86265567539978
36.905	-4.2578	-0.4808	-1.55574008511655
35.511	-1.8353	-5.3157	-0.0783950463374659
21.085	3.772	0.79139	-0.319478653672379
37.367	-3.737	-1.2535	-0.607055123048398
36.651	-7.5829	-1.2475	-0.943675976383291
35.014	-8.2377	-0.58041	0.14776011558823
36.616	-6.8313	-0.47681	-0.927120069938033
36.201	-2.0957	-4.461	1.645
36.759	-7.1446	-0.57465	0.79136767570345
35.043	-1.2339	-5.4064	-0.217587931338262
36.334	-6.388	-0.29077	-0.550261677005388
35.239	-3.0074	-0.11223	-0.765220112130231
33.832	-8.7472	-3.3011	0.4441940330995
29.377	1.7668	-0.97623	-0.00124411937283288
36.531	-6.2769	-0.45093	0.456659232255919
35.735	-6.5504	-5.0381	0.809295120771881
36.185	-8.2947	-3.287	-0.935667989563335
30.382	1.5907	-0.49021	-0.692595827261561
36.292	-7.3381	-2.103	-0.88023080869724
30.558	0.84485	-0.90212	-0.852229921934994
