30.252	-10.709	-4.2735	-0.858695710583179
37.784	-3.0457	-3.1938	0.204688932723728
35.233	-1.7225	-5.4094	-0.33089019026482
36.304	-5.6636	-0.46282	-0.404029132442936
34.958	-1.4558	-5.6443	0.067542173994413
35.711	-7.1492	-0.48083	-0.722448404882665
35.577	-2.1617	-5.7207	1.03072288252515
30.384	-1.1125	-6.3906	-0.81629851002275
35.662	-6.8765	-0.14067	0.992198008528745
37.208	-4.7836	-0.79393	-0.0452605866697395
35.031	-0.73919	-5.3013	1.645
30.639	-1.4277	-6.4224	0.0764289165370021
30.396	1.5929	-2.7118	-0.856685190971598
37.36	-1.9229	-3.4248	-1.03747192759398
38.053	-4.9272	-3.8114	-0.0470576059376054
25.215	3.2448	-0.1568	-0.847833821682312
37.946	-3.3618	-3.7233	0.383359760782195
36.345	-3.4584	-0.40195	1.27610267332795
29.468	1.8323	-1.3242	-0.910808819175489
35.221	-8.5458	-1.1697	-0.255662214924882
37.076	-4.767	-1.1442	-0.0568990153617528
38.1	-6.0953	-1.2467	-1.18350675450172
37.421	-4.2265	-4.3602	0.698578101140486
37.609	-6.1563	-1.2378	0.067025083985709
29.628	1.4832	-0.091737	-1.15604904163107
30.886	-9.9839	-3.954	-0.262339860232321
36.237	-7.9567	-0.56517	-0.622037672025074
38.043	-6.8756	-1.8666	-1.24240000775368
37.508	-3.0489	-2.1855	-1.645
38.329	-4.7319	-3.6869	1.32946737854147
34.7	-1.2137	-5.6412	0.0280973619718083
38.1	-3.8544	-2.0497	-1.28186693840597
35.969	-7.2747	-0.90899	0.571980838002541
27.088	0.10397	-6.6888	0.834208727902702
37.973	-4.0567	-3.8317	0.77531086273416
27.649	-11.462	-3.5438	-1.06531272776552
35.681	-8.7417	-2.8366	-0.154691854135998
27.506	2.6504	-0.70193	0.262458328196052
29.352	-10.501	-3.6657	0.218445320672972
36.904	-6.9214	-1.6942	-0.903912340741635
35.473	-9.362	-2.7353	0.925478863933637
36.27	-3.1772	-4.7845	-1.01186674967165
28.019	-0.25125	-6.6692	1.54587084377591
33.485	-9.167	-3.831	0.681787608868491
34.236	-10.016	-2.8261	-1.34480306826274
33.449	-0.6842	-5.706	0.771463828197465
36.817	-3.992	-1.0023	-1.47935839511367
36.439	-2.5243	-2.1194	-0.868947350154283
34.364	-0.084456	-4.3062	-0.551862347477093
35.596	-0.68966	-4.4515	0.164491763026566
36.24	-2.3286	-1.4169	-0.502246120450557
36.865	-7.6925	-1.6333	0.0610679720141384
37.22	-6.5674	-1.1292	1.46099292298686
37.897	-4.8967	-1.5729	1.40122538794972
35.228	-2.001	-3.9949	0.375119520321497
33.384	-0.71081	-6.05	-1.07348657566716
36.605	-7.0821	-2.621	0.649181216370496
34.196	-9.5363	-3.2052	0.0581892394863118
30.378	-9.9318	-4.0164	-0.869754614388933
35.451	-2.0421	-5.2604	-0.940307629105823
37.029	-6.5279	-1.0449	1.21831326383527
36.22	-7.0306	-1.8249	1.47754328391711
35.361	-7.6139	-0.68234	-0.016118414214651
37.68	-3.1829	-3.9933	-0.785664936015864
34.157	-1.6204	0.0068926	-0.644026362986437
37.485	-7.2194	-1.5734	0.342785624013493
36.966	-5.8746	-2.2644	-0.917415836138881
36.318	-6.8931	-3.2431	0.0352136607191692
34.278	-8.7974	-3.7387	0.234291000234889
31.307	-10.824	-3.7747	1.645
37.731	-4.9146	-1.0312	-0.941750303464943
23.754	-11.761	-3.3614	0.296639967345494
36.647	-7.5774	-0.80506	-1.18231310417478
37.798	-6.4612	-2.1662	-0.451352512056273
37.754	-3.583	-4.2792	1.645
35.975	-7.482	-0.79263	1.53336881005314
37.505	-6.6685	-2.6847	-0.176558353990006
35.53	-1.198	-4.9193	1.645
37.23	-3.1353	-2.1204	-0.391883286369893
36.382	-2.1964	-0.9519	-0.153380751055003
24.761	3.1961	0.59405	-0.695046261635421
33.85	-8.5339	-4.1833	0.339905250211611
31.588	-10.845	-3.7152	0.616414190609835
34.348	-1.5875	-5.124	-0.383832956211308
35.855	-8.5351	-4.1011	0.818198262166499
35.188	-7.5203	-0.50527	-0.554301023476711
29.408	-0.87213	-6.5897	1.645
29.318	-10.906	-4.083	1.08082947165178
36.734	-4.8522	-4.9762	-0.408092443555867
36.425	-0.63911	-3.5397	0.166431073326385
35.68	-4.0853	-5.459	0.512103079129314
37.21	-7.0648	-0.9211	-0.0151532929313153
35.97	-1.7404	-1.3486	0.765577356235062
36.73	-2.8421	-4.3338	-0.108907680946813
35.127	-8.9068	-3.2601	-0.0562469617923953
34.516	-1.442	0.39769	-0.623008188267016
26.621	-0.41676	-6.7491	-0.977468889217522
33.447	-0.099584	0.24688	0.404697577023512
35.417	-9.3933	-3.2228	-1.21185571630756
37.061	-6.5184	-1.2337	-0.882814321127712
36.761	-4.0431	-2.5386	-0.709110761512647
36.51	-6.2637	-0.54518	0.942382287960455
36.466	-7.3544	-0.70317	-0.961655807194556
28.861	-2.2487	0.5869	1.645
37.211	-6.4572	-0.88182	-0.934750989654028
37.444	-6.7964	-3.6172	1.645
36.601	-7.2495	-1.0362	-0.313092786074254
27.931	-0.28496	-6.5634	1.4196427596876
31.618	-10.13	-4.2517	1.00952389676773
36.223	-7.4272	-1.0084	-0.475672155135465
29.629	-10.882	-3.5421	0.143783009070496
29.947	-10.855	-3.69	0.209063558912605
37.298	-6.2867	-4.72	-1.10424914396757
38.155	-4.6891	-2.4946	-1.24829065538428
29.457	-8.1844	-4.6495	0.820818133391547
37.961	-6.4367	-2.1714	-0.724424091693834
24.995	-12.011	-3.4335	1.20000773350943
37.283	-5.6156	0.019012	0.798121648515783
36.059	-5.4499	-1.2052	-0.557668392876763
27.944	-0.12737	-6.92	-0.736605700180674
33.895	-8.0079	0.42918	-0.4286072060193
34.547	-9.2514	-3.6529	1.645
27.474	2.3031	-0.87242	-0.920368742794735
36.897	-3.6054	-4.7352	1.645
34.858	-0.90232	-5.1763	-0.835401457445584
27.282	1.8772	0.36123	-1.15784856255986
26.937	-11.434	-4.0353	-0.184768918379055
34.051	-7.057	-4.9855	-0.0653031761439949
36.385	-6.6891	-0.91737	-1.21268017114211
36.707	-6.8401	-1.3848	0.690277439968695
36.43	-6.2279	-0.72841	-1.30743410477255
37.485	-6.1472	-1.8209	-0.98404812877157
37.336	-4.2892	-1.3951	-0.29337243643329
36.534	-2.8847	-3.859	-0.668692256571606
36.765	-2.6537	-0.90358	-0.785691378870074
38.365	-5.7093	-3.163	-0.203415848954872
26.795	-1.38	0.76789	-0.0254170218647052
37.736	-7.0645	-2.0451	0.310831737065986
27.947	-11.622	-3.3485	0.814842955710435
29.441	-2.4441	0.42788	-0.60325356108359
34.545	-0.57259	-5.36	-0.946601990388516
37.192	-7.2199	-0.97104	-0.600400985646168
35.643	-1.0173	-4.7475	-0.226650287399576
29.467	-10.775	-3.9691	0.720080014454404
36.573	-8.3132	-1.1099	0.306436235130036
36.38	-6.6055	-0.06572	0.993586596223641
36.872	-7.3054	-1.1125	0.0969327356342221
31.012	0.82625	-1.0063	-1.11897961991156
33.073	-10.383	-3.0347	0.877705715555228
33.721	-9.813	-3.1666	-0.442775295425815
36.514	-2.8311	-4.6458	1.645
26.728	-2.4993	0.37058	-0.87575171891405
35.137	-7.474	-0.47603	-0.881921349608307
33.092	-2.3509	-0.10809	-0.589368259304932
30.162	1.0924	-0.59141	1.0432350834972
35.653	-8.8056	-2.0148	1.645
37.55	-2.3992	-4.0514	-0.607391709368033
28.167	2.2203	-0.26485	-0.241222953719425
37.262	-7.6743	-2.5575	-0.527372307522932
28.68	-0.5989	-6.5866	-0.981842810035247
36.82	-6.8749	-0.3813	-0.202837353683174
37.969	-4.1044	-3.9668	0.405252811209293
27.04	-0.27364	-6.8262	-1.07340278087834
35.876	-2.8084	-4.9303	0.209944143399143
36.613	-7.1136	-0.79163	-0.950457474564534
29.461	-1.419	0.7187	-0.425557910847716
33.343	-10.105	-3.3928	-0.443056917423331
35.407	-6.9301	-1.0617	0.668151001303089
36.67	-6.252	-0.26205	1.59299986761732
36.115	-6.9508	-0.31193	-0.152585357208787
30.193	1.2549	-0.92182	0.79849115086237
36.741	-6.2321	-0.25214	0.0614365775203785
35.394	-6.7244	-4.8998	-0.790549610037084
35.901	-7.5783	-1.5121	1.23853600306428
36.212	-2.8864	-4.4424	-0.00454521612817599
36.519	-6.8297	-1.8835	1.645
36.757	-4.3829	-1.9128	1.41958532730798
37.299	-4.6356	-4.2258	1.28253902642882
36.961	-6.9266	-1.1732	0.584370988929161
35.464	-9.2253	-3.2972	-0.669094290886926
35.372	-7.55	0.094466	-0.450778927456681
37.434	-3.8318	-1.858	-1.0038258754208
37.432	-2.5769	-3.2596	1.645
35.832	-1.7551	-5.3572	0.563753740304238
34.841	-1.1825	-5.6789	-0.398841629676548
35.748	-1.2876	-4.9432	-1.36182413092976
37.279	-7.3662	-1.4602	0.00455128796310093
33.607	-1.7542	0.66326	-0.659190181900371
36.366	-7.7739	-1.273	-0.749406590205561
29.524	1.8227	-0.21233	-0.862250596779155
24.281	-0.95431	1.6062	-0.762724463443875
37.71	-3.7762	-3.6003	0.914987406103933
37.127	-6.706	-1.4274	-0.291348526703161
37.568	-3.1113	-4.1591	-0.748346491270143
36.105	-7.3621	-0.27467	-0.131343020557832
36.68	-3.1089	-0.80076	-0.387634919544642
37.185	-5.435	-1.2468	0.83424229064217
35.352	-7.529	-3.7597	-0.845996711012201
37.144	-2.5994	-2.8073	-0.77768592543044
36.629	-7.321	-0.79914	-0.899825418186729
29.709	-1.2098	-6.7267	-0.704040237961517
28.639	-1.7463	0.11451	-0.30432598959329
33.884	-9.4559	-2.2002	-0.984716182407107
29.769	-1.6298	0.65782	-0.873912192255276
37.081	-2.2684	-3.7777	-0.297662209208491
36.206	-7.2978	-1.6692	-0.888125758723963
25.402	-11.378	-4.1255	-0.973982765062203
37.885	-6.1483	-4.0581	0.511353053408794
31.038	-10.399	-3.8462	-0.956128253679964
36.67	-6.0862	-0.60603	-1.10278150282662
34.412	-0.72442	-5.3799	0.799560383712618
29.81	-10.35	-3.8864	1.57125894162026
33.106	-8.9881	-4.6548	0.298369857665239
29.473	-0.48085	-6.5681	0.43330515079701
35.74	-1.5646	-5.2828	-0.913221160532976
37.574	-2.8168	-1.8882	-1.087041074186
32.89	0.72047	-2.1587	-0.760363161969559
36.778	-6.6332	-1.1096	0.00502456511448743
37.034	-3.681	-5.0419	-0.710519626089316
27.479	-1.1421	0.8687	-0.236938819603708
35.114	-8.5241	-4.0748	-0.752926053111101
35.997	-3.0534	-4.6892	-0.62408850668367
36.301	-1.469	-4.8456	-0.832179807827539
33.033	0.14127	-0.89016	0.273403389355111
35.769	-1.0613	-4.7791	-0.427976921226315
24.668	-11.654	-3.2159	-0.833856356429004
28.566	2.1575	-0.46418	0.670382065668671
18.476	-11.922	-3.6567	1.645
31.902	-10.188	-3.1425	1.645
35.592	-6.7005	-0.93449	-0.782045307875843
34.055	0.053927	-3.4849	-1.00247138722986
29.642	-1.2463	-6.7948	-0.932638472530336
37.359	-2.1066	-3.8716	1.40874062532506
28.656	-0.89458	-6.9293	-1.25532827700402
37.672	-6.7785	-0.78609	-0.702549765435596
35.668	-7.5501	-1.0858	-0.00359025446505696
36.261	-6.8152	-1.5389	-0.791340843220903
36.834	-6.7319	-1.2722	1.05085835883475
36.996	-7.5969	-1.0678	0.972916966064586
30.542	-6.0829	-5.3952	-1.08650388365322
35.304	-0.72865	-1.7241	-0.953613523208468
32.167	-10.434	-3.3169	-0.596439537476101
37.241	-6.6798	-1.5083	0.476705782103836
37.692	-3.8642	-3.9815	1.14226334866291
36.295	-7.3641	-1.1927	-0.419948439235182
36.177	-1.3727	-4.7834	-1.23833516992451
35.221	-1.4667	-5.6054	0.314095558411407
36.195	-3.0407	-2.149	-0.659586024584679
20.821	-12.156	-3.2601	0.847485111511329
28.31	-11.059	-4.4058	1.645
37.112	-7.4161	-1.9881	0.224781637262528
35.304	-6.792	-4.5462	-0.793838447761075
31.554	1.5166	-0.70294	-0.367700462877001
35.332	-3.4379	0.25797	-0.373357250165003
33.492	-9.8817	-3.9009	1.645
37.411	-6.3305	-1.4893	-1.38595618445907
35.78	-6.7263	-1.6317	-1.13389530371345
33.448	-0.77411	0.15523	-0.296760308619319
35.375	-5.2242	-0.81239	-0.248997593320482
33.301	-0.8584	-6.2191	0.352519022098316
33.996	-0.50546	-3.2843	0.581667227639381
36.135	-7.0239	-0.50614	0.254761580794765
35.965	-2.0548	-5.2201	-1.31203369974497
36.394	-6.1789	-1.2919	0.563830727593398
37.406	-4.8724	-2.8986	0.365917197382753
36.04	-7.8278	-3.3901	-1.07919833224863
36.003	-7.4847	-0.98669	-0.507448162290672
37.505	-3.3844	-3.665	0.899390496161952
38.095	-4.4114	-3.0289	-0.762986731844167
28.845	-0.3391	-6.3215	-0.870726626643331
31.873	1.1603	-1.4668	-1.23623744722876
37.224	-5.958	-1.089	-0.241998665058818
37.745	-6.0125	-2.6235	-0.665331713184733
32.761	-10.279	-3.5803	0.365065148071574
35.146	-6.8688	-1.1453	0.360460916211174
22.237	-11.81	-3.5527	0.290737617073949
36.309	-1.0166	-2.6914	1.07996165541271
32.789	-9.4975	-3.0511	-0.709286416817976
38.051	-7.0224	-2.7249	0.458060109268927
37.117	-7.0294	-1.3152	-0.87478179378875
29.757	-0.67542	-6.5392	1.22900548202128
37.809	-6.3381	-1.42	-0.588365781143464
37.268	-4.9914	-0.25184	-0.250256730670908
37.709	-3.5095	-2.5169	0.376811684403841
29.359	-1.6151	0.50232	-0.681906683925665
35.72	-8.5251	-3.5035	1.645
35.965	-1.3746	-5.0021	1.36973092849204
36.316	-4.3292	-0.2157	-0.41737406945499
32.677	-8.7274	-4.1685	0.772608416844161
38.36	-5.3256	-2.9136	0.21102402973337
36.221	-7.3412	-4.4751	0.0646970158007361
34.415	-6.8325	0.075148	-0.877892024479181
28.368	-0.59665	-6.7559	0.796657152151879
36.759	-3.5836	-0.81804	-0.234043301547308
34.095	-9.7839	-3.228	0.934854979676006
37.368	-6.4768	-2.9922	-0.560537632765504
37.332	-7.2515	-3.8961	0.131711299466104
35.258	-5.3219	-5.4431	-1.05193152371081
36.321	-3.9637	-0.27042	-0.167501685983475
36.03	-6.7396	-2.2656	1.645
36.297	-6.6218	-1.3064	-0.986911196191305
36.623	-2.2417	-4.4946	-1.30576448739459
30.035	-10.734	-3.8263	0.0124367376489593
36.66	-6.6386	-0.37036	-0.827326919400081
21.515	-0.27706	1.74	-0.415318902721762
33.103	-10.306	-3.7632	0.921455329530843
36.952	-8.0395	-3.7747	-0.0987523234586185
22.571	-0.57713	1.5151	-0.616917268611038
37.393	-3.4946	-4.3244	-1.29626811261897
29.076	-11.036	-4.0158	-0.114758986682663
27.77	-11.555	-3.6482	1.61397371651689
37.578	-3.8494	-4.4812	0.369516616413517
37.42	-3.8425	-1.2864	0.354085935891756
26.936	-1.6129	1.3973	-0.422619294017028
36.112	-7.3194	-0.71772	1.00102342229466
35.791	-7.0583	-0.31701	0.728920840218115
30.4	-10.876	-4.4696	1.32658450217844
35.159	-1.6508	-5.7185	-0.178510752104893
36.861	-1.5517	-4.234	0.562357975174404
26.877	2.3493	0.26303	1.25174318405784
20.474	-12.495	-3.206	-0.248123761521403
27.177	-2.3797	0.14023	-0.779264423936222
37.496	-2.3662	-2.2257	0.842924454959707
34.893	-8.2576	-0.2879	0.872807858960526
26.716	-11.636	-3.9302	1.54638285751327
34.889	-7.5416	-4.5362	-0.135295558042865
36.442	-8.308	-1.1302	-0.19355381692555
35.773	-7.8802	-0.81617	-0.761889955965464
37.317	-6.8573	-3.3818	0.212184259232642
36.102	-3.0749	-5.1304	-0.264920296787981
37.105	-2.5589	-3.5756	-0.587548283016072
25.809	-11.625	-3.7767	0.300571557656296
31.857	1.6245	-3.1076	-0.101394633097335
26.788	-1.3344	0.7076	-0.365533199082953
37.049	-6.6954	-1.5441	-0.741857157555416
30.72	1.4517	-0.34053	-0.350727573037485
27.045	2.3681	0.63953	-0.297759006814513
20.617	-0.3175	1.6639	-0.66719461252261
37.887	-5.396	-1.5637	-1.35768465428909
37.858	-5.3791	-3.9756	0.0114027423600198
37.652	-4.4151	-4.0434	-0.490054001020895
29.685	-10.994	-2.7076	-0.821295246439196
33.751	-10.254	-2.9882	-0.611182380085953
33.908	-0.57427	-1.1263	-0.833148386925565
36.426	-7.9875	-4.213	-0.061572098131934
33.919	-7.0507	-5.0645	-0.210036788459944
37.54	-3.8517	-4.3804	-0.204022649055552
35.577	-1.6453	-5.4049	1.645
38.032	-3.8433	-2.5224	-0.693235811603473
26.259	-0.18253	-7.0548	-0.895348425361142
35.993	-7.0808	-1.3785	-0.624741388923144
34.187	-1.4715	-5.6999	-0.0776017671536242
38.371	-4.863	-2.051	-0.858583969902614
36.918	-7.5758	-1.5006	-0.995930935321203
36.473	-1.6404	-4.767	-1.47763574690508
28.657	-0.49517	-6.6234	1.23001936617642
36.394	-7.593	-0.62675	0.304231924380705
36.478	-7.1979	-2.0881	0.145971494255538
35.184	-9.2901	-3.1965	-0.544522754714279
33.753	-9.4761	-3.5559	0.887567056065836
38.074	-4.3028	-2.4632	1.645
36.292	-2.6554	-4.4174	-0.355050032047951
37.272	-6.8375	-1.1314	1.49046121779442
33.715	-9.6432	-2.123	-0.635831130232914
35.237	-0.69076	-4.8874	0.36603582947744
24.414	-12.142	-3.2013	1.645
37.569	-6.5148	-1.4642	-0.281925946245883
36.96	-6.9343	-1.0159	1.01098027963278
37.294	-1.9809	-3.4145	-0.51292304345568
37.737	-6.611	-1.2513	-1.21563226176915
37.08	-2.6979	-1.4846	-1.1286769583015
37.508	-7.0244	-1.8393	-0.469750847527558
37.038	-4.3294	-1.0892	0.0423417972108114
34.492	-7.3364	0.24994	-0.134935217272586
27.619	-11.723	-3.0238	1.645
37.109	-7.0105	-0.90472	-1.06164038890042
33.954	-0.85081	-5.874	-0.78628662443875
25.499	-1.9116	0.89186	-0.699526609280439
33.203	-10.02	-3.7952	-0.637755636925781
36.949	-4.5689	-2.2549	-0.652684760495514
38.43	-6.1105	-2.4777	-0.490888188403517
36.281	-7.2612	-1.4428	-0.591479962062672
36.205	-2.6511	-0.80731	0.294163271831413
31.294	-7.8077	-4.7166	-0.364578148987757
28.036	-0.32208	-6.6729	-0.662620496708347
37.033	-2.5461	-1.0928	-0.682268505574332
33.627	-10.262	-3.7998	-0.676883375748239
28.89	2.0927	-0.92713	-0.471470689142609
36.811	-6.4165	0.35144	-0.743181678729393
37.011	-5.9559	-0.4383	-0.401881333926011
38.201	-3.9247	-2.182	-0.671145511183542
36.854	-3.5895	-4.6313	-0.653367366413498
37.373	-6.9962	-0.69014	-1.56370394821773
38.149	-5.5533	-1.2842	-1.51703079790779
36.144	-2.2189	-1.1147	-0.700708303721909
35.14	-0.37334	-2.7565	-1.00250843857518
36.902	-7.0363	-0.65284	-0.131068816174675
36.446	-6.3734	-4.8093	1.45752024771687
36.044	-8.7182	-2.4083	-0.537928435836523
34.719	-9.8405	-3.3063	0.110264130154626
36.437	-3.6993	-4.3082	-0.55332586151528
34.532	-1.6199	-5.9276	-0.924016974198605
24.371	-1.4143	1.2245	-0.558400538234532
27.162	-11.286	-4.1317	1.60799215761812
35.233	-8.8871	-3.1131	1.645
34.886	-6.2481	-5.5571	0.314091272238839
34.45	-9.2067	-3.1109	-0.522499599420422
35.822	-6.391	-2.1782	0.247853857532886
35.733	-1.9219	-0.14499	-0.913854359909856
35.874	-8.6177	-1.8043	0.465507638005096
34.192	-8.3314	-3.5638	-0.144161652022259
37.948	-6.3604	-1.6608	0.741279536461699
35.228	-8.4952	-3.2171	1.645
34.806	-6.9562	-0.62806	1.645
26.345	-1.1055	0.5634	0.881306390358445
25.296	-0.72466	1.6146	-0.43984822883108
37.422	-3.4628	-2.3274	-0.77017598354551
28.048	-11.488	-4.1721	1.34335172739454
37.105	-3.6061	-4.5524	-0.466761275939425
36.419	-6.6899	-0.5559	-0.717569453692654
35.34	-2.5809	-4.242	1.645
33.407	-9.7397	-3.9947	-0.535760417072085
32.896	-9.6574	-3.1526	1.3715611910644
36.359	-7.4549	-1.0004	-0.416412663973805
35.12	-1.2742	-2.8903	1.63999595386957
37.498	-3.5547	-4.4466	-0.454889232972392
36.054	-7.6498	-0.76852	-0.396032448662109
37.167	-6.6659	-1.13	-0.810565705707752
37.129	-4.2692	-2.0975	-0.450742190907662
36.978	-1.6567	-1.9199	1.645
29.606	1.5715	-0.54431	-0.67300568343188
33.643	-1.3637	-2.5897	0.118343922158688
34.789	-7.3388	-0.54573	0.495648147449607
28.725	1.7036	-0.72164	-0.824225211009175
24.712	2.8802	0.58317	-0.014178573879182
36.593	-5.8661	-0.6886	-0.207185369314952
36.284	-1.8405	-5.0251	0.260124292055754
29.893	-1.3723	-6.5831	-1.26132668756317
36.546	-7.4554	-1.1895	-0.704752388047742
35.946	-6.5489	-1.2203	0.223105644550624
36.537	-6.8783	-1.0337	-0.489722178582289
20.317	-12.541	-3.2969	-0.796961059027759
34.361	-1.276	-5.9627	1.645
37.923	-3.705	-3.5402	1.645
37.259	-3.0075	-4.4835	-0.0793678894042779
37.096	-3.0514	-4.6541	0.285865502890016
34.849	-9.695	-3.414	1.19573021916065
38.398	-5.8134	-1.1318	-0.334125544883865
24.003	0.13853	1.4663	-0.340690730700161
37.122	-3.4666	-4.8168	-0.572821722762499
36.732	-7.2218	-0.73825	-0.596006595851265
33.778	-8.1256	-0.58235	0.220463353564571
31.849	-10.422	-3.1593	-0.772816344366263
37.14	-3.9296	-2.3872	-0.533906641524173
36.72	-6.1892	-0.64828	-0.138564283736291
36.229	-7.0194	-0.57746	-0.206348364990523
31.782	-10.612	-2.5976	-0.677468161183735
33.339	-3.0923	-1.8954	0.115385767467094
31.845	1.0033	-1.1008	-0.796683379470269
34.623	-7.9058	-0.21977	-0.908222601467606
36.82	-6.9642	-1.231	1.38480182656257
38.141	-4.2786	-2.7783	0.0427361321443278
36.231	-6.2373	-5.1256	-0.432723069842336
36.289	-2.5821	-5.4333	0.0945351798232782
37.38	-3.0814	-1.6637	-0.725837031389738
35.425	-1.3523	-5.359	-0.562962350954458
35.754	-8.7903	-3.0805	-0.229421476559988
36.588	-2.8971	-0.65573	-1.645
28.461	0.98628	0.17033	-1.59653748076561
36.185	-1.9151	-5.1717	1.17588793759744
36.577	-3.213	-5.146	-0.905701301108291
36.786	-8.3038	-2.0017	-1.027601932871
37.997	-4.8692	-1.9471	-0.795541928659759
37.103	-6.7509	-1.4273	-0.551442137424417
38.09	-4.6696	-3.7878	1.06278239721562
25.277	-1.3055	1.488	-0.615870868767739
36.099	-2.2894	-4.5739	-0.0400056839505423
31.698	-1.481	-6.3148	-0.824616579409777
37.265	-6.8089	-1.3866	0.0191297001796394
32.951	-2.1329	0.73755	-0.441862627073417
35.127	-9.5065	-3.6642	1.25095835348765
36.16	-6.4134	-0.87063	-0.828874165853199
37.729	-4.9993	-4.3855	1.49389508543577
32.13	-10.432	-3.3767	0.109458849182569
37.573	-3.3045	-2.1576	1.645
37.755	-3.5724	-3.9847	1.18626974096002
37.348	-6.6439	-1.5268	0.355360567040354
37.925	-7.2268	-2.1791	0.296364443214406
36.177	-1.8567	-5.0243	-0.447374806725471
37.795	-6.7263	-1.3088	1.645
31.65	0.84958	-1.5053	-0.32263928639319
36.07	-7.6448	-1.1824	-0.384469499681676
22.184	-12.39	-2.6067	-0.754646586182365
30.247	-10.532	-3.9948	1.06762585779285
37.393	-6.592	-1.4972	-0.039380397615517
37.554	-2.4907	-3.7862	0.433836540764293
37.201	-7.6178	-1.6684	0.631883643458374
30.283	-1.7556	-6.5862	-0.843501377027347
25.356	-12.145	-2.9767	-0.295907262581671
35.172	-5.0249	-0.59907	-0.928522326054237
37.305	-7.1596	-1.4898	0.408893950459952
35.947	-3.498	-4.6138	1.00463505144143
33.207	-10.28	-2.8261	-0.166238195931227
28.016	2.2856	-0.45016	0.0132195947471858
22.195	-0.52443	1.9394	-0.982153538822471
35.802	-9.2502	-3.1529	0.710439845401881
36.956	-7.4289	-1.0991	0.161408387761541
38.171	-4.4907	-2.327	-1.45728405646258
36.092	-7.0394	-3.7643	1.645
26.98	-11.301	-3.1408	1.645
35.669	-5.378	-5.4118	0.50671360142926
34.864	-0.4048	-2.0771	0.754159991930018
36.613	-7.0288	-0.34779	0.412383872985971
31.329	-9.8618	-4.0712	-0.675112255885354
36.769	-3.844	-5.1959	-1.12327333196393
30.827	-10.451	-4.0079	-1.645
37.061	-7.7577	-3.156	-1.36029748782072
34.483	-1.1037	-5.7561	-0.609345560737655
35.73	-7.9709	-0.66978	0.550780493808788
26.612	-11.577	-3.6266	1.53096078889025
36.745	-7.1831	-2.3689	-0.448139315952573
31.359	1.2267	-0.79001	-1.07689188036414
34.084	-5.1555	-0.37926	-0.621765418906307
38.29	-5.6387	-2.4153	-1.23302756245431
22.106	0.18732	1.8667	-0.818296898439502
35.735	-6.692	-0.29731	0.605050930713777
17.095	-12.321	-2.8753	0.617053053856018
36.501	-6.4825	-0.69156	0.281966076272094
26.577	2.4753	-0.54886	0.195829646384521
37.219	-2.0424	-2.5208	-0.742407786514547
36.172	-0.92643	-4.2247	-1.00306045592485
37.095	-4.2397	-4.9509	0.235621114796607
33.674	-1.1195	0.1615	1.34916937702334
36.517	-7.0275	-0.29672	-1.31748534994753
31.972	-10.291	-4.3015	1.645
37.138	-4.5323	-4.5154	0.680793114689379
32.883	-8.6579	-4.8132	-0.419751931661853
33.946	0.48495	-2.0193	-0.976405399960261
33.226	-8.1007	-3.0252	0.349792203712519
36.037	-8.4397	-2.6454	-0.790282164958443
32.196	-1.6907	0.61627	0.278008987122848
27.763	-0.19828	-6.7383	-0.89165094492027
36.339	-6.8364	-0.98471	-1.22416681584208
32.65	-0.74971	-6.2361	-1.15315677947254
36.261	-2.6379	-4.6789	-0.25501910048302
35.636	-9.2272	-3.3149	1.645
37.07	-2.1273	-3.4271	0.319271917648742
36.04	-8.1498	-3.5092	1.645
37.255	-6.7602	-0.97143	0.0471458268897664
33.652	-9.6058	-2.9365	-0.63799130506148
35.983	-8.1255	-2.4158	-0.0258662275262558
34.944	-8.9841	-4.1297	0.565387603171714
33.04	0.80558	-4.2231	-0.0194453785329953
37.059	-7.1464	-0.47755	-0.924389281713647
35.629	-9.285	-3.1762	0.308240732917571
37.101	-2.5892	-4.5559	0.460465228414986
33.365	0.518	-1.5642	-1.48314250168341
37.799	-3.4383	-3.9197	0.588699625100992
37.502	-6.2755	-1.1577	0.122283677376065
37.352	-7.3788	-1.6396	-0.866681840725722
34.537	-0.89781	-0.21511	-0.874886417227533
34.933	-9.2861	-1.8374	-0.390365825311745
34.882	-6.9392	-0.59267	0.875190702715637
28.051	-11.463	-3.9954	0.315111225956441
38.583	-5.346	-2.3082	0.139710454646971
35.765	-2.3939	-5.2168	-0.55965341361675
35.587	-2.51	-0.4416	-0.3186144027509
37.18	-7.2877	-2.0295	-0.00151417270255451
36.955	-6.6936	-0.62468	-0.385266533997126
33.145	0.72644	-3.0346	-0.822236794619328
36.358	-1.9963	-3.3979	-0.33483011330906
35.264	-7.1588	-0.50919	-0.0878009991427349
34.658	-0.62976	-5.3143	1.645
36.36	-2.2355	-0.98092	0.944970149627353
36.834	-7.6649	-2.6837	0.153391450171349
21.132	-1.0722	1.3773	-1.23105380445029
13.152	-11.939	-3.2046	1.645
36.426	-6.7145	-0.56541	-0.573167678829639
36.807	-6.8513	-1.4331	0.0728460441467133
36.444	-7.3508	-0.80357	-1.1241270675076
35.638	-1.1759	-3.9446	-0.526117455471922
27.737	-11.284	-3.2202	1.30073939245443
36.113	-7.5229	-1.1566	-0.748996754886629
34.689	-0.28268	-3.6521	-0.53102394170583
37.379	-3.6702	-0.92475	0.296995322102096
38.099	-4.1749	-2.0066	0.70180821325052
38.276	-3.9029	-2.2387	-0.490726470385009
35.502	-5.9782	-1.6541	-0.509164958284168
36.584	-6.9242	-0.77023	-0.526313014041353
35.672	-1.7917	-5.3377	-0.602636107975229
36.752	-3.5477	-2.6273	-0.638596133472793
34.205	-9.6351	-2.6179	-0.204841203479358
36.673	-7.7313	-1.7312	1.23380586548023
34.93	-7.4385	0.28604	-0.207152464131374
36.492	-7.1408	-1.0361	-0.654195766715426
37.788	-4.174	-1.7582	1.0376279641479
36.965	-3.0487	-1.9398	-0.851137299574459
38.23	-4.9132	-3.4835	-0.471452403378707
36.663	-3.1631	-0.3802	-0.398328470164703
33.099	0.055081	-5.2592	-0.0485019240346366
31.239	-10.563	-3.4322	1.645
35.881	-1.4853	-5.1216	-1.645
33.57	-8.7984	-2.8098	-0.678511618583339
37.128	-7.3755	-1.516	-0.22340178400927
33.552	-9.7298	-1.7604	-0.656999350672207
35.169	-9.4052	-2.0994	0.243012596042233
33.728	-7.5046	-4.2941	1.54683398882861
31.148	1.1191	-1.7657	-0.832304825556631
36.1	-5.7452	-0.9397	-0.843152691442583
14.2	-12.25	-2.7913	0.561684684148698
33.449	-0.70302	-0.86649	-0.0832852797047264
36.735	-2.0513	-4.5974	-1.21498750579963
37.97	-6.9158	-1.8538	0.550129416166028
37.271	-6.6982	-1.6293	-0.424542053849855
36.379	-3.7123	-1.4074	-0.857711251244027
24.282	-11.844	-3.4144	0.267173988141677
36.613	-3.0796	-0.94265	-0.461171722001581
35.771	-6.6465	-1.0204	-0.610894027379538
29.6	1.593	-1.8446	-0.612937711477014
37.883	-2.6633	-2.9858	0.795244870531381
31.258	-10.897	-3.3516	1.11498727694604
28.835	-0.9672	-6.622	0.0408249412934589
26.632	-11.363	-3.9523	1.645
34.045	-9.3825	-2.7884	1.06249110038692
36.668	-5.7643	-0.36006	0.0508359546310404
33.156	0.051677	-0.95287	-1.0098697963887
33.764	-0.71277	-5.7633	-0.0473887331301556
35.295	-7.3557	-2.6164	1.31681187118973
34.803	-7.3818	-0.18694	-0.428249265574581
34.462	-9.6263	-2.7398	0.737187729853453
35.186	-7.3743	-0.73991	-1.24026935869355
36.568	-6.7341	-0.43936	-0.854421887545589
37.311	-7.1319	-2.484	-0.183094915861348
24.603	3.0977	0.72789	-1.10435434982115
30.903	0.73487	-0.78254	-0.769481009119344
36.998	-6.8792	-0.55387	-0.464629728631721
33.493	-0.10664	-5.5756	-1.10168371994944
38.411	-5.9434	-2.5654	-0.31195746037446
23.875	-11.581	-3.7265	1.645
31.882	0.099737	0.85538	0.561147604702843
31.935	-9.6442	-3.1092	0.440964940107601
26.959	-11.641	-3.4896	-0.262797471144202
27.536	2.4938	-0.31686	1.645
37.244	-6.5933	-1.2809	0.426888078385512
29.127	1.8274	-0.60295	0.210881309563057
37.126	-1.7498	-4.0023	-0.692142093533285
37.964	-6.7002	-1.5893	0.0898505994384945
29.648	-0.84476	0.71673	-0.806012609908016
37.316	-6.1483	-0.43037	-0.611429756640547
37.077	-7.9142	-1.4075	-0.0930950396176051
33.288	-0.28058	-5.9272	-0.782128835523427
35.647	-8.0758	-4.3618	0.374293141638623
36.307	-7.1819	-0.72469	0.861538125239993
37.012	-7.3768	-2.6185	-0.255628577373936
29.6	-10.915	-3.8914	0.095028391037792
37.241	-3.7254	-1.2785	-0.971837827402562
36.381	-6.3235	-0.97449	-0.0485231855585783
38.228	-5.9979	-2.4075	-0.275315693295854
29.683	2.3099	-1.5653	-0.583834267609172
36.092	-3.3609	-0.37577	0.44619307742804
36.459	-2.2777	-4.9212	1.43840041334629
26.628	-11.465	-3.5706	1.01216176468581
37.597	-4.7139	-4.268	0.124158543158098
37.638	-2.9456	-1.7393	-0.73821910772085
36.825	-5.2081	-2.5948	-1.07614143142969
37.001	-3.1956	-1.9825	-0.916431338047512
35.376	-7.6203	-0.86273	-0.640291871987767
29.737	-10.997	-3.7093	1.4918612971016
36.646	-6.9621	-4.4572	0.167148731747923
35.599	-6.7579	-0.15719	-0.819017559186847
31.82	-1.1205	-6.6025	-0.73482157981846
36.406	-3.0178	-1.5552	-0.927800177905251
33.897	-9.3231	-3.4479	1.28216370705356
32.105	-1.7627	-0.10838	-0.703663969580745
36.277	-7.249	-0.71106	0.0109083959594367
36.737	-5.862	-0.77037	0.447386830114312
36.388	-6.8777	-0.40505	-0.497777483549744
37.261	-2.7718	-4.19	-1.12154929647126
31.621	1.471	-2.1952	-1.14424917805029
37.684	-3.9188	-3.9944	0.570146453373383
24.924	3.2424	0.63254	-0.962779944173501
35.866	-3.3966	-1.9231	0.33118045850485
27.767	2.2237	-0.43318	0.773622244865375
35.011	-9.3326	-3.6961	-0.00307801444560993
36.754	-3.0007	-4.6999	1.59306869569845
28.246	-11.364	-3.9274	1.645
28.058	-0.40419	-6.5521	0.161235156916089
36.427	-6.7942	-0.72939	-0.405297134783798
38.176	-3.9397	-2.3623	0.126844173893756
31.848	-10.514	-3.7276	-0.593850603791611
32.421	-9.9028	-3.8736	-1.01986867456578
37.445	-4.4388	-3.7318	-0.481331416904036
35.951	-1.7764	-5.2628	-1.645
35.052	-2.3438	-0.25459	0.16206695017235
37.046	-6.6266	-1.4054	-0.859517187938268
35.805	-0.27107	-3.7675	-0.8786752899192
37.018	-2.1404	-3.4635	-0.57485419892081
29.485	-11.04	-4.0291	1.645
34.963	-0.91573	-4.2992	0.510643445991731
35	-8.9277	-3.0689	-0.426305210017107
37.03	-6.9054	-0.89318	1.56511873245622
36.998	-6.6701	-0.68066	-0.904734568265188
28.959	-10.732	-3.9835	1.19758932692141
28.796	2.6423	-1.0447	0.863270854953387
35.607	-1.8209	-5.5017	-1.19211744640633
29.049	2.1374	-1.2587	0.368851436264789
36.564	-7.3469	-0.8169	-0.576846882648532
37.58	-5.6603	-2.0723	1.10425238063061
31.865	0.77388	-1.3397	-0.410374206695578
29.143	-1.0016	-6.5471	1.645
27.258	0.22043	-6.3336	0.612441087022265
35.159	-8.7272	-4.1003	-0.903678234457002
35.815	-7.8946	-0.37288	0.468377872277119
37.493	-3.1652	-4.0554	1.10125317776269
36.963	-3.5361	-2.5995	-0.980887357736518
37.393	-5.8686	-0.98026	-0.833639468866607
37.813	-3.2192	-2.0258	-0.149487823010704
37.005	-7.4155	-1.2923	0.162160161880345
36.678	-7.6703	-1.4146	1.37538064701264
36.409	-6.576	-1.957	0.0708678717543939
36.077	-2.6253	-4.9514	-0.0430788325297093
36.243	-3.5794	-0.21717	-0.309305338611971
36.026	-6.626	-0.1023	-0.783102544022179
36.241	-3.1487	-1.2023	-0.624028291627755
26.151	2.5267	-0.32816	-0.200083503796294
37.961	-4.5137	-3.6152	-1.06246893940911
34.751	-2.076	-4.7894	-0.377060267071742
35.408	-1.3801	-5.2085	1.645
31.983	-8.192	0.43924	-0.444923125595567
37.348	-4.3808	-3.4643	-0.582022741865337
25.224	-11.867	-3.7074	-0.367632202165621
29.185	-1.0694	-6.7569	-1.39176879527826
34.119	-1.5572	-3.3554	-0.693061517660493
35.665	-1.1446	-3.4708	1.645
37.853	-6.0901	-2.2477	0.567704275371239
36.103	-2.9022	-4.7952	-0.155510391397784
36.835	-3.5596	-0.94827	-0.212846262631396
36.17	-7.445	-0.85062	-0.757036826563309
26.906	2.3831	-0.26394	0.115235327318494
36.06	-7.5642	-0.4854	-0.553987081027654
37.14	-4.964	-4.1295	1.07313388170248
36.254	-2.536	-4.605	0.486101041952234
37.401	-2.788	-4.0256	-0.175224334590141
36.424	-7.281	-0.91605	-0.754704252802877
35.811	-7.1054	-0.26252	1.645
35.131	-7.9391	-1.5386	-0.173382647641455
36.196	-2.2167	-5.2777	0.484659362065175
35.143	-3.4181	-0.3143	-1.00320130230526
35.111	-2.7285	-5.6907	-0.00925594045236282
38.008	-3.2008	-3.5752	0.418606781229965
35.136	-0.6424	-1.0237	-0.846802691534942
35.689	-6.7757	-2.8578	1.645
29.713	-1.3836	0.57155	-0.0768595648052095
30.906	-10.083	-3.4443	-0.413291586920368
34.883	-4.4287	-1.5223	0.454946026471847
38.086	-4.8205	-3.8928	1.645
37.501	-3.63	-3.2459	-1.37318822991301
35.843	-6.6108	-1.5401	0.446800861950057
31.505	-10.677	-3.5357	0.0683939384269741
37.16	-6.6232	-0.7396	-0.765316124145121
36.42	-7.2465	-0.79641	0.0758429548704461
31.917	-9.7447	-4.6294	-0.251073121039468
37.031	-6.9763	-1.0374	-0.0763368067870246
38.265	-5.2641	-1.6418	0.432445124353473
37.023	-7.7618	-3.0738	-0.366028278548418
35.848	-8.0086	-0.74692	0.52189987521105
37.359	-3.4721	-4.3656	1.53698812894721
37.919	-4.1884	-3.3612	-0.363212522361735
31.151	-10.386	-3.707	-0.310973584884523
37.056	-2.086	-4.1943	-1.645
38.006	-4.5622	-1.6132	0.758107892776922
36.625	-3.1859	-5.035	-1.21608188473985
22.994	0.17768	1.5887	-0.491466110013735
37.974	-3.5713	-2.2629	-0.0994735554995597
35.991	-7.1105	-0.27884	-1.03119757326008
34.046	-7.7115	-0.99998	-1.1408202923958
28.049	-10.987	-4.007	0.704773254753138
24.626	2.8702	0.65734	0.682681956416154
35.883	-6.8386	-4.8344	1.3643601155467
36.537	-6.301	-1.1695	-0.657908846039817
36.684	-6.916	-0.54257	0.209815381994819
36.131	-6.7703	-0.6249	-0.370230810818077
36.721	-7.1728	-1.6014	-1.20237332181883
36.291	-3.2826	-5.4975	0.179680958937343
37.998	-6.5588	-1.1578	-0.694690078306201
37.407	-3.279	-1.2402	-0.44897475675694
34.719	-0.76652	-0.38087	0.0559333842912492
24.667	-11.97	-3.4268	0.0169504143460913
36.562	-7.8558	-2.4601	0.277155271373529
34.523	-6.4037	-5.2684	-1.6040543922642
36.344	-2.7243	-5.0541	-0.0351794675259385
28.704	-1.2358	0.73461	-0.802123518449752
35.112	-8.381	-1.5627	-0.748774142000906
36.561	-8.08	-2.507	0.944663799393982
29.101	1.8205	-1.2912	-0.312643554544716
35.878	-8.1252	-1.6888	0.430612062280007
33.057	0.84632	-2.7147	1.5928168702665
33.546	-0.34527	-5.445	-0.906533492937253
31.882	-0.57295	-5.8092	-0.811765027209865
24.91	-11.954	-3.5912	0.258261962855697
38.382	-5.4187	-2.2298	0.376792016666581
35.342	-0.84757	-4.9727	0.580336774471486
34.619	-5.6944	-5.4814	-0.062075636516923
36.436	-7.5013	-0.96146	1.645
37.02	-3.3083	-1.0167	0.547089335490514
34.806	-8.8901	-2.973	-0.449874984717019
34.347	-0.98887	-5.2431	-0.331215740392898
32.922	-10.36	-3.0592	-0.000609204472451604
37.436	-2.0099	-3.387	0.580138990433419
27.802	-0.52154	-6.6001	-0.632709147951323
36.324	-7.7981	-3.4379	-0.0216856933152027
33.436	-1.2899	-6.2745	-0.838498185232118
33.177	-9.7487	-2.9992	0.427516029905017
27.274	2.4161	-0.10539	0.554180370395744
25.93	-1.2025	0.87789	-1.0295038295457
36.272	-2.8487	-4.1937	-0.907358948990516
37.157	-2.2965	-4.1908	-0.519490175380053
30.682	1.0168	-1.2092	-0.789146506533143
34.541	-2.8555	-1.6681	-0.718969708749146
33.291	0.40457	-1.8331	-0.278292522192846
37.406	-4.0066	-3.9598	-0.282830994641615
24.997	-0.66669	1.1359	-0.702739129995884
36.12	-6.4143	-1.0835	-0.165134915549512
34.659	-1.9863	-5.9829	0.449768659928521
36.488	-7.3251	-2.3262	1.645
27.032	-11.414	-3.9168	-0.174229381803147
33.231	0.16905	-5.6528	1.43089125158264
35.542	-6.5946	-1.1652	0.316602531811308
36.53	-7.222	-1.5122	-1.0192242272709
35.769	-1.7993	-5.2612	-0.714515963693654
35.546	-8.9878	-2.0374	-0.704569845893648
36.791	-7.3313	-1.4707	-1.21277623173779
29.891	1.399	-0.59674	-0.557007106563935
35.835	-5.3318	-5.5868	0.0641825382152085
28.257	-0.68969	-6.8239	-0.899687305767053
37.377	-6.8635	-1.8859	-0.243172930185156
27.464	-11.751	-2.8039	-0.845044068351039
28.168	-0.41404	-6.7192	-0.297272870771259
37.75	-4.869	-1.3026	-0.641622278180456
35.944	-7.7459	-1.3209	-1.50829188510136
38.082	-5.3314	-2.1137	-0.73669261802909
33.007	0.29962	-0.29684	0.137439379464855
38.541	-5.8464	-3.3132	-1.02664740846914
36.802	-7.1285	-0.91854	0.897980448832216
37.28	-2.8613	-4.4514	-1.11667038149137
27.788	-0.7983	-6.5807	1.645
29.504	-10.993	-3.853	-0.543606299525335
30.43	-10.246	-3.9492	0.136789800195815
35.675	-7.1694	-0.86933	-0.649542818822102
37.326	-5.6839	-4.4112	-0.413684868427298
36.829	-3.054	-4.6771	-0.680952286585203
37.127	-7.6054	-3.972	-1.19077445354905
32.465	0.75286	-1.4389	-0.551206070069176
33.046	-8.5364	-0.65937	-0.961763099699018
32.73	-10.178	-2.8586	-0.308357090309398
34.579	-9.3204	-3.3467	0.174080182024067
33.708	-1.6614	0.33322	-0.0276917626138563
37.264	-6.7331	-1.3042	0.436362735682612
33.378	-9.128	-3.986	-0.326421553141534
36.682	-6.2436	-0.22291	0.312768639981351
30.821	-10.162	-3.2975	0.728253111634154
36.51	-8.369	-3.6788	-0.888506723969799
24.884	-12.03	-3.7199	0.322011948907061
35.633	-2.7754	-0.42644	0.274395240926456
36.718	-6.6751	-0.98773	0.577798317065537
35.556	-2.9167	-0.96308	-0.910818344747017
27.416	-11.642	-3.608	-0.163902003155314
35.042	-7.5012	-4.9165	0.376065527925564
37.034	-2.7736	-2.7544	1.35236993277907
37.879	-3.3745	-3.9897	-0.694267394016726
28.693	1.9418	-0.84665	-1.02010344181224
36.863	-4.6665	-0.57369	1.645
37.196	-2.9731	-1.8959	1.645
28.874	-11.12	-4.0281	0.878191920369748
37.449	-6.7361	-1.3597	1.645
35.503	-6.2815	0.51715	1.24046854252973
24.869	-11.715	-3.337	0.10796314063356
37.136	-6.9179	-0.88602	0.496232564971149
37.548	-3.7864	-2.5541	-0.493244774555349
36.034	-7.4432	-0.97491	-0.751415890405786
37.937	-4.7004	-4.0766	1.645
35.013	-1.0942	-0.74452	-0.822522247834428
37.172	-5.7699	-2.3884	0.757960062431558
37.69	-2.9721	-2.3396	0.543490349841968
36.99	-7.0988	-1.0916	-0.575336100589658
32.325	-6.7771	-5.2843	1.645
36.596	-8.2474	-2.108	0.736783773578859
34.624	-9.1756	-3.8766	1.645
36.626	-3.6918	-0.73483	-1.38399226693833
36.301	-7.5684	-2.2311	0.893740303416421
35.615	-2.2489	-4.7724	-0.62545717056872
37.742	-5.3859	-2.9074	0.482860766018148
36.329	-1.779	-4.8389	0.841797500326434
33.853	-7.9412	-4.2012	-0.644530282017513
36.495	-7.6701	-0.95526	-0.0270965141003654
32.664	-10.854	-2.59	-0.660872200617358
34.45	-0.82641	-5.3395	0.575771590450705
31.683	-1.2044	1.0754	-1.22061327307817
36.139	-7.2369	-0.64364	0.322691022225622
37.14	-3.0531	-2.5682	0.281867180684782
37.645	-3.0373	-2.7639	-0.298714302671085
33.42	-1.847	-0.09335	-1.09043516641915
25.808	2.4843	0.20229	-1.32156207906933
36.558	-3.477	-0.7264	-0.692570574390031
37.076	-2.1343	-2.4981	-0.871806110987084
37.295	-3.7665	-1.2328	-1.18169327234025
36.868	-7.3659	-3.4925	1.18650512150352
25.14	-11.017	-4.1427	-0.516298118152228
37.662	-2.5526	-3.9957	-1.09886198287885
37.251	-3.3098	-4.4526	-1.645
38.169	-4.0381	-2.3338	-0.475900194351679
32.388	-10.109	-3.1943	-0.772867470927284
34.469	-3.1586	0.16337	-1.3188708607683
36.915	-7.9132	-1.4713	0.313966922886504
28.759	-11.084	-4.2342	-0.00216977626364209
29.454	-1.0348	-6.7118	-0.435059674574861
36.981	-6.4968	-1.3048	-1.05320422647029
23.9	3.4724	0.17699	0.177202040772875
36.503	-3.0435	-4.7703	-0.547414393386174
31.809	-9.8667	-4.0254	0.502354710558478
36.414	-2.6558	-5.1461	0.0383443207827586
37.586	-5.8647	-1.1041	0.740648812142549
35.487	-7.1229	-0.32773	-1.15952706812364
27.695	2.5926	-0.75992	-0.430700492029886
36.496	-7.1131	-0.84695	-0.772180854534086
36.57	-1.9504	-4.6956	0.0757217889829385
37.89	-3.3009	-2.8666	-0.0286706386664216
35.773	-3.3263	-5.1052	-0.454620241767509
36.89	-5.1349	-4.9182	0.387242299740654
36.339	-7.668	-3.0652	-0.638327287608907
37.425	-4.7946	-3.5831	0.413107625762669
36.89	-7.2192	-1.1222	0.0015287907765542
36.973	-4.4217	-0.99545	0.00962347748221115
18.117	-12.427	-2.7497	-0.286325133074819
28.914	1.9943	-0.15523	-0.784679115704088
35.884	-6.3224	-0.51641	-0.65604986513936
22.895	-11.764	-3.655	-0.727878596214262
29.674	1.9213	-1.1953	-1.645
34.349	-1.3018	-5.8695	0.381875027764956
33.373	-6.1595	-5.613	-0.584593338557235
36.107	-8.3833	-3.8955	-0.271017317728434
33.708	-6.1344	-5.2625	-0.447881802260255
25.941	-0.49807	1.7601	0.749403275766501
24.148	-11.976	-3.5319	1.53201296196284
35.762	-2.4738	-4.9674	-1.29537489815544
34.387	-0.70831	-5.5504	-0.841133407303936
37.663	-3.1052	-2.6371	-0.562267885994481
37.474	-3.0541	-2.0965	-0.810580049246802
33.383	-10.034	-3.4276	-0.860057469345445
28.812	1.5111	-0.18542	0.193996755111771
36.922	-5.6457	-4.9601	0.671869468509792
37.488	-6.6095	-1.1444	-1.08703493684041
28.073	-11.668	-3.1194	-0.888112749592159
36.91	-3.242	-1.1441	-0.737782978338256
36.175	-7.537	-1.5303	-0.297453456433136
36.358	-0.97953	-2.8211	-0.094459188050053
36.017	-3.9337	-0.15164	-0.288373205922056
38.576	-4.8825	-2.3728	-0.94343534416716
37.872	-5.7018	-1.026	-0.176747770925488
36.697	-2.4607	-4.6981	0.45301567752928
36.349	-7.9935	-1.5244	-0.615310826713584
37.175	-3.326	-4.0231	-1.00682407156967
36.928	-3.1836	-4.6119	-0.972856259155309
37.756	-7.1614	-3.4233	0.404679620822557
37.301	-2.9975	-4.1287	0.255453858970134
30.193	1.1488	-0.66419	-0.476635503651886
28.46	2.2846	-2.1237	-0.797447670816591
24.401	-1.0807	0.94528	-1.00583689796787
27.402	2.3625	-0.79184	-1.34621320725813
37.872	-6.6212	-3.506	1.645
29.53	-11.489	-3.1516	-0.809352953822193
27.857	-1.7479	0.28644	0.965247270018559
35.484	-8.9282	-1.9391	-0.94076756628493
27.673	-11.413	-4.0307	-0.0835889981524416
36.204	-0.51726	-2.602	-0.818092072907717
28.13	-0.42296	-6.6429	1.09624522443625
29.047	-11.285	-3.5116	0.530290549354367
37.948	-3.335	-3.8358	0.102788890216952
36.671	-6.1766	-4.2952	0.271330480915196
36.841	-6.0594	-5.141	-0.364942424321702
36.965	-4.6772	-4.0313	0.671053242087253
36.056	-7.7506	-4.4819	-0.876248167537863
33.524	-0.99915	-6.1235	0.221210826718608
35.209	-2.4738	-5.3197	0.430646146595428
27.447	-11.476	-3.9333	0.680215474826492
36.676	-4.9225	-0.54227	0.250119105545028
36.187	-1.3059	-1.2429	0.631381984987641
29.373	-1.8565	0.38733	-0.921315440341007
29.141	-10.738	-4.3405	0.444332914814314
37.819	-3.8939	-4.081	0.794805756992152
35.461	-6.7856	0.21	-0.683432898003559
33.537	-8.6364	-4.1537	-0.512589515934911
35.576	-2.7145	-1.1661	-0.0239174830324281
36.729	-7.5145	-3.1312	-0.180032376737459
36.088	-6.6977	-0.52185	0.283501067499692
32.739	0.91199	-2.6954	-0.0767155150040843
37.836	-4.3579	-3.3202	-0.594594342605655
36.018	-6.3323	-1.1371	-0.134470869041843
37.469	-3.0494	-4.2007	0.762061857526175
35.606	-2.0846	-5.5897	-1.1004937351675
35.933	-6.8829	-0.44488	0.268687186388136
35.493	-9.2462	-3.3582	1.4414769085057
37.53	-4.251	-3.1865	-0.651776009943464
30.092	-11.065	-3.1338	0.521632112306414
32.99	-8.9546	-0.21807	-0.603863486188132
37.519	-7.3869	-2.6661	-0.966097169292561
37.079	-6.2808	-0.77346	0.276861500762063
36.022	-6.828	-0.57731	-0.839866232496247
37.918	-7.0786	-3.0856	-1.44572986883042
28.343	-11.733	-3.5872	1.19269329737285
37.494	-5.8069	-1.0089	-0.516896566834417
34.273	-0.69818	-5.6839	1.645
26.188	-1.2389	0.73822	-1.17311627448209
29.477	-10.678	-4.2809	-1.00989110561942
29.977	-11.456	-3.3584	-1.16154766104816
36.939	-3.7073	-4.6069	1.645
37.59	-3.4846	-3.6459	1.21014868345333
28.11	-1.8263	0.47221	-0.250916182749458
35.99	-2.0913	-5.2288	0.499859863272323
31.074	0.26967	-6.3372	-1.09884131943054
37.27	-6.4269	-1.0324	1.645
34.091	-7.9047	-4.067	-0.940781617911146
36.52	-7.3394	-3.0192	-0.323578914081407
37.4	-6.6576	-3.761	1.4929818416588
29.113	-0.98121	-6.9442	-0.153238981264248
37.029	-4.7412	-3.0954	0.564904318906597
33.037	0.75239	-2.4438	0.442152092724645
22.655	-11.631	-3.7513	-0.0640600797967043
37.766	-3.2181	-1.9562	-1.04425076966317
37.838	-3.7151	-3.567	-1.35206195250938
37.285	-3.4399	-4.4883	-0.46133763501652
27.184	-1.4529	0.40133	-0.483043138164613
38.26	-5.4613	-2.6107	1.645
35.989	-1.6761	-5.1643	-0.570933211151632
37.247	-5.6924	-4.4819	-0.370698986159466
34.351	-9.3416	-4.3517	0.692756736846066
32.942	-10.187	-3.8424	0.578393533687624
36.258	-3.1272	-2.1291	0.22844016481297
37.522	-6.8014	-1.605	-1.00536298302179
34.875	-7.5634	-0.67985	0.0108283218104927
36.805	-6.8704	-0.46855	-0.972667376041831
36.438	-5.6209	-1.0791	1.645
36.039	-7.5015	-0.37316	-0.211161497408404
35.992	-6.343	-0.027214	0.735862899733653
38.018	-4.0021	-3.4175	-0.428419727390729
36.085	-8.2433	-1.0166	0.6314626930106
38.197	-3.1683	-2.8039	0.307326106290646
37.221	-6.2661	-0.70586	0.837454423874238
24.495	-0.80438	1.506	-0.871530392632681
19.894	-12.408	-3.0023	1.645
32.857	-1.747	1.0811	-0.517877739179614
38.182	-4.7359	-4.0348	0.832674039667997
32.564	-8.7826	-4.3392	-0.4712764092462
33.424	-10.297	-2.9498	0.893531093838648
37.001	-1.8216	-3.9956	-0.399606578923545
32.612	-9.982	-3.3678	0.339123840886857
26.104	2.9775	0.38525	0.0802599142823818
35.856	-6.2175	-4.9262	-0.738064701319122
34.29	-0.70505	-5.4116	-0.554076426502901
35.119	-8.7121	-3.9509	-0.815553733583098
32.294	1.3388	-1.5872	-0.599445310191014
26.933	2.2884	0.38868	-1.01248396599747
27.989	0.13398	0.8053	-0.683420789848378
37.348	-6.549	-3.1685	-0.164029005992136
34.481	-0.83471	-4.8208	1.3982587844121
36.976	-6.7599	-1.9741	-0.69751173352361
36.879	-7.3031	-1.1171	0.0984319801036844
37.988	-3.183	-3.7179	-0.0106607544127946
37.929	-6.679	-1.6821	-0.232308031463593
35.328	-8.9384	-1.7754	-0.731446046819384
34.271	-9.6149	-3.6763	0.930857063823542
33.023	-9.9253	-4.2566	0.52505981958831
36.927	-6.6277	-0.54409	-0.978700460606802
37.587	-7.0356	-2.9008	0.404946974632619
36.719	-7.5573	-3.667	0.39374031502309
37.13	-6.6506	-0.87502	-0.416724606944247
33.331	-10.091	-3.2853	1.31389166580369
36.513	-6.807	-1.1852	-0.108002560922759
28.452	-0.64826	-6.6807	0.179062294348074
35.608	-8.7425	-3.6319	-1.01253839833588
36.084	-6.9266	-1.1155	-0.774481002373608
34.803	-1.1978	-5.5854	-0.792966985049863
30.623	-10.628	-2.3359	-1.34642425085957
34.746	-0.83355	-5.3832	-1.55236981787533
37.674	-6.0117	-3.9316	-0.547712431358589
35.239	-7.2057	-0.80222	1.645
30.909	-10.532	-3.6165	0.646795895067311
34.081	-0.19025	-0.19369	-0.650287000379691
36.16	-6.2388	-4.6065	-0.452146590661101
34.061	-9.7107	-2.6267	-0.636989667121962
28.401	-0.6673	-6.6758	-0.0697226765759147
34.108	-1.3907	0.43458	-0.8331053658597
36.911	-4.0324	-0.88935	-0.783823612999333
36.133	-7.4211	-1.9201	0.991493628370294
35.653	-7.9359	-0.91161	-0.310021140015133
27.563	-1.7829	0.9933	-0.473653222377395
35.686	-6.1698	-4.8122	-0.832133358677259
35.599	-6.05	-5.0311	-0.387795352912363
33.647	-9.5361	-2.9473	-1.645
37.439	-7.1052	-1.3532	0.406865332053821
23.069	-0.86413	1.3787	-0.398813018617382
37.717	-5.9636	-3.8253	1.18853847033826
37.26	-1.8777	-3.7953	1.645
37.331	-2.3602	-3.1346	0.633262436547438
29.747	1.7848	-0.64182	-0.0426716352617877
31.26	-1.5383	-6.2118	1.1220259673985
28.79	-0.60836	-6.4231	0.312283909024596
28.577	-1.9917	0.59004	0.685251367664392
36.944	-6.5048	0.15745	0.372423844715216
27.399	1.8644	0.060854	-1.13482986886912
34.571	-8.8569	-2.5749	-0.0381393378848674
37.024	-6.2246	-3.3113	-0.332886958019104
37.905	-5.2701	-3.6581	0.718141206118215
37.467	-3.1874	-2.2578	-0.301607440146223
35.937	-7.7764	-1.2843	-0.649698697185128
37.269	-6.4643	-1.3187	-0.570134634705829
35.22	-2.8647	-5.4605	-0.684870761627284
36.327	-3.639	-5.216	-0.183230505962005
37.298	-5.8161	-0.65225	-0.20220443630196
37.658	-4.6228	-3.5033	-0.15029699350778
33.532	-9.5404	-3.8361	0.25177796082981
38.11	-4.4154	-1.7878	-0.898844207819288
33.965	0.34185	-2.8306	1.645
18.681	-11.853	-3.5342	1.07235482916512
37.578	-6.9156	-1.9975	-0.99427737609662
22.178	3.5218	0.97528	-0.755968447002707
34.324	-1.491	-0.028499	0.737911357215495
27.877	-10.224	-4.2064	-0.840866390683231
35.796	-7.3764	-0.93857	-0.126403075491377
36.21	-7.1793	-0.91817	0.010672675717251
33.756	0.78472	-3.7174	-0.279482564858174
34.832	-1.3266	-5.3939	0.940100787173403
36.693	-6.5135	-1.0092	-0.317804656367293
37.262	-3.681	-4.3805	-1.32859193011
37.664	-2.5775	-2.7475	1.645
33.114	-0.44001	-5.9828	-0.0424411203221228
35.83	-8.0329	-0.94709	1.645
37.168	-2.8936	-4.4433	-0.104625012458281
37.252	-3.2123	-4.5515	-0.868814966910559
37.485	-6.3438	-1.5371	-0.603666379705879
36.79	-1.1179	-1.9369	1.645
36.986	-3.4192	-4.8641	0.604826679085124
28.187	-2.0153	0.64751	-0.586861879003217
36.115	-2.5821	-0.79798	-1.14899146361453
32.441	-8.4786	-4.6004	-0.586639776612893
32.516	-10.186	-4.2238	0.582791984663192
34.865	-8.7229	-3.4379	-0.481373050865716
37.744	-4.8284	-2.8158	0.483247043995529
36.311	-6.2684	-0.71261	-1.07803834581409
37.547	-3.1049	-3.4645	-1.51704311303799
38.079	-6.2421	-1.3115	-1.31371524685274
37.974	-3.6555	-3.1281	-0.725873743499357
28.696	-0.68077	-6.8741	-0.134417389840122
30.852	1.7849	-1.8279	1.25268448755926
34.821	-6.2335	-5.3327	0.24702274113141
14.631	-11.506	-3.6427	1.645
34.669	-0.46744	-3.1166	0.531664192339955
37.859	-5.8203	-2.0456	1.45287748574929
36.787	-5.5935	-0.20183	-1.00278090254843
36.693	-3.4679	-1.3316	-0.228293941680788
24.838	-11.328	-3.8629	0.10129511058947
35.763	-0.51963	-3.4807	1.645
35.201	-6.4466	-4.6978	0.589970600299904
32.044	-10.644	-3.7583	0.775171153779185
36.194	-6.8002	-1.6144	0.89425875606851
36.007	-6.7848	-4.2244	0.0891038847839918
35.927	-7.6408	-0.39627	1.46172350179544
35.868	-8.013	-3.1225	0.930323191218185
36.808	-7.1617	-1.0805	-0.667914652908368
36.946	-7.765	-1.2246	0.818935591729477
36.325	-6.6188	-4.8643	0.397316439078075
35.549	-6.4596	-0.15332	-0.295934990571001
30.435	-2.0178	-5.0573	0.402424754841677
36.901	-2.8551	-4.7309	-0.00290147103383179
37.149	-6.3657	-1.3475	-1.01851396504839
36.787	-3.2912	-4.7881	-1.19462756683803
37.496	-2.7345	-3.0657	-0.782237127292501
32.833	-9.925	-3.8629	1.645
37.75	-6.5893	-1.4592	1.645
36.038	-0.75241	-2.4819	-1.22949821835443
28.133	-11.456	-3.6026	-0.201302802578849
30.447	1.4981	0.012136	1.03109717206856
37.759	-5.8941	-2.4694	-0.558612864293334
36.523	-6.9224	-0.55317	-1.31701651087903
37.667	-3.3869	-1.5302	0.889838896010289
35.259	-0.56743	-3.8436	-0.450307719882958
21.996	-12.117	-3.2949	1.0118222999714
36.696	-3.7296	-4.7045	-0.698760398219595
36.844	-2.8627	-4.1771	0.661227542627858
35.141	-7.3093	-1.8385	0.224062914560139
37.236	-5.8353	-2.0778	0.490379059450362
27.895	2.1727	-0.70999	-0.460543312352563
35.937	-7.577	-0.66075	0.758144517973002
36.415	-3.3798	-0.64911	0.096342829909422
37.914	-4.9455	-1.6546	-0.616973677676515
37.81	-6.0972	-2.6215	-0.219359143249751
36.059	-6.6724	0.099282	-0.354852366583185
33.831	-0.82131	-5.9073	-0.869096573082889
37.488	-4.8809	-1.9614	-1.11666808820445
34.309	-1.5814	-3.0886	-0.486902697790699
16.546	-12.122	-3.0507	1.645
26.475	2.8001	-0.13414	-0.559285243301311
36.584	-3.2355	-4.7375	0.116734779033773
36.968	-3.0594	-1.5917	0.267738992837193
36.022	-5.6927	-0.69924	-0.704437471185866
22.905	-1.2773	1.3333	-0.630668296066849
36.937	-6.6664	-1.0888	-1.11878870926497
38.435	-6.2835	-2.839	0.752625768518561
35.405	-0.70375	-4.8046	0.276334496416341
36.121	-2.9466	-5.1363	1.645
36.896	-1.6696	-2.1151	-0.230337795339985
27.474	-0.29098	-6.7196	-0.717970042677765
34.672	-9.018	-2.7887	0.0233458057190555
36.78	-7.3321	-1.024	-0.156085748942425
31.309	1.3203	-2.1248	-1.10325855169374
34.816	-1.9829	-0.24815	-0.340398542165135
31.034	2.13	-1.503	0.0139800171212006
38.1	-4.3733	-2.6288	-0.621964043508337
33.506	-8.587	-3.743	-0.646061527154571
36.038	-5.389	-5.311	-0.432574778161639
34.702	-1.6396	-3.8829	-0.312687077788669
32.373	0.99622	-2.1654	-0.372747133553991
35.958	-2.3821	-5.0615	0.205317754295289
37.447	-2.7711	-3.2962	-0.495425672945258
34.224	-1.4421	-5.2872	0.144310465032286
25.823	2.7506	-0.30933	-0.885403983799219
36.853	-6.3522	-2.1496	-0.635590717397936
34.92	-2.181	-0.95545	1.24622689382505
31.384	-10.126	-3.673	0.2105577808
36.331	-7.1059	-0.41523	1.31635533456195
29.704	-11.031	-4.1478	-0.439890673792751
35.609	-7.1077	-0.68315	-1.00704673793986
35.818	-1.2328	-4.9674	1.08447340359951
35.623	-7.3392	-1.1323	1.54386949836564
32.987	0.16537	-5.4076	-0.449743242976067
36.38	-3.1166	-4.3906	-0.439800730536993
36.763	-2.5223	-2.4664	0.103611000215084
30.806	-9.287	-3.5933	1.54511159701872
31.819	0.77723	-1.5751	0.440801155411103
34.867	-2.1455	-5.957	-0.253152540584341
36.432	-2.9785	-1.8557	-0.938807427500257
37.33	-2.1802	-2.9054	1.48816640589058
35.886	-6.8034	-0.66589	0.918534327349058
34.169	-2.2291	-0.29475	-0.691573524683198
27.676	-0.63697	-6.9622	1.0920315728569
36.642	-7.6993	-2.0698	0.670523803609111
36.441	-7.3309	-1.0821	-0.102086535731649
36.404	-0.77396	-3.045	0.0238748872235767
32.197	1.205	-4.1368	-0.454794393551182
33.119	-10.31	-2.9906	-0.466100667702207
37.344	-5.4244	-3.918	1.42561046908291
30.026	1.6761	-1.1057	0.430313318994707
37.878	-4.0903	-2.2179	0.195874275652837
37.108	-2.6266	-1.3105	0.753888620182378
36.482	-1.3979	-3.6565	-0.858234329164718
31.452	-9.1478	-3.2273	-0.650058920440437
35.595	-7.1083	-1.4836	-0.574317581586216
37.93	-4.6532	-1.5629	-0.512555642561905
28.339	-11.288	-3.7747	-0.300149718320386
34.572	-0.91389	-5.3163	-0.779112405521232
27.025	-1.1452	0.8769	0.424653823421723
34.079	-9.9018	-3.0968	-0.528146996199384
35.222	-7.552	-0.12993	1.645
37.707	-3.9647	-4.055	0.358220692850507
37.055	-7.808	-1.365	-0.48448474146147
37.028	-8.0319	-2.3737	0.547866263147843
37.484	-2.9589	-2.2054	1.58277331939296
36.636	-1.8449	-4.6217	0.531011882706493
24.255	-1.0753	1.209	-0.322449874660409
37.908	-5.4849	-2.8675	-0.428510377679043
28.144	-11.285	-3.6351	0.00275256506563413
36.304	-3.0943	-4.7781	1.59699749281358
36.383	-6.8969	0.11651	-0.00191423217811451
36.032	-2.4254	-5.2954	-0.607070814077411
37.693	-6.9362	-2.1968	1.38889839680107
35.196	-7.2738	-0.20346	-0.766723331107074
36.191	-1.9754	-1.1911	0.267019950652154
35.949	-7.0988	0.036498	0.79754496234765
32.924	-0.29634	0.38633	0.215161110610795
36.636	-8.1869	-3.6598	0.829476777522159
35.702	-1.5553	-5.3066	-0.992436513887938
37.827	-3.3669	-2.5679	-0.677881821647572
34.952	-6.4194	-5.1862	0.30331044789441
25.703	0.22142	-6.7138	1.14301103719267
37.718	-6.805	-2.3753	1.5012966751631
20.57	-11.951	-3.571	1.14307865591906
33.204	0.41913	-3.6203	-0.704913718721788
36.349	-7.4662	-1.0629	-0.471296869697246
32.301	0.83282	-1.4899	-0.10487750590613
36.889	-6.3605	-0.64418	0.47818082646819
37.364	-6.6113	-2.4395	-0.919961735364183
36.557	-6.012	0.058335	-0.602405995122677
34.899	-8.9036	-2.1978	-0.525924767528026
34.392	-0.67005	-5.3893	0.546544081602644
36.058	-0.71232	-3.8443	1.645
35.914	-2.1429	-5.1293	1.07601253223119
38.175	-6.4615	-2.3743	1.645
37.269	-6.594	-4.1428	-0.341995323028228
36.296	-3.9297	-1.4904	-0.262697162685846
34.929	-9.3154	-3.3453	-0.294884978700697
33.624	-9.7678	-3.2114	-1.05016547695885
35.452	-7.5059	-1.1164	-0.904501157699033
36.034	-7.7111	-0.66814	-0.405137378156309
37.161	-2.9571	-4.3767	-0.469506454387813
35.801	-6.039	-0.10692	-0.770932088541548
38.018	-6.5426	-1.8973	0.676046051766756
37.065	-2.8718	-1.9238	1.30885504718345
37.741	-3.5231	-1.6764	-0.676447677522393
36.429	-1.94	-1.5444	-1.0458935546881
38.124	-5.9004	-1.833	1.645
37.088	-2.7651	-4.3048	-1.36938491649028
37.718	-6.2576	-0.89144	-0.191072655510092
32.946	-10.118	-3.8613	-0.75693542038889
38.042	-4.4673	-2.5642	1.2775275516485
35.311	-1.2939	-5.3454	-0.301169406906444
36.716	-1.7406	-3.0904	-1.22425071536152
37.657	-5.2865	-0.77623	-1.13365467466516
28.415	-1.9853	0.6287	0.534819499060277
35.913	-2.1991	-5.1813	0.131189961760543
37.832	-5.746	-1.2789	0.0244049881331829
37.809	-7.1081	-3.5919	0.0925875820799516
37.022	-7.8526	-1.9066	-0.715901735228127
35.963	-2.9456	-4.6888	-0.808286282928188
29.139	-10.899	-4.2139	-0.737049686473439
38.328	-5.5245	-1.6957	-1.21381933934002
35.913	-3.5353	-0.26692	0.360232294707541
36.624	-2.5872	-4.7152	-0.231614826427314
35.732	-7.4659	-0.892	-0.316670507461719
37.405	-2.8884	-4.2719	0.2992545872481
27.224	-11.557	-2.9923	-0.0260194664582739
34.219	-0.7002	-5.219	0.738922750088591
36.409	-6.4671	-0.54685	0.117977039529933
29.133	0.029435	-6.8166	0.615346219381719
34.285	-0.88002	-5.7289	0.366682488617577
35.879	-1.4706	-5.0897	-0.102582025375388
33.331	-0.8698	-4.6621	-0.825692984053062
28.562	-11.373	-3.9338	-0.789573594952611
34.954	-8.59	-1.2637	1.23815736168957
12.655	-12.024	-3.1062	-0.0458987236053327
33.259	-0.86748	-5.1327	0.256665028852603
38.313	-5.8634	-3.2643	-1.15479085735282
36.875	-2.9204	-4.2667	-0.129419218080291
36.875	-6.5702	-0.73131	0.372987599041555
32.785	0.6827	-1.7577	-0.230237645019411
36.807	-2.7145	-1.7884	-0.950250759532408
36.197	-2.5887	-0.88178	-0.604308263662589
37.29	-3.1505	-4.2486	-0.959920918768005
33.099	0.48603	-1.4884	0.30809441697946
34.092	-8.9227	-4.1576	1.645
37.012	-7.5666	-2.4787	-0.0429272525954156
36.947	-6.3535	-1.4057	-0.149171597327319
24.144	-11.871	-4.1725	-0.572984632755994
37.294	-5.8666	-0.45628	1.645
38.453	-6.2205	-2.5167	-1.00564752257442
38.205	-3.7763	-2.7418	-0.661717384288713
29.42	-11.225	-3.3753	-0.844250681595071
37.148	-5.3387	-0.68234	-1.645
26.075	-11.349	-3.6326	1.645
34.237	-0.72906	-5.5845	-0.897362503290808
35.409	-7.9537	-0.78786	-0.547869473201143
36.261	-5.9674	-0.39885	-0.578249437537457
35.769	-1.1302	-4.9338	0.432595648778437
34.05	-7.3166	-5.0561	-0.545640218842517
33.716	-7.4941	-2.944	1.645
36.741	-6.3389	-1.159	0.594473602894233
36.513	-7.4862	-2.793	-0.307932884186843
36.212	-4.2356	-0.11937	-1.15863715393119
30.542	1.6715	-0.25718	0.298439496447038
37.523	-5.7548	-4.5898	-0.465938524387406
28.667	1.635	-0.37636	0.178108522914664
37.356	-5.2576	-1.0494	-0.199450746128809
36.478	-7.7756	-0.57777	-0.758164356799607
37.883	-3.842	-3.38	0.845103532542839
35.131	-9.2436	-3.3567	-0.423623473484919
37.587	-5.2175	-1.004	1.645
36.221	-2.9564	-0.61513	0.855435304078744
38.637	-6.5948	-1.8103	0.493156295161895
36.956	-3.2025	-4.4751	1.645
29.985	-11.016	-3.6217	-0.552165974934617
31.672	-6.1599	-5.747	-1.0732897752943
36.491	-1.3732	-4.2775	-0.217693176885711
37.131	-4.5617	-0.87893	-0.778354517770908
31.827	0.24387	-1.1057	0.768939199309524
36.602	-7.2462	-0.74841	-0.834931195120963
35.527	-1.6899	-5.4983	-1.47530857755654
28.143	-0.79826	-6.7107	-0.404892679349954
36.361	-7.4636	-0.51885	1.08154519895468
36.981	-6.59	-0.49138	-0.46284538620033
37.82	-7.0502	-1.9993	-1.10242121926075
36.574	-8.6753	-3.4189	1.645
37.993	-6.6047	-0.58157	-0.744687906791011
36.619	-3.3442	-5.008	1.06592456190799
37.163	-4.0055	-1.8496	-0.461017976651464
27.841	-0.46924	-6.7153	-1.15075949996512
33.362	0.38835	-1.7634	0.383101454909891
38.275	-5.2304	-2.3682	-0.19346155058698
36.744	-6.6862	-0.47204	0.180197090330174
29.038	-11.463	-3.3336	0.815866608781692
32	-9.0904	-4.758	1.645
34.952	-1.4921	-5.7799	0.375507391053284
35.586	-6.7863	-0.30952	-0.625954290769297
29.473	-2.0004	1.2233	1.02777270997068
36.946	-7.1431	-0.98937	0.333499265607129
35.2	-1.6433	-5.5416	-0.744683823493028
38.265	-6.0586	-2.7998	-0.381083356129581
33.966	-0.18969	-0.95979	-0.795838703405115
37.105	-2.5879	-1.2599	1.09931248614156
37.342	-6.7824	-1.0638	-1.20881069106897
36.545	-7.0306	-0.54223	1.47052727172608
35.679	-7.0002	-1.2115	-0.417179861027639
35.984	-1.9774	-4.2136	-0.982112190535757
35.308	-9.5027	-2.4343	-0.289994185843793
33.845	-9.7813	-3.7695	-0.621613187821434
33.349	-0.35116	-2.0425	-0.682880053331943
27.568	-0.41487	-6.818	-0.398934373579052
33.366	-9.9976	-3.4617	0.305544499284738
19.483	-12.108	-3.7965	0.90680630821797
37.162	-5.5491	-4.7764	0.449917776680228
35.769	-6.9619	-0.47515	-0.380410893101203
35.88	-8.2388	-4.4135	0.879243184485368
35.04	-7.5716	-1.0808	1.645
35.22	-1.6653	-1.0212	0.75686024303602
36.935	-5.5179	-1.3782	-0.765993273283323
35.664	-1.6218	-5.105	-0.17230133077469
26.332	2.8248	-0.26543	-0.787342393636609
38.305	-4.7921	-2.3396	-1.28150700746061
37.264	-6.0234	-0.95589	-0.309376067317244
24.961	-12.173	-3.2356	-1.04746249233803
36.493	-3.2037	-1.737	1.51518842138169
37.016	-2.6871	-3.6991	0.212234969904315
35.521	-7.0953	-0.81215	-0.295618007425677
37.573	-6.2663	-0.94834	0.20408784968427
36.713	-2.7918	-3.6785	1.1457396302039
37.267	-2.9412	-1.1413	-1.08841143230995
36.105	-7.5793	-1.0388	-1.27230688843958
36.149	-3.6882	-0.088772	1.645
29.561	-2.1923	-0.92529	-0.416956338171323
28.421	-10.501	-3.8962	0.297059215623691
37.543	-6.6177	-3.9242	-0.540079307810082
36.013	-5.2962	-5.2194	-1.01508629029417
31.616	-10.133	-3.0478	-0.066832385624751
26.865	-11.889	-3.6093	-1.08287440545592
34.944	-1.8333	-5.6746	0.0904426218753245
33.974	-0.2086	-5.4289	0.412722684166602
27.421	-11.915	-3.1716	-0.0868583826587105
24.068	-11.949	-3.7635	0.551146522740552
36.904	-2.4271	-4.0264	-1.19068907449592
32.829	-2.2829	-5.3286	1.645
36.607	-2.9684	-1.1872	-0.873358918273885
36.922	-6.114	-0.78434	-0.794681931412289
37.221	-6.042	-1.2144	0.214258510261003
35.954	-7.1988	-1.5628	1.31870924986188
35.692	-8.8069	-1.7571	0.209253877238779
37.491	-6.0219	-1.2997	0.978643333061423
35.9	-7.2416	-0.67509	0.906677139996835
36.618	-7.6655	-0.98104	-0.796475400223263
29.945	-1.3699	-6.7296	-0.658012994658037
32.161	0.91575	-1.7862	0.829243787936923
37.605	-6.5111	-0.87244	1.645
35.517	-6.5056	-0.50915	0.516742277672769
32.059	1.3109	-2.4168	0.92947040104551
29.196	-10.899	-4.0629	0.204860317319266
24.476	-1.1701	0.93116	-1.645
36.747	-2.8716	-4.7368	-0.523262613561631
38.014	-3.428	-3.3169	-1.58098617316484
36.001	-6.2461	-0.9769	0.781229714119321
36.332	-6.6978	-0.47076	-0.576576308495791
38.3	-5.7317	-1.6831	0.420155238119029
29.979	-11.824	-2.9049	-0.543976893980341
37.151	-6.3028	-0.5405	-1.12769525981728
36.12	-6.1442	-0.35725	-0.652871728039362
36.271	-7.3453	-1.3238	0.867184661370957
36.488	-6.1858	-3.8549	-0.55144900615882
35.366	-1.8119	-5.5672	1.56308048632622
36.371	-1.3748	-4.149	-1.15396082826496
31.428	1.6486	-2.2588	0.612764709351602
30.715	1.0071	-0.9415	-0.12432747035501
37.231	-3.9099	-4.7721	0.564568747115437
34.721	-8.3715	-4.579	-0.262213880425018
36.514	-8.5327	-2.2652	0.440208806770833
36.083	-2.6015	-0.39972	0.969579495761587
35.498	-8.087	-2.6598	-0.15878900013411
30.178	1.4558	-0.55411	-0.459167724581271
33.074	-10.314	-3.0415	-1.01868080315902
34.568	-8.0682	-4.3868	1.645
36.881	-6.9741	-1.2878	-1.56104237271468
31.206	-10.908	-3.2517	-0.958977959045675
20.185	-12.42	-3.592	1.3235253455805
37.199	-1.6237	-2.4917	-0.572586721053257
36.947	-7.3373	-1.2444	-1.06349817813333
33.778	0.11392	-0.5513	-0.370166936764809
36.98	-3.2319	-1.217	-1.13877492414641
36.125	-7.0592	-0.43751	-1.03310720445356
30.989	1.3364	-1.2695	0.303415666818649
37.721	-2.718	-3.5393	-0.882005507809001
36.492	-7.4624	-0.46387	-0.384480828706079
35.897	-8.9728	-2.3728	1.21478314101802
36.92	-3.6492	-4.6394	-1.05083479665972
36.993	-4.0546	-1.8566	-0.136865384020601
34.583	-9.2741	-3.2361	0.381177076637001
34.344	-1.2254	-5.6987	-0.626618329378006
35.742	-8.0212	-3.8443	-1.33562157370176
37.001	-2.4226	-2.9225	1.645
35.171	-6.1369	-1.2886	0.47468909814635
37.028	-3.37	-4.176	-0.476157979951176
33.298	0.35184	-3.695	1.645
30.361	0.79431	-0.83387	-0.3437368379611
35.436	-6.7361	-0.95815	0.527501753604829
37.41	-6.4188	-0.83121	-0.261500268238098
36.383	-1.4084	-1.6501	0.237182928974585
28.632	2.1882	-0.58482	-0.0419484223424619
34.186	-2.9176	0.81454	-0.27047713365684
36.195	-4.2493	-5.2274	-0.641571636226884
26.47	-1.2093	0.66759	-0.999832543468435
36.233	-7.5856	-0.90686	-0.582877133755017
36.421	-8.4179	-2.0881	-0.509699140231218
37.469	-3.1858	-2.9957	-0.741036522310451
35.257	-2.0901	-4.006	-0.610911350862234
36.163	-7.092	-0.771	-0.986431084831924
37.734	-5.9544	-4.0513	-0.120751723879972
37.902	-5.9908	-2.0936	-0.804279182057116
37.448	-6.4351	-3.4083	-0.0407700719512575
36.099	-7.3386	-0.73775	-0.816227349194572
38.19	-5.2303	-3.4668	-0.901939739890291
32.123	0.60269	-0.86491	1.46881685842916
32.053	1.3059	-1.5197	0.799187021881664
36.699	-4.6467	0.089536	0.763179479284447
27.83	-11.511	-3.6894	-0.535767347274841
35.927	-2.6184	-5.194	1.61584993523408
36.378	-8.7082	-2.2334	0.0450464834082044
37.434	-4.6484	-2.4277	-1.07926592588007
36.422	-2.8263	-5.0446	-0.32817145955265
37.128	-7.3771	-0.91807	1.54132193480055
36.806	-7.1946	-1.9069	1.645
34.659	-0.55942	-4.4261	1.645
36.328	-7.1272	-0.93379	-0.00897586636644225
36.281	-2.7152	-5.341	-1.0993042902898
37.412	-6.2447	-2.696	-0.125458363524704
35.967	-2.729	-0.69909	-0.702353210953076
36.783	-8.0664	-2.712	-0.945646521716638
36.508	-6.9874	-0.76697	0.0801159774378386
37.295	-4.7406	-4.9434	-1.0228668084257
37.907	-5.6622	-1.514	-0.035889360221027
36.54	-2.6445	-3.9797	0.491566471897447
34.705	-0.88028	-5.109	-0.799362172984772
35.571	-0.535	-3.7779	0.630824608014321
36.023	-3.1128	-0.9772	-0.669182443755053
36.969	-6.9389	-2.1567	-1.00953807848953
30.821	-10.653	-3.8519	1.63934142897038
34.81	-1.815	-0.71735	0.552387689591282
37.007	-3.2381	-4.6457	-0.872233286320663
22.98	3.3486	0.063496	-0.379210657732438
32.159	-10.433	-3.0039	1.645
37.195	-6.8729	-0.94274	-1.10356482519323
34.005	-0.32428	-5.4688	-0.991620851343745
37.776	-3.2527	-3.708	-1.23367558744754
25.345	2.9604	0.81839	-0.552796500528953
37.704	-6.9036	-3.5007	-0.248838778240348
25.232	-11.836	-3.4376	1.4295034272981
35.212	-2.5121	-5.7232	1.62969081111856
38.366	-5.4234	-2.4492	-1.13257078357228
29.989	-1.4419	-6.6104	-0.220667525732057
37.702	-3.2554	-2.2478	0.615036434518728
36.695	-8.3244	-3.4796	1.51837561311145
22.216	-0.28528	1.8218	0.167359563370978
27.938	-0.14693	-6.4389	-1.06394752705981
37.215	-2.1692	-3.2804	1.04142975909288
24.948	-1.1145	1.1193	-0.858366081483398
35.868	-5.9551	-0.76246	-0.622660380446428
28.015	-11.269	-3.5031	0.61837462956273
36.415	-2.8229	-5.3315	0.908538708431391
36.026	-2.1342	-5.1439	0.246503340512308
36.861	-6.3361	-0.60656	0.897993194117256
34.486	-9.5717	-3.7802	0.115616058369926
22.352	3.0673	1.2586	-0.392362578177771
35.219	-2.1202	-1.3575	-0.648325790341544
36.39	-6.9544	-0.46647	1.16547937628211
32.516	-0.5129	-6.2823	-1.250964588529
37.032	-6.1426	-0.88556	-0.0371233402033242
28.289	2.0839	-1.1024	-0.640303120451231
33.548	-1.5978	0.067007	-0.656024738379972
35.336	-1.5855	-5.3664	0.432613847081528
35.391	-7.7354	-2.7639	0.225644895353357
36.84	-7.9578	-3.3052	-0.837858917196125
37.095	-3.2146	-1.7715	0.285607838287721
33.859	-9.2605	-2.5721	-0.461353287841584
35.877	-8.4213	-3.4308	-0.0256772681944303
34.549	-0.84299	-5.6394	-0.71439467490915
36.996	-7.5551	-2.6668	-0.0229019084390526
34.832	-7.3907	0.24362	0.0574360021769684
33.235	-10.72	-2.9872	-0.422833308928726
37.307	-6.0201	-1.5607	1.46663355231351
37.418	-2.9354	-2.5082	-1.645
34.343	-1.6947	-5.9695	-0.340455706519254
35.852	-6.3953	-0.66102	0.725442590264177
23.219	-11.625	-3.7246	0.893657031503237
25.658	-11.743	-4.0632	0.832182122093983
36.408	-7.0685	-0.74929	1.08040351723374
34.872	-9.2335	-3.1798	-0.88293794826106
32.521	-10.366	-3.3013	0.389077877933303
35.301	-7.1362	-0.87532	-0.490987300791177
36.981	-7.338	-4.1057	1.645
36.532	-2.2219	-4.9142	0.873233836064882
36.587	-6.9588	-0.9185	-1.17235251358703
37.804	-3.758	-2.5106	-0.727198792923974
37.188	-3.3266	-4.129	1.60230768071231
36.601	-3.3263	-0.83788	0.796577480964889
20.494	-12.103	-3.3423	1.645
37.343	-6.62	-3.3463	-0.565050866991736
34.74	-1.4122	-5.6472	0.241079536673423
33.679	-0.86234	-0.17042	-0.624937528567902
36.655	-3.0677	-4.4207	0.145030902136719
34.85	-8.5722	-4.0191	0.194521443421627
30.867	-10.809	-3.5384	1.10493423195674
37.307	-3.9139	-4.5918	-0.240626506669515
36.667	-6.7386	-0.78268	-0.298044540423086
31.457	-0.30158	-6.5963	1.13934345393344
35.913	-7.6121	-0.87189	0.253279733497185
36.13	-2.8164	-5.1146	-0.34220431797461
35.209	-0.0088546	-1.6024	-0.180110431783278
37.083	-6.3311	-0.76982	1.19218848746779
36.223	-7.7271	-1.0545	-0.852421564730576
30.474	-10.434	-3.6727	-0.0504398073520215
35.745	-6.4161	-0.72233	-0.679630264599628
34.25	-0.42419	-5.4538	0.970486057467192
35.158	-7.4175	-0.57039	0.328865009268846
37.835	-4.0336	-3.727	0.221776515367356
29.205	-1.0063	-6.6398	-1.20363745900592
35.456	-3.3218	0.088323	0.262904040413406
29.803	-10.77	-3.5859	1.645
37.4	-5.3887	-1.203	-0.564788855780288
38.39	-4.8164	-3.1837	-0.816816911532236
28.169	-10.539	-4.4468	-0.520091583529938
37.101	-6.2474	-1.5272	-0.583897562792279
36.103	-2.9353	-0.50444	1.03465650307527
33.597	-0.56617	-5.3621	-1.05176471915024
34.55	-8.264	-2.9045	-1.15879617183293
35.071	-9.1648	-1.7033	-0.0803387777267769
37.21	-4.2579	-4.7383	-0.819127467766828
35.826	-8.9178	-2.6398	-1.14802167083525
29.572	-9.596	-4.4341	1.63261430880832
38.35	-4.2938	-3.138	0.123612475662778
33.688	-2.6749	1.0381	-0.860076514837757
36.474	-2.0151	-4.8982	1.55674502427239
36.528	-6.7207	-0.3798	0.307488148728207
33.424	-10.084	-3.4669	-0.172354391837137
35.861	-2.605	-5.277	-0.604603043624276
34.46	-9.1908	-4.2253	0.31023255628101
38.32	-4.8525	-3.1108	-0.641831465804432
37.496	-3.2443	-4.1554	-0.0832440398455331
26.909	2.6637	0.026832	-0.783174401884195
23.052	-12.064	-3.317	0.59147057458643
37.644	-6.4692	-2.6675	0.477119923456941
36.848	-6.5595	-2.1398	-0.977333816894596
29.035	1.6447	-0.066406	1.645
35.626	-7.5125	-0.57968	-1.56147469021073
37.322	-7.6218	-1.4826	-1.0819831517356
35.285	-8.2893	-0.64382	-1.42572118236486
20.084	-12.312	-3.48	0.320028200818749
28.865	1.751	-0.48839	0.0103916818124719
29.709	-10.969	-3.9119	0.19030550068169
37.772	-3.5059	-3.3861	0.493657934092929
36.942	-6.4637	-0.66239	-1.18559059322652
33.758	0.38343	-3.2386	-0.769708174957244
36.282	-1.236	-3.9953	-1.28750065860417
36.872	-6.6326	-0.5159	-0.225620607677289
27.991	-1.7102	0.46544	-1.57582559139064
34.467	-0.7789	-5.5486	-0.779939156355032
28.91	-10.416	-4.3339	-0.597974777915289
36.451	-2.0925	-4.9467	-0.736996141698266
29.772	1.7553	-0.20628	-0.410228964895331
37.46	-4.4038	-1.0835	1.17861739736507
30.47	-9.6622	-4.3325	-0.340204889387211
31.478	0.98321	-0.87069	-1.22540511831167
36.431	-1.4634	-3.8262	-0.520192289115537
36	-9.0717	-3.5695	-0.909160824177726
37.711	-5.9719	-3.357	-0.256827907107234
27.558	-11.495	-3.2371	1.15535780217909
24.502	-11.889	-4.0808	1.03276105257891
36.522	-7.3306	-1.1206	1.645
34.234	-9.0501	-4.1876	1.645
34.039	-8.7942	-4.1058	0.338214391169784
36.049	-2.8343	-0.31658	-0.772645585324736
35.726	-3.108	-0.29894	-0.748598477767818
37.247	-6.3258	-0.74275	1.645
36.663	-8.0185	-1.3392	-0.633594052623188
36.819	-2.209	-4.6629	-0.713834176222883
36.367	-7.0131	-1.7098	-0.377697790012
37.603	-3.5366	-2.3554	-0.569153821565914
37.32	-2.9559	-2.0473	-0.702304035626151
36.358	-3.1915	-4.9347	-1.39145901283379
18.772	-12.196	-3.1299	-0.0775407132086323
32.75	-10.422	-2.8005	0.335506669159871
36.785	-1.4031	-3.5604	-0.97392840865709
35.477	-1.5291	-5.0441	-0.571929669357661
28.024	-11.618	-3.2678	0.156539812404272
38.028	-3.372	-3.8422	-0.56802924267939
35.983	-6.7157	-0.25748	-0.909527485349611
37.675	-7.2641	-2.5191	-0.762028629265936
38.285	-6.068	-1.6478	1.55586900138971
37.648	-2.9954	-2.6871	-1.14667273674341
36.758	-6.2914	-0.49534	-0.838833430425447
37.3	-4.165	-1.6175	-0.311514104213912
27.805	2.13	0.2655	-0.912555951773474
33.741	-1.9733	-5.4226	-0.386939605308441
36.11	-7.4497	-1.499	-0.983300957485904
37.13	-3.482	-3.5833	-0.955235177849649
37.065	-7.2034	-1.1197	1.645
35.676	-1.5634	-5.343	-1.09311196893278
25.634	-1.2253	0.94194	-0.295588009297978
36.345	-2.7504	-1.3676	0.548014525987087
35.006	-5.2704	-0.66318	-0.644773799386897
21.515	-0.82075	1.3352	0.630182053905985
36.934	-7.1197	-1.3898	-0.665227063253824
35.563	-2.7773	-0.24283	0.209210270353238
37.173	-2.6245	-3.9132	0.415539422791272
36.387	-2.0945	-4.6511	1.20930689792183
35.784	-2.114	-0.96068	0.942275010439286
37.664	-3.9756	-1.3644	1.52507974542904
33.453	-9.9212	-3.2833	1.14870347236287
28.418	-11.12	-3.9506	0.780518152061069
35.617	-3.9137	0.42156	0.354591157957139
35.863	-2.4069	-2.5622	-0.0135206863070943
35.028	-7.1752	-0.66195	0.04180740857325
35.812	-5.4805	-0.52955	-0.922938817266815
35.948	-1.8128	-5.129	0.817739112463218
36.383	-2.5713	-5.1106	-0.416507797935614
37.161	-6.9458	-4.105	1.44472628321713
33.48	-0.64767	-5.7709	0.835632405334564
36.767	-7.3284	-1.2693	0.620885303747888
34.688	-1.4445	-4.5017	-1.32441229386353
35.727	-1.6297	-5.1851	0.674700274469006
27.955	2.3396	-0.87238	-1.32511961171382
33.377	-10.479	-2.644	0.608466924710874
32.498	-1.6331	0.075498	-1.19082803078497
37.362	-2.3661	-4.0574	0.64898046292032
37.957	-5.771	-1.0749	-0.373689531211682
36.775	-7.7189	-0.67347	-0.972393238076042
37.412	-4.5111	-2.4789	-1.1106868988179
36.828	-7.5118	-1.7764	0.473823784498438
34.807	-9.2413	-0.70097	1.13250211046275
37.16	-6.5484	-1.2193	1.645
36.12	-6.8519	-0.23334	-0.39949691412131
38.418	-4.7373	-1.7362	-0.992578426732106
33.209	-1.3065	0.58739	0.178590098179035
36.674	-2.2954	-4.338	1.29988878669214
36.732	-2.5374	-4.5019	0.360881124960787
37.642	-6.2693	-1.2363	0.896524535693128
34.288	-1.2429	-5.9811	-0.571387690564956
34.357	-6.5455	-4.6842	1.29437268554118
33.459	-6.2113	-5.0877	-0.526722755920315
34.398	-1.8175	-6.1834	-0.556436963426923
28.402	1.6858	-0.84161	0.772105220244048
36.054	-8.1439	-2.2738	1.645
36.711	-5.4696	-0.059321	-1.13352069470895
36.851	-6.8	-1.1773	-0.310518703008164
38.242	-5.918	-2.1091	-0.618686139834049
37.137	-3.3898	-4.8805	-1.18651866277548
37.779	-6.3044	-1.8107	-0.970792841206331
34.925	-1.4506	-5.7603	-0.840982883327315
36.307	-6.6518	-5.0565	1.645
37.216	-7.7869	-1.3901	-0.966217490935032
34.201	-6.8832	-5.1613	-0.191491054125329
37.024	-5.0281	-5.0016	-0.427782795834633
31.076	-10.596	-3.1788	1.60692871806154
37.732	-3.9914	-1.8724	-0.130924316406075
28.05	2.1178	-0.84351	-0.148303674399229
29.068	1.9082	-0.13313	-0.516968214251783
38.105	-6.1144	-1.8308	1.645
31.208	-10.341	-3.9103	-0.616322531390911
37.164	-3.1932	-4.4762	0.00598441502214504
35.947	-7.6318	-0.92707	-0.833510444797665
26.384	-11.718	-3.1602	-0.185060397463668
17.539	-12.176	-3.6076	1.645
27.847	-1.0006	-6.7591	0.399905987405753
28.06	-11.31	-4.1272	-0.178540966518425
26.252	2.4373	0.2568	-1.31776469419698
36.415	-1.8489	-3.4901	-1.06942702833517
36.414	-6.6305	-0.54073	-0.80646340441855
36.926	-6.1455	-1.226	-0.64833971057888
37.013	-1.3675	-2.5758	0.503076020423736
31.516	-1.6663	-1.0651	-0.548742392042474
23.685	-0.6064	0.95115	-1.07622192461955
27.546	2.3168	-0.11179	-1.19512446951678
36.582	-3.2051	-5.0006	-0.716083258778766
37.103	-6.8195	-0.88503	0.944807160893641
36.399	-7.0935	-1.8265	-0.347331906409162
35.481	-2.2084	-0.77026	-0.752385412655695
27.377	2.5778	-0.06166	-0.56698335973793
29.712	-0.9678	-6.7499	0.336302114130455
37.899	-7.3266	-2.9614	1.28227604930773
36.681	-7.6883	-1.3233	1.01614024948988
36.539	-6.8839	-1.4043	-0.320623725519244
36.927	-2.4784	-4.6331	0.0259245123041667
37.289	-5.8562	-1.1742	-0.420372408405419
36.35	-1.06	-3.5694	-0.641975795026861
36.839	-2.8458	-4.6107	-0.640518248298027
34.409	-9.3628	-3.4874	-0.0998496390363602
21.749	-12.082	-3.1072	-0.291647718726644
36.479	-2.3034	-4.7111	1.645
35.35	-9.2134	-2.9742	-0.278105047129536
37.069	-7.3037	-1.1191	0.0796900405989535
37.293	-2.0806	-4.0461	-1.10723606582617
37.112	-7.3561	-1.2594	0.228790404779824
35.298	-7.0473	-0.77197	1.45334885101884
34.237	-8.2289	-3.8283	-0.494950595445707
38.056	-5.1676	-2.5888	1.645
35.642	-2.2581	-5.5624	1.21485464086341
37.132	-6.4566	-0.84542	-0.256373308796297
33.381	-2.7503	-0.92077	-1.17350219396292
36.842	-7.1254	-1.1484	-0.187391155029574
36.903	-6.0825	-1.1782	-0.731874285381829
36.19	-1.7172	-3.5639	0.43582908964734
34.92	-2.2908	-0.34357	-0.981869503738723
38.043	-4.5569	-3.3936	-1.16301311669358
35.541	-0.99494	-3.919	0.325700308066543
37.769	-5.0176	-1.871	1.50885911220124
35.269	-8.6907	-0.96378	0.517260158435832
36.885	-8.2585	-1.4113	1.13379536682452
34.961	-9.0902	-2.5955	-0.521914720251804
36.838	-3.1052	-0.58324	-0.56231790323419
27.664	-10.9	-3.9195	-0.870212771760093
23.422	-0.66444	0.89025	-0.787618809812878
29.878	1.9333	-3.6835	-0.41906391789323
38.515	-5.1784	-2.2231	0.275885252214141
38.137	-5.8416	-1.5113	-0.28154774190434
37.654	-2.3191	-2.4915	-1.30840645244657
35.139	-7.3104	-0.6746	-0.072962928384001
29.667	-0.36181	-6.2471	0.358297359782739
34.572	-9.5317	-2.8881	-1.03524673824296
36.627	-2.2565	-4.6513	-0.701297842540121
38.041	-6.1191	-1.0396	1.0102004913578
35.898	-7.0416	-0.93679	-0.732314903525762
33.998	-7.9864	-0.16569	-0.550033596672889
35.179	-4.4275	-0.35156	-0.073326892089075
35.475	-6.9959	-0.76676	-0.711012748011892
32.07	1.4293	-2.3833	-0.55889326741957
35.045	-8.4451	-3.0206	-0.720398802575109
36.626	-6.7312	-0.7282	-1.645
28.783	-1.1034	-6.5278	-0.647802290407561
35.933	-8.4365	-1.8553	-0.790893929740921
32.506	-10.224	-2.3987	0.782371884709118
34.744	-7.6455	-4.2175	-0.169479946692537
35.716	-8.4489	-2.1184	-0.745499532910595
31.72	-0.96702	0.3544	1.12791380268004
36.751	-6.7733	-0.83624	-0.417920692461855
26.305	2.5123	-0.34699	-0.827709108072109
37.254	-3.0555	-4.385	1.29978423464121
34.17	-1.3725	0.13005	-0.755741693140088
36.772	-2.0808	-3.8427	-0.661912112523451
28.764	-0.51537	-6.6424	-0.497797517611581
38.014	-5.9577	-1.8809	0.557757308886999
34.574	-3.6874	0.49795	0.217499995041808
36.293	-1.505	-4.5643	-0.0250314760794824
36.234	-7.6629	-0.97961	-0.85032372258647
34.65	-7.5723	-2.293	-0.501352263630583
36.083	-8.5847	-3.8822	0.058309147079952
27.103	-1.7895	0.51807	-0.924392862289511
36.16	-3.0067	-5.1595	-0.0342058444410347
33.832	-9.4165	-3.2844	-0.363900080183886
35.349	-1.7696	-4.8635	-0.702698560324404
37.166	-4.2299	-4.5378	-0.921862096544129
34.808	-9.1052	-3.57	1.645
35.873	-6.1718	0.076158	-0.513395244587284
35.622	-2.128	-5.639	1.645
37.437	-6.1818	-4.1612	-0.53918710642272
36.152	-7.3342	-0.95071	-0.585866673615783
35.261	-1.5128	-5.0484	-0.252637438914951
33.824	-9.9319	-3.7705	1.3719755023382
35.159	-5.0452	-1.1061	-1.14267762102368
30.039	-10.6	-3.9322	1.645
30.135	-9.1454	-4.2499	-0.605574747158787
29.138	-11.188	-3.8476	1.19732329781864
35.92	-6.9901	-0.49628	-0.334678902952596
31.224	0.17342	-5.7504	-0.692699279359915
35.622	-3.6657	-1.0615	-0.917353976304031
37.487	-6.2291	-1.7669	1.3718712152641
35.929	-8.1243	-1.4357	0.746520050902326
33.353	-0.15211	-5.6436	-0.907876661892724
34.134	-10.156	-2.7773	-0.216237282834365
35.54	-1.4891	-4.931	1.645
34.026	-9.7903	-3.2879	-1.20089514204593
36.626	-5.7911	-1.2278	-0.121065414251435
24.178	-11.704	-3.6301	1.645
37.404	-5.4861	-1.3972	-0.539093551108883
33.892	-0.68384	-5.8885	0.0378090565451135
24.368	3.7988	0.25655	-0.527385888746714
25.316	0.0397	0.96357	-0.498528537399886
36.37	-2.9592	-4.9675	-0.432977036495555
36.177	-2.5183	-1.6875	-0.998888440921155
34.494	-0.21675	-1.9609	-0.551918434606286
36.989	-2.1522	-4.4694	-1.34562911048658
29.538	-10.738	-4.0519	0.676702920258897
37.198	-6.5255	-1.0386	-0.275015568004985
36.164	-7.808	-2.0116	-0.375177101518561
26.615	-11.683	-3.4185	-0.347226404157634
35.959	-8.016	-1.3819	0.605800527382204
37.27	-6.2276	-1.1357	0.194142500336835
36.454	-6.533	0.32032	1.645
36.452	-2.8956	-0.53636	1.645
33.279	-10.124	-3.4263	0.0597210862484847
26.736	2.6919	-0.6298	-0.504767070941291
37.768	-2.7583	-2.6984	-0.01892644017352
35.59	-2.7801	-5.4654	-0.59541363379756
37.579	-7.1001	-2.0947	0.442846361842564
36.093	-8.6628	-3.2445	1.14532523917786
33.734	-9.5652	-3.4776	-0.650947876123879
38.216	-4.6273	-2.5373	0.924351856154735
27.089	-11.553	-3.8875	0.943837941497861
32.801	-10.494	-2.9191	0.556126486223474
38.241	-4.5629	-4.0563	-0.378192316180826
37.785	-3.759	-1.4766	-1.645
38.276	-5.2348	-2.0977	-0.580221881643792
37.742	-3.366	-3.0438	0.158769668702537
27.815	-0.57083	-6.707	-0.834201595230448
28.23	-0.50422	-6.5389	-0.269546840753325
29.63	-0.92416	-6.7941	-0.683533413715654
33.189	-2.0783	0.76822	-0.0617151907383141
34.078	-0.040589	-5.3448	-0.0652859064018778
36.923	-2.6406	-4.693	-1.08052081698818
30.923	-10.273	-3.951	1.645
33.454	-0.75361	-5.856	-0.28146667244769
37.946	-3.4073	-2.4633	-0.676572702951549
24.271	-12.112	-3.4109	1.645
36.432	-7.4201	-0.80639	-0.30959958196456
35.365	-1.0409	-4.4356	-0.409300063834304
36.627	-4.0545	-5.0559	-0.648727222813769
36.92	-5.8143	-0.62305	-0.886543067894722
36.617	-3.1258	-4.9507	0.226770482021678
35.936	-1.5523	-5.1143	-1.09470000385951
22.13	-12.369	-2.9595	0.279423131078158
35.285	-7.5377	0.066807	-0.185539987386251
34.246	-1.9271	-6.1455	-0.358616225709659
35.563	-0.78294	-4.4159	-0.60432862439015
37.246	-2.3567	-4.2847	-0.321388838574546
36.836	-2.003	-4.5542	-1.57708961477322
35.681	-7.0142	0.034118	-1.14865776101971
28.476	2.3052	-0.21928	1.38412685821424
36.702	-4.5632	-0.72328	0.0571883931764994
35.022	-2.2931	-0.30106	1.33818285721133
36.997	-2.8596	-4.6194	0.505790504210544
31.828	1.1086	-2.2523	-0.257174190600083
35.129	-7.3311	-0.43908	-1.07688326120368
35.687	-2.4359	-5.3201	-0.935646788783173
26.988	-0.92323	0.91876	1.00255261917211
31.846	-3.3065	-0.63738	0.0919517047607139
33.401	-1.0653	-5.7202	1.1113068196821
36.04	-6.7814	-0.20054	-0.176707956103328
34.114	-0.95412	-5.5611	0.761672504420384
36.599	-6.6278	-0.62335	-0.859581259834733
37.135	-6.6056	-1.2216	1.645
38.176	-5.8106	-2.8118	-0.0629194774997785
37.58	-4.0989	-3.3811	0.43509500074787
35.637	-6.7245	-0.37612	0.9260848338353
35.282	-0.54191	-4.5888	-0.0650932752962095
35.082	-1.3413	-5.5522	0.0574481635795793
35.866	-8.262	-4.0059	1.39513762884041
37.104	-7.4099	-0.84084	-0.807226998644366
35.513	-9.1151	-3.2543	0.169091473536482
36.187	-7.133	-0.64214	-0.198562081733432
35.107	-0.70271	-4.7009	0.230934176174871
37.184	-1.7013	-2.732	-0.553075665617595
37.267	-6.9481	-1.9059	-1.00979980325243
32.963	-0.82231	0.13576	0.0589848136785304
35.467	-1.2018	-5.1814	-1.03878801352209
19.144	-11.629	-3.5846	1.645
35.444	-3.6749	-0.45329	-0.978890086636429
33.256	-0.209	-5.6186	-0.78418639044428
38.277	-5.7043	-2.5148	-0.331003869397942
35.262	-6.5396	-0.11959	-0.823291029193021
36.147	-2.2079	-4.9607	0.271522254739923
25.063	2.6942	0.50611	-0.268495818183898
35.954	-7.1833	-0.97152	-1.11046101725754
31.359	1.133	-1.4757	-1.25761228500778
36.883	-3.2841	-4.7561	-0.302986554114996
37.07	-3.5895	-4.5398	0.409042870364899
29.455	1.4441	-0.33154	-0.116103603314123
30.771	-10.607	-3.8479	0.0587323425954818
35.249	-6.5454	-5.549	0.0826894032697609
37.709	-3.0288	-3.4199	-0.969668111360075
36.433	-4.7672	-1.4114	-0.636898378440612
27.534	-0.34665	-6.4868	-1.43742271957202
36.086	-7.7136	-1.5338	-0.724505546895279
38.056	-6.0844	-2.1369	1.645
34.733	-2.7372	-1.1845	1.13466143695514
34.09	-1.9336	-5.9096	-0.54079666207138
30.214	-10.125	-4.3742	-0.277053434472462
36.733	-2.908	-4.739	0.230098865293233
32.649	-1.5728	0.16861	1.645
35.94	-8.616	-2.4003	-0.530274557113505
38.211	-6.7695	-2.7243	1.11959259611329
34.473	-6.0424	-5.0366	-0.89416865402585
36.627	-6.1571	-0.69163	0.154368462207889
36.064	-7.1385	-1.2273	0.318602633184995
28.21	-11.078	-3.6007	-0.556489655495203
33.526	-9.8154	-3.646	1.06153242203686
37.809	-4.4404	-2.6843	0.226417911962851
36.294	-2.8729	-4.9081	1.17557516428372
36.932	-2.2441	-4.676	-0.899222390318599
34.882	-7.8087	-4.7386	0.319254653090848
36.476	-7.382	-1.0621	0.104613964813309
37.275	-3.0113	-4.2995	0.436894988014327
37.16	-7.4515	-1.5202	-0.0652743455907939
29.493	-2.0896	-0.37662	0.0431446227706196
36.008	-4.144	0.37998	0.677499036215355
33.871	-0.68123	-5.6772	1.645
26.97	-0.27744	-6.7405	-0.578528266984581
34.878	-7.421	-4.5206	1.37351928661063
36.796	-7.0838	-1.2456	-1.44018188914606
36.362	-7.0014	-1.1047	0.00107374008672741
20.626	-11.99	-3.1838	1.15249045165327
37.31	-7.5264	-2.6178	-1.17811967618288
30.671	-0.85242	-6.8893	-0.570929358824495
16.859	-12.177	-3.2421	-0.418164215934674
36.905	-4.2578	-0.4808	-0.529023313624585
35.511	-1.8353	-5.3157	1.645
21.085	3.772	0.79139	0.618510117348488
37.367	-3.737	-1.2535	-0.0152094186613167
36.651	-7.5829	-1.2475	1.36335593736542
35.014	-8.2377	-0.58041	1.645
36.616	-6.8313	-0.47681	-0.544078560469918
36.201	-2.0957	-4.461	-0.214335414928116
36.759	-7.1446	-0.57465	1.645
35.043	-1.2339	-5.4064	-1.13880069464575
36.334	-6.388	-0.29077	0.845280273251091
35.239	-3.0074	-0.11223	-1.50437305545855
33.832	-8.7472	-3.3011	-1.12751336936475
29.377	1.7668	-0.97623	-0.437026803498148
36.531	-6.2769	-0.45093	0.078221502646356
35.735	-6.5504	-5.0381	0.562935378132749
36.185	-8.2947	-3.287	0.627270159627966
30.382	1.5907	-0.49021	1.645
36.292	-7.3381	-2.103	-0.947142597587922
30.558	0.84485	-0.90212	1.17644480839105
