30.252	-10.709	-4.2735	-0.506111212742731
37.784	-3.0457	-3.1938	1.645
35.233	-1.7225	-5.4094	1.645
36.304	-5.6636	-0.46282	-0.72765556249264
34.958	-1.4558	-5.6443	-0.559666087379681
35.711	-7.1492	-0.48083	1.645
35.577	-2.1617	-5.7207	-1.15526042899426
30.384	-1.1125	-6.3906	0.903303771679711
35.662	-6.8765	-0.14067	-0.508898193471588
37.208	-4.7836	-0.79393	0.518986728851333
35.031	-0.73919	-5.3013	-0.272077246827322
30.639	-1.4277	-6.4224	1.17591479135205
30.396	1.5929	-2.7118	-0.89910509453476
37.36	-1.9229	-3.4248	-1.22872725043234
38.053	-4.9272	-3.8114	0.544098223975968
25.215	3.2448	-0.1568	1.08082801793689
37.946	-3.3618	-3.7233	-1.09792551286662
36.345	-3.4584	-0.40195	-0.00978464319581821
29.468	1.8323	-1.3242	-0.669655459941233
35.221	-8.5458	-1.1697	-0.0949105631675772
37.076	-4.767	-1.1442	-0.728609332566245
38.1	-6.0953	-1.2467	1.17242597697011
37.421	-4.2265	-4.3602	1.645
37.609	-6.1563	-1.2378	0.170686573753266
29.628	1.4832	-0.091737	-0.550165065111044
30.886	-9.9839	-3.954	0.210043205172704
36.237	-7.9567	-0.56517	-0.764646489873012
38.043	-6.8756	-1.8666	0.0711088487835496
37.508	-3.0489	-2.1855	-0.194122481470785
38.329	-4.7319	-3.6869	-0.523502924587814
34.7	-1.2137	-5.6412	-0.333984947385701
38.1	-3.8544	-2.0497	-1.28430535615382
35.969	-7.2747	-0.90899	0.440043625118807
27.088	0.10397	-6.6888	1.645
37.973	-4.0567	-3.8317	0.0342733772349247
27.649	-11.462	-3.5438	-0.310723424263148
35.681	-8.7417	-2.8366	-0.297534163709031
27.506	2.6504	-0.70193	-0.634055751428338
29.352	-10.501	-3.6657	0.370013634448246
36.904	-6.9214	-1.6942	1.11426648192059
35.473	-9.362	-2.7353	0.957348331818034
36.27	-3.1772	-4.7845	-0.903862140728892
28.019	-0.25125	-6.6692	0.159873393901343
33.485	-9.167	-3.831	-0.813023027462515
34.236	-10.016	-2.8261	0.428229618285039
33.449	-0.6842	-5.706	-0.52829069660351
36.817	-3.992	-1.0023	0.407815954014077
36.439	-2.5243	-2.1194	1.19116998490044
34.364	-0.084456	-4.3062	0.809039712750228
35.596	-0.68966	-4.4515	0.4929220593273
36.24	-2.3286	-1.4169	-0.594996703964689
36.865	-7.6925	-1.6333	-0.339800149902616
37.22	-6.5674	-1.1292	-1.08259375019717
37.897	-4.8967	-1.5729	-0.756039798586136
35.228	-2.001	-3.9949	0.472872254734217
33.384	-0.71081	-6.05	-0.251246191563033
36.605	-7.0821	-2.621	-0.711339109354573
34.196	-9.5363	-3.2052	-0.740048444139604
30.378	-9.9318	-4.0164	-0.33676686423093
35.451	-2.0421	-5.2604	-0.732108875261993
37.029	-6.5279	-1.0449	-0.573295489699427
36.22	-7.0306	-1.8249	0.789254922758762
35.361	-7.6139	-0.68234	-0.642458259481514
37.68	-3.1829	-3.9933	0.632431055113884
34.157	-1.6204	0.0068926	-0.677866138384339
37.485	-7.2194	-1.5734	0.965462597335342
36.966	-5.8746	-2.2644	0.527868713625754
36.318	-6.8931	-3.2431	1.14683616304788
34.278	-8.7974	-3.7387	-0.728452679750944
31.307	-10.824	-3.7747	0.550407234086315
37.731	-4.9146	-1.0312	-1.06215479781695
23.754	-11.761	-3.3614	-0.273074986165133
36.647	-7.5774	-0.80506	-0.354527679255572
37.798	-6.4612	-2.1662	-0.673903690270453
37.754	-3.583	-4.2792	1.26660666830778
35.975	-7.482	-0.79263	-0.331859483265058
37.505	-6.6685	-2.6847	0.256551107887375
35.53	-1.198	-4.9193	-0.406450907249686
37.23	-3.1353	-2.1204	-1.2441940985377
36.382	-2.1964	-0.9519	-0.116921582974837
24.761	3.1961	0.59405	-0.399712450926714
33.85	-8.5339	-4.1833	-0.306403391389987
31.588	-10.845	-3.7152	-0.681097985311901
34.348	-1.5875	-5.124	-0.630191356199893
35.855	-8.5351	-4.1011	-0.996994314327422
35.188	-7.5203	-0.50527	-0.870948773447209
29.408	-0.87213	-6.5897	-1.18957931281818
29.318	-10.906	-4.083	-0.154089738296553
36.734	-4.8522	-4.9762	0.757635102527967
36.425	-0.63911	-3.5397	1.31298021506018
35.68	-4.0853	-5.459	-0.0473833017695031
37.21	-7.0648	-0.9211	-0.888034939802126
35.97	-1.7404	-1.3486	1.645
36.73	-2.8421	-4.3338	0.580186602873745
35.127	-8.9068	-3.2601	0.400973723626238
34.516	-1.442	0.39769	0.498618484271997
26.621	-0.41676	-6.7491	1.2248450510137
33.447	-0.099584	0.24688	-0.671998852058593
35.417	-9.3933	-3.2228	-0.137235560767867
37.061	-6.5184	-1.2337	-0.961846099442723
36.761	-4.0431	-2.5386	-1.3644333436307
36.51	-6.2637	-0.54518	1.645
36.466	-7.3544	-0.70317	-0.787017436663363
28.861	-2.2487	0.5869	-0.632129107010051
37.211	-6.4572	-0.88182	-0.533653245149696
37.444	-6.7964	-3.6172	-0.211377185936342
36.601	-7.2495	-1.0362	-0.69569454801289
27.931	-0.28496	-6.5634	1.645
31.618	-10.13	-4.2517	-0.577696677356818
36.223	-7.4272	-1.0084	0.150973881446586
29.629	-10.882	-3.5421	-0.593634763536877
29.947	-10.855	-3.69	-0.0238461620120851
37.298	-6.2867	-4.72	-1.49669821815207
38.155	-4.6891	-2.4946	-0.0381183814923275
29.457	-8.1844	-4.6495	-0.260276500308739
37.961	-6.4367	-2.1714	1.01751579578995
24.995	-12.011	-3.4335	-0.672495140505377
37.283	-5.6156	0.019012	-1.01056867776833
36.059	-5.4499	-1.2052	1.13690256121405
27.944	-0.12737	-6.92	-0.761707710216418
33.895	-8.0079	0.42918	1.14950876582418
34.547	-9.2514	-3.6529	-1.29336766365343
27.474	2.3031	-0.87242	1.17877310764289
36.897	-3.6054	-4.7352	-0.718298796074461
34.858	-0.90232	-5.1763	0.932741568148604
27.282	1.8772	0.36123	0.289880426904102
26.937	-11.434	-4.0353	-1.645
34.051	-7.057	-4.9855	-0.687917212086402
36.385	-6.6891	-0.91737	1.645
36.707	-6.8401	-1.3848	0.866326333330671
36.43	-6.2279	-0.72841	0.453676863552889
37.485	-6.1472	-1.8209	-0.207590361366665
37.336	-4.2892	-1.3951	-0.348986832347319
36.534	-2.8847	-3.859	0.0619932002171898
36.765	-2.6537	-0.90358	1.06858768109242
38.365	-5.7093	-3.163	-0.557023387551702
26.795	-1.38	0.76789	0.381489600277226
37.736	-7.0645	-2.0451	-0.180688426990252
27.947	-11.622	-3.3485	-0.776404882313796
29.441	-2.4441	0.42788	0.64154296908399
34.545	-0.57259	-5.36	0.725047440238836
37.192	-7.2199	-0.97104	0.122734400332188
35.643	-1.0173	-4.7475	-0.780122588919399
29.467	-10.775	-3.9691	0.142058095166986
36.573	-8.3132	-1.1099	-0.871859318434764
36.38	-6.6055	-0.06572	-0.994241324330597
36.872	-7.3054	-1.1125	0.0417182987201189
31.012	0.82625	-1.0063	0.590960482095643
33.073	-10.383	-3.0347	-0.391185525871019
33.721	-9.813	-3.1666	1.13764741094018
36.514	-2.8311	-4.6458	-0.226145352737127
26.728	-2.4993	0.37058	1.645
35.137	-7.474	-0.47603	-0.758685514601411
33.092	-2.3509	-0.10809	1.02801881162578
30.162	1.0924	-0.59141	1.2343935497106
35.653	-8.8056	-2.0148	-0.957786377488411
37.55	-2.3992	-4.0514	-0.536636677622514
28.167	2.2203	-0.26485	1.15273325975202
37.262	-7.6743	-2.5575	-0.691228849209785
28.68	-0.5989	-6.5866	-0.46207617891969
36.82	-6.8749	-0.3813	-0.510077897845687
37.969	-4.1044	-3.9668	0.0693918537999676
27.04	-0.27364	-6.8262	1.49595608589892
35.876	-2.8084	-4.9303	0.433643704157606
36.613	-7.1136	-0.79163	-0.502933092968135
29.461	-1.419	0.7187	1.645
33.343	-10.105	-3.3928	-1.35558211001873
35.407	-6.9301	-1.0617	-0.993674782293139
36.67	-6.252	-0.26205	-0.495936213518071
36.115	-6.9508	-0.31193	-0.705880403736949
30.193	1.2549	-0.92182	-1.05091685378893
36.741	-6.2321	-0.25214	0.825537980123334
35.394	-6.7244	-4.8998	0.0594082311496522
35.901	-7.5783	-1.5121	-0.244309685243916
36.212	-2.8864	-4.4424	-0.0572220520620646
36.519	-6.8297	-1.8835	1.645
36.757	-4.3829	-1.9128	-0.261294340045936
37.299	-4.6356	-4.2258	-0.634836041836987
36.961	-6.9266	-1.1732	-0.704731563939374
35.464	-9.2253	-3.2972	0.855824278247838
35.372	-7.55	0.094466	1.13709796656607
37.434	-3.8318	-1.858	0.598330544963261
37.432	-2.5769	-3.2596	-0.563970829593263
35.832	-1.7551	-5.3572	-0.702587646316493
34.841	-1.1825	-5.6789	0.46532322605622
35.748	-1.2876	-4.9432	0.30679206462067
37.279	-7.3662	-1.4602	-1.01821917303226
33.607	-1.7542	0.66326	-0.626897999269627
36.366	-7.7739	-1.273	0.304785138328823
29.524	1.8227	-0.21233	0.0637468883587322
24.281	-0.95431	1.6062	-0.837987425186686
37.71	-3.7762	-3.6003	0.0752762376101972
37.127	-6.706	-1.4274	1.645
37.568	-3.1113	-4.1591	-1.11365154286838
36.105	-7.3621	-0.27467	-0.83347407724684
36.68	-3.1089	-0.80076	-1.34780285486008
37.185	-5.435	-1.2468	-0.793746335728408
35.352	-7.529	-3.7597	-0.456674719417
37.144	-2.5994	-2.8073	-0.248263137130404
36.629	-7.321	-0.79914	1.645
29.709	-1.2098	-6.7267	0.266076489608861
28.639	-1.7463	0.11451	-0.63922413948778
33.884	-9.4559	-2.2002	-1.30727657675385
29.769	-1.6298	0.65782	-0.710375257245252
37.081	-2.2684	-3.7777	-0.68942424521955
36.206	-7.2978	-1.6692	-0.887352195318871
25.402	-11.378	-4.1255	-0.827948033170003
37.885	-6.1483	-4.0581	-0.600107408687953
31.038	-10.399	-3.8462	-0.243224299806427
36.67	-6.0862	-0.60603	-0.153349791457715
34.412	-0.72442	-5.3799	0.425959990857289
29.81	-10.35	-3.8864	-0.819340132822006
33.106	-8.9881	-4.6548	-0.749068756249403
29.473	-0.48085	-6.5681	0.328985514889865
35.74	-1.5646	-5.2828	0.581903102639671
37.574	-2.8168	-1.8882	0.204897324410424
32.89	0.72047	-2.1587	0.953871757613499
36.778	-6.6332	-1.1096	-0.370614114490295
37.034	-3.681	-5.0419	-0.65549888656809
27.479	-1.1421	0.8687	-0.88835845975011
35.114	-8.5241	-4.0748	-0.762593377506872
35.997	-3.0534	-4.6892	-0.473400380587551
36.301	-1.469	-4.8456	-0.200677706183695
33.033	0.14127	-0.89016	0.529752573020123
35.769	-1.0613	-4.7791	-0.946033250858193
24.668	-11.654	-3.2159	-0.773017394956082
28.566	2.1575	-0.46418	-0.853576890481297
18.476	-11.922	-3.6567	-0.850545826789909
31.902	-10.188	-3.1425	1.28787910661096
35.592	-6.7005	-0.93449	-0.398497866838324
34.055	0.053927	-3.4849	-1.05559825427375
29.642	-1.2463	-6.7948	1.52682552552187
37.359	-2.1066	-3.8716	-1.37781990042642
28.656	-0.89458	-6.9293	-0.845268490681932
37.672	-6.7785	-0.78609	-0.993488323338679
35.668	-7.5501	-1.0858	0.21985033579201
36.261	-6.8152	-1.5389	-0.0630060773228166
36.834	-6.7319	-1.2722	-0.906360634081456
36.996	-7.5969	-1.0678	1.645
30.542	-6.0829	-5.3952	1.02107839160496
35.304	-0.72865	-1.7241	0.451413630165697
32.167	-10.434	-3.3169	-0.545301292178255
37.241	-6.6798	-1.5083	0.768991137863486
37.692	-3.8642	-3.9815	-0.799455449690739
36.295	-7.3641	-1.1927	-0.634057203518522
36.177	-1.3727	-4.7834	0.505529673704332
35.221	-1.4667	-5.6054	0.652012841496803
36.195	-3.0407	-2.149	-0.625763194270632
20.821	-12.156	-3.2601	-0.497454188598631
28.31	-11.059	-4.4058	0.0990975610387634
37.112	-7.4161	-1.9881	-1.15660857737387
35.304	-6.792	-4.5462	1.64296866814996
31.554	1.5166	-0.70294	-1.645
35.332	-3.4379	0.25797	0.920182895388612
33.492	-9.8817	-3.9009	0.0398892202106258
37.411	-6.3305	-1.4893	0.639493845087161
35.78	-6.7263	-1.6317	0.827666585399547
33.448	-0.77411	0.15523	1.52983783322551
35.375	-5.2242	-0.81239	-0.64065267027909
33.301	-0.8584	-6.2191	1.645
33.996	-0.50546	-3.2843	-0.67975061656531
36.135	-7.0239	-0.50614	-0.357353873911458
35.965	-2.0548	-5.2201	0.0385784915228401
36.394	-6.1789	-1.2919	-0.0303655448524603
37.406	-4.8724	-2.8986	0.00528863764936146
36.04	-7.8278	-3.3901	0.599228952913747
36.003	-7.4847	-0.98669	-0.973139436822053
37.505	-3.3844	-3.665	0.916328393289434
38.095	-4.4114	-3.0289	1.645
28.845	-0.3391	-6.3215	-0.641291544072333
31.873	1.1603	-1.4668	-0.0411571787562738
37.224	-5.958	-1.089	-0.171741733132715
37.745	-6.0125	-2.6235	0.495100568244921
32.761	-10.279	-3.5803	1.03630216480729
35.146	-6.8688	-1.1453	-0.296482947503389
22.237	-11.81	-3.5527	-0.506279494631513
36.309	-1.0166	-2.6914	-1.35268516724192
32.789	-9.4975	-3.0511	-0.751399665202511
38.051	-7.0224	-2.7249	-1.21160836544656
37.117	-7.0294	-1.3152	-0.462691805695272
29.757	-0.67542	-6.5392	0.752461480446141
37.809	-6.3381	-1.42	0.790181898202912
37.268	-4.9914	-0.25184	0.407152739014132
37.709	-3.5095	-2.5169	0.651855652352438
29.359	-1.6151	0.50232	0.488157625264666
35.72	-8.5251	-3.5035	-0.231458422957439
35.965	-1.3746	-5.0021	1.645
36.316	-4.3292	-0.2157	-0.52794628811653
32.677	-8.7274	-4.1685	0.048684858062022
38.36	-5.3256	-2.9136	1.62154981178748
36.221	-7.3412	-4.4751	1.16505778126242
34.415	-6.8325	0.075148	-0.775758941228661
28.368	-0.59665	-6.7559	-0.524986646571786
36.759	-3.5836	-0.81804	-0.719850626284812
34.095	-9.7839	-3.228	0.164795831249474
37.368	-6.4768	-2.9922	-0.598410258656408
37.332	-7.2515	-3.8961	-0.374462623155957
35.258	-5.3219	-5.4431	0.704613945835483
36.321	-3.9637	-0.27042	0.426172229299991
36.03	-6.7396	-2.2656	-0.532312650297739
36.297	-6.6218	-1.3064	0.502677599183373
36.623	-2.2417	-4.4946	0.12557869403726
30.035	-10.734	-3.8263	-0.894860294407994
36.66	-6.6386	-0.37036	-0.644353570603449
21.515	-0.27706	1.74	-0.523312974477998
33.103	-10.306	-3.7632	1.645
36.952	-8.0395	-3.7747	-0.745877688203219
22.571	-0.57713	1.5151	0.2848839510442
37.393	-3.4946	-4.3244	1.55061590158439
29.076	-11.036	-4.0158	-1.44982351793899
27.77	-11.555	-3.6482	-1.0719588781898
37.578	-3.8494	-4.4812	0.909095076581686
37.42	-3.8425	-1.2864	0.250491999961379
26.936	-1.6129	1.3973	-0.424608596897478
36.112	-7.3194	-0.71772	-0.168067881717863
35.791	-7.0583	-0.31701	1.26102251168662
30.4	-10.876	-4.4696	-0.735471624831192
35.159	-1.6508	-5.7185	0.292159030385435
36.861	-1.5517	-4.234	-0.866108313168141
26.877	2.3493	0.26303	-0.628481263374869
20.474	-12.495	-3.206	-0.496834099382083
27.177	-2.3797	0.14023	0.50424882216919
37.496	-2.3662	-2.2257	-1.12866687662811
34.893	-8.2576	-0.2879	-0.643942612289199
26.716	-11.636	-3.9302	0.912305710485662
34.889	-7.5416	-4.5362	-0.357844761137549
36.442	-8.308	-1.1302	-0.300584426776219
35.773	-7.8802	-0.81617	-0.760166251856912
37.317	-6.8573	-3.3818	-0.419225477134456
36.102	-3.0749	-5.1304	-0.53749902273728
37.105	-2.5589	-3.5756	-0.59574356380862
25.809	-11.625	-3.7767	0.0523940371191636
31.857	1.6245	-3.1076	0.604331789358689
26.788	-1.3344	0.7076	0.661517487809955
37.049	-6.6954	-1.5441	-0.649737851811277
30.72	1.4517	-0.34053	0.627309671221766
27.045	2.3681	0.63953	-0.839272518896071
20.617	-0.3175	1.6639	0.780768483396748
37.887	-5.396	-1.5637	0.228129222195581
37.858	-5.3791	-3.9756	0.357966454294602
37.652	-4.4151	-4.0434	0.02788695341108
29.685	-10.994	-2.7076	-0.721061385154338
33.751	-10.254	-2.9882	-0.579415314939796
33.908	-0.57427	-1.1263	1.645
36.426	-7.9875	-4.213	-1.14340619832535
33.919	-7.0507	-5.0645	-0.646805043968368
37.54	-3.8517	-4.3804	1.62616896443921
35.577	-1.6453	-5.4049	1.645
38.032	-3.8433	-2.5224	-0.947742887024406
26.259	-0.18253	-7.0548	-0.789369442738956
35.993	-7.0808	-1.3785	1.645
34.187	-1.4715	-5.6999	1.645
38.371	-4.863	-2.051	0.587661550115254
36.918	-7.5758	-1.5006	-0.399150530654702
36.473	-1.6404	-4.767	-0.38777431029749
28.657	-0.49517	-6.6234	0.79476464290523
36.394	-7.593	-0.62675	-0.829662711139093
36.478	-7.1979	-2.0881	-0.895359024674339
35.184	-9.2901	-3.1965	-0.608227168962326
33.753	-9.4761	-3.5559	-0.151525391255372
38.074	-4.3028	-2.4632	-0.0350303051130699
36.292	-2.6554	-4.4174	-0.530961259080274
37.272	-6.8375	-1.1314	-0.592137106793342
33.715	-9.6432	-2.123	-0.430354514859675
35.237	-0.69076	-4.8874	0.671269195869249
24.414	-12.142	-3.2013	-1.62097307680051
37.569	-6.5148	-1.4642	0.833326908657688
36.96	-6.9343	-1.0159	-1.09045621165109
37.294	-1.9809	-3.4145	1.26642778350127
37.737	-6.611	-1.2513	0.145741394156889
37.08	-2.6979	-1.4846	-0.798767298463088
37.508	-7.0244	-1.8393	0.494708997207637
37.038	-4.3294	-1.0892	1.645
34.492	-7.3364	0.24994	-0.106423207076513
27.619	-11.723	-3.0238	0.154576799383585
37.109	-7.0105	-0.90472	0.921735733115077
33.954	-0.85081	-5.874	-0.521256392786725
25.499	-1.9116	0.89186	0.183747086727674
33.203	-10.02	-3.7952	-0.471862495468164
36.949	-4.5689	-2.2549	-0.197975976805721
38.43	-6.1105	-2.4777	-1.06521326966459
36.281	-7.2612	-1.4428	-0.863670528981116
36.205	-2.6511	-0.80731	0.0415345742564589
31.294	-7.8077	-4.7166	-0.57956917208588
28.036	-0.32208	-6.6729	1.22218818355547
37.033	-2.5461	-1.0928	0.438840310862453
33.627	-10.262	-3.7998	-0.663966527376485
28.89	2.0927	-0.92713	0.474894231840016
36.811	-6.4165	0.35144	-0.0718094786286865
37.011	-5.9559	-0.4383	-0.910072553859365
38.201	-3.9247	-2.182	-0.676718705717235
36.854	-3.5895	-4.6313	-0.00584146250401794
37.373	-6.9962	-0.69014	-1.09059280672982
38.149	-5.5533	-1.2842	0.0442839183519567
36.144	-2.2189	-1.1147	0.952069028880811
35.14	-0.37334	-2.7565	-0.173290794421035
36.902	-7.0363	-0.65284	-0.0496769609914441
36.446	-6.3734	-4.8093	0.0951189770768782
36.044	-8.7182	-2.4083	0.645128122867834
34.719	-9.8405	-3.3063	0.499731592550398
36.437	-3.6993	-4.3082	0.655591740211475
34.532	-1.6199	-5.9276	1.41798254552269
24.371	-1.4143	1.2245	-0.50448161753501
27.162	-11.286	-4.1317	-0.968896846185452
35.233	-8.8871	-3.1131	0.348920225635939
34.886	-6.2481	-5.5571	-0.870942956504768
34.45	-9.2067	-3.1109	0.712272077430858
35.822	-6.391	-2.1782	-1.28868442322258
35.733	-1.9219	-0.14499	-0.899179031313982
35.874	-8.6177	-1.8043	-0.121163668009263
34.192	-8.3314	-3.5638	-0.605968492880991
37.948	-6.3604	-1.6608	-0.283355434742491
35.228	-8.4952	-3.2171	-0.0201477138866701
34.806	-6.9562	-0.62806	-0.256738939667147
26.345	-1.1055	0.5634	-0.710194672818815
25.296	-0.72466	1.6146	-0.702326082807692
37.422	-3.4628	-2.3274	-0.750747457778158
28.048	-11.488	-4.1721	-0.353129018933132
37.105	-3.6061	-4.5524	-0.721810385850038
36.419	-6.6899	-0.5559	0.297248248935389
35.34	-2.5809	-4.242	0.449300636754209
33.407	-9.7397	-3.9947	0.401811759793312
32.896	-9.6574	-3.1526	0.014358172341271
36.359	-7.4549	-1.0004	-0.222107971931479
35.12	-1.2742	-2.8903	0.272212886220978
37.498	-3.5547	-4.4466	0.533169881561159
36.054	-7.6498	-0.76852	-0.14540589663389
37.167	-6.6659	-1.13	-0.0237723986432749
37.129	-4.2692	-2.0975	0.248064817751799
36.978	-1.6567	-1.9199	0.330981092214845
29.606	1.5715	-0.54431	-0.292159026948553
33.643	-1.3637	-2.5897	1.5157881506899
34.789	-7.3388	-0.54573	-0.706366382791436
28.725	1.7036	-0.72164	0.380638940461336
24.712	2.8802	0.58317	0.651747542238868
36.593	-5.8661	-0.6886	-0.323201190730144
36.284	-1.8405	-5.0251	0.627262434447962
29.893	-1.3723	-6.5831	0.543897210143126
36.546	-7.4554	-1.1895	1.53985327347138
35.946	-6.5489	-1.2203	-0.949661797153106
36.537	-6.8783	-1.0337	-1.28180177256946
20.317	-12.541	-3.2969	-0.884605987746418
34.361	-1.276	-5.9627	-0.00378070926108359
37.923	-3.705	-3.5402	-0.368082154529339
37.259	-3.0075	-4.4835	-0.390530910681734
37.096	-3.0514	-4.6541	-0.0938872419321762
34.849	-9.695	-3.414	1.645
38.398	-5.8134	-1.1318	-0.426486633406775
24.003	0.13853	1.4663	-0.565258559364218
37.122	-3.4666	-4.8168	1.645
36.732	-7.2218	-0.73825	0.241590269865244
33.778	-8.1256	-0.58235	0.468009375554237
31.849	-10.422	-3.1593	-0.120092334406697
37.14	-3.9296	-2.3872	1.645
36.72	-6.1892	-0.64828	-0.114410336567004
36.229	-7.0194	-0.57746	-0.128345529812927
31.782	-10.612	-2.5976	-0.731430597254283
33.339	-3.0923	-1.8954	-0.55705222273102
31.845	1.0033	-1.1008	0.344193291358633
34.623	-7.9058	-0.21977	-1.33558786588365
36.82	-6.9642	-1.231	-0.600929665933038
38.141	-4.2786	-2.7783	-0.22756624729539
36.231	-6.2373	-5.1256	-0.210573257823774
36.289	-2.5821	-5.4333	0.458474904035848
37.38	-3.0814	-1.6637	-0.949668630626269
35.425	-1.3523	-5.359	1.645
35.754	-8.7903	-3.0805	-0.924334789156465
36.588	-2.8971	-0.65573	1.22540303786862
28.461	0.98628	0.17033	-1.03858514622867
36.185	-1.9151	-5.1717	0.214831082965029
36.577	-3.213	-5.146	1.20210342778531
36.786	-8.3038	-2.0017	-0.789516926243331
37.997	-4.8692	-1.9471	-0.8943219202201
37.103	-6.7509	-1.4273	-0.537252328878254
38.09	-4.6696	-3.7878	-0.549879412879471
25.277	-1.3055	1.488	-0.31157830716824
36.099	-2.2894	-4.5739	-0.581227898880738
31.698	-1.481	-6.3148	-0.0193896688888502
37.265	-6.8089	-1.3866	-0.10349771190988
32.951	-2.1329	0.73755	1.06765055169777
35.127	-9.5065	-3.6642	1.645
36.16	-6.4134	-0.87063	1.01448600010685
37.729	-4.9993	-4.3855	-0.88752569102915
32.13	-10.432	-3.3767	-0.108758540117886
37.573	-3.3045	-2.1576	-1.38351733912858
37.755	-3.5724	-3.9847	1.645
37.348	-6.6439	-1.5268	-0.179809101099584
37.925	-7.2268	-2.1791	-0.836459120671996
36.177	-1.8567	-5.0243	-1.0587308484481
37.795	-6.7263	-1.3088	-0.539912658044493
31.65	0.84958	-1.5053	0.546105700276587
36.07	-7.6448	-1.1824	1.645
22.184	-12.39	-2.6067	0.904079819839094
30.247	-10.532	-3.9948	1.26025180639159
37.393	-6.592	-1.4972	-1.06635408496649
37.554	-2.4907	-3.7862	0.335337563267367
37.201	-7.6178	-1.6684	-0.763410800794422
30.283	-1.7556	-6.5862	-0.251814268424432
25.356	-12.145	-2.9767	-0.498368937398264
35.172	-5.0249	-0.59907	-0.438052584012381
37.305	-7.1596	-1.4898	1.645
35.947	-3.498	-4.6138	-0.706756480963738
33.207	-10.28	-2.8261	0.538625401227113
28.016	2.2856	-0.45016	-0.465695151897832
22.195	-0.52443	1.9394	-0.712425356898909
35.802	-9.2502	-3.1529	0.495323898655433
36.956	-7.4289	-1.0991	-1.28125927563599
38.171	-4.4907	-2.327	-1.06171847978079
36.092	-7.0394	-3.7643	-0.512742228394571
26.98	-11.301	-3.1408	-0.170029297546395
35.669	-5.378	-5.4118	-0.228661544285474
34.864	-0.4048	-2.0771	-0.487098965981414
36.613	-7.0288	-0.34779	-0.0787821854150384
31.329	-9.8618	-4.0712	-0.411722333032331
36.769	-3.844	-5.1959	-0.209834903792813
30.827	-10.451	-4.0079	-0.0909722928708786
37.061	-7.7577	-3.156	-1.3359700175768
34.483	-1.1037	-5.7561	-0.356403598864318
35.73	-7.9709	-0.66978	-0.490657990416415
26.612	-11.577	-3.6266	0.215734384372366
36.745	-7.1831	-2.3689	-0.176703232190113
31.359	1.2267	-0.79001	-0.215259584650162
34.084	-5.1555	-0.37926	-0.657939250953452
38.29	-5.6387	-2.4153	0.90582560502264
22.106	0.18732	1.8667	-0.747245582719424
35.735	-6.692	-0.29731	-0.0995852092954095
17.095	-12.321	-2.8753	1.645
36.501	-6.4825	-0.69156	-1.33052069855427
26.577	2.4753	-0.54886	0.0732680497407563
37.219	-2.0424	-2.5208	1.61797836778926
36.172	-0.92643	-4.2247	-0.976771121372766
37.095	-4.2397	-4.9509	-1.04535081025166
33.674	-1.1195	0.1615	0.645403434322611
36.517	-7.0275	-0.29672	-0.192461234097442
31.972	-10.291	-4.3015	-0.69058419680786
37.138	-4.5323	-4.5154	1.645
32.883	-8.6579	-4.8132	-0.127454362941853
33.946	0.48495	-2.0193	-0.786795996150108
33.226	-8.1007	-3.0252	-0.423377884126686
36.037	-8.4397	-2.6454	-0.419143398713224
32.196	-1.6907	0.61627	-0.961254817035056
27.763	-0.19828	-6.7383	0.0876948049358747
36.339	-6.8364	-0.98471	0.939689320364978
32.65	-0.74971	-6.2361	1.35090138791412
36.261	-2.6379	-4.6789	0.778692810085205
35.636	-9.2272	-3.3149	-0.607254050794954
37.07	-2.1273	-3.4271	1.645
36.04	-8.1498	-3.5092	-0.639432968788432
37.255	-6.7602	-0.97143	-0.842092834464726
33.652	-9.6058	-2.9365	0.763201490109104
35.983	-8.1255	-2.4158	0.251933100944282
34.944	-8.9841	-4.1297	-0.706774870430461
33.04	0.80558	-4.2231	1.12023374684308
37.059	-7.1464	-0.47755	-1.04649136784334
35.629	-9.285	-3.1762	-0.842403222453971
37.101	-2.5892	-4.5559	1.645
33.365	0.518	-1.5642	-0.150019739075073
37.799	-3.4383	-3.9197	-0.129136227553518
37.502	-6.2755	-1.1577	0.276192660003333
37.352	-7.3788	-1.6396	-0.192095650269795
34.537	-0.89781	-0.21511	0.652005696295685
34.933	-9.2861	-1.8374	-0.463067388303658
34.882	-6.9392	-0.59267	-0.564659766237213
28.051	-11.463	-3.9954	0.750540564830343
38.583	-5.346	-2.3082	0.048105006142398
35.765	-2.3939	-5.2168	-0.551394602816147
35.587	-2.51	-0.4416	-0.609541084003963
37.18	-7.2877	-2.0295	-0.701926163328281
36.955	-6.6936	-0.62468	-0.129773727137314
33.145	0.72644	-3.0346	1.20203504394468
36.358	-1.9963	-3.3979	1.645
35.264	-7.1588	-0.50919	-0.239422539688239
34.658	-0.62976	-5.3143	0.040964582360563
36.36	-2.2355	-0.98092	-0.188912434170551
36.834	-7.6649	-2.6837	-0.202755569610943
21.132	-1.0722	1.3773	1.14337256097425
13.152	-11.939	-3.2046	-0.823135031893782
36.426	-6.7145	-0.56541	-1.5830848856421
36.807	-6.8513	-1.4331	-0.0334532010138794
36.444	-7.3508	-0.80357	-1.07596845131333
35.638	-1.1759	-3.9446	-0.173453598043201
27.737	-11.284	-3.2202	-0.730484638216103
36.113	-7.5229	-1.1566	0.727015207629925
34.689	-0.28268	-3.6521	0.669894146027704
37.379	-3.6702	-0.92475	-0.492178918200287
38.099	-4.1749	-2.0066	0.230557452710912
38.276	-3.9029	-2.2387	1.21991324229983
35.502	-5.9782	-1.6541	-0.838884735396467
36.584	-6.9242	-0.77023	0.475939326270348
35.672	-1.7917	-5.3377	-0.0938934695630812
36.752	-3.5477	-2.6273	0.785443218779907
34.205	-9.6351	-2.6179	0.584404706510936
36.673	-7.7313	-1.7312	-1.0115063575928
34.93	-7.4385	0.28604	-0.767206939016672
36.492	-7.1408	-1.0361	-0.640932938882762
37.788	-4.174	-1.7582	0.570431659738088
36.965	-3.0487	-1.9398	0.125226582953647
38.23	-4.9132	-3.4835	-1.13857831368482
36.663	-3.1631	-0.3802	-0.133256183520544
33.099	0.055081	-5.2592	1.06679995284993
31.239	-10.563	-3.4322	-0.0832334433726403
35.881	-1.4853	-5.1216	-1.47337008564306
33.57	-8.7984	-2.8098	-0.68037970861547
37.128	-7.3755	-1.516	-0.855096328876504
33.552	-9.7298	-1.7604	-0.755276619749016
35.169	-9.4052	-2.0994	0.136316523015355
33.728	-7.5046	-4.2941	-1.07143790907932
31.148	1.1191	-1.7657	-0.665736637773797
36.1	-5.7452	-0.9397	-0.718394798509517
14.2	-12.25	-2.7913	-0.915545871839942
33.449	-0.70302	-0.86649	-0.357862517024892
36.735	-2.0513	-4.5974	0.0215298260306235
37.97	-6.9158	-1.8538	1.48542014593658
37.271	-6.6982	-1.6293	-0.240171767922715
36.379	-3.7123	-1.4074	0.437399513698798
24.282	-11.844	-3.4144	-0.604631068281205
36.613	-3.0796	-0.94265	1.645
35.771	-6.6465	-1.0204	0.344530392789537
29.6	1.593	-1.8446	-0.866404217046502
37.883	-2.6633	-2.9858	-0.35814601456061
31.258	-10.897	-3.3516	-0.849959296129771
28.835	-0.9672	-6.622	-1.22523582429858
26.632	-11.363	-3.9523	-0.0308661296952879
34.045	-9.3825	-2.7884	-0.684414439513082
36.668	-5.7643	-0.36006	-0.831382647013109
33.156	0.051677	-0.95287	0.253694425145693
33.764	-0.71277	-5.7633	1.16330330533189
35.295	-7.3557	-2.6164	1.645
34.803	-7.3818	-0.18694	0.512400136549366
34.462	-9.6263	-2.7398	1.61808446319179
35.186	-7.3743	-0.73991	-0.74535598476701
36.568	-6.7341	-0.43936	0.421401795695215
37.311	-7.1319	-2.484	-0.211891551545445
24.603	3.0977	0.72789	0.269837118318837
30.903	0.73487	-0.78254	-1.05197893391081
36.998	-6.8792	-0.55387	-1.26632794831798
33.493	-0.10664	-5.5756	0.257835305732227
38.411	-5.9434	-2.5654	1.28100472832008
23.875	-11.581	-3.7265	-0.572498228706774
31.882	0.099737	0.85538	-0.82941118423458
31.935	-9.6442	-3.1092	0.540250866936113
26.959	-11.641	-3.4896	-0.258456854494357
27.536	2.4938	-0.31686	0.394490815243987
37.244	-6.5933	-1.2809	-0.843828727128681
29.127	1.8274	-0.60295	1.645
37.126	-1.7498	-4.0023	0.0795611208881412
37.964	-6.7002	-1.5893	-0.430200058899069
29.648	-0.84476	0.71673	-0.503079734706869
37.316	-6.1483	-0.43037	-1.21916501101607
37.077	-7.9142	-1.4075	-0.741078824207302
33.288	-0.28058	-5.9272	0.252562870073599
35.647	-8.0758	-4.3618	-0.395868474146575
36.307	-7.1819	-0.72469	-0.483954270422788
37.012	-7.3768	-2.6185	-0.60772655137902
29.6	-10.915	-3.8914	1.36917827115308
37.241	-3.7254	-1.2785	-0.439023996051236
36.381	-6.3235	-0.97449	-0.758074785724059
38.228	-5.9979	-2.4075	-0.625373276811583
29.683	2.3099	-1.5653	-0.540435654632449
36.092	-3.3609	-0.37577	0.162417156004836
36.459	-2.2777	-4.9212	0.0109949914525863
26.628	-11.465	-3.5706	-0.00933761659600074
37.597	-4.7139	-4.268	1.645
37.638	-2.9456	-1.7393	1.01739456202102
36.825	-5.2081	-2.5948	-0.604239413718023
37.001	-3.1956	-1.9825	-0.803222332258886
35.376	-7.6203	-0.86273	0.132363820623182
29.737	-10.997	-3.7093	-0.466090007642035
36.646	-6.9621	-4.4572	-0.359616121078221
35.599	-6.7579	-0.15719	-1.645
31.82	-1.1205	-6.6025	-0.74385547540451
36.406	-3.0178	-1.5552	0.0427000328014108
33.897	-9.3231	-3.4479	1.645
32.105	-1.7627	-0.10838	-0.221992765210667
36.277	-7.249	-0.71106	1.645
36.737	-5.862	-0.77037	0.348667233995126
36.388	-6.8777	-0.40505	1.28226809550108
37.261	-2.7718	-4.19	-1.13007419195969
31.621	1.471	-2.1952	-0.466220711698739
37.684	-3.9188	-3.9944	-0.765762325319571
24.924	3.2424	0.63254	-1.0308046588183
35.866	-3.3966	-1.9231	1.0635456234905
27.767	2.2237	-0.43318	-0.91144723538951
35.011	-9.3326	-3.6961	-0.914215045271168
36.754	-3.0007	-4.6999	0.745972459558915
28.246	-11.364	-3.9274	-0.719007677378232
28.058	-0.40419	-6.5521	0.198470389338754
36.427	-6.7942	-0.72939	-1.02104801900542
38.176	-3.9397	-2.3623	-1.40947862781811
31.848	-10.514	-3.7276	1.07797158595937
32.421	-9.9028	-3.8736	-0.797441588903464
37.445	-4.4388	-3.7318	-0.708115685639321
35.951	-1.7764	-5.2628	-0.253783658090123
35.052	-2.3438	-0.25459	0.382198996998202
37.046	-6.6266	-1.4054	-0.256431794721601
35.805	-0.27107	-3.7675	0.477167685213597
37.018	-2.1404	-3.4635	-0.367288630849118
29.485	-11.04	-4.0291	-1.4067505544867
34.963	-0.91573	-4.2992	-1.05740813410282
35	-8.9277	-3.0689	-0.626003607494492
37.03	-6.9054	-0.89318	-0.111805219953163
36.998	-6.6701	-0.68066	-0.310163786500783
28.959	-10.732	-3.9835	0.58602105574991
28.796	2.6423	-1.0447	-0.597421729618147
35.607	-1.8209	-5.5017	1.645
29.049	2.1374	-1.2587	-1.11824949022412
36.564	-7.3469	-0.8169	-0.573375666510968
37.58	-5.6603	-2.0723	-0.4362265691011
31.865	0.77388	-1.3397	-0.720130375678539
29.143	-1.0016	-6.5471	0.448446175717537
27.258	0.22043	-6.3336	0.202960150476968
35.159	-8.7272	-4.1003	-1.00017382150204
35.815	-7.8946	-0.37288	-0.651061255049083
37.493	-3.1652	-4.0554	-0.0201384699213159
36.963	-3.5361	-2.5995	1.24296196006303
37.393	-5.8686	-0.98026	0.78998206275016
37.813	-3.2192	-2.0258	0.496108281081694
37.005	-7.4155	-1.2923	-0.478367508884432
36.678	-7.6703	-1.4146	-0.837100316115826
36.409	-6.576	-1.957	-0.280071520339271
36.077	-2.6253	-4.9514	0.781654488312599
36.243	-3.5794	-0.21717	0.0264743837994938
36.026	-6.626	-0.1023	1.60918119228811
36.241	-3.1487	-1.2023	-0.890484015124832
26.151	2.5267	-0.32816	0.913290395297504
37.961	-4.5137	-3.6152	0.606560761280813
34.751	-2.076	-4.7894	-0.40849141583927
35.408	-1.3801	-5.2085	0.436603083610499
31.983	-8.192	0.43924	-0.722045767086174
37.348	-4.3808	-3.4643	0.52192190624478
25.224	-11.867	-3.7074	0.402783203027127
29.185	-1.0694	-6.7569	-0.739080436303934
34.119	-1.5572	-3.3554	-0.739616868851141
35.665	-1.1446	-3.4708	-0.492458902130352
37.853	-6.0901	-2.2477	-0.160010628466226
36.103	-2.9022	-4.7952	-0.466758151824604
36.835	-3.5596	-0.94827	-1.22600720269936
36.17	-7.445	-0.85062	-0.902263747753448
26.906	2.3831	-0.26394	-1.34838463235289
36.06	-7.5642	-0.4854	-1.24736059684506
37.14	-4.964	-4.1295	0.539142893787435
36.254	-2.536	-4.605	1.645
37.401	-2.788	-4.0256	0.302994505552761
36.424	-7.281	-0.91605	-0.702658573374289
35.811	-7.1054	-0.26252	-0.0701195103674646
35.131	-7.9391	-1.5386	0.211410391587164
36.196	-2.2167	-5.2777	-0.688840557632025
35.143	-3.4181	-0.3143	-0.877829441267679
35.111	-2.7285	-5.6907	1.645
38.008	-3.2008	-3.5752	0.255093879123379
35.136	-0.6424	-1.0237	-1.08482199791539
35.689	-6.7757	-2.8578	0.376702875244082
29.713	-1.3836	0.57155	-0.323334738492802
30.906	-10.083	-3.4443	-0.111978526082934
34.883	-4.4287	-1.5223	1.645
38.086	-4.8205	-3.8928	-0.409937396600588
37.501	-3.63	-3.2459	0.693194015895957
35.843	-6.6108	-1.5401	-0.880336366274837
31.505	-10.677	-3.5357	-0.250620613663535
37.16	-6.6232	-0.7396	-0.440466677646402
36.42	-7.2465	-0.79641	0.849853835007345
31.917	-9.7447	-4.6294	-0.556823473761463
37.031	-6.9763	-1.0374	-1.09406905215566
38.265	-5.2641	-1.6418	1.35347424077672
37.023	-7.7618	-3.0738	-0.534419718415738
35.848	-8.0086	-0.74692	-0.52205938669646
37.359	-3.4721	-4.3656	-0.602832225655504
37.919	-4.1884	-3.3612	1.645
31.151	-10.386	-3.707	-0.629745936091511
37.056	-2.086	-4.1943	0.212737827496832
38.006	-4.5622	-1.6132	1.41694833151153
36.625	-3.1859	-5.035	0.203876646492071
22.994	0.17768	1.5887	1.54983953727754
37.974	-3.5713	-2.2629	-0.662122696149434
35.991	-7.1105	-0.27884	-0.133838304238264
34.046	-7.7115	-0.99998	-0.821999007226298
28.049	-10.987	-4.007	-0.57148970207465
24.626	2.8702	0.65734	0.0564934568925969
35.883	-6.8386	-4.8344	-0.357837017332791
36.537	-6.301	-1.1695	1.01976504680265
36.684	-6.916	-0.54257	0.219335312194255
36.131	-6.7703	-0.6249	0.745420003719885
36.721	-7.1728	-1.6014	-1.1772086128111
36.291	-3.2826	-5.4975	1.52314338040157
37.998	-6.5588	-1.1578	-1.48869622772044
37.407	-3.279	-1.2402	-1.11064330469478
34.719	-0.76652	-0.38087	-0.89965285934496
24.667	-11.97	-3.4268	0.91785799162881
36.562	-7.8558	-2.4601	0.505197844146614
34.523	-6.4037	-5.2684	0.684621464942981
36.344	-2.7243	-5.0541	0.169068294889348
28.704	-1.2358	0.73461	0.780537553941027
35.112	-8.381	-1.5627	-0.265916200051435
36.561	-8.08	-2.507	-0.936882274580183
29.101	1.8205	-1.2912	-1.18117082785678
35.878	-8.1252	-1.6888	-0.822968536592723
33.057	0.84632	-2.7147	-0.012910681886457
33.546	-0.34527	-5.445	-0.753265920167842
31.882	-0.57295	-5.8092	0.935321314786351
24.91	-11.954	-3.5912	-0.93622557424258
38.382	-5.4187	-2.2298	0.154680173224912
35.342	-0.84757	-4.9727	0.527424117213745
34.619	-5.6944	-5.4814	-0.719321545887184
36.436	-7.5013	-0.96146	-1.19455119774123
37.02	-3.3083	-1.0167	1.645
34.806	-8.8901	-2.973	-0.509335702437426
34.347	-0.98887	-5.2431	-0.0578460315822582
32.922	-10.36	-3.0592	-0.477960508594256
37.436	-2.0099	-3.387	-0.678234547514468
27.802	-0.52154	-6.6001	0.881991439701047
36.324	-7.7981	-3.4379	1.645
33.436	-1.2899	-6.2745	1.11030947782097
33.177	-9.7487	-2.9992	0.542387896824099
27.274	2.4161	-0.10539	-1.39316453565781
25.93	-1.2025	0.87789	0.820241322596359
36.272	-2.8487	-4.1937	0.376110944593507
37.157	-2.2965	-4.1908	-0.231961600952385
30.682	1.0168	-1.2092	0.00798059463203415
34.541	-2.8555	-1.6681	-0.156545507670991
33.291	0.40457	-1.8331	-0.585625358236487
37.406	-4.0066	-3.9598	-1.27290371334345
24.997	-0.66669	1.1359	-0.86613000270933
36.12	-6.4143	-1.0835	0.413729016257028
34.659	-1.9863	-5.9829	1.15358313093065
36.488	-7.3251	-2.3262	-1.48278464796978
27.032	-11.414	-3.9168	-0.842047770874177
33.231	0.16905	-5.6528	-0.499286692714192
35.542	-6.5946	-1.1652	0.187431699220137
36.53	-7.222	-1.5122	-0.731559266429042
35.769	-1.7993	-5.2612	1.36710334320589
35.546	-8.9878	-2.0374	-0.593766688006738
36.791	-7.3313	-1.4707	0.242463245030384
29.891	1.399	-0.59674	-1.39255770289403
35.835	-5.3318	-5.5868	-0.97586531278757
28.257	-0.68969	-6.8239	-0.351346073424065
37.377	-6.8635	-1.8859	-1.53339078264519
27.464	-11.751	-2.8039	-1.07653720902471
28.168	-0.41404	-6.7192	1.10332293070794
37.75	-4.869	-1.3026	-0.737767209638472
35.944	-7.7459	-1.3209	-0.640892644890239
38.082	-5.3314	-2.1137	-0.719827777396813
33.007	0.29962	-0.29684	-0.156607012155901
38.541	-5.8464	-3.3132	0.265652309469843
36.802	-7.1285	-0.91854	-0.291181418184456
37.28	-2.8613	-4.4514	-0.974071075119546
27.788	-0.7983	-6.5807	1.645
29.504	-10.993	-3.853	1.62705221961013
30.43	-10.246	-3.9492	-1.06797211601462
35.675	-7.1694	-0.86933	0.211841348017207
37.326	-5.6839	-4.4112	-0.0185258834008042
36.829	-3.054	-4.6771	-0.404833609542591
37.127	-7.6054	-3.972	-0.562448605851347
32.465	0.75286	-1.4389	1.645
33.046	-8.5364	-0.65937	0.55628950503018
32.73	-10.178	-2.8586	-0.553419672952267
34.579	-9.3204	-3.3467	0.964708633577038
33.708	-1.6614	0.33322	1.54012525090534
37.264	-6.7331	-1.3042	1.32307207839864
33.378	-9.128	-3.986	0.795460381095097
36.682	-6.2436	-0.22291	-0.140729165561184
30.821	-10.162	-3.2975	-0.442028209683904
36.51	-8.369	-3.6788	0.681083024291842
24.884	-12.03	-3.7199	-0.813867034128102
35.633	-2.7754	-0.42644	-0.601011355200152
36.718	-6.6751	-0.98773	-1.41914195876415
35.556	-2.9167	-0.96308	-0.921367113735161
27.416	-11.642	-3.608	0.827533989209885
35.042	-7.5012	-4.9165	-1.15679339888157
37.034	-2.7736	-2.7544	-0.274826140562676
37.879	-3.3745	-3.9897	-1.30718598532912
28.693	1.9418	-0.84665	-0.0720572377606262
36.863	-4.6665	-0.57369	-0.14151152814176
37.196	-2.9731	-1.8959	1.30950560043358
28.874	-11.12	-4.0281	-1.25877066266377
37.449	-6.7361	-1.3597	-0.794817629054859
35.503	-6.2815	0.51715	1.12458044722794
24.869	-11.715	-3.337	0.476397588376291
37.136	-6.9179	-0.88602	-0.806741982683513
37.548	-3.7864	-2.5541	1.15434605544622
36.034	-7.4432	-0.97491	-0.914502302615147
37.937	-4.7004	-4.0766	1.5099455152956
35.013	-1.0942	-0.74452	-1.40474410052277
37.172	-5.7699	-2.3884	-0.447748873021841
37.69	-2.9721	-2.3396	-0.380857882560742
36.99	-7.0988	-1.0916	1.645
32.325	-6.7771	-5.2843	-0.630088110815688
36.596	-8.2474	-2.108	1.57579053593627
34.624	-9.1756	-3.8766	-0.435366673554118
36.626	-3.6918	-0.73483	-0.538459934557766
36.301	-7.5684	-2.2311	0.44234592834624
35.615	-2.2489	-4.7724	-0.558859550972432
37.742	-5.3859	-2.9074	-0.554554211983885
36.329	-1.779	-4.8389	-0.0101903331762527
33.853	-7.9412	-4.2012	-0.317124402263122
36.495	-7.6701	-0.95526	1.645
32.664	-10.854	-2.59	-0.545674337427462
34.45	-0.82641	-5.3395	-0.258027357374517
31.683	-1.2044	1.0754	0.552316501983116
36.139	-7.2369	-0.64364	-1.18659096021494
37.14	-3.0531	-2.5682	1.645
37.645	-3.0373	-2.7639	1.645
33.42	-1.847	-0.09335	1.645
25.808	2.4843	0.20229	0.433936230908964
36.558	-3.477	-0.7264	-0.471218933153538
37.076	-2.1343	-2.4981	-0.94834642879427
37.295	-3.7665	-1.2328	1.645
36.868	-7.3659	-3.4925	1.645
25.14	-11.017	-4.1427	-0.473087047892045
37.662	-2.5526	-3.9957	-0.745741351055687
37.251	-3.3098	-4.4526	-0.884315454586093
38.169	-4.0381	-2.3338	0.274339816526593
32.388	-10.109	-3.1943	-0.330860183124156
34.469	-3.1586	0.16337	0.262531760024671
36.915	-7.9132	-1.4713	-0.97056539301939
28.759	-11.084	-4.2342	0.380967665318667
29.454	-1.0348	-6.7118	0.934866271158328
36.981	-6.4968	-1.3048	-0.546420680911019
23.9	3.4724	0.17699	-0.755267920009979
36.503	-3.0435	-4.7703	-0.337545228415771
31.809	-9.8667	-4.0254	-0.0149817091191574
36.414	-2.6558	-5.1461	-0.320932473719161
37.586	-5.8647	-1.1041	1.06753327999769
35.487	-7.1229	-0.32773	0.540369880807583
27.695	2.5926	-0.75992	-0.549527504063635
36.496	-7.1131	-0.84695	-0.762287698868507
36.57	-1.9504	-4.6956	0.189899176463528
37.89	-3.3009	-2.8666	0.00997549402806039
35.773	-3.3263	-5.1052	-0.191368276748462
36.89	-5.1349	-4.9182	1.24939093917558
36.339	-7.668	-3.0652	-0.719288053395091
37.425	-4.7946	-3.5831	-0.505222802016489
36.89	-7.2192	-1.1222	0.0498354420542141
36.973	-4.4217	-0.99545	-0.688642628644057
18.117	-12.427	-2.7497	-0.806540759049266
28.914	1.9943	-0.15523	-0.804024391511259
35.884	-6.3224	-0.51641	-0.431703843016667
22.895	-11.764	-3.655	0.276870744648578
29.674	1.9213	-1.1953	0.193299640868723
34.349	-1.3018	-5.8695	-1.25726031524026
33.373	-6.1595	-5.613	-0.62154652795972
36.107	-8.3833	-3.8955	-1.10744816947927
33.708	-6.1344	-5.2625	-0.357532458855633
25.941	-0.49807	1.7601	-0.391659200812269
24.148	-11.976	-3.5319	-0.795366873898423
35.762	-2.4738	-4.9674	-0.968927597308281
34.387	-0.70831	-5.5504	0.2948053347203
37.663	-3.1052	-2.6371	1.645
37.474	-3.0541	-2.0965	-1.02214497705143
33.383	-10.034	-3.4276	-0.272840331869756
28.812	1.5111	-0.18542	0.238436627051413
36.922	-5.6457	-4.9601	-0.66403843136471
37.488	-6.6095	-1.1444	0.310814485865644
28.073	-11.668	-3.1194	-0.315326393940668
36.91	-3.242	-1.1441	-1.20384814723542
36.175	-7.537	-1.5303	0.948124389274799
36.358	-0.97953	-2.8211	-0.690632975076101
36.017	-3.9337	-0.15164	-0.242113604627245
38.576	-4.8825	-2.3728	-1.645
37.872	-5.7018	-1.026	-0.649652844018963
36.697	-2.4607	-4.6981	1.51678202348528
36.349	-7.9935	-1.5244	-0.765165194647706
37.175	-3.326	-4.0231	-0.847198202471128
36.928	-3.1836	-4.6119	-0.531811354435519
37.756	-7.1614	-3.4233	0.727210367572035
37.301	-2.9975	-4.1287	-1.20654495158723
30.193	1.1488	-0.66419	-0.546404461439011
28.46	2.2846	-2.1237	-0.666162609407003
24.401	-1.0807	0.94528	-0.846530087389369
27.402	2.3625	-0.79184	-0.546884041287729
37.872	-6.6212	-3.506	0.493178499319151
29.53	-11.489	-3.1516	0.913045462273494
27.857	-1.7479	0.28644	-0.588252666803662
35.484	-8.9282	-1.9391	0.72734784468745
27.673	-11.413	-4.0307	-1.31432865603823
36.204	-0.51726	-2.602	-0.628326371273816
28.13	-0.42296	-6.6429	-0.194104336213423
29.047	-11.285	-3.5116	0.914251496944604
37.948	-3.335	-3.8358	-1.05031922848968
36.671	-6.1766	-4.2952	0.467066358241052
36.841	-6.0594	-5.141	1.14347106175748
36.965	-4.6772	-4.0313	1.645
36.056	-7.7506	-4.4819	-0.532893291102686
33.524	-0.99915	-6.1235	-1.13909828462145
35.209	-2.4738	-5.3197	1.645
27.447	-11.476	-3.9333	0.615769649544533
36.676	-4.9225	-0.54227	0.124363433733593
36.187	-1.3059	-1.2429	-0.222914303181986
29.373	-1.8565	0.38733	1.23067261810304
29.141	-10.738	-4.3405	0.547540997748318
37.819	-3.8939	-4.081	-0.105352527583964
35.461	-6.7856	0.21	0.827815617214454
33.537	-8.6364	-4.1537	0.656795014559308
35.576	-2.7145	-1.1661	-1.18634975992642
36.729	-7.5145	-3.1312	-0.359646809903029
36.088	-6.6977	-0.52185	1.51190136475626
32.739	0.91199	-2.6954	-0.714095402775109
37.836	-4.3579	-3.3202	1.645
36.018	-6.3323	-1.1371	-0.687615468803279
37.469	-3.0494	-4.2007	0.970757203478782
35.606	-2.0846	-5.5897	0.257731637603398
35.933	-6.8829	-0.44488	-1.13195570034175
35.493	-9.2462	-3.3582	-0.775850651411445
37.53	-4.251	-3.1865	-0.777932316114656
30.092	-11.065	-3.1338	-0.945279659762732
32.99	-8.9546	-0.21807	1.31434498504001
37.519	-7.3869	-2.6661	-0.483912841721104
37.079	-6.2808	-0.77346	-0.610056133996361
36.022	-6.828	-0.57731	-0.744337192268894
37.918	-7.0786	-3.0856	0.0449884003770186
28.343	-11.733	-3.5872	-0.897791288411045
37.494	-5.8069	-1.0089	-0.325576017025266
34.273	-0.69818	-5.6839	-0.879675419803996
26.188	-1.2389	0.73822	-1.09074054388382
29.477	-10.678	-4.2809	-1.17911082637755
29.977	-11.456	-3.3584	-0.843768950106369
36.939	-3.7073	-4.6069	1.645
37.59	-3.4846	-3.6459	-0.968161579590989
28.11	-1.8263	0.47221	-0.365791623385998
35.99	-2.0913	-5.2288	-0.786245413744723
31.074	0.26967	-6.3372	1.645
37.27	-6.4269	-1.0324	0.892105611206812
34.091	-7.9047	-4.067	0.339075190323603
36.52	-7.3394	-3.0192	0.480849283857293
37.4	-6.6576	-3.761	-0.553825721819847
29.113	-0.98121	-6.9442	-1.13098449779077
37.029	-4.7412	-3.0954	-0.58544315840502
33.037	0.75239	-2.4438	-1.32962709167573
22.655	-11.631	-3.7513	1.36943672674034
37.766	-3.2181	-1.9562	-0.709800169855339
37.838	-3.7151	-3.567	-0.747383045348949
37.285	-3.4399	-4.4883	-0.320157131934347
27.184	-1.4529	0.40133	-0.147032241051365
38.26	-5.4613	-2.6107	0.297082527771031
35.989	-1.6761	-5.1643	1.645
37.247	-5.6924	-4.4819	-0.48992018671106
34.351	-9.3416	-4.3517	-1.12650969648138
32.942	-10.187	-3.8424	-0.0496780169229261
36.258	-3.1272	-2.1291	1.11550890334534
37.522	-6.8014	-1.605	-0.472801990863875
34.875	-7.5634	-0.67985	1.22804385917015
36.805	-6.8704	-0.46855	-0.852466162894677
36.438	-5.6209	-1.0791	-0.932256722053113
36.039	-7.5015	-0.37316	-0.219866651834108
35.992	-6.343	-0.027214	-0.678166161864686
38.018	-4.0021	-3.4175	-1.13633773826809
36.085	-8.2433	-1.0166	1.06141973110665
38.197	-3.1683	-2.8039	0.238263580136513
37.221	-6.2661	-0.70586	0.0861098842597955
24.495	-0.80438	1.506	-0.532356703967485
19.894	-12.408	-3.0023	-0.718288557220034
32.857	-1.747	1.0811	-0.0670473652931423
38.182	-4.7359	-4.0348	0.542147461251721
32.564	-8.7826	-4.3392	0.714472912606105
33.424	-10.297	-2.9498	-1.01212687744611
37.001	-1.8216	-3.9956	1.645
32.612	-9.982	-3.3678	-1.07329060482554
26.104	2.9775	0.38525	-0.59369317254817
35.856	-6.2175	-4.9262	-0.0373386409019277
34.29	-0.70505	-5.4116	-0.108072867568528
35.119	-8.7121	-3.9509	0.205549234177174
32.294	1.3388	-1.5872	1.52949529056679
26.933	2.2884	0.38868	-0.647276736930747
27.989	0.13398	0.8053	1.645
37.348	-6.549	-3.1685	0.198815311734363
34.481	-0.83471	-4.8208	-0.682977339384335
36.976	-6.7599	-1.9741	-1.06164624808604
36.879	-7.3031	-1.1171	-1.45856470384636
37.988	-3.183	-3.7179	-1.11111079652498
37.929	-6.679	-1.6821	-0.476555543929813
35.328	-8.9384	-1.7754	-0.550264762718463
34.271	-9.6149	-3.6763	-0.871830457769711
33.023	-9.9253	-4.2566	-0.198285126478627
36.927	-6.6277	-0.54409	-0.116549559377242
37.587	-7.0356	-2.9008	-0.368035380032076
36.719	-7.5573	-3.667	-0.279020894039901
37.13	-6.6506	-0.87502	-0.605927626098043
33.331	-10.091	-3.2853	-0.0861094321507623
36.513	-6.807	-1.1852	-0.70897364813784
28.452	-0.64826	-6.6807	0.401778428362515
35.608	-8.7425	-3.6319	-0.348786935435588
36.084	-6.9266	-1.1155	1.31881800303666
34.803	-1.1978	-5.5854	-1.50885288328998
30.623	-10.628	-2.3359	0.390229334934792
34.746	-0.83355	-5.3832	-0.349881090059114
37.674	-6.0117	-3.9316	-0.0251572922083119
35.239	-7.2057	-0.80222	-0.40729750524866
30.909	-10.532	-3.6165	0.795674538541496
34.081	-0.19025	-0.19369	-0.741402739333425
36.16	-6.2388	-4.6065	-0.882944571650039
34.061	-9.7107	-2.6267	-0.238751035609937
28.401	-0.6673	-6.6758	-0.18955787285254
34.108	-1.3907	0.43458	0.443531182681655
36.911	-4.0324	-0.88935	1.10691481869289
36.133	-7.4211	-1.9201	-0.668221770297396
35.653	-7.9359	-0.91161	0.64312854957274
27.563	-1.7829	0.9933	-0.671878302408786
35.686	-6.1698	-4.8122	-1.0770214123326
35.599	-6.05	-5.0311	0.399552281234673
33.647	-9.5361	-2.9473	-0.0342388457892298
37.439	-7.1052	-1.3532	-0.329128668084455
23.069	-0.86413	1.3787	-0.9989563468545
37.717	-5.9636	-3.8253	-1.28016890290027
37.26	-1.8777	-3.7953	-1.38016153445625
37.331	-2.3602	-3.1346	-1.645
29.747	1.7848	-0.64182	-0.015843461452744
31.26	-1.5383	-6.2118	-0.567343147156505
28.79	-0.60836	-6.4231	-0.120020750580272
28.577	-1.9917	0.59004	-0.825684787078951
36.944	-6.5048	0.15745	-0.670413963216378
27.399	1.8644	0.060854	-0.390186211259308
34.571	-8.8569	-2.5749	-1.12283759690083
37.024	-6.2246	-3.3113	1.645
37.905	-5.2701	-3.6581	-0.28855739754231
37.467	-3.1874	-2.2578	-0.193312788289077
35.937	-7.7764	-1.2843	0.393753868272504
37.269	-6.4643	-1.3187	-0.726758085159952
35.22	-2.8647	-5.4605	-0.634006477173182
36.327	-3.639	-5.216	0.0117357216529046
37.298	-5.8161	-0.65225	-1.22110920572632
37.658	-4.6228	-3.5033	1.60646528493937
33.532	-9.5404	-3.8361	-0.400386107410338
38.11	-4.4154	-1.7878	-0.818212432052358
33.965	0.34185	-2.8306	-0.540647569280751
18.681	-11.853	-3.5342	-0.0462634277897986
37.578	-6.9156	-1.9975	0.722243036251703
22.178	3.5218	0.97528	1.43303129555624
34.324	-1.491	-0.028499	-0.754631696774548
27.877	-10.224	-4.2064	1.645
35.796	-7.3764	-0.93857	-0.029626289607029
36.21	-7.1793	-0.91817	-0.147285043818844
33.756	0.78472	-3.7174	1.645
34.832	-1.3266	-5.3939	-0.394315671162852
36.693	-6.5135	-1.0092	-1.21758530318647
37.262	-3.681	-4.3805	0.789447136121708
37.664	-2.5775	-2.7475	-0.443791140528501
33.114	-0.44001	-5.9828	0.759156483830066
35.83	-8.0329	-0.94709	-0.873266607649602
37.168	-2.8936	-4.4433	0.396486770707345
37.252	-3.2123	-4.5515	-0.626172312080111
37.485	-6.3438	-1.5371	-0.851145238350216
36.79	-1.1179	-1.9369	-0.90402767436546
36.986	-3.4192	-4.8641	1.06698732426765
28.187	-2.0153	0.64751	1.645
36.115	-2.5821	-0.79798	-0.8419099971536
32.441	-8.4786	-4.6004	0.642090384348904
32.516	-10.186	-4.2238	0.801940576936182
34.865	-8.7229	-3.4379	0.255851717153339
37.744	-4.8284	-2.8158	-0.90883941427288
36.311	-6.2684	-0.71261	-0.876236235388498
37.547	-3.1049	-3.4645	-0.147613689864452
38.079	-6.2421	-1.3115	-0.172612682073183
37.974	-3.6555	-3.1281	0.550369585553536
28.696	-0.68077	-6.8741	0.304837504466711
30.852	1.7849	-1.8279	-1.0037645501974
34.821	-6.2335	-5.3327	-0.106627103615963
14.631	-11.506	-3.6427	-0.850953026656327
34.669	-0.46744	-3.1166	1.00610100524659
37.859	-5.8203	-2.0456	0.0729011247838158
36.787	-5.5935	-0.20183	-1.10597637425777
36.693	-3.4679	-1.3316	-0.513488987121754
24.838	-11.328	-3.8629	-0.640442789141574
35.763	-0.51963	-3.4807	-0.465563878804985
35.201	-6.4466	-4.6978	0.953728673306404
32.044	-10.644	-3.7583	-0.674548582681972
36.194	-6.8002	-1.6144	0.127864684440168
36.007	-6.7848	-4.2244	1.55081341006633
35.927	-7.6408	-0.39627	0.439927490055845
35.868	-8.013	-3.1225	-0.903486045903748
36.808	-7.1617	-1.0805	-0.770308415902612
36.946	-7.765	-1.2246	-1.50674890238588
36.325	-6.6188	-4.8643	-0.997003041331131
35.549	-6.4596	-0.15332	-0.981980095942803
30.435	-2.0178	-5.0573	0.539123647465993
36.901	-2.8551	-4.7309	-1.29170517811059
37.149	-6.3657	-1.3475	-1.04514660974859
36.787	-3.2912	-4.7881	-0.480379920567226
37.496	-2.7345	-3.0657	0.905572366810056
32.833	-9.925	-3.8629	-0.796961083766061
37.75	-6.5893	-1.4592	-0.478593862871409
36.038	-0.75241	-2.4819	-0.950489238951447
28.133	-11.456	-3.6026	-0.61556835609073
30.447	1.4981	0.012136	-0.628828790431265
37.759	-5.8941	-2.4694	-0.4404946859968
36.523	-6.9224	-0.55317	-0.277300837121693
37.667	-3.3869	-1.5302	1.645
35.259	-0.56743	-3.8436	-0.956501329466158
21.996	-12.117	-3.2949	-0.318674404027257
36.696	-3.7296	-4.7045	-0.83852752391262
36.844	-2.8627	-4.1771	-0.284987725097347
35.141	-7.3093	-1.8385	-0.210957058798378
37.236	-5.8353	-2.0778	-0.804907404497212
27.895	2.1727	-0.70999	-0.696947631497073
35.937	-7.577	-0.66075	1.42671957110347
36.415	-3.3798	-0.64911	1.645
37.914	-4.9455	-1.6546	-0.886761364941009
37.81	-6.0972	-2.6215	-0.520428327928973
36.059	-6.6724	0.099282	-0.848405940671465
33.831	-0.82131	-5.9073	-0.375944198347794
37.488	-4.8809	-1.9614	1.645
34.309	-1.5814	-3.0886	1.645
16.546	-12.122	-3.0507	-0.474234403463317
26.475	2.8001	-0.13414	0.172577632207436
36.584	-3.2355	-4.7375	1.645
36.968	-3.0594	-1.5917	0.9995768132942
36.022	-5.6927	-0.69924	0.0793353936468659
22.905	-1.2773	1.3333	-0.687691150427601
36.937	-6.6664	-1.0888	-0.360122100329761
38.435	-6.2835	-2.839	0.42686059686532
35.405	-0.70375	-4.8046	1.56871026362784
36.121	-2.9466	-5.1363	-0.539691050885658
36.896	-1.6696	-2.1151	-0.108871594805967
27.474	-0.29098	-6.7196	-0.241443139377397
34.672	-9.018	-2.7887	0.361757414574854
36.78	-7.3321	-1.024	1.645
31.309	1.3203	-2.1248	0.380477459081608
34.816	-1.9829	-0.24815	0.177765309507609
31.034	2.13	-1.503	0.387994709203541
38.1	-4.3733	-2.6288	-0.753939890004058
33.506	-8.587	-3.743	0.383153567451334
36.038	-5.389	-5.311	0.0499251848978556
34.702	-1.6396	-3.8829	-0.361758653052208
32.373	0.99622	-2.1654	1.645
35.958	-2.3821	-5.0615	-0.983495597161874
37.447	-2.7711	-3.2962	0.203485310896049
34.224	-1.4421	-5.2872	-1.28837858962936
25.823	2.7506	-0.30933	-0.900608951424598
36.853	-6.3522	-2.1496	-0.76712918924985
34.92	-2.181	-0.95545	0.163525580210007
31.384	-10.126	-3.673	-0.812339219966912
36.331	-7.1059	-0.41523	-0.566745284209301
29.704	-11.031	-4.1478	-0.356623082995131
35.609	-7.1077	-0.68315	-0.0338012045611922
35.818	-1.2328	-4.9674	-0.0618622943173778
35.623	-7.3392	-1.1323	1.29250836101187
32.987	0.16537	-5.4076	-0.977620141140945
36.38	-3.1166	-4.3906	0.67860555137738
36.763	-2.5223	-2.4664	0.20606565658618
30.806	-9.287	-3.5933	-0.426159036772804
31.819	0.77723	-1.5751	-0.594550955998401
34.867	-2.1455	-5.957	-0.100924927079207
36.432	-2.9785	-1.8557	1.645
37.33	-2.1802	-2.9054	1.645
35.886	-6.8034	-0.66589	-0.97481854011249
34.169	-2.2291	-0.29475	-1.01684549634306
27.676	-0.63697	-6.9622	-1.0274045864688
36.642	-7.6993	-2.0698	-0.275033873637583
36.441	-7.3309	-1.0821	-0.14456668223109
36.404	-0.77396	-3.045	-1.43508460592711
32.197	1.205	-4.1368	0.207739167578885
33.119	-10.31	-2.9906	-0.938920996054823
37.344	-5.4244	-3.918	-1.34429488217536
30.026	1.6761	-1.1057	-0.324186708069939
37.878	-4.0903	-2.2179	-0.449786318357159
37.108	-2.6266	-1.3105	0.0349959406847546
36.482	-1.3979	-3.6565	-0.806983299643274
31.452	-9.1478	-3.2273	1.645
35.595	-7.1083	-1.4836	-0.645126873011417
37.93	-4.6532	-1.5629	0.764083706669606
28.339	-11.288	-3.7747	-0.332212748808793
34.572	-0.91389	-5.3163	-0.538796161616752
27.025	-1.1452	0.8769	-0.697116786042475
34.079	-9.9018	-3.0968	0.0475073186977993
35.222	-7.552	-0.12993	-0.8657631419266
37.707	-3.9647	-4.055	0.0470026809081073
37.055	-7.808	-1.365	-1.57646448498099
37.028	-8.0319	-2.3737	0.936519679428763
37.484	-2.9589	-2.2054	-0.920112158836045
36.636	-1.8449	-4.6217	-0.247951954698566
24.255	-1.0753	1.209	-0.623528678191882
37.908	-5.4849	-2.8675	-0.267291220099003
28.144	-11.285	-3.6351	1.645
36.304	-3.0943	-4.7781	0.121751487456851
36.383	-6.8969	0.11651	0.801136189854737
36.032	-2.4254	-5.2954	-1.04562108861837
37.693	-6.9362	-2.1968	-0.809639049669755
35.196	-7.2738	-0.20346	0.708993168783456
36.191	-1.9754	-1.1911	-0.81631982339824
35.949	-7.0988	0.036498	-0.703080699265437
32.924	-0.29634	0.38633	1.51183924609524
36.636	-8.1869	-3.6598	-0.142971589561601
35.702	-1.5553	-5.3066	-0.187853563455978
37.827	-3.3669	-2.5679	-0.596651793070043
34.952	-6.4194	-5.1862	0.538835255318945
25.703	0.22142	-6.7138	-0.0767874303655997
37.718	-6.805	-2.3753	0.508752080786027
20.57	-11.951	-3.571	-0.555241323627214
33.204	0.41913	-3.6203	-0.357955596744723
36.349	-7.4662	-1.0629	-0.523124966604834
32.301	0.83282	-1.4899	-0.118682839536296
36.889	-6.3605	-0.64418	-0.326486099381253
37.364	-6.6113	-2.4395	-0.815699044721548
36.557	-6.012	0.058335	-1.22556432096271
34.899	-8.9036	-2.1978	-0.621158852376585
34.392	-0.67005	-5.3893	0.00952826796153123
36.058	-0.71232	-3.8443	-1.16146744462758
35.914	-2.1429	-5.1293	-0.9211448858031
38.175	-6.4615	-2.3743	1.22538192422688
37.269	-6.594	-4.1428	0.333453635113248
36.296	-3.9297	-1.4904	0.210346950242332
34.929	-9.3154	-3.3453	-0.159438834705906
33.624	-9.7678	-3.2114	0.801081313670641
35.452	-7.5059	-1.1164	-0.869682715442346
36.034	-7.7111	-0.66814	-0.672860994823471
37.161	-2.9571	-4.3767	0.431224163365664
35.801	-6.039	-0.10692	-0.718728909372358
38.018	-6.5426	-1.8973	0.483506026738477
37.065	-2.8718	-1.9238	1.645
37.741	-3.5231	-1.6764	-0.517074397599662
36.429	-1.94	-1.5444	0.181938019545753
38.124	-5.9004	-1.833	0.644700153251308
37.088	-2.7651	-4.3048	-0.290298517749273
37.718	-6.2576	-0.89144	1.645
32.946	-10.118	-3.8613	-0.709414887649734
38.042	-4.4673	-2.5642	0.029132719040382
35.311	-1.2939	-5.3454	-0.361289164551964
36.716	-1.7406	-3.0904	-0.250501041642726
37.657	-5.2865	-0.77623	0.988029820783773
28.415	-1.9853	0.6287	-0.721472729205616
35.913	-2.1991	-5.1813	1.28277350629556
37.832	-5.746	-1.2789	0.797345988120199
37.809	-7.1081	-3.5919	-0.0108047810026896
37.022	-7.8526	-1.9066	-0.354933849131439
35.963	-2.9456	-4.6888	0.852203881018944
29.139	-10.899	-4.2139	-0.30101110259275
38.328	-5.5245	-1.6957	0.6283248635257
35.913	-3.5353	-0.26692	0.508738667279312
36.624	-2.5872	-4.7152	-0.437628680804164
35.732	-7.4659	-0.892	-0.693581232303545
37.405	-2.8884	-4.2719	1.645
27.224	-11.557	-2.9923	-1.21208527010573
34.219	-0.7002	-5.219	-0.875943765727063
36.409	-6.4671	-0.54685	-1.10515136153101
29.133	0.029435	-6.8166	-0.40896699360488
34.285	-0.88002	-5.7289	0.49166236257723
35.879	-1.4706	-5.0897	-1.08540925629255
33.331	-0.8698	-4.6621	-1.09160692996067
28.562	-11.373	-3.9338	-0.753190637733671
34.954	-8.59	-1.2637	-0.476533954658223
12.655	-12.024	-3.1062	0.571907732570381
33.259	-0.86748	-5.1327	-0.686578584128113
38.313	-5.8634	-3.2643	0.166792310593283
36.875	-2.9204	-4.2667	-0.0869277840346635
36.875	-6.5702	-0.73131	-0.561274174409653
32.785	0.6827	-1.7577	-0.21185665137404
36.807	-2.7145	-1.7884	0.202431573545073
36.197	-2.5887	-0.88178	-0.958076137409109
37.29	-3.1505	-4.2486	0.16417598551881
33.099	0.48603	-1.4884	1.02121878137947
34.092	-8.9227	-4.1576	-1.46578528238056
37.012	-7.5666	-2.4787	0.995453879588207
36.947	-6.3535	-1.4057	-0.743625018016197
24.144	-11.871	-4.1725	1.40947740755392
37.294	-5.8666	-0.45628	-0.05047190234806
38.453	-6.2205	-2.5167	-0.306841953687851
38.205	-3.7763	-2.7418	0.124739628914189
29.42	-11.225	-3.3753	-0.0762860177602118
37.148	-5.3387	-0.68234	-0.465490183709098
26.075	-11.349	-3.6326	0.115160162673844
34.237	-0.72906	-5.5845	0.482584018988433
35.409	-7.9537	-0.78786	0.676221851439155
36.261	-5.9674	-0.39885	-0.304792624692273
35.769	-1.1302	-4.9338	-0.468812975614429
34.05	-7.3166	-5.0561	0.719610930081611
33.716	-7.4941	-2.944	-0.102598038137784
36.741	-6.3389	-1.159	-0.414935861517975
36.513	-7.4862	-2.793	-0.207866660170988
36.212	-4.2356	-0.11937	1.06227083790346
30.542	1.6715	-0.25718	-0.949463952245438
37.523	-5.7548	-4.5898	0.391043354247085
28.667	1.635	-0.37636	-0.825507024232286
37.356	-5.2576	-1.0494	1.28102141450549
36.478	-7.7756	-0.57777	0.362146809041797
37.883	-3.842	-3.38	0.111855853692967
35.131	-9.2436	-3.3567	-0.314376847021353
37.587	-5.2175	-1.004	-1.21930111908164
36.221	-2.9564	-0.61513	1.645
38.637	-6.5948	-1.8103	-0.0134710735288027
36.956	-3.2025	-4.4751	-0.412243000459847
29.985	-11.016	-3.6217	-0.121192689126297
31.672	-6.1599	-5.747	-0.0145844993187416
36.491	-1.3732	-4.2775	-0.403148346060304
37.131	-4.5617	-0.87893	0.287394412201159
31.827	0.24387	-1.1057	0.730299907631512
36.602	-7.2462	-0.74841	-0.671235111323188
35.527	-1.6899	-5.4983	-0.268019955751041
28.143	-0.79826	-6.7107	1.45319099868922
36.361	-7.4636	-0.51885	-1.00845752939156
36.981	-6.59	-0.49138	-0.0447067643661969
37.82	-7.0502	-1.9993	-0.939389234779114
36.574	-8.6753	-3.4189	-0.0609830071701017
37.993	-6.6047	-0.58157	-1.20881488491021
36.619	-3.3442	-5.008	1.12368209948785
37.163	-4.0055	-1.8496	0.50724915647063
27.841	-0.46924	-6.7153	-0.878659518476204
33.362	0.38835	-1.7634	-1.52731614255786
38.275	-5.2304	-2.3682	-0.162636847170484
36.744	-6.6862	-0.47204	-0.810390055890515
29.038	-11.463	-3.3336	-0.926020760950675
32	-9.0904	-4.758	-0.086750091559927
34.952	-1.4921	-5.7799	-0.99200386454316
35.586	-6.7863	-0.30952	-0.567652501336668
29.473	-2.0004	1.2233	-0.525231738607872
36.946	-7.1431	-0.98937	-0.494426829700169
35.2	-1.6433	-5.5416	-0.379265874134388
38.265	-6.0586	-2.7998	0.10443183362174
33.966	-0.18969	-0.95979	1.645
37.105	-2.5879	-1.2599	0.721681417900024
37.342	-6.7824	-1.0638	0.59094313176861
36.545	-7.0306	-0.54223	0.469101835425119
35.679	-7.0002	-1.2115	0.359387218446673
35.984	-1.9774	-4.2136	1.03288272843144
35.308	-9.5027	-2.4343	-0.863779257118149
33.845	-9.7813	-3.7695	-0.90509812358101
33.349	-0.35116	-2.0425	-0.893205246758157
27.568	-0.41487	-6.818	0.551909490531616
33.366	-9.9976	-3.4617	-1.13149529685986
19.483	-12.108	-3.7965	0.67858485013692
37.162	-5.5491	-4.7764	-1.06462518870606
35.769	-6.9619	-0.47515	-0.671705418187104
35.88	-8.2388	-4.4135	-0.156423218246158
35.04	-7.5716	-1.0808	0.945134119665245
35.22	-1.6653	-1.0212	-1.00654074242956
36.935	-5.5179	-1.3782	-0.262731353129531
35.664	-1.6218	-5.105	0.15438034299208
26.332	2.8248	-0.26543	-0.0262840441030017
38.305	-4.7921	-2.3396	-0.239138467181723
37.264	-6.0234	-0.95589	0.864660670871759
24.961	-12.173	-3.2356	-0.820001827162768
36.493	-3.2037	-1.737	-0.514801618202215
37.016	-2.6871	-3.6991	1.645
35.521	-7.0953	-0.81215	-1.43340302932314
37.573	-6.2663	-0.94834	1.33014578189425
36.713	-2.7918	-3.6785	1.645
37.267	-2.9412	-1.1413	1.29899573472495
36.105	-7.5793	-1.0388	-0.0679455816838768
36.149	-3.6882	-0.088772	-0.826428894312868
29.561	-2.1923	-0.92529	1.645
28.421	-10.501	-3.8962	-0.764366772830874
37.543	-6.6177	-3.9242	-1.17162196927431
36.013	-5.2962	-5.2194	-1.36244013003438
31.616	-10.133	-3.0478	1.13880956548668
26.865	-11.889	-3.6093	-0.258694853934712
34.944	-1.8333	-5.6746	1.60966827142378
33.974	-0.2086	-5.4289	0.559057578685293
27.421	-11.915	-3.1716	0.0269097243000766
24.068	-11.949	-3.7635	0.24642508283759
36.904	-2.4271	-4.0264	0.383132170724378
32.829	-2.2829	-5.3286	1.27705572255156
36.607	-2.9684	-1.1872	-0.033231023701928
36.922	-6.114	-0.78434	-0.643774593934751
37.221	-6.042	-1.2144	-1.46830675050167
35.954	-7.1988	-1.5628	-0.78084899331532
35.692	-8.8069	-1.7571	-0.313496182158597
37.491	-6.0219	-1.2997	-0.858163188893947
35.9	-7.2416	-0.67509	-0.893525141531227
36.618	-7.6655	-0.98104	1.36271032173329
29.945	-1.3699	-6.7296	-0.0285761211555369
32.161	0.91575	-1.7862	-0.435847148306554
37.605	-6.5111	-0.87244	0.351425816811646
35.517	-6.5056	-0.50915	1.54686211673162
32.059	1.3109	-2.4168	0.767622427214149
29.196	-10.899	-4.0629	1.07973742180826
24.476	-1.1701	0.93116	1.43231818648685
36.747	-2.8716	-4.7368	-0.614831407058474
38.014	-3.428	-3.3169	-0.238047771860288
36.001	-6.2461	-0.9769	-0.628827230668014
36.332	-6.6978	-0.47076	1.08130423390017
38.3	-5.7317	-1.6831	-0.986449277156785
29.979	-11.824	-2.9049	-0.489404428313499
37.151	-6.3028	-0.5405	-0.0084596800401256
36.12	-6.1442	-0.35725	-0.488868654076157
36.271	-7.3453	-1.3238	-0.617375921035774
36.488	-6.1858	-3.8549	-0.299028086818332
35.366	-1.8119	-5.5672	0.0385275838094553
36.371	-1.3748	-4.149	-0.785600556020067
31.428	1.6486	-2.2588	0.0951720332137111
30.715	1.0071	-0.9415	-0.255357237612568
37.231	-3.9099	-4.7721	-0.469477211542819
34.721	-8.3715	-4.579	-1.02335129407032
36.514	-8.5327	-2.2652	-0.152866860752956
36.083	-2.6015	-0.39972	0.0685360368153282
35.498	-8.087	-2.6598	1.645
30.178	1.4558	-0.55411	-0.182196176296821
33.074	-10.314	-3.0415	0.311123752282318
34.568	-8.0682	-4.3868	1.645
36.881	-6.9741	-1.2878	-0.874863085049132
31.206	-10.908	-3.2517	-1.14346579686535
20.185	-12.42	-3.592	-0.306253224466705
37.199	-1.6237	-2.4917	-0.591488478807342
36.947	-7.3373	-1.2444	-0.146966848677873
33.778	0.11392	-0.5513	-0.378307324256306
36.98	-3.2319	-1.217	-0.2613179767922
36.125	-7.0592	-0.43751	-0.869711634140403
30.989	1.3364	-1.2695	0.54564470569149
37.721	-2.718	-3.5393	0.150436124538286
36.492	-7.4624	-0.46387	-0.863107376317409
35.897	-8.9728	-2.3728	-0.30984217833395
36.92	-3.6492	-4.6394	-0.662400460702575
36.993	-4.0546	-1.8566	0.318134420578804
34.583	-9.2741	-3.2361	-0.108164291016306
34.344	-1.2254	-5.6987	0.616824667141735
35.742	-8.0212	-3.8443	-0.36539776675628
37.001	-2.4226	-2.9225	-0.754135107293436
35.171	-6.1369	-1.2886	-0.94769559888694
37.028	-3.37	-4.176	-0.532610617736787
33.298	0.35184	-3.695	-0.636480335931201
30.361	0.79431	-0.83387	-0.552742443474991
35.436	-6.7361	-0.95815	-0.135251733400767
37.41	-6.4188	-0.83121	0.284918514911876
36.383	-1.4084	-1.6501	-1.57638395388385
28.632	2.1882	-0.58482	-0.0761878952078713
34.186	-2.9176	0.81454	0.706305414482791
36.195	-4.2493	-5.2274	1.645
26.47	-1.2093	0.66759	-0.892599627025461
36.233	-7.5856	-0.90686	0.894983944033316
36.421	-8.4179	-2.0881	0.106443591488447
37.469	-3.1858	-2.9957	-0.956830396781375
35.257	-2.0901	-4.006	1.60848614088271
36.163	-7.092	-0.771	1.25624985013975
37.734	-5.9544	-4.0513	0.618760012834062
37.902	-5.9908	-2.0936	-0.264702662489961
37.448	-6.4351	-3.4083	-1.05145391895523
36.099	-7.3386	-0.73775	-0.397177438399124
38.19	-5.2303	-3.4668	-0.469576828533563
32.123	0.60269	-0.86491	-1.13386943360693
32.053	1.3059	-1.5197	0.383966740468628
36.699	-4.6467	0.089536	-0.639245631526848
27.83	-11.511	-3.6894	1.645
35.927	-2.6184	-5.194	-0.0861859250847405
36.378	-8.7082	-2.2334	-0.963557174571114
37.434	-4.6484	-2.4277	1.12760264457545
36.422	-2.8263	-5.0446	-0.10287222317442
37.128	-7.3771	-0.91807	-0.920152867894842
36.806	-7.1946	-1.9069	1.180738138557
34.659	-0.55942	-4.4261	0.886042323939888
36.328	-7.1272	-0.93379	0.42887972906087
36.281	-2.7152	-5.341	0.183176633678802
37.412	-6.2447	-2.696	-0.738183905585709
35.967	-2.729	-0.69909	-1.17664722306896
36.783	-8.0664	-2.712	-0.327551024500245
36.508	-6.9874	-0.76697	1.15261438026979
37.295	-4.7406	-4.9434	0.151636174756227
37.907	-5.6622	-1.514	1.02440761740948
36.54	-2.6445	-3.9797	0.174618052827738
34.705	-0.88028	-5.109	0.916606172126232
35.571	-0.535	-3.7779	1.04423604528456
36.023	-3.1128	-0.9772	-0.580662892076406
36.969	-6.9389	-2.1567	-1.11411630373492
30.821	-10.653	-3.8519	-1.645
34.81	-1.815	-0.71735	-0.775154377412625
37.007	-3.2381	-4.6457	0.616504828004668
22.98	3.3486	0.063496	1.0773863243405
32.159	-10.433	-3.0039	-0.559274919105268
37.195	-6.8729	-0.94274	-0.901518851191236
34.005	-0.32428	-5.4688	-0.249350625717599
37.776	-3.2527	-3.708	0.308774709734779
25.345	2.9604	0.81839	-0.461283325855491
37.704	-6.9036	-3.5007	0.0550246483997391
25.232	-11.836	-3.4376	-0.435793684385299
35.212	-2.5121	-5.7232	1.04806105036498
38.366	-5.4234	-2.4492	-0.643438180532522
29.989	-1.4419	-6.6104	-1.11218908861523
37.702	-3.2554	-2.2478	0.067666156711176
36.695	-8.3244	-3.4796	-1.09634148905335
22.216	-0.28528	1.8218	0.562676786671428
27.938	-0.14693	-6.4389	-0.345622709495557
37.215	-2.1692	-3.2804	0.545194381332959
24.948	-1.1145	1.1193	-0.688346096120798
35.868	-5.9551	-0.76246	-0.282825245183129
28.015	-11.269	-3.5031	0.732875886669134
36.415	-2.8229	-5.3315	1.645
36.026	-2.1342	-5.1439	-0.0546789258383366
36.861	-6.3361	-0.60656	-1.05699928777599
34.486	-9.5717	-3.7802	-0.905473653219102
22.352	3.0673	1.2586	-0.632318372525407
35.219	-2.1202	-1.3575	-1.05533758067288
36.39	-6.9544	-0.46647	-0.489250168238921
32.516	-0.5129	-6.2823	-0.213341232767227
37.032	-6.1426	-0.88556	-1.51252950383437
28.289	2.0839	-1.1024	-0.894237595952882
33.548	-1.5978	0.067007	-0.680667782218414
35.336	-1.5855	-5.3664	-0.402733292664704
35.391	-7.7354	-2.7639	-0.306502661803424
36.84	-7.9578	-3.3052	-0.64959623698188
37.095	-3.2146	-1.7715	-1.41090469463413
33.859	-9.2605	-2.5721	1.34978762745645
35.877	-8.4213	-3.4308	0.721632216026196
34.549	-0.84299	-5.6394	1.645
36.996	-7.5551	-2.6668	-1.645
34.832	-7.3907	0.24362	-0.642081996220445
33.235	-10.72	-2.9872	-1.20638040056344
37.307	-6.0201	-1.5607	-0.628646461804607
37.418	-2.9354	-2.5082	-0.901103078824804
34.343	-1.6947	-5.9695	-1.04197886044915
35.852	-6.3953	-0.66102	-0.193838873394824
23.219	-11.625	-3.7246	-0.373101478383427
25.658	-11.743	-4.0632	-0.803123254098203
36.408	-7.0685	-0.74929	1.55899995410109
34.872	-9.2335	-3.1798	-0.180032420364682
32.521	-10.366	-3.3013	0.0687883665693202
35.301	-7.1362	-0.87532	1.07651200205339
36.981	-7.338	-4.1057	0.490551605366119
36.532	-2.2219	-4.9142	1.57253299991317
36.587	-6.9588	-0.9185	0.965303678103027
37.804	-3.758	-2.5106	0.922757421442676
37.188	-3.3266	-4.129	-0.780088661117691
36.601	-3.3263	-0.83788	-0.608715961521059
20.494	-12.103	-3.3423	-0.401102558744912
37.343	-6.62	-3.3463	-1.1986044052549
34.74	-1.4122	-5.6472	-0.445908675485349
33.679	-0.86234	-0.17042	0.597871771852683
36.655	-3.0677	-4.4207	1.645
34.85	-8.5722	-4.0191	-0.308668183088791
30.867	-10.809	-3.5384	1.645
37.307	-3.9139	-4.5918	-0.22628635990237
36.667	-6.7386	-0.78268	-0.0874453623714051
31.457	-0.30158	-6.5963	-0.553252886046895
35.913	-7.6121	-0.87189	-0.82066238085283
36.13	-2.8164	-5.1146	-0.654836170046818
35.209	-0.0088546	-1.6024	-0.522345237727639
37.083	-6.3311	-0.76982	1.10245088730334
36.223	-7.7271	-1.0545	0.98966019586168
30.474	-10.434	-3.6727	0.216005421558266
35.745	-6.4161	-0.72233	0.0382475298045892
34.25	-0.42419	-5.4538	0.759071581454342
35.158	-7.4175	-0.57039	0.930306084934521
37.835	-4.0336	-3.727	0.777910223192485
29.205	-1.0063	-6.6398	-0.238464208604581
35.456	-3.3218	0.088323	0.974005753382432
29.803	-10.77	-3.5859	-1.00857641250111
37.4	-5.3887	-1.203	0.153826994166884
38.39	-4.8164	-3.1837	1.645
28.169	-10.539	-4.4468	0.0928357971681882
37.101	-6.2474	-1.5272	-0.911810777231896
36.103	-2.9353	-0.50444	0.344850998503434
33.597	-0.56617	-5.3621	-0.0933414569029428
34.55	-8.264	-2.9045	-0.0994249576796502
35.071	-9.1648	-1.7033	-0.394748718281676
37.21	-4.2579	-4.7383	0.330952446590352
35.826	-8.9178	-2.6398	-0.124922577543385
29.572	-9.596	-4.4341	-1.07537823692596
38.35	-4.2938	-3.138	1.38485045469172
33.688	-2.6749	1.0381	0.266955400975311
36.474	-2.0151	-4.8982	-1.645
36.528	-6.7207	-0.3798	-0.705265164539627
33.424	-10.084	-3.4669	0.491091453367614
35.861	-2.605	-5.277	-1.49006577254468
34.46	-9.1908	-4.2253	-1.413486796428
38.32	-4.8525	-3.1108	0.214979313496222
37.496	-3.2443	-4.1554	0.755066814617688
26.909	2.6637	0.026832	1.645
23.052	-12.064	-3.317	0.942848903069751
37.644	-6.4692	-2.6675	-0.808306669167935
36.848	-6.5595	-2.1398	-0.15490481095616
29.035	1.6447	-0.066406	-0.600836772150162
35.626	-7.5125	-0.57968	-0.0530398331404925
37.322	-7.6218	-1.4826	-0.506007740836042
35.285	-8.2893	-0.64382	-0.905767550674957
20.084	-12.312	-3.48	0.0656176418505281
28.865	1.751	-0.48839	1.645
29.709	-10.969	-3.9119	0.902827034393019
37.772	-3.5059	-3.3861	-0.776393590673845
36.942	-6.4637	-0.66239	1.645
33.758	0.38343	-3.2386	-0.260871844412755
36.282	-1.236	-3.9953	-0.560829366531923
36.872	-6.6326	-0.5159	-0.68026921720614
27.991	-1.7102	0.46544	-1.64082946808365
34.467	-0.7789	-5.5486	-0.271248865352464
28.91	-10.416	-4.3339	-1.08418922174951
36.451	-2.0925	-4.9467	-1.01329509701202
29.772	1.7553	-0.20628	1.13401782321383
37.46	-4.4038	-1.0835	1.645
30.47	-9.6622	-4.3325	1.645
31.478	0.98321	-0.87069	0.986442671031916
36.431	-1.4634	-3.8262	-0.818288251759049
36	-9.0717	-3.5695	0.366829386625626
37.711	-5.9719	-3.357	-0.69324377888386
27.558	-11.495	-3.2371	0.188564607335094
24.502	-11.889	-4.0808	0.513060645186043
36.522	-7.3306	-1.1206	-1.0196091322685
34.234	-9.0501	-4.1876	-1.28318228452548
34.039	-8.7942	-4.1058	-0.177516157272737
36.049	-2.8343	-0.31658	1.25682468573791
35.726	-3.108	-0.29894	1.17622959256935
37.247	-6.3258	-0.74275	0.314291504213705
36.663	-8.0185	-1.3392	-0.635875836672653
36.819	-2.209	-4.6629	-0.612433825430185
36.367	-7.0131	-1.7098	0.55287979699841
37.603	-3.5366	-2.3554	0.3615188732478
37.32	-2.9559	-2.0473	0.971763930302089
36.358	-3.1915	-4.9347	0.815451296553739
18.772	-12.196	-3.1299	0.991505959254178
32.75	-10.422	-2.8005	-1.01391440933434
36.785	-1.4031	-3.5604	-1.09528563783328
35.477	-1.5291	-5.0441	-0.568946618408382
28.024	-11.618	-3.2678	-1.08530156782116
38.028	-3.372	-3.8422	0.606068108464412
35.983	-6.7157	-0.25748	0.0591926186009229
37.675	-7.2641	-2.5191	0.685771509566561
38.285	-6.068	-1.6478	1.24683112393658
37.648	-2.9954	-2.6871	-0.733943579777212
36.758	-6.2914	-0.49534	0.34971436188111
37.3	-4.165	-1.6175	-0.898109814740059
27.805	2.13	0.2655	0.152501918174576
33.741	-1.9733	-5.4226	-0.734255768320006
36.11	-7.4497	-1.499	0.963596702883278
37.13	-3.482	-3.5833	-0.826380062062095
37.065	-7.2034	-1.1197	-0.872232762900199
35.676	-1.5634	-5.343	0.128347188547366
25.634	-1.2253	0.94194	0.863449318822646
36.345	-2.7504	-1.3676	-1.645
35.006	-5.2704	-0.66318	1.31375064866547
21.515	-0.82075	1.3352	1.40110196368684
36.934	-7.1197	-1.3898	0.141095125938703
35.563	-2.7773	-0.24283	0.237771106834795
37.173	-2.6245	-3.9132	-0.759828669609133
36.387	-2.0945	-4.6511	1.31422363097254
35.784	-2.114	-0.96068	1.645
37.664	-3.9756	-1.3644	1.645
33.453	-9.9212	-3.2833	0.449528001962585
28.418	-11.12	-3.9506	-0.105991229025546
35.617	-3.9137	0.42156	0.0328514015560226
35.863	-2.4069	-2.5622	1.645
35.028	-7.1752	-0.66195	0.139318671064751
35.812	-5.4805	-0.52955	-0.458693472929036
35.948	-1.8128	-5.129	-0.827984741673979
36.383	-2.5713	-5.1106	0.0861509658291224
37.161	-6.9458	-4.105	-1.1190713920068
33.48	-0.64767	-5.7709	-0.153075842747094
36.767	-7.3284	-1.2693	-0.354873894033717
34.688	-1.4445	-4.5017	-0.0266353082857056
35.727	-1.6297	-5.1851	0.590481323651981
27.955	2.3396	-0.87238	-0.861299807546685
33.377	-10.479	-2.644	0.0269892053572388
32.498	-1.6331	0.075498	0.318497030931622
37.362	-2.3661	-4.0574	-0.51143552080868
37.957	-5.771	-1.0749	0.107384364206794
36.775	-7.7189	-0.67347	-0.76216498678034
37.412	-4.5111	-2.4789	0.238227880034317
36.828	-7.5118	-1.7764	0.384751423531663
34.807	-9.2413	-0.70097	0.587257256263551
37.16	-6.5484	-1.2193	1.645
36.12	-6.8519	-0.23334	-0.187224653454989
38.418	-4.7373	-1.7362	-0.0529098272819075
33.209	-1.3065	0.58739	-0.642598111468276
36.674	-2.2954	-4.338	-0.583436556716525
36.732	-2.5374	-4.5019	-1.09019504542042
37.642	-6.2693	-1.2363	-0.388226016224104
34.288	-1.2429	-5.9811	0.569936240257449
34.357	-6.5455	-4.6842	-0.457159647055862
33.459	-6.2113	-5.0877	1.14471218666588
34.398	-1.8175	-6.1834	0.190516583509536
28.402	1.6858	-0.84161	1.645
36.054	-8.1439	-2.2738	0.530010193201609
36.711	-5.4696	-0.059321	-0.422024504647651
36.851	-6.8	-1.1773	0.133524883080172
38.242	-5.918	-2.1091	0.243190117206064
37.137	-3.3898	-4.8805	-0.649116100790014
37.779	-6.3044	-1.8107	-0.560778272390396
34.925	-1.4506	-5.7603	-0.0835889455808355
36.307	-6.6518	-5.0565	1.645
37.216	-7.7869	-1.3901	0.86116797433027
34.201	-6.8832	-5.1613	1.41170466162848
37.024	-5.0281	-5.0016	-0.724948639810647
31.076	-10.596	-3.1788	0.105404401206038
37.732	-3.9914	-1.8724	1.54216138214011
28.05	2.1178	-0.84351	-1.24282852584928
29.068	1.9082	-0.13313	-0.922117452230616
38.105	-6.1144	-1.8308	-1.15451231156532
31.208	-10.341	-3.9103	-1.24195590217799
37.164	-3.1932	-4.4762	-0.0292253415535335
35.947	-7.6318	-0.92707	0.424543584880867
26.384	-11.718	-3.1602	-0.341581993196992
17.539	-12.176	-3.6076	-0.745574784512781
27.847	-1.0006	-6.7591	0.701703184012297
28.06	-11.31	-4.1272	-0.941700361443245
26.252	2.4373	0.2568	-1.27821146381767
36.415	-1.8489	-3.4901	-1.08200810151099
36.414	-6.6305	-0.54073	-1.06488995187473
36.926	-6.1455	-1.226	-0.59925532627331
37.013	-1.3675	-2.5758	-0.0253260781390996
31.516	-1.6663	-1.0651	-0.358750799112161
23.685	-0.6064	0.95115	1.57775460133771
27.546	2.3168	-0.11179	1.23533914486094
36.582	-3.2051	-5.0006	0.318497832850667
37.103	-6.8195	-0.88503	-1.34024150069236
36.399	-7.0935	-1.8265	0.849215398524117
35.481	-2.2084	-0.77026	-0.828491667017554
27.377	2.5778	-0.06166	0.279114366143502
29.712	-0.9678	-6.7499	-0.212785042019524
37.899	-7.3266	-2.9614	-0.48048635511644
36.681	-7.6883	-1.3233	0.646841117666042
36.539	-6.8839	-1.4043	0.614950891821641
36.927	-2.4784	-4.6331	-0.577526715165645
37.289	-5.8562	-1.1742	-0.110269694650014
36.35	-1.06	-3.5694	-0.757467335173653
36.839	-2.8458	-4.6107	1.22204828982556
34.409	-9.3628	-3.4874	-0.127557852151315
21.749	-12.082	-3.1072	-0.543667295931811
36.479	-2.3034	-4.7111	0.293459999986887
35.35	-9.2134	-2.9742	0.768494244987739
37.069	-7.3037	-1.1191	0.195793202095883
37.293	-2.0806	-4.0461	-0.697086510273634
37.112	-7.3561	-1.2594	1.25107497961168
35.298	-7.0473	-0.77197	-0.767248870486407
34.237	-8.2289	-3.8283	-0.447411209379365
38.056	-5.1676	-2.5888	-0.829967104372627
35.642	-2.2581	-5.5624	-1.35173961611969
37.132	-6.4566	-0.84542	-0.414807015641958
33.381	-2.7503	-0.92077	1.645
36.842	-7.1254	-1.1484	-0.765876655631946
36.903	-6.0825	-1.1782	-0.184947404398105
36.19	-1.7172	-3.5639	1.64339213500582
34.92	-2.2908	-0.34357	1.645
38.043	-4.5569	-3.3936	-0.817141159654284
35.541	-0.99494	-3.919	0.318703868904763
37.769	-5.0176	-1.871	1.58775225042525
35.269	-8.6907	-0.96378	0.193549095717726
36.885	-8.2585	-1.4113	-0.462338413043071
34.961	-9.0902	-2.5955	1.645
36.838	-3.1052	-0.58324	-0.490467200447027
27.664	-10.9	-3.9195	-0.99834686501532
23.422	-0.66444	0.89025	-0.832512691228733
29.878	1.9333	-3.6835	-0.356061556692155
38.515	-5.1784	-2.2231	1.645
38.137	-5.8416	-1.5113	-0.114081593676124
37.654	-2.3191	-2.4915	0.515927863174698
35.139	-7.3104	-0.6746	0.0050987098201826
29.667	-0.36181	-6.2471	1.645
34.572	-9.5317	-2.8881	0.246149537568669
36.627	-2.2565	-4.6513	0.972670681188995
38.041	-6.1191	-1.0396	1.19870971800792
35.898	-7.0416	-0.93679	-0.476191618311495
33.998	-7.9864	-0.16569	1.38276406420356
35.179	-4.4275	-0.35156	0.061924759615158
35.475	-6.9959	-0.76676	0.609519499960757
32.07	1.4293	-2.3833	0.990087621906146
35.045	-8.4451	-3.0206	-0.779110442638756
36.626	-6.7312	-0.7282	0.355306046335681
28.783	-1.1034	-6.5278	-0.937963838108901
35.933	-8.4365	-1.8553	1.645
32.506	-10.224	-2.3987	-0.672480060169697
34.744	-7.6455	-4.2175	-0.821087548047552
35.716	-8.4489	-2.1184	-0.884441334956865
31.72	-0.96702	0.3544	1.18094884930732
36.751	-6.7733	-0.83624	0.694865421831419
26.305	2.5123	-0.34699	-0.850246046171463
37.254	-3.0555	-4.385	1.32068735314773
34.17	-1.3725	0.13005	1.17216513291214
36.772	-2.0808	-3.8427	0.710002251416675
28.764	-0.51537	-6.6424	-0.146537618123245
38.014	-5.9577	-1.8809	-0.73815440728064
34.574	-3.6874	0.49795	-0.298033007964693
36.293	-1.505	-4.5643	0.957687081371466
36.234	-7.6629	-0.97961	-0.847390570607024
34.65	-7.5723	-2.293	0.234266735963174
36.083	-8.5847	-3.8822	-0.280380093396313
27.103	-1.7895	0.51807	0.462220456147406
36.16	-3.0067	-5.1595	-0.781240358649282
33.832	-9.4165	-3.2844	0.552554205172039
35.349	-1.7696	-4.8635	-0.0510315385034685
37.166	-4.2299	-4.5378	0.595841596741765
34.808	-9.1052	-3.57	-0.876660395912346
35.873	-6.1718	0.076158	0.131963478342867
35.622	-2.128	-5.639	-0.176693493643656
37.437	-6.1818	-4.1612	0.217849957512307
36.152	-7.3342	-0.95071	-0.592752686760988
35.261	-1.5128	-5.0484	-0.981769436396056
33.824	-9.9319	-3.7705	0.508453104749829
35.159	-5.0452	-1.1061	-0.871143817938949
30.039	-10.6	-3.9322	1.645
30.135	-9.1454	-4.2499	-0.481402993612895
29.138	-11.188	-3.8476	0.412861027665432
35.92	-6.9901	-0.49628	-0.186548596318053
31.224	0.17342	-5.7504	-1.28060883695832
35.622	-3.6657	-1.0615	0.106798405987864
37.487	-6.2291	-1.7669	0.68165640977925
35.929	-8.1243	-1.4357	-0.50498571319506
33.353	-0.15211	-5.6436	-0.108134110908124
34.134	-10.156	-2.7773	-0.360293280190637
35.54	-1.4891	-4.931	1.3327120060403
34.026	-9.7903	-3.2879	-0.708603322388003
36.626	-5.7911	-1.2278	-0.699746669910009
24.178	-11.704	-3.6301	-0.8683916353336
37.404	-5.4861	-1.3972	-0.638967705650174
33.892	-0.68384	-5.8885	-0.130874775523695
24.368	3.7988	0.25655	0.986204520515873
25.316	0.0397	0.96357	-0.88203473404098
36.37	-2.9592	-4.9675	-0.600674410258983
36.177	-2.5183	-1.6875	-0.842286941058405
34.494	-0.21675	-1.9609	0.297094173540517
36.989	-2.1522	-4.4694	1.36107845596548
29.538	-10.738	-4.0519	-1.33357779361515
37.198	-6.5255	-1.0386	0.376063983580875
36.164	-7.808	-2.0116	-0.718476920527564
26.615	-11.683	-3.4185	0.440483525551845
35.959	-8.016	-1.3819	-0.857771497254557
37.27	-6.2276	-1.1357	-0.401386216482474
36.454	-6.533	0.32032	-0.00446751789788909
36.452	-2.8956	-0.53636	-0.263413265121957
33.279	-10.124	-3.4263	-0.254908229335134
26.736	2.6919	-0.6298	0.0310075418986681
37.768	-2.7583	-2.6984	-0.821413455381906
35.59	-2.7801	-5.4654	0.682366202989508
37.579	-7.1001	-2.0947	-0.628985041574003
36.093	-8.6628	-3.2445	-0.41670124610694
33.734	-9.5652	-3.4776	-0.139635485986767
38.216	-4.6273	-2.5373	1.645
27.089	-11.553	-3.8875	-0.041692245669221
32.801	-10.494	-2.9191	-1.27845107198468
38.241	-4.5629	-4.0563	-1.0627254790497
37.785	-3.759	-1.4766	1.645
38.276	-5.2348	-2.0977	-0.822234137463154
37.742	-3.366	-3.0438	1.14913681750115
27.815	-0.57083	-6.707	0.610383540271707
28.23	-0.50422	-6.5389	0.114435961714849
29.63	-0.92416	-6.7941	-0.873788139607087
33.189	-2.0783	0.76822	1.24334760809054
34.078	-0.040589	-5.3448	-0.382391222664791
36.923	-2.6406	-4.693	0.176958069137105
30.923	-10.273	-3.951	1.04045504670361
33.454	-0.75361	-5.856	-0.780323209715891
37.946	-3.4073	-2.4633	-0.190303664717329
24.271	-12.112	-3.4109	-0.449539807580675
36.432	-7.4201	-0.80639	0.793995065234443
35.365	-1.0409	-4.4356	0.0900368403836242
36.627	-4.0545	-5.0559	1.645
36.92	-5.8143	-0.62305	-0.636633393985635
36.617	-3.1258	-4.9507	0.296871667053454
35.936	-1.5523	-5.1143	1.12211607837099
22.13	-12.369	-2.9595	-0.563355194790035
35.285	-7.5377	0.066807	-1.00868639751631
34.246	-1.9271	-6.1455	-0.368850532229819
35.563	-0.78294	-4.4159	-0.379237874671701
37.246	-2.3567	-4.2847	0.713432982806003
36.836	-2.003	-4.5542	-0.34055425986758
35.681	-7.0142	0.034118	-0.530618693465295
28.476	2.3052	-0.21928	-0.912842129773978
36.702	-4.5632	-0.72328	0.00343220076480329
35.022	-2.2931	-0.30106	-0.360054075105049
36.997	-2.8596	-4.6194	0.574925185223312
31.828	1.1086	-2.2523	-0.469062137462272
35.129	-7.3311	-0.43908	-0.966480911636663
35.687	-2.4359	-5.3201	0.946004754927913
26.988	-0.92323	0.91876	-0.0635020004039864
31.846	-3.3065	-0.63738	-0.651508027011872
33.401	-1.0653	-5.7202	0.467374185217211
36.04	-6.7814	-0.20054	0.431844194943381
34.114	-0.95412	-5.5611	1.645
36.599	-6.6278	-0.62335	0.646661429073667
37.135	-6.6056	-1.2216	-0.225131171736392
38.176	-5.8106	-2.8118	-0.810379252653094
37.58	-4.0989	-3.3811	-0.00151933549785223
35.637	-6.7245	-0.37612	0.862821312147838
35.282	-0.54191	-4.5888	0.0683417163178369
35.082	-1.3413	-5.5522	-0.412349655604766
35.866	-8.262	-4.0059	1.15991092510238
37.104	-7.4099	-0.84084	-0.937197232508101
35.513	-9.1151	-3.2543	-1.18943046169415
36.187	-7.133	-0.64214	-0.261120050987618
35.107	-0.70271	-4.7009	0.575766501166503
37.184	-1.7013	-2.732	0.818711171221344
37.267	-6.9481	-1.9059	0.29126656561319
32.963	-0.82231	0.13576	1.645
35.467	-1.2018	-5.1814	0.71638142149716
19.144	-11.629	-3.5846	1.06457129291123
35.444	-3.6749	-0.45329	0.335268772672449
33.256	-0.209	-5.6186	0.845479856201984
38.277	-5.7043	-2.5148	1.14223952070074
35.262	-6.5396	-0.11959	-0.166057905608999
36.147	-2.2079	-4.9607	0.403406967901809
25.063	2.6942	0.50611	1.645
35.954	-7.1833	-0.97152	-0.573162150754507
31.359	1.133	-1.4757	1.645
36.883	-3.2841	-4.7561	-0.382408685262675
37.07	-3.5895	-4.5398	-0.953305492419536
29.455	1.4441	-0.33154	0.0340846753817754
30.771	-10.607	-3.8479	-1.23275169470785
35.249	-6.5454	-5.549	0.84461910642584
37.709	-3.0288	-3.4199	1.645
36.433	-4.7672	-1.4114	-0.825509748332792
27.534	-0.34665	-6.4868	-0.0317890343098568
36.086	-7.7136	-1.5338	-0.478275313535524
38.056	-6.0844	-2.1369	0.468292780924229
34.733	-2.7372	-1.1845	-0.52278472932024
34.09	-1.9336	-5.9096	-0.28905003011418
30.214	-10.125	-4.3742	-1.36309724781595
36.733	-2.908	-4.739	-0.853251642977082
32.649	-1.5728	0.16861	-1.645
35.94	-8.616	-2.4003	-0.556921410355723
38.211	-6.7695	-2.7243	0.122584486820016
34.473	-6.0424	-5.0366	0.517356891600776
36.627	-6.1571	-0.69163	0.169891394089389
36.064	-7.1385	-1.2273	-1.02137021022455
28.21	-11.078	-3.6007	-0.326731698755719
33.526	-9.8154	-3.646	-0.795800542140741
37.809	-4.4404	-2.6843	-0.391284316514321
36.294	-2.8729	-4.9081	-1.27589024568467
36.932	-2.2441	-4.676	1.645
34.882	-7.8087	-4.7386	-0.295829039937892
36.476	-7.382	-1.0621	-0.42389769294906
37.275	-3.0113	-4.2995	0.393107946056603
37.16	-7.4515	-1.5202	0.911603535977553
29.493	-2.0896	-0.37662	-0.655518091308705
36.008	-4.144	0.37998	-0.457529034159234
33.871	-0.68123	-5.6772	-0.548878646601056
26.97	-0.27744	-6.7405	-0.851332520851441
34.878	-7.421	-4.5206	-0.824951621607913
36.796	-7.0838	-1.2456	-0.716696760334735
36.362	-7.0014	-1.1047	-0.877515032305643
20.626	-11.99	-3.1838	1.5066765856956
37.31	-7.5264	-2.6178	0.80837937520663
30.671	-0.85242	-6.8893	-0.296009263419908
16.859	-12.177	-3.2421	-1.14782420151694
36.905	-4.2578	-0.4808	0.995729532846576
35.511	-1.8353	-5.3157	1.645
21.085	3.772	0.79139	-0.578352030265909
37.367	-3.737	-1.2535	-0.748957812247404
36.651	-7.5829	-1.2475	0.0969025836337817
35.014	-8.2377	-0.58041	-0.021652003258185
36.616	-6.8313	-0.47681	-0.0514074572433787
36.201	-2.0957	-4.461	-0.426181133371382
36.759	-7.1446	-0.57465	0.677193411394161
35.043	-1.2339	-5.4064	1.32647058585343
36.334	-6.388	-0.29077	-1.17733797422267
35.239	-3.0074	-0.11223	1.645
33.832	-8.7472	-3.3011	-1.04287015726928
29.377	1.7668	-0.97623	1.645
36.531	-6.2769	-0.45093	-1.09629433806823
35.735	-6.5504	-5.0381	-0.310003835976893
36.185	-8.2947	-3.287	-0.983696844179142
30.382	1.5907	-0.49021	0.360141796758501
36.292	-7.3381	-2.103	-0.506468056843289
30.558	0.84485	-0.90212	0.537494834467368
