-0.601756
-0.464172
-0.67321
-0.209482
-0.184199
-0.120457
-0.308891
-0.601756
-0.622959
-0.421127
-0.136792
-0.601756
-0.706973
-0.601756
-0.336812
-0.784917
-0.626609
-0.712537
-0.520051
-0.601756
-0.624191
-0.719974
-0.809359
-0.601756
-0.601756
-1.23286
-0.999135
-0.430599
-0.678538
-0.547805
-0.336021
-0.601756
-0.587473
1.53054
-0.425659
-0.601756
-0.474622
-0.384908
-0.214526
-0.601756
-0.957302
-0.816316
-0.601756
-0.487566
-0.722308
-0.589815
-0.775802
-0.403833
-0.18929
-0.125733
-0.292506
-0.403833
-0.480793
-0.403833
-0.396385
-0.821303
-0.0783185
-0.217744
-0.157466
-0.403833
-0.569843
-0.907823
-0.839523
-0.403833
-0.403833
-0.176722
-0.622975
-0.217182
-0.224966
-0.708771
-0.122962
-0.403833
-0.781327
1.42745
-0.117293
-0.403833
-0.567234
-0.201728
-0.0757454
-0.403833
-0.453734
-0.385123
-0.403833
-0.164191
-0.393003
-0.349796
-0.403833
-0.807303
-0.314021
-0.117221
-0.275026
-0.220235
-0.41864
-0.220235
0.310981
-0.579018
-0.271608
-0.736744
-0.190799
-0.220235
-0.464203
-0.165395
-0.421246
-0.220235
-0.220235
-0.385786
-0.317635
-0.0500651
-0.485368
-0.279588
-0.203929
-0.220235
-0.412387
1.31262
-0.410326
-0.220235
-0.0623564
-0.0461316
-0.138457
-0.220235
-0.151526
-0.117179
-0.220235
-0.0332324
0.0644975
-0.32149
-0.220235
-0.12066
-0.499789
-0.220235
-0.923502
-0.829972
-0.627251
-0.632681
-0.0356054
-0.527016
-0.354828
-0.716857
-0.289681
-0.632681
-0.298294
-0.165277
-0.252894
-0.632681
-0.632681
-0.561474
-0.491941
-0.427089
-0.879492
-0.498499
-0.598429
-0.632681
-0.441415
0.505659
-0.418625
-0.632681
-0.173494
-0.129429
-0.526473
-0.632681
-0.535558
-0.471992
-0.632681
0.0465191
-0.447642
-0.608585
-0.632681
-0.303686
-1.09594
-0.632681
-1.11896
-0.716741
-0.632681
-0.205349
-0.108198
0.0337194
-0.432032
-0.55997
-0.456362
-0.65521
-0.113311
-0.222122
-0.0224411
-0.65521
-0.65521
-0.702717
-0.49625
-0.461164
-0.785929
-0.335522
-0.505587
-0.65521
-0.911994
-0.463397
-0.437049
-0.65521
-0.312024
-0.0269102
-0.218407
-0.65521
-0.887173
-0.710341
-0.65521
-0.74019
-0.742524
-0.724205
-0.65521
-0.532024
-1.15926
-0.65521
-1.26681
-0.560062
-0.65521
-0.416422
-0.261046
-0.388731
-0.61198
-0.167896
-0.376833
-0.65521
-0.328116
-0.395264
-0.109302
-0.859167
-0.859167
-0.687021
-0.133168
-0.791954
-0.764645
-0.353745
-0.374326
-0.859167
-1.01496
-0.61965
-0.581434
-0.859167
-0.558139
-0.335253
-0.49303
-0.859167
-0.900386
-0.507634
-0.859167
-0.552991
-0.697764
-0.782083
-0.859167
-0.465121
-1.17017
-0.859167
-1.06614
-0.944191
-0.859167
-0.673772
-0.543572
-0.613584
-1.02745
-0.360686
-0.65952
-0.859167
-0.859167
-0.426666
-0.325777
-0.438913
-0.256399
-0.362851
-0.0196554
-0.526703
-0.643689
-0.349728
-0.359374
-0.256399
-0.421218
-0.0511437
-0.268356
-0.256399
-0.308417
-0.295233
-0.305555
-0.256399
-0.462456
-0.409456
-0.256399
-0.119001
-0.331787
-0.473046
-0.256399
-0.462792
-0.748784
-0.256399
-0.532607
-0.671441
-0.256399
-0.062307
-0.342112
-0.221275
-0.448232
-0.156372
-0.163748
-0.256399
-0.256399
-0.104842
-0.401322
-0.315923
-0.713418
-0.382137
-0.256399
-0.346632
-0.355873
-0.353074
-0.049736
-0.362253
-0.825565
-0.425137
-0.372262
-0.362253
-0.467857
-0.325378
-0.536351
-0.362253
-0.437765
-0.400506
-0.362253
-0.129023
-0.626512
-0.351768
-0.362253
-0.598727
-0.518239
-0.362253
-0.643813
-0.575954
-0.362253
-0.214371
-0.273096
-0.290526
-0.709749
-0.122571
-0.141871
-0.362253
-0.362253
-0.416159
-0.664387
-0.722264
-0.866811
-0.459765
-0.362253
-0.614685
-0.362253
-0.35965
-0.225827
-0.18341
-0.572263
-0.44548
-0.251456
-0.383097
-0.262244
-0.308349
-0.432498
-0.383097
-0.338309
-0.230246
-0.383097
-0.246362
-0.358683
-0.00879558
-0.383097
-0.476685
-0.668357
-0.383097
-0.680452
-0.8419
-0.383097
-0.422914
-0.242831
-0.610598
-0.274404
0.200641
-0.0397231
-0.383097
-0.383097
-0.630904
-0.947326
-0.950426
-0.530087
-0.32177
-0.383097
-0.649917
-0.383097
-0.46757
-0.565925
-0.405465
-0.239002
-0.0845253
-0.408106
-0.383097
0.173983
0.166977
0.220045
0.17601
-0.153016
-0.0106794
0.17601
0.0437705
0.0925968
0.406519
0.17601
0.282791
-0.0566104
0.17601
-0.4307
-0.114518
0.17601
0.253596
0.229115
0.019669
0.457539
0.815271
0.630822
0.17601
0.17601
-0.29174
-0.63087
-0.318495
-0.37531
-0.196903
0.17601
-0.38724
0.17601
-0.311647
-0.845627
0.0804552
-0.601344
-0.485121
-0.587733
0.17601
0.17601
-0.439532
-0.812069
-0.549831
-0.0646086
-0.0634395
-0.0365187
0.0611395
-0.0568277
0.155222
-0.0365187
0.0662736
-0.29485
-0.0365187
-0.342372
0.0197329
-0.0365187
-0.0627988
0.139499
-0.125412
-0.203174
0.253603
0.560091
-0.0365187
-0.0365187
-0.411861
-0.867503
-0.44909
-0.304544
-0.103502
-0.0365187
-0.205311
-0.0365187
-0.316829
-0.854942
-0.0710082
-0.761533
-0.427958
-0.786026
-0.0365187
-0.0365187
-0.347601
-0.868314
-0.602327
1.14329
-0.23166
-0.0365187
-0.124189
-0.137356
-0.0635139
-0.0247343
-0.100477
-0.191301
-0.0247343
-0.0931628
-0.102682
-0.0247343
-0.111401
0.130389
-0.0223423
0.0331096
0.156264
0.565943
-0.0247343
-0.0247343
-0.418029
-0.76504
-0.216218
0.0781848
-0.0827636
-0.0247343
-0.368135
-0.0247343
-0.54842
-0.598534
-0.245466
-0.712219
-0.668471
-0.544727
-0.0247343
-0.0247343
-0.298211
-0.612986
-0.580308
0.370344
-0.256875
-0.0247343
-0.378359
0.10613
-0.302269
0.113294
-0.0247343
-0.720264
-0.215022
-0.704876
-0.430429
-0.215022
-0.555712
-0.220876
-0.442094
0.0954763
-0.038311
0.334321
-0.215022
-0.215022
-0.335155
-0.678289
-0.417537
-0.119759
-0.242088
-0.215022
-0.487999
-0.215022
-0.553844
-0.745345
-0.636629
-0.743039
-0.479271
-0.577196
-0.215022
-0.215022
-0.185762
-0.442091
-0.436612
0.124436
-0.0458766
-0.215022
-0.722529
-0.315459
-0.277318
-0.150307
-0.215022
0.0527786
-0.0729061
-0.119863
-0.215022
-0.186783
-0.17521
-0.246855
-0.252982
0.159165
-0.24418
0.0818625
-0.186783
-0.186783
-0.236597
-0.400882
-0.456197
0.0723768
0.215079
-0.186783
-0.0763139
-0.186783
-0.29504
-0.602436
-0.429414
-0.62713
-0.243327
-0.423303
-0.186783
-0.186783
-0.226069
-0.34982
-0.128473
-0.314666
-0.382496
-0.186783
-0.661148
-0.532314
0.115774
-0.073058
-0.186783
0.184228
0.110123
0.103832
-0.186783
-0.496836
-0.186783
-0.857613
-0.550975
0.0278379
-0.176941
-0.0830137
-0.115297
-0.115297
-0.118554
-0.107174
-0.156705
-0.0447247
0.0931875
-0.115297
0.0371864
-0.115297
-0.111272
-0.111795
0.0692836
-0.688274
0.00146151
-0.260453
-0.115297
-0.115297
-0.298693
-0.458613
-0.479449
-0.377208
-0.257344
-0.115297
-0.400004
-0.444645
-0.0225498
0.00641587
-0.115297
0.0570009
-0.16246
-0.0859214
-0.115297
-0.05364
-0.115297
-0.448263
-0.407571
-0.261615
-0.115297
-0.193886
-0.316329
-0.156937
-0.224525
-0.279832
-0.185096
-0.141564
0.256106
-0.156937
-0.256102
-0.156937
0.223484
0.0628785
0.187842
-0.361001
0.169955
-0.192423
-0.156937
-0.156937
-0.4648
-0.0410221
-0.546109
-0.28036
0.0961516
-0.156937
-0.21421
-0.765301
-0.0780998
-0.144304
-0.156937
-0.0885127
-0.276172
-0.0542467
-0.156937
-0.255661
-0.156937
-0.289541
-0.678658
-0.284849
-0.156937
-0.189549
-0.611259
-0.214045
0.0788562
-0.119324
-0.156937
-0.243164
0.206609
-0.517787
-0.545877
-0.517787
-0.0469677
-0.149224
-0.256169
-0.67428
-0.344818
-0.735592
-0.517787
-0.517787
-0.587784
-0.435354
-0.591333
-0.41628
-0.228769
-0.517787
-0.683379
-1.00248
-0.376082
-0.500432
-0.517787
-0.230808
-0.258913
-0.477042
-0.517787
-0.68513
-0.517787
-0.532292
-0.676535
-0.622852
-0.517787
-0.386296
-0.531215
-0.396465
-0.0867888
-0.24865
-0.517787
-0.136218
0.214943
-0.376659
-0.517787
-0.0261649
0.150617
0.0664148
-0.34581
-0.496911
-0.194608
-0.278462
-0.0261649
-0.0261649
-0.542555
-0.145942
-0.403448
-0.925437
-0.0646577
-0.0261649
-0.354528
-0.583596
0.0738191
-0.332956
-0.0261649
-0.391553
-0.263896
-0.154581
-0.0261649
-0.107418
-0.0261649
-0.200598
-0.106859
-0.692824
-0.0261649
-0.280003
-0.45697
-0.119103
-0.0164153
-0.012842
-0.0261649
-0.47353
0.199993
-0.0988595
-0.0261649
-0.426038
-0.0261649
-0.545017
-0.157613
-0.0158066
0.424163
-0.566624
0.0520055
0.0520055
-0.302984
0.0739389
-0.173387
-0.887045
0.291661
0.0520055
0.0788355
-0.395974
-0.143622
-0.574899
0.0520055
-0.516514
-0.22871
-0.0486044
0.0520055
0.0720561
0.0520055
-0.280398
-0.496818
-0.682435
0.0520055
-0.177819
-0.197695
-0.406563
-0.131487
-0.0474809
0.0520055
-0.0434061
0.134389
0.297879
0.0520055
-0.40971
0.0520055
-0.372867
-0.48017
-0.125755
0.0520055
-0.160119
0.086332
0.572496
-0.321919
0.348333
-0.320271
-0.508972
1.74122
0.572496
0.906716
-0.58456
-0.00658932
-0.542377
0.572496
-0.347651
-0.229878
-0.392885
0.572496
0.747943
0.572496
0.492444
0.00255301
-0.614343
0.572496
-0.0702999
0.0117336
-0.429771
-0.444147
0.0373461
0.572496
-0.283094
0.39085
0.321435
0.572496
-0.0666467
0.572496
-0.415632
0.313489
-0.366146
0.572496
-0.0461639
0.545364
-0.308319
-0.32888
-0.00264776
0.572496
-0.820679
-0.748594
-0.0967694
-0.501949
-0.554697
-0.243942
-0.187437
-0.0967694
-0.597113
-0.272268
-0.452142
-0.0967694
0.160955
-0.0967694
-0.168832
-0.326211
-0.695273
-0.0967694
-0.357787
-0.334303
-0.722094
-0.428161
-0.0435318
-0.0967694
-0.620377
-0.0129236
-0.190241
-0.0967694
-0.43991
-0.0967694
-0.470879
0.115369
-0.459073
-0.0967694
-0.117925
0.212038
-0.34491
-0.664635
-0.075402
-0.0967694
-0.319076
0.347415
0.418012
-0.0967694
-1.15122
-0.177791
-0.171865
-1.22537
-0.883189
-0.561748
-1.09866
-1.22537
-0.285591
-1.22537
0.163595
-1.13452
-0.98545
-1.22537
-0.587113
-0.947629
-1.16219
-1.04806
-0.611568
-1.22537
-1.41162
-1.05022
-1.2259
-1.22537
-0.483327
-1.22537
-0.756238
-0.557366
-0.968132
-1.22537
-0.495085
-0.815939
-0.800871
-0.580392
-0.108502
-1.22537
0.0233092
-0.00367164
0.570736
-1.22537
-0.353243
-1.22537
-0.709802
0.147663
-0.51717
-0.324534
-0.406243
-0.453109
0.415306
-0.453109
0.220351
-0.996731
-0.88269
-0.453109
-0.529601
-1.21835
-1.18712
-0.880225
-0.621011
-0.453109
-0.825377
-0.433504
-0.0705942
-0.453109
-0.817916
-0.453109
-1.03834
-0.648031
-1.06304
-0.453109
-0.476102
-0.950457
-0.608749
-0.0549241
-0.138933
-0.453109
0.025944
0.177331
0.394005
-0.453109
0.155327
-0.453109
-0.510496
-0.247848
-0.944969
-1.03112
-0.350566
-0.453109
0.737046
-0.454899
0.394906
-0.541273
-0.764186
-0.454899
-0.559944
-0.744294
-0.945435
-0.765645
-0.590334
-0.454899
-0.421422
-0.349964
-0.370417
-0.454899
-0.608251
-0.454899
-0.6942
-0.886082
-0.553223
-0.454899
-0.267251
-0.210946
-0.705648
-0.136736
-0.183802
-0.454899
-0.573355
-0.36936
-0.545923
-0.454899
-1.00912
-0.454899
-0.868243
-0.25308
-0.991841
-0.133282
-0.0164985
-0.454899
-0.315452
-0.442747
-0.454899
-0.52486
-0.371063
0.467895
-0.188233
-0.109272
-0.284345
-0.55068
-0.258437
0.467895
-0.0864035
-0.00753823
0.187695
0.467895
0.415394
0.467895
-0.164693
-0.128704
-0.0166679
0.467895
-0.0965131
-0.0503103
-0.150744
-0.0745847
-0.0176647
0.467895
-0.267993
0.130576
0.0740346
0.467895
-0.281634
0.467895
-0.376114
0.315414
-0.169816
0.589523
-0.0284038
0.467895
0.0856841
-0.408267
0.467895
0.174629
0.0369826
0.467895
-0.568394
0.336642
-0.19698
-0.33912
-0.549363
0.0122223
-0.236204
-0.149852
-0.150994
0.0122223
0.494174
0.0122223
0.114771
-0.407184
-0.468018
0.0122223
-0.152276
-0.156447
-0.450002
-0.0957225
0.0265306
0.0122223
-0.492766
-0.581624
-0.537948
0.0122223
-0.810271
0.0122223
-0.457472
0.0843054
-0.654986
0.214193
0.0207057
0.0122223
-0.446647
-0.249583
0.0122223
-0.423174
-0.498483
0.0122223
-1.20383
-0.370681
0.0122223
-0.0505345
0.221826
-0.389155
-0.392299
-0.542045
-0.549921
-0.255495
0.558731
-0.255495
0.103422
-0.80278
-0.212932
-0.255495
-0.244982
-0.338624
-0.732297
-0.705593
-0.245407
-0.255495
-0.621515
-0.707651
-0.296557
-0.255495
-0.770317
-0.255495
-0.731455
-0.774367
-0.581946
0.144151
0.019775
-0.255495
-0.456741
-0.666153
-0.255495
-0.718916
-0.848877
-0.255495
-1.2072
-0.738103
-0.255495
-0.589709
0.256885
-0.0477849
-0.0804848
-0.259693
-0.433005
-0.255495
-0.0579957
-0.832451
-0.404165
-0.669146
-0.539055
-0.832451
-0.494026
-0.471386
-0.515839
-0.713435
-0.486624
-0.832451
-0.891598
-0.741993
-0.665624
-0.832451
-0.890184
-0.832451
-0.812864
-0.897041
-1.10508
-0.392668
-0.417045
-0.832451
-0.734038
-1.35207
-0.832451
-1.07876
-1.12133
-0.832451
-1.03555
-0.530419
-0.832451
-1.00091
0.0311634
-0.517038
-0.490959
-0.548114
-1.3567
-0.832451
-0.361773
-0.832451
-0.210933
-0.306483
-0.472088
-0.375198
-0.857102
-0.492197
-0.118949
-0.731936
-0.356085
-0.375198
-0.325073
-0.433205
-0.397765
-0.375198
-0.617114
-0.375198
-0.684072
-0.621102
-0.850468
-0.353126
-0.181937
-0.375198
-0.358901
-0.785048
-0.375198
-0.968424
-1.02754
-0.375198
-0.711919
-0.583919
-0.375198
-0.106285
-0.297112
-0.264222
-0.192307
-0.396582
-0.437546
-0.375198
-0.0650453
-0.375198
0.275389
0.336781
-0.536347
-0.375198
-0.546799
-0.475134
0.00543175
-0.664379
-0.459976
-0.464489
-0.306968
-0.514721
0.0182774
-0.464489
-0.648418
-0.464489
-0.968215
-0.715919
-0.654377
-0.508354
-0.199015
-0.464489
-0.451653
-0.816435
-0.464489
-1.20793
-1.15074
-0.464489
-0.381154
-0.40734
-0.464489
0.137499
-0.0989554
0.286266
-0.278909
-0.0196058
-0.58971
-0.464489
-0.411668
-0.464489
0.0546027
-0.00218308
0.0273436
-0.464489
-0.278092
-0.629118
-0.90865
-0.782718
-0.124954
-0.464489
-0.459378
-0.745361
-0.281947
-0.511935
-0.717577
-0.511935
-0.793628
-0.741532
-0.965323
-0.672169
-0.450068
-0.511935
-0.60465
-0.749083
-0.511935
-0.991585
-1.1115
-0.511935
-0.739037
-0.626831
-0.511935
-0.0670259
-0.244231
0.0492366
-0.221475
-0.244549
-0.199369
-0.511935
-0.594716
-0.511935
-0.303713
-0.410104
-0.168345
-0.511935
-0.157191
-0.491805
-0.466246
-0.271632
-0.0174147
-0.511935
-0.511935
-0.344892
0.0119621
-0.668561
-0.616454
-0.0678201
-0.449778
-0.153407
-0.847455
-0.364026
-0.172603
-0.0678201
-0.0999764
-0.506
-0.0678201
-0.437335
-0.634316
-0.0678201
-0.50291
-0.401252
-0.0678201
0.297095
-0.127681
0.363426
0.280656
0.194467
0.250852
-0.0678201
-0.176385
-0.0678201
-0.280242
-0.131769
-0.145931
-0.0678201
-0.119548
-0.388581
-0.344212
-0.365843
0.0251847
-0.0678201
-0.0678201
-0.603778
0.539438
-0.402102
-0.711642
-0.0678201
-0.545277
-0.612557
-0.799331
-0.237257
-0.867331
-0.129805
-0.376593
-0.632181
-0.129805
-0.318479
-0.537712
-0.129805
-0.739834
-0.478438
-0.129805
0.69862
0.057375
0.295204
0.325357
0.353276
0.23654
-0.129805
-0.0476633
-0.129805
-0.268323
-0.4832
0.173255
-0.129805
-0.110906
-0.526807
-0.605736
-0.770151
-0.123096
-0.129805
-0.129805
-0.748815
0.0908342
-0.667612
-0.35765
-0.129805
-0.384352
-0.847688
-0.418855
-0.416034
-0.328142
-0.129805
-0.472542
-0.957818
-0.194582
-0.293961
-0.573891
-0.194582
-0.631923
-0.39496
-0.194582
1.15462
0.190738
0.547508
0.636432
0.875729
0.192065
-0.194582
-0.0705072
-0.194582
-0.352781
-0.146522
-0.138574
-0.194582
-0.134342
-0.495504
-0.433677
-0.6228
-0.295804
-0.194582
-0.194582
-0.708512
-0.0923088
-0.530385
-0.49441
-0.194582
0.0128106
-0.42958
-0.564563
-0.0747898
-0.429825
-0.194582
-0.478499
-0.737315
-0.194582
-0.613687
-0.588625
-0.520924
-0.925165
-0.286466
-0.520924
-0.221193
-0.330592
-0.267993
-0.239588
-0.0478676
-0.274972
-0.520924
-0.247664
-0.520924
-0.565224
-0.587366
-0.345415
-0.520924
-0.0574857
-0.698747
-0.576177
-0.641841
-0.435986
-0.520924
-0.520924
-0.6809
0.0183556
-0.284345
-0.795986
-0.520924
-0.724582
-0.743764
-0.71526
-0.332344
-0.431075
-0.520924
-0.348599
-0.651632
-0.520924
-0.251602
-0.598371
-0.520924
-0.550672
-0.226712
-0.707925
-0.186245
-0.306471
-0.532656
-0.305566
-0.344107
-0.577566
-0.707925
-0.530056
-0.707925
-0.448412
-0.615176
-0.329425
-0.707925
-0.347277
-0.523333
-0.329259
-0.779398
-0.406144
-0.707925
-0.707925
-1.0545
-0.532657
-0.657329
-0.649312
-0.707925
-0.514504
-0.568249
-0.800889
-0.265955
-0.505387
-0.707925
-0.760172
-0.807542
-0.707925
-0.749628
-0.658907
-0.707925
-0.58406
-0.373473
-0.554126
-0.74032
-0.266433
-0.707925
-0.0917234
0.0380071
-0.121309
-0.501874
-0.434709
-0.501874
-0.207519
-0.643747
-0.462145
-0.501874
-0.389044
-0.341988
-0.102139
-0.909535
-0.388207
-0.501874
-0.501874
-0.959446
-0.338334
-0.16656
-0.570486
-0.501874
-0.340856
-0.502523
-0.569268
0.0748599
-0.24353
-0.501874
-1.05052
-0.65402
-0.501874
-0.695266
0.206912
-0.501874
-0.466994
-0.172848
-0.725121
-0.49928
-0.315208
-0.501874
-0.501874
-0.515535
-0.361943
-0.287713
-0.125039
-0.207774
-0.164781
-0.443925
-0.0307348
-0.207774
-0.145784
-0.132197
-0.000736175
-0.191938
-0.280554
-0.207774
-0.207774
-0.301835
-0.108617
-0.0341374
-0.604513
-0.207774
-0.260443
-0.408154
-0.349168
-0.0184354
-0.29905
-0.207774
-0.698943
-0.519276
-0.207774
-0.636754
0.0617343
-0.207774
-0.137833
-0.129405
-0.732572
-0.62316
-0.263769
-0.207774
-0.207774
-0.204866
-0.595729
-0.391741
-0.0373708
-0.305043
-0.151806
-0.207774
-0.454226
-0.201856
-0.248961
-0.57763
-0.141339
-0.0488565
-0.16686
-0.201856
-0.201856
-0.251088
-0.0575402
0.489878
-0.730783
-0.201856
-0.0566174
-0.597022
-0.339509
-0.145835
-0.207616
-0.201856
-0.995955
-0.549639
-0.201856
-0.659939
-0.312487
-0.201856
-0.0657111
-0.167277
-0.499528
-0.380484
-0.0378349
-0.201856
-0.201856
0.0536631
-0.331416
0.0936877
-0.235765
-0.544554
-0.249727
-0.201856
-0.152994
-0.0147666
-0.560236
-0.201856
-0.02005
-0.311087
-0.420428
-0.342014
-0.342014
-0.503921
0.210583
-0.0450936
-0.547632
-0.342014
-0.175966
-1.08467
-0.231481
-0.0830399
-0.224682
-0.342014
-0.643644
-0.690153
-0.342014
-0.486009
-0.98117
-0.342014
-0.567548
-0.201207
-0.410993
-0.0818279
-0.443999
-0.342014
-0.342014
-0.0934513
-0.341375
-0.152641
-0.298898
-0.281996
-0.373482
-0.342014
-0.245839
0.597083
-0.414858
-0.342014
-0.575373
-0.180606
-0.456644
-0.342014
0.0714547
-0.338369
0.356281
-0.439235
-0.341235
0.0714547
-0.189147
-0.608132
-0.198848
-0.140311
-0.0963893
0.0714547
-0.685957
-0.256641
0.0714547
-0.265233
-0.376484
0.0714547
-0.424652
-0.487488
-0.496963
-0.461586
-0.501532
0.0714547
0.0714547
0.625346
0.105702
-0.0100372
0.0609403
0.357985
-0.329783
0.0714547
-0.0550889
0.418496
-0.202948
0.0714547
-0.187149
-0.0848116
-0.300566
0.0714547
-0.310228
-0.365934
-0.458005
0.0714547
-0.349782
-0.0177309
0.0993487
-0.635559
0.0181153
-0.0484783
0.00836415
-0.0177309
-0.79681
-0.556652
-0.0177309
-0.587425
-0.321605
-0.0177309
-0.275206
0.119977
-0.648516
-0.428997
-0.400642
-0.0177309
-0.0177309
-0.202253
-0.251481
0.220275
-0.210716
-0.273986
-0.239652
-0.0177309
-0.35454
0.690552
-0.238704
-0.0177309
0.134867
0.103739
-0.0763735
-0.0177309
0.0704533
-0.327565
-0.166803
-0.0177309
-0.218738
-0.0177309
0.00151382
-0.117327
0.152763
0.00484003
-0.274331
-0.0967717
-0.84171
-0.161301
-0.0967717
-0.415472
-0.501427
-0.0967717
-0.585722
0.132584
-0.475662
-0.7516
-0.39462
-0.0967717
-0.0967717
0.0141489
0.085381
-0.606555
-0.160448
-0.281382
-0.281454
-0.0967717
-0.107694
0.33477
-0.0341373
-0.0967717
0.195031
-0.345481
-0.256201
-0.0967717
-0.28857
-0.390203
-0.149213
-0.0967717
-0.349625
-0.0967717
-0.322475
-0.177736
-0.0967717
-0.386575
-0.191025
-0.33246
-0.516488
-0.763098
0.00446257
-0.715768
-0.642024
0.00446257
-0.136332
-0.197493
-0.418728
-0.649573
-0.307263
0.00446257
0.00446257
-0.0536055
0.121532
-0.376227
-0.408853
-0.0900931
-0.273602
0.00446257
-0.353863
0.287344
-0.361496
0.00446257
-0.315123
-0.450552
-0.62726
0.00446257
-0.317859
0.130824
0.0366495
0.00446257
-0.316144
0.00446257
0.0641322
0.205758
0.00446257
-0.403075
-0.0356552
-0.640158
0.108159
-0.390722
0.0577218
0.00446257
-0.363999
-0.530164
-0.284985
-0.322534
-0.861742
-1.08157
-0.417493
-0.530164
-0.530164
-0.747916
-0.0154604
-0.496447
-0.579969
-0.19935
-0.369248
-0.530164
-0.9798
-0.291213
-0.658854
-0.530164
-0.58474
-0.571796
-0.762835
-0.530164
-0.659033
-0.416562
-0.631635
-0.530164
-0.697943
-0.530164
-0.288046
-0.793241
-0.530164
-0.892659
-0.396453
-1.2838
-0.388418
-0.447256
-0.407684
-0.530164
-0.285941
-0.255229
-1.00086
-0.530164
-0.968339
-0.235442
-0.508471
-0.0324429
-0.0324429
-0.845738
-0.177552
-0.520463
-0.0548354
1.18187
0.667109
-0.0324429
-0.676157
0.062278
-0.353167
-0.0324429
-0.515575
-0.618442
-0.565393
-0.0324429
-0.47048
-0.428593
-0.681457
-0.0324429
-0.589821
-0.0324429
-0.852736
-0.845882
-0.0324429
-0.792591
-0.192526
-0.536631
-0.392472
-0.19279
0.0931137
-0.0324429
-0.42406
-0.416583
-0.667463
-0.0324429
-0.608921
-0.322665
-0.483509
-0.0324429
-0.6742
-0.791445
-0.431989
-0.79979
-0.428305
1.53633
0.853709
-0.6742
-1.00242
-0.935784
-0.417619
-0.6742
-0.487127
-0.645737
-0.945106
-0.6742
-0.86416
-0.944986
-0.562615
-0.6742
-0.667588
-0.6742
-1.22003
-0.861611
-0.6742
-1.06639
-0.447533
-0.913517
-0.604445
-0.109353
-0.145984
-0.6742
-0.788791
-0.950214
-0.721734
-0.6742
-1.05105
-0.51757
-1.20546
-0.6742
-0.514743
-0.33184
-0.273303
-0.6742
-0.807368
-0.068148
0.098369
-0.519267
-0.845902
-0.365752
-0.436102
-0.519267
-0.0186057
-0.0218439
-0.157738
-0.519267
-0.623596
-0.136022
-0.278066
-0.519267
-0.848077
-0.519267
-0.814113
-0.730184
-0.519267
-0.965384
-0.248265
-0.564813
-0.538981
-0.657424
-0.457691
-0.519267
-0.606762
-1.01771
-0.659285
-0.519267
-1.07501
-0.878474
-0.700396
-0.519267
-0.169917
-0.0781448
-0.00554262
-0.519267
-0.519267
-0.583342
-0.836479
-0.876872
-1.2143
-0.501488
-0.434612
-0.609279
-0.410317
-0.513566
-0.753928
-0.609279
-0.341061
-0.667498
-0.0084483
-0.609279
-0.651498
-0.609279
-0.757452
-0.428158
-0.609279
-0.558436
-0.332566
-0.606218
-0.564198
-0.188303
-0.361949
-0.609279
-0.533559
-0.986945
-0.459528
-0.609279
-0.598126
-0.722223
-0.66592
-0.609279
-0.4621
-0.200751
-0.350955
-0.609279
-0.609279
0.0305593
-0.602776
-0.232892
0.035557
-0.381293
-0.24582
-0.609279
-0.410191
0.321935
-0.101892
-0.18044
0.0923224
-0.363613
0.157948
-0.18044
0.0830498
-0.18044
-0.818493
-0.561496
-0.18044
-0.204057
0.108105
0.226638
-0.62059
0.219977
-0.0595491
-0.18044
-0.371333
-0.0237598
0.188738
-0.18044
-0.557566
-0.619846
-0.667316
-0.18044
-0.515343
-0.626274
-0.215026
-0.18044
-0.18044
0.18658
-0.443158
-0.222859
-0.00443674
-0.584859
-0.730629
-0.18044
-0.637233
-0.18044
-0.51346
-1.40128
0.165515
-0.384239
0.185693
-0.216253
-0.0218703
-0.216253
-0.693707
-0.275032
-0.216253
0.00784839
-0.121952
-0.148518
-0.382922
-0.0168123
-0.15624
-0.216253
-0.418148
-0.187228
-0.122351
-0.216253
-0.322361
-0.136142
-0.35542
-0.216253
-0.345056
-0.488849
-0.389084
-0.216253
-0.216253
-0.252097
-0.307784
-0.183525
-0.347238
-0.302732
-0.249561
-0.216253
-1.0373
-0.216253
-0.628375
-0.850939
0.0931845
-0.258414
-0.216253
0.034099
-0.39806
-0.242302
-0.628324
-0.412829
-0.242302
-0.306308
-0.264284
-0.252513
-0.568876
-0.0561548
-0.197532
-0.242302
-0.503399
0.076362
-0.0690081
-0.242302
-0.356977
-0.275644
-0.367942
-0.242302
-0.470533
-0.775983
-0.37957
-0.242302
-0.242302
-0.290189
-0.202417
-0.116088
-0.252481
-0.756757
-0.303892
-0.242302
-0.831492
-0.242302
-0.904556
-1.18059
-0.148516
-0.490146
-0.242302
0.413985
-0.242302
0.113904
0.0115852
-0.161169
-0.53957
-0.570241
-0.406659
-0.685579
-0.568317
-0.372623
-0.404077
-0.53957
-0.518339
-0.0755126
-0.14351
-0.53957
-0.460879
-0.530069
-0.466738
-0.53957
-0.768763
-0.9459
-0.721893
-0.53957
-0.53957
-0.741323
-0.69863
-0.280825
-0.546276
-0.963583
-0.438098
-0.53957
-0.985454
-0.53957
-1.37787
-1.40349
-0.378291
-0.268185
-0.53957
0.263459
-0.53957
0.109734
-0.168211
-0.433374
-0.409044
-0.304724
-0.485549
-0.53957
-0.353796
-0.392093
-0.18775
-0.585073
-0.291715
0.0549527
-0.106695
-0.585073
-0.585655
-0.634659
-0.519553
-0.585073
-0.548088
-0.756089
-0.323916
-0.585073
-0.585073
-0.809018
-0.762798
-0.283103
-0.477353
-0.672347
-0.505368
-0.585073
-1.02398
-0.585073
-1.2684
-1.20353
-0.0379429
-0.510143
-0.585073
0.63421
-0.585073
-0.0348098
-0.223592
-0.139996
-0.307503
-0.277588
-0.368403
-0.585073
-0.338089
-0.568776
-0.585073
-0.664268
-0.237609
-0.138736
-0.136353
-0.377229
-0.471873
-0.387326
-0.355507
-0.377229
-0.592315
-0.777038
-0.483554
-0.377229
-0.377229
-0.905182
-0.623924
-0.507348
-0.53919
-0.537542
-0.435276
-0.377229
-0.868355
-0.377229
-0.863593
-1.19826
0.210058
-0.359123
-0.377229
0.519105
-0.377229
0.00134935
-0.23223
-0.0746026
-0.102619
-0.238112
-0.104501
-0.377229
-0.212418
-0.229959
-0.377229
-0.487996
-0.478813
-0.200626
-0.377229
-0.47429
-0.62283
-0.356203
-0.325887
-0.29805
-0.630125
-0.529457
-0.447416
-0.29805
-0.29805
-0.739646
-0.559423
-0.590911
-0.459816
-0.542738
-0.343006
-0.29805
-0.961547
-0.29805
-0.901453
-1.36045
-0.199611
-0.559089
-0.29805
0.678417
-0.29805
0.160296
-0.0480945
-0.113546
-0.0248761
-0.155717
-0.136443
-0.29805
-0.176367
-0.306457
-0.29805
-0.523461
-0.335817
-0.374757
-0.29805
-0.597966
-0.29805
-0.146019
-0.178017
-0.272826
-0.906406
-0.693249
-0.859127
-0.383448
-0.383448
-0.30016
-0.171691
-0.553205
-0.326929
-0.47465
-0.0148231
-0.383448
-1.10102
-0.383448
-1.08364
-1.19627
-0.642012
-0.614792
-0.383448
0.208212
-0.383448
-0.033183
-0.0583654
-0.316068
-0.0355091
-0.130405
-0.342199
-0.383448
-0.439733
-0.393252
-0.383448
-0.326557
-0.590113
-0.381234
-0.383448
-0.421197
-0.383448
-0.302908
-0.279251
-0.231736
-0.383448
-0.466232
-0.32463
-0.446987
-0.672487
-0.688051
-0.538703
-0.934342
-0.583271
-0.48417
-0.109519
-0.672487
-0.866189
-0.672487
-0.977699
-0.825432
-1.34107
-1.31232
-0.672487
-0.795754
-0.672487
-0.291963
-0.266926
-0.450686
-0.443894
-0.409377
-0.60005
-0.672487
-0.530069
-0.534031
-0.672487
-0.574184
-0.9459
-0.589204
-0.672487
-0.501305
-0.672487
-0.442934
-0.584195
-0.493376
-0.672487
-0.595567
-0.503332
-0.62745
-0.810513
-0.596962
-0.756121
-0.672487
-0.592734
-0.485603
-0.327862
-0.646296
-0.924992
-0.646296
-0.987543
-0.841882
-1.10931
-1.02857
-0.646296
-0.954974
-0.646296
-0.48465
-0.259504
-0.641361
-0.577346
-0.360751
-0.411269
-0.646296
-0.520148
-0.4353
-0.646296
-0.578306
-0.669924
-0.461396
-0.646296
-0.436111
-0.646296
-0.50503
-0.534442
-0.445018
-0.646296
-0.595753
-0.492859
-0.668636
-0.740871
-0.4765
-0.311111
-0.646296
-0.646296
-0.608055
-0.806557
-0.760707
-0.573152
-0.493907
-0.816783
-0.598772
-0.905583
-0.928753
-0.493907
-0.765587
-0.493907
-0.433242
-0.331397
-0.346922
-0.341167
-0.230495
-0.323068
-0.493907
-0.240832
-0.31734
-0.493907
-0.513182
-0.384082
-0.325901
-0.493907
-0.249583
-0.493907
-0.435642
-0.318396
-0.458711
-0.493907
-0.341889
-0.299366
-0.448749
-0.531058
-0.604792
-0.360142
-0.493907
-0.493907
-0.422093
-0.395958
-0.577543
-0.205009
-0.493907
-0.603908
-0.780123
-0.977383
-1.08193
-0.827831
-1.023
-0.827831
-0.782135
-0.495066
-0.823367
-0.846318
-0.514559
-0.677535
-0.827831
-0.446484
-0.453174
-0.827831
-0.88606
-0.762625
-0.393123
-0.827831
-0.234598
-0.827831
-0.28021
-0.672204
-0.438979
-0.827831
-0.601604
-0.298548
-0.559154
-0.654893
-0.663519
-0.478969
-0.827831
-0.827831
-0.686984
-0.643476
-0.86402
-0.850609
-0.827831
-0.774522
-0.786732
-0.558214
-0.624731
-0.493988
-0.827831
-0.755941
-0.965418
-0.349877
-0.986429
-0.843824
-0.159975
-0.790476
-0.755941
-0.415521
-0.552347
-0.755941
-0.964341
-0.775825
-0.540461
-0.755941
-0.450343
-0.755941
-0.0280557
-0.546021
-0.14912
-0.755941
-0.695762
-0.425074
-0.665014
-0.455897
-0.435201
-0.395158
-0.755941
-0.755941
-0.504736
-0.607773
-0.847041
-0.819235
-0.755941
-0.883939
-0.946521
-0.665107
-0.956731
-0.463988
-0.755941
-1.23388
-0.78616
-1.11304
-0.755941
-0.992882
-0.361652
-0.601314
-1.07532
-0.52424
-0.546065
-1.07532
-1.15023
-0.744458
-0.540551
-1.07532
-0.616593
-1.07532
-0.276807
-0.821889
-0.200757
-1.07532
-0.820344
-0.622951
-0.83791
-0.998436
-0.97026
-0.929399
-1.07532
-1.07532
-0.700019
-0.706753
-1.2486
-1.29751
-1.07532
-1.02
-1.14101
-0.740576
-0.819917
-0.506483
-1.07532
-1.03676
-0.74264
-0.838849
-1.07532
-0.634063
-0.361507
-0.970794
-1.07532
-0.601596
-0.469508
-0.752431
-0.746421
-0.286549
-0.218241
-0.752431
-0.55031
-0.752431
-0.32303
-0.682995
-0.510511
-0.752431
-0.532672
-0.424511
-0.595133
-0.808611
-0.642244
-0.247901
-0.752431
-0.752431
-0.35931
-0.531885
-0.739391
-1.25227
-0.752431
-0.952454
-1.10055
-0.705506
-0.648485
-0.394694
-0.752431
-0.811065
-0.583392
-0.6889
-0.752431
-0.49532
-0.32862
-0.561916
-0.752431
-0.473256
-1.07513
-0.752431
-0.727154
-0.222006
-0.581723
-0.483655
-0.85459
-0.483655
-0.0641027
-0.24495
-0.437273
-0.483655
-0.321561
-0.108048
-0.139447
-0.311783
-0.542111
-0.0917804
-0.483655
-0.483655
-0.54555
-0.237232
-0.763645
-0.910332
-0.483655
-0.472298
-0.826196
-0.412807
-0.438068
-0.326112
-0.483655
-0.493505
-0.535515
-0.269538
-0.483655
-0.608152
-0.235375
-0.52481
-0.483655
-0.485149
-0.630901
-0.483655
-0.345129
-0.483655
-0.697607
-0.707188
-0.646719
-0.446542
-0.280534
-0.386408
-0.457448
-0.446542
-0.285525
-0.145283
0.0335135
-0.407082
-0.301783
-0.185946
-0.446542
-0.446542
-0.80352
-0.618772
-0.999771
-0.999614
-0.446542
-0.509109
-0.712389
-0.40901
-0.408861
-0.184193
-0.446542
-0.716467
-0.68978
-0.162076
-0.446542
-0.478709
-0.187793
-0.803552
-0.446542
-0.268573
-0.588039
-0.446542
-0.673431
-0.446542
-0.775197
-0.913728
-0.405786
-0.446542
-0.538745
-0.463892
-0.696512
-0.443665
-0.203852
-0.0708606
0.0827766
-0.416679
-0.456401
-0.397942
-0.443665
-0.443665
-0.865421
-0.556346
-0.819247
-0.785954
-0.443665
-0.86407
-0.717826
-0.416154
-0.36601
-0.299397
-0.443665
-0.573803
-0.631139
-0.408625
-0.443665
-0.268407
-0.285874
-0.705647
-0.443665
-0.783967
-0.643059
-0.443665
-0.823128
-0.443665
-0.659336
-0.762894
-0.367163
-0.443665
-0.333317
-0.252504
-0.521521
-0.459049
-0.409425
-0.443665
-0.318344
-0.120929
-0.362045
-0.32294
-0.381561
-0.381561
-0.456235
-0.395428
-0.847715
-0.419671
-0.381561
-0.2893
-0.312397
-0.459133
-0.358701
-0.530023
-0.381561
-0.294484
0.0183018
-0.143198
-0.381561
-0.216747
-0.326648
-0.778487
-0.381561
-0.777623
-0.555166
-0.381561
-0.877097
-0.381561
-0.353016
-0.687367
-0.0745028
-0.381561
-0.343724
-0.423956
-0.540946
-0.193087
-0.655407
-0.381561
-0.386164
-0.0794402
-0.381561
-0.168556
-0.0698336
-0.32775
-0.6929
-0.618896
-0.899696
-0.268072
-0.32775
-0.00798692
-0.261349
-0.429975
-0.529474
-0.578565
-0.32775
-0.239823
0.0818542
-0.29643
-0.32775
-0.323778
-0.303471
-0.65648
-0.32775
-0.564166
-0.61632
-0.32775
-0.512646
-0.32775
-0.425467
-0.946875
0.0418112
-0.32775
-0.320322
-0.64113
-0.709066
-0.149686
-0.295184
-0.32775
-0.0726449
-0.0764885
-0.32775
-0.052963
-0.168855
-0.32775
-0.362603
-0.141418
-0.393523
-0.481461
-0.731024
-0.378591
-0.251642
-0.582274
-0.807118
-0.442181
-0.731024
-0.465703
-0.248253
-0.607754
-0.731024
-0.408108
-0.517537
-0.997437
-0.731024
-0.404561
-0.203418
-0.731024
-0.250322
-0.731024
0.00111224
-0.586494
-0.0950086
-0.731024
-0.457526
-0.805206
-0.717539
-0.182133
-0.237611
-0.731024
-0.261384
-0.148679
-0.731024
-0.559839
-0.234776
-0.731024
-0.6794
-0.0917199
-0.679445
-0.874286
-0.731024
-0.449455
-0.505763
-0.558304
-0.357049
-0.595526
-0.361519
-0.275984
0.00378804
-0.450205
-0.361519
-0.2414
-0.340661
-0.644675
-0.361519
-0.0710653
-0.225588
-0.361519
0.170148
-0.361519
0.00529895
-0.500118
-0.136977
-0.361519
-0.269492
-0.369143
-0.361328
-0.218567
-0.058007
-0.361519
-0.283568
-0.256824
-0.361519
-0.1438
-0.204635
-0.361519
-0.348039
-0.0616983
-0.433315
-0.644403
-0.361519
-0.668551
-0.453658
-0.525207
-0.489013
-0.361519
-0.411348
-0.571496
-0.102948
-0.29669
-0.420358
-0.317648
-0.410094
-0.744847
-0.420358
-0.191956
-0.396674
-0.420358
0.00447273
-0.420358
-0.144351
-0.436504
-0.297177
-0.420358
-0.286229
-0.58845
-0.5293
-0.1775
-0.122594
-0.420358
-0.206226
-0.29171
-0.420358
-0.495468
-0.337827
-0.420358
-0.371475
-0.133119
-0.514981
-0.427548
-0.420358
-0.608669
-0.651848
-0.694677
-0.433349
-0.420358
-0.541105
-0.420358
-0.200321
-0.669297
-0.565669
-0.348214
-0.196512
-0.413731
-0.215348
0.0952024
-0.296016
-0.215348
-0.18186
-0.215348
-0.212759
-0.199655
-0.30625
-0.215348
-0.0898432
-0.381609
-0.412651
0.062184
0.0261397
-0.215348
-0.199643
-0.351689
-0.215348
-0.35688
-0.586234
-0.215348
-0.278759
-0.0142246
-0.392126
-0.364359
-0.215348
-0.340447
-0.684721
-0.542653
-0.129256
-0.215348
-0.457718
-0.215348
0.22606
-0.434357
-0.187141
-0.215348
-0.288126
-0.547418
-0.350058
-0.148408
0.00564163
-0.247131
-0.117531
-0.247131
0.0735927
-0.0947482
-0.203665
-0.247131
-0.157785
-0.432406
-0.525705
-0.184723
-0.0357816
-0.247131
-0.558981
-0.372776
-0.247131
-0.480747
-0.441944
-0.247131
0.0576617
0.000414431
-0.219204
-0.136145
-0.247131
-0.544861
-0.70134
-0.728292
-0.375343
-0.247131
-0.600276
-0.247131
-0.0741824
-0.597934
-0.271655
-0.247131
-0.33172
-0.209474
-0.0400375
-0.247131
-0.292234
-0.254921
-0.403882
-0.118118
-0.275893
-0.131203
-0.582475
-0.118118
-0.224278
-0.519091
-0.45988
-0.277686
0.431937
-0.118118
-0.397773
-0.042241
-0.118118
-0.396112
-0.352
-0.118118
0.100183
0.063476
-0.274932
-0.251063
-0.118118
-0.897187
-0.53981
-0.255557
-0.615159
-0.118118
-0.417673
-0.118118
-0.16443
-0.194342
-0.157346
-0.118118
-0.411187
-0.337364
0.115142
-0.118118
-0.377967
-0.000281303
-0.278292
-0.118118
-0.330187
-0.0423608
-0.0309798
-0.16364
-0.0966903
-0.316569
-0.697013
-0.204709
0.0877341
-0.16364
-0.423366
-0.548047
-0.16364
-0.0903973
-0.362244
-0.16364
-0.099185
0.125985
-0.44283
-0.455829
-0.16364
-0.315552
-0.32513
-0.0951774
-0.513645
-0.16364
-0.31755
-0.16364
0.0104959
0.0536771
-0.186771
-0.16364
-0.272199
-0.621598
0.0341884
-0.16364
-0.611749
-0.042037
-0.279266
-0.16364
-0.0986159
-0.0417919
0.0202961
-0.16364
-0.18703
-0.143068
-0.631326
-0.441829
-0.327089
-0.374351
-0.318664
-0.283915
-0.374351
-0.195739
-0.387393
-0.374351
0.0793096
0.0614717
-0.0977092
-0.658044
-0.374351
-0.68057
-0.408864
-0.362964
-0.626174
-0.374351
-0.455726
-0.374351
-0.185532
-0.130655
-0.335453
-0.374351
-0.354596
-0.53944
-0.0939657
-0.374351
-0.267685
-0.315847
-0.378593
-0.374351
-0.430413
-0.0891767
-0.34536
-0.374351
-0.310488
-0.246506
-0.502917
-0.33645
-0.434409
-0.170492
-0.374351
-0.171592
-0.326528
-0.357564
-0.227105
-0.326528
-0.284081
0.0610281
-0.27393
-0.979444
-0.326528
-0.677922
-0.732392
-0.569906
-0.540002
-0.326528
-0.466095
-0.326528
-0.183423
-0.291924
-0.432961
-0.326528
-0.334387
-0.351174
0.0178767
-0.326528
-0.269332
-0.448493
-0.433178
-0.326528
-0.0519883
-0.159237
-0.322117
-0.326528
-0.0812458
-0.155131
-0.312163
-0.0101476
-0.353256
-0.189278
-0.326528
-0.208476
-0.326528
-0.380733
-0.506993
-0.273473
-0.289472
-0.147034
-0.618861
-1.14465
-0.273473
-0.911641
-0.780143
-0.661397
-0.48021
-0.273473
-0.437354
-0.273473
-0.224498
-0.182201
-0.300349
-0.273473
-0.0435169
-0.362876
0.130052
-0.273473
-0.363172
-0.435439
-0.291559
-0.273473
-0.141176
-0.276049
-0.442675
-0.273473
-0.0711501
-0.11415
-0.39733
-0.208721
-0.160168
-0.0174182
-0.273473
-0.207742
-0.273473
-0.148524
-0.2794
-0.273473
-0.369606
-0.257593
-0.22819
-1.07014
-0.310388
-0.795932
-0.542683
-0.710054
-0.678516
-0.310388
-0.535602
-0.310388
-0.232013
-0.182519
-0.349775
-0.310388
-0.266721
-0.369572
0.173158
-0.310388
-0.389211
-0.379874
-0.354361
-0.310388
-0.324896
-0.433909
-0.555987
-0.310388
-0.240407
-0.135251
-0.433029
-0.181895
-0.409948
-0.194556
-0.310388
-0.190834
-0.310388
-0.330742
-0.223524
-0.310388
-0.566271
-0.41769
-0.573082
-0.168357
-0.372552
-0.515653
-0.310388
-0.647184
-0.494353
-0.82291
-0.848634
-0.82291
-0.441267
-0.654494
-0.729025
-0.82291
-0.359806
-0.86421
-0.127909
-0.82291
-0.44985
-0.320371
-0.750248
-0.82291
-0.597929
-0.74565
-0.749951
-0.82291
-0.205532
-0.15645
-0.551257
-0.366267
-0.746596
-0.564894
-0.82291
-0.601111
-0.82291
-0.269159
-0.562505
-0.82291
-0.908252
-0.60252
-1.08209
-0.547667
-0.786431
-0.687286
-0.82291
-0.78011
-0.616132
-0.627225
-0.82291
-0.791889
-0.920208
-0.743182
-0.980207
-0.791889
-0.66769
-0.833075
-0.224733
-0.791889
-0.486169
-0.555548
-0.587788
-0.791889
-0.467043
-0.861825
-0.720018
-0.791889
-0.255371
-0.393305
-0.773529
-0.327666
-0.649781
-0.374869
-0.791889
-0.449074
-0.791889
-0.507218
-0.926654
-0.791889
-0.864082
-0.311498
-0.709954
-1.32312
-0.987459
-1.05256
-0.791889
-0.698242
-0.626365
-0.359247
-0.791889
-0.791889
-0.697662
-0.920497
-0.305062
-0.835197
-0.6002
-0.712533
-0.347064
-0.835197
-0.404962
-0.488531
-0.590324
-0.835197
-0.302936
-0.694941
-0.501758
-0.835197
-0.0468515
-0.502244
-0.29034
-0.510777
-0.461787
-0.115822
-0.835197
-0.611796
-0.835197
-0.511638
-0.672828
-0.835197
-0.703599
-0.285528
-0.876118
-1.4095
-0.816466
-0.820669
-0.835197
-0.90419
-0.679209
-0.920882
-0.835197
-0.835197
-0.444504
-0.807612
-0.592142
-1.27278
-0.634423
-0.666159
-0.835197
-1.109
-0.826157
-0.586997
-0.799532
-1.109
-0.320581
-0.673715
-0.490574
-1.109
-0.354506
-0.611879
-0.76126
-1.01584
-0.869199
-0.864686
-1.109
-0.849391
-1.109
-0.63202
-1.19442
-1.109
-1.38917
-0.642584
-1.14761
-1.15148
-0.87498
-0.63929
-1.109
-0.832413
-0.794589
-0.813406
-1.109
-1.109
-0.55277
-0.829854
-0.934538
-0.841668
-0.922661
-0.428548
-1.109
-1.109
-0.193084
-0.508035
-0.677103
-1.21024
-0.221866
-0.391892
-0.610671
-1.21024
-0.620458
-0.738748
-0.812223
-1.00661
-1.01343
-0.849747
-1.21024
-1.08623
-1.21024
-0.719257
-1.02597
-1.21024
-1.21302
-0.797865
-1.41026
-1.33079
-0.671836
-0.517568
-1.21024
-0.876258
-0.949325
-0.951337
-1.21024
-1.21024
-0.515042
-0.629558
-0.796026
-0.924566
-0.76154
-0.740003
-1.21024
-1.21024
0.192196
-0.51913
-0.828313
-0.63833
-0.523328
-0.993831
-1.21024
-0.709601
-0.141843
-0.525599
-0.557566
-0.538971
-0.64426
-0.307582
-0.709601
-0.413294
-0.709601
-0.475967
-0.742443
-0.709601
-0.571162
-0.503426
-0.638627
-0.819692
-0.555779
-0.614911
-0.709601
-0.72931
-0.202513
-0.482187
-0.709601
-0.709601
-0.423747
-0.465483
-0.410191
-1.10618
-0.754781
-0.834042
-0.709601
-0.709601
0.0595387
-0.427762
-0.582494
-0.618678
-0.586213
-0.861079
-0.709601
-0.609205
-0.709601
-0.474905
-0.632916
-0.258989
-0.915837
-0.272081
-0.595402
-0.15668
-0.595402
-0.258101
-0.701418
-0.595402
-0.204542
-0.308044
-0.506264
-0.600782
-0.298111
-0.541426
-0.595402
-0.504021
-0.199529
-0.212298
-0.595402
-0.595402
-0.466373
-0.56785
0.034099
-1.33499
-0.883396
-0.976632
-0.595402
-0.595402
0.340066
-0.550347
-0.890792
-0.53915
-0.833604
-0.778984
-0.595402
-0.64208
-0.595402
-0.458462
-0.77971
-0.302231
-0.631093
-0.322361
-0.595402
-0.506609
-0.797227
-0.581716
-1.03465
-0.797227
-0.245977
-0.445991
-0.614465
-0.592296
-0.202775
-0.335578
-0.797227
-0.35466
-0.353225
-0.4794
-0.797227
-0.797227
-0.36087
-0.311473
0.342484
-1.07982
-0.698648
-0.541469
-0.797227
-0.797227
0.26064
-0.372642
-0.74647
-0.402662
-0.833438
-0.673891
-0.797227
-0.696704
-0.797227
-0.894644
-0.782646
-0.41578
-0.437662
-0.30768
-0.797227
-0.561475
-0.477493
-0.16327
-0.797227
-0.925904
-0.3384
-0.474014
-0.517506
-0.623083
-0.463257
-0.57409
-0.925904
-0.573302
-0.257806
-1.01622
-0.925904
-0.925904
-0.475322
-0.70422
-0.326114
-0.826223
-0.612815
-0.544729
-0.925904
-0.925904
-0.162841
-0.548076
-0.899715
-0.569762
-0.792118
-0.667295
-0.925904
-0.673827
-0.925904
-0.90916
-0.555036
-0.669898
-0.87778
-0.389497
-0.925904
-0.334405
-0.283075
-0.173762
-0.925904
-0.825957
-0.324513
-0.925904
-0.892433
-0.636153
-0.366378
-0.397291
-0.759368
-0.826136
-0.136644
-0.735566
-0.759368
-0.759368
-0.246723
-0.466468
0.122799
-0.768537
-0.556357
-0.456916
-0.759368
-0.759368
0.374797
-0.683663
-0.735854
-0.482158
-0.92482
-0.717925
-0.759368
-0.885446
-0.759368
-0.855993
-0.777081
-0.6038
-0.809433
-0.52371
-0.759368
-0.483169
-0.125075
-0.0626325
-0.759368
-0.495852
-0.489342
-0.759368
-0.63924
-0.759368
-0.716711
-0.467052
-0.258941
-0.560783
0.252563
-0.36915
-0.43092
-0.43092
-0.390739
-0.326597
0.331051
-0.359977
-0.454646
-0.452007
-0.43092
-0.43092
0.130127
-0.615778
-0.432241
-0.700562
-0.68749
-0.653884
-0.43092
-0.60698
-0.43092
-0.641947
-0.669989
-0.221742
-0.600582
-0.287797
-0.43092
-0.389803
-0.420194
-0.451143
-0.43092
-0.367749
-0.921314
-0.43092
-0.551645
-0.43092
-0.691063
-0.711319
-0.320831
-0.43092
-0.606001
-0.527059
-0.60617
-0.539822
-0.213236
-0.470746
0.569528
-0.558328
-0.147113
-0.304779
-0.539822
-0.539822
-0.508302
-0.796157
-0.83964
-0.647127
-0.657579
-0.615699
-0.539822
-0.715213
-0.539822
-0.942909
-0.816867
-0.209795
-0.571728
-0.297493
-0.539822
-0.352909
-0.225655
-0.835595
-0.539822
-0.416109
-1.10382
-0.539822
-0.0988382
-0.539822
-0.304032
-0.74836
-0.101204
-0.539822
-0.525874
-0.711686
-0.448767
-0.539822
-0.161455
-0.0695969
-0.276913
-0.557807
-0.775881
-0.149001
-0.364788
-0.364788
-0.910014
-0.702162
-0.552631
-0.669457
-0.887223
-0.886988
-0.364788
-0.471095
-0.364788
-0.541552
-0.37384
-0.248461
-0.532819
-0.286722
-0.364788
-0.544621
-0.165656
-0.485368
-0.364788
-0.208657
-0.653623
-0.364788
-0.525453
-0.364788
-0.486572
-0.822477
-0.15123
-0.364788
-0.428436
-0.3439
-0.342668
-0.364788
-0.00615257
0.206092
-0.0699325
-0.419305
0.176415
-0.0687469
-0.364788
-0.572509
-0.556575
0.0165893
-0.951084
-0.615639
-0.975299
-0.38747
-0.572509
-0.584409
-0.572509
-0.510863
-0.342091
-0.347293
-0.703846
-0.477557
-0.572509
-0.320991
-0.243103
-0.522515
-0.572509
-0.327826
-0.574257
-0.572509
-0.790683
-0.572509
-0.669499
-1.12041
-0.602628
-0.572509
-0.81955
-0.659434
-0.947615
-0.572509
-0.342811
-0.00120048
-0.516805
-0.359748
-0.377925
-0.0634508
-0.572509
-0.572509
-0.662687
-0.161728
-0.405846
-0.349078
-0.792251
-0.417792
-0.8255
-0.782456
-0.8255
-0.767969
-0.578483
-0.157886
-0.703828
-0.439929
-0.8255
-0.645788
-0.374724
-0.543586
-0.8255
-0.433286
-0.684983
-0.8255
-0.808015
-0.8255
-0.710336
-1.22267
-0.656879
-0.8255
-0.792556
0.0174074
-0.61224
-0.8255
0.0132211
-0.247187
-0.540709
-0.586445
-0.756908
-0.201483
-0.8255
-0.8255
-1.04374
-0.498605
-0.709493
-0.8255
-0.222275
-0.0757741
-0.947587
-0.577375
-0.721723
-0.474077
-0.478462
-0.520693
-0.728939
-0.42136
-0.721723
-0.652444
-0.274006
-0.854069
-0.721723
-0.547207
-0.748775
-0.721723
-0.417491
-0.721723
-0.881488
-1.34022
-0.490468
-0.721723
-0.539919
0.0130958
-0.591967
-0.721723
-0.385509
-0.449662
-0.560215
-0.709756
-0.839456
-0.630728
-0.721723
-0.721723
-0.773908
-0.742086
-0.885024
-0.721723
-0.650163
-0.61042
-0.929426
-0.626314
-0.353384
-0.672355
-0.721723
-0.754522
-0.59419
-0.960407
-0.514651
-0.559492
-0.215172
-0.628996
-0.514651
-0.470655
-0.731533
-0.514651
-0.438532
-0.514651
-0.733038
-1.1037
-0.549636
-0.514651
-0.535278
-0.466224
-0.652786
-0.514651
-0.817228
-0.457293
-0.707508
-0.39651
-0.646795
-0.758449
-0.514651
-0.514651
-0.801988
-0.650122
-0.902198
-0.514651
-0.309557
-0.230301
-0.432407
-0.544515
-0.69147
-0.740903
-0.514651
-0.549624
-0.693473
-0.490676
-0.514651
-0.642167
-0.231254
-0.500436
-0.919197
-0.799935
-0.707528
-0.919197
-0.789363
-0.919197
-0.748112
-1.29751
-1.33181
-0.919197
-0.432688
-0.357293
-0.421041
-0.919197
-0.901909
-0.765237
-0.92601
-0.776421
-0.976898
-0.906579
-0.919197
-0.919197
-0.773195
-0.403841
-0.71446
-0.919197
-0.744458
-0.621278
-0.725235
-0.773604
-0.711754
-0.384313
-0.919197
-0.714226
-0.638962
-0.462896
-0.919197
-0.479844
-0.405886
-0.936417
-0.919197
-0.35549
-0.430713
-0.56866
-0.666954
-0.56866
-0.44816
-0.948261
-0.783705
-0.56866
-0.308994
-0.353297
-0.445168
-0.56866
-0.075515
-0.00690838
-0.341399
-0.584056
-0.452914
-0.762605
-0.56866
-0.56866
-0.874733
0.011265
-0.385958
-0.56866
-0.390489
-0.161483
-0.415211
-0.591412
-0.392476
-0.277741
-0.56866
-0.540048
-0.111077
-0.230821
-0.56866
-0.427992
-0.390078
-0.377157
-0.56866
-0.417248
-0.341287
-1.0823
-0.56866
-0.45804
-0.84018
-0.892629
-0.926654
-0.45804
-0.441735
-0.0265879
-0.968306
-0.45804
0.0078355
0.191435
-0.177688
-0.449332
-0.223782
-0.512596
-0.45804
-0.45804
-0.399477
-0.305062
-0.274169
-0.45804
-0.383525
-0.339714
-0.633627
-0.572722
-0.489445
-0.479728
-0.45804
-0.729182
-0.363964
-0.600575
-0.45804
-1.07013
-0.496436
-0.639044
-0.45804
-0.445014
-0.61502
-0.614623
-0.45804
-0.705279
-0.24505
-0.596135
-0.45804
-1.1199
-0.72353
-0.576096
-0.928728
-1.1199
-0.806999
-0.658973
-0.585436
-0.875481
-0.406454
-0.937533
-1.1199
-1.1199
-0.609921
-0.848634
-0.433072
-1.1199
-0.82143
-0.821329
-1.02678
-1.05844
-0.667657
-1.01581
-1.1199
-0.967021
-0.751736
-0.881072
-1.1199
-0.897566
-0.779272
-0.723378
-1.1199
-0.623607
-0.830765
-0.907876
-1.1199
-0.786776
-1.04103
-1.03715
-1.1199
-1.1199
-0.562505
-0.888144
-0.628392
-1.21049
-0.70806
-0.656345
-0.434978
-1.06349
-0.38398
-0.904056
-1.21049
-1.21049
-0.635293
-0.696594
-0.482362
-1.21049
-1.02711
-1.15116
-0.795305
-1.06442
-0.385604
-0.908382
-1.21049
-0.731663
-0.472922
-0.690852
-1.21049
-0.871722
-0.769706
-0.777965
-1.21049
-0.698158
-1.0525
-0.870908
-1.21049
-0.377827
-0.993834
-0.872916
-1.21049
-1.21049
-0.59254
-1.07714
-0.89737
-1.21049
-0.658156
-0.702776
-0.652588
-0.281571
-0.748109
-0.665572
-0.776129
-0.776129
0.0157943
-1.1066
-0.287227
-0.776129
-0.648923
-0.881374
-0.345686
-0.867445
-0.214069
-0.545667
-0.776129
-0.642302
-0.105433
-0.272122
-0.776129
-0.841109
-0.540875
-0.73852
-0.776129
-0.984583
-0.777775
-0.829473
-0.776129
-0.987348
-0.902605
-0.937743
-0.776129
-0.776129
-0.223196
-0.557747
-0.72823
-0.776129
-0.706891
-0.777728
-0.566306
-0.776129
-0.519926
-0.46014
-1.0431
-0.467526
-0.188036
-0.850909
-0.613513
-0.467526
-0.73443
-0.606225
-0.710346
-0.172413
-0.0801292
-0.0473015
-0.467526
-0.632917
-0.420813
-0.219315
-0.467526
-0.698544
-0.38774
-0.495077
-0.467526
-0.804169
-0.604764
-0.93909
-0.467526
-0.54306
-0.768612
-0.649525
-0.467526
-0.467526
-0.199833
-1.0114
-0.339677
-0.467526
-0.558637
-0.447311
-0.683276
-0.467526
-0.48389
-0.731674
-0.742116
-0.467526
-0.161095
-0.616816
-1.20301
-0.802368
-1.0786
-0.548293
-0.431253
-1.05896
-0.39456
-0.431956
-0.802368
-0.228732
-0.663418
-0.242859
-0.802368
-0.906535
-0.637414
-0.834048
-0.802368
-0.798747
-0.830879
-0.64832
-0.802368
-0.802368
-0.988938
-0.988938
-0.802368
-0.802368
-0.509982
-0.786877
-0.614385
-0.802368
-0.338904
-0.445387
-0.576165
-0.802368
-0.875619
-0.81125
-0.733576
-0.802368
-0.675629
-0.298196
-0.846582
-0.857037
-0.00398518
-0.429115
-0.802368
-0.42285
0.198867
-0.31274
-0.575972
-0.211041
-0.571995
-0.255651
-0.575972
-0.820217
-0.901406
-0.941224
-0.575972
-0.611585
-0.603687
-0.703454
-0.575972
-0.613513
-0.55315
-1.04832
-0.575972
-0.575972
-0.591066
-0.628728
-0.317775
-0.575972
-0.623417
-0.451825
-0.574347
-0.575972
-0.71248
-0.408181
-0.632667
-0.575972
-0.529093
-0.0388836
-1.30132
-0.450108
-0.585377
-0.226519
-0.575972
-0.575972
-0.97715
-0.691442
-0.54306
-0.836778
-0.791863
0.130338
-0.22803
-0.436171
-0.433286
-0.740055
-0.22803
-0.456388
-0.478279
-0.262328
-0.22803
-0.287227
-0.253164
-0.411987
-0.22803
-0.22803
-0.521737
-0.578483
-1.1586
-0.22803
-0.675242
-0.404201
-0.574722
-0.22803
-0.293117
0.823535
-0.564047
-0.22803
-0.598596
0.0796842
-0.904555
-0.0138212
-0.276763
0.260238
-0.22803
-0.22803
-1.20856
-0.205513
-0.987348
-0.22803
-0.241718
0.037799
-0.608519
-0.511133
-0.547207
-0.825241
-0.272495
-0.852248
-0.507045
-0.464079
-0.272495
-0.482362
-0.342175
-0.735793
-0.272495
-0.272495
-0.805612
-0.478462
-0.941859
-0.272495
-1.0102
-0.770394
-0.777295
-0.272495
-0.235035
0.213268
-0.696113
-0.272495
-0.405953
-0.329623
-0.765554
0.00396798
-0.489665
-0.357032
-0.272495
-0.272495
-0.663594
-0.542661
-0.377827
-0.272495
-0.0304183
0.222524
-0.0932324
-0.670752
-0.0394737
-0.776011
-0.272495
-0.435973
-0.320103
-0.422941
-0.50658
-0.114219
-0.251248
-0.43008
-0.50658
-0.50658
-0.879516
-0.693473
-0.57803
-0.50658
-0.718593
-0.736696
-0.587481
-0.50658
-0.26747
-0.0410523
-0.321793
-0.50658
-0.455231
-0.420085
-0.692308
-0.731617
-0.823438
-0.871914
-0.50658
-0.50658
-0.39105
-0.39663
-0.303248
-0.50658
-0.259786
-0.104582
-0.766654
-0.487475
-0.450617
-0.668514
-0.50658
-0.543889
-0.50658
-0.463169
-0.470655
-0.0463948
-0.430468
-0.459068
-0.519422
-0.519422
-0.794533
-0.64212
-0.644927
-0.519422
-0.57086
-0.480617
-0.290273
-0.519422
-0.369607
-0.23336
-0.368545
-0.519422
-0.451666
-0.309157
-0.641416
-0.827272
-0.431879
-0.569413
-0.519422
-0.519422
-0.523936
-0.228203
-0.242673
-0.519422
-0.315972
-0.532614
-0.878811
-0.389149
-0.329509
-0.412434
-0.519422
-0.732193
-0.519422
-0.246659
-0.760563
-0.606207
-0.519422
-0.240921
-0.312351
