30.252	-10.709	-4.2735	1.645
37.784	-3.0457	-3.1938	-0.39754275288704
35.233	-1.7225	-5.4094	-0.887806865024612
36.304	-5.6636	-0.46282	-0.395888145258529
34.958	-1.4558	-5.6443	-0.946525966426469
35.711	-7.1492	-0.48083	-0.565598902286386
35.577	-2.1617	-5.7207	-0.958102229874394
30.384	-1.1125	-6.3906	-0.362950907640688
35.662	-6.8765	-0.14067	-0.350069824207731
37.208	-4.7836	-0.79393	-0.378074220953927
35.031	-0.73919	-5.3013	-0.706889560538237
30.639	-1.4277	-6.4224	-0.430339637221131
30.396	1.5929	-2.7118	-0.781403850671818
37.36	-1.9229	-3.4248	-0.434554010618278
38.053	-4.9272	-3.8114	1.12489659004266
25.215	3.2448	-0.1568	-1.28860071932282
37.946	-3.3618	-3.7233	-0.624885983900588
36.345	-3.4584	-0.40195	-0.618108605564405
29.468	1.8323	-1.3242	-1.16218507840256
35.221	-8.5458	-1.1697	-0.22044128994247
37.076	-4.767	-1.1442	-0.678972798820372
38.1	-6.0953	-1.2467	-0.768984724981535
37.421	-4.2265	-4.3602	-0.146140297796574
37.609	-6.1563	-1.2378	0.0241355079728409
29.628	1.4832	-0.091737	-1.08945545108811
30.886	-9.9839	-3.954	1.645
36.237	-7.9567	-0.56517	-0.952291119643023
38.043	-6.8756	-1.8666	0.415487325848491
37.508	-3.0489	-2.1855	-0.362278100311941
38.329	-4.7319	-3.6869	-0.247941581571457
34.7	-1.2137	-5.6412	-0.363465251538996
38.1	-3.8544	-2.0497	-0.842755599901687
35.969	-7.2747	-0.90899	-0.178393924519043
27.088	0.10397	-6.6888	-0.786986256336615
37.973	-4.0567	-3.8317	0.276278366464057
27.649	-11.462	-3.5438	1.05718050029721
35.681	-8.7417	-2.8366	1.54560995644715
27.506	2.6504	-0.70193	-1.645
29.352	-10.501	-3.6657	1.645
36.904	-6.9214	-1.6942	0.204113720153179
35.473	-9.362	-2.7353	1.645
36.27	-3.1772	-4.7845	0.0318066072496668
28.019	-0.25125	-6.6692	-0.432610345564481
33.485	-9.167	-3.831	1.645
34.236	-10.016	-2.8261	0.536105825362702
33.449	-0.6842	-5.706	-0.193639902475582
36.817	-3.992	-1.0023	-0.220773708521131
36.439	-2.5243	-2.1194	-0.918184006888463
34.364	-0.084456	-4.3062	-0.793745944728978
35.596	-0.68966	-4.4515	-0.453128758664542
36.24	-2.3286	-1.4169	-0.45203408367475
36.865	-7.6925	-1.6333	-0.229938785866672
37.22	-6.5674	-1.1292	-0.0798008735746587
37.897	-4.8967	-1.5729	-0.594838952901281
35.228	-2.001	-3.9949	0.0719701805897178
33.384	-0.71081	-6.05	-0.26833811959043
36.605	-7.0821	-2.621	0.506349081065656
34.196	-9.5363	-3.2052	0.830690271136975
30.378	-9.9318	-4.0164	1.645
35.451	-2.0421	-5.2604	-0.628576382548972
37.029	-6.5279	-1.0449	-0.0434345142261485
36.22	-7.0306	-1.8249	0.0767547479021864
35.361	-7.6139	-0.68234	-0.208500725539097
37.68	-3.1829	-3.9933	-0.697052387752309
34.157	-1.6204	0.0068926	-1.01802637773766
37.485	-7.2194	-1.5734	0.129945867759345
36.966	-5.8746	-2.2644	0.453370232477417
36.318	-6.8931	-3.2431	0.546292353375874
34.278	-8.7974	-3.7387	1.30183263774773
31.307	-10.824	-3.7747	1.645
37.731	-4.9146	-1.0312	-1.15242874472808
23.754	-11.761	-3.3614	1.645
36.647	-7.5774	-0.80506	-0.314156315897061
37.798	-6.4612	-2.1662	-0.68147603319862
37.754	-3.583	-4.2792	0.0822270138337402
35.975	-7.482	-0.79263	-0.388014841809038
37.505	-6.6685	-2.6847	0.361640686619683
35.53	-1.198	-4.9193	-0.371130718662263
37.23	-3.1353	-2.1204	-0.125429127056802
36.382	-2.1964	-0.9519	-1.04901566106398
24.761	3.1961	0.59405	-1.40276116888588
33.85	-8.5339	-4.1833	1.645
31.588	-10.845	-3.7152	1.645
34.348	-1.5875	-5.124	-0.595261630124795
35.855	-8.5351	-4.1011	1.645
35.188	-7.5203	-0.50527	-0.867108929290076
29.408	-0.87213	-6.5897	-0.772490309669614
29.318	-10.906	-4.083	1.645
36.734	-4.8522	-4.9762	-0.364744236935288
36.425	-0.63911	-3.5397	-0.936054076332332
35.68	-4.0853	-5.459	-0.151773644986963
37.21	-7.0648	-0.9211	-0.345516285066741
35.97	-1.7404	-1.3486	-0.437576019975772
36.73	-2.8421	-4.3338	0.14961372381919
35.127	-8.9068	-3.2601	1.645
34.516	-1.442	0.39769	-0.953337066799037
26.621	-0.41676	-6.7491	-0.72630468441569
33.447	-0.099584	0.24688	-0.374731870484613
35.417	-9.3933	-3.2228	1.645
37.061	-6.5184	-1.2337	-0.0126872623006127
36.761	-4.0431	-2.5386	0.0879512898279868
36.51	-6.2637	-0.54518	-0.494203593188215
36.466	-7.3544	-0.70317	-0.36457213813774
28.861	-2.2487	0.5869	-1.4788312102717
37.211	-6.4572	-0.88182	0.369486627788059
37.444	-6.7964	-3.6172	0.906028417987395
36.601	-7.2495	-1.0362	-0.189832897438171
27.931	-0.28496	-6.5634	-0.439064887921896
31.618	-10.13	-4.2517	1.645
36.223	-7.4272	-1.0084	-0.391700085629195
29.629	-10.882	-3.5421	1.645
29.947	-10.855	-3.69	1.36507473026996
37.298	-6.2867	-4.72	1.23530184528068
38.155	-4.6891	-2.4946	-0.441169015012483
29.457	-8.1844	-4.6495	1.645
37.961	-6.4367	-2.1714	0.330516790782494
24.995	-12.011	-3.4335	1.645
37.283	-5.6156	0.019012	-0.527243054816704
36.059	-5.4499	-1.2052	0.167690859455542
27.944	-0.12737	-6.92	-0.827217787651167
33.895	-8.0079	0.42918	0.335688062909985
34.547	-9.2514	-3.6529	1.645
27.474	2.3031	-0.87242	-1.645
36.897	-3.6054	-4.7352	-0.151734434942223
34.858	-0.90232	-5.1763	-0.54687390987938
27.282	1.8772	0.36123	-1.645
26.937	-11.434	-4.0353	1.645
34.051	-7.057	-4.9855	0.640864393342041
36.385	-6.6891	-0.91737	-0.663584304193615
36.707	-6.8401	-1.3848	-1.0767512565546
36.43	-6.2279	-0.72841	-0.0152862808776825
37.485	-6.1472	-1.8209	-0.359100128239663
37.336	-4.2892	-1.3951	0.131101763961629
36.534	-2.8847	-3.859	-0.0701450214043521
36.765	-2.6537	-0.90358	-0.975959941836352
38.365	-5.7093	-3.163	0.476821717913523
26.795	-1.38	0.76789	-1.09714114118795
37.736	-7.0645	-2.0451	0.227343105338507
27.947	-11.622	-3.3485	1.645
29.441	-2.4441	0.42788	-1.50995351107933
34.545	-0.57259	-5.36	-0.568368060490153
37.192	-7.2199	-0.97104	-0.625156919274441
35.643	-1.0173	-4.7475	-0.223073326353532
29.467	-10.775	-3.9691	1.645
36.573	-8.3132	-1.1099	-0.514248478569176
36.38	-6.6055	-0.06572	-0.772203508896309
36.872	-7.3054	-1.1125	-0.864324033134721
31.012	0.82625	-1.0063	-0.477525646581035
33.073	-10.383	-3.0347	1.16399070839017
33.721	-9.813	-3.1666	0.361519372059316
36.514	-2.8311	-4.6458	0.232812465322573
26.728	-2.4993	0.37058	-1.54729819209493
35.137	-7.474	-0.47603	0.00376267296012283
33.092	-2.3509	-0.10809	-0.95050518971259
30.162	1.0924	-0.59141	-0.902374700912717
35.653	-8.8056	-2.0148	0.429074538469666
37.55	-2.3992	-4.0514	-0.126268373276999
28.167	2.2203	-0.26485	-1.28255924229302
37.262	-7.6743	-2.5575	0.446190995566177
28.68	-0.5989	-6.5866	-0.726006409888412
36.82	-6.8749	-0.3813	-1.23952085824207
37.969	-4.1044	-3.9668	-0.0336207376092453
27.04	-0.27364	-6.8262	-0.660071224107186
35.876	-2.8084	-4.9303	0.051305224852876
36.613	-7.1136	-0.79163	-1.10264308012892
29.461	-1.419	0.7187	-1.4573929177919
33.343	-10.105	-3.3928	1.13616620291171
35.407	-6.9301	-1.0617	-0.198737655696463
36.67	-6.252	-0.26205	-0.49517562881913
36.115	-6.9508	-0.31193	-0.795148276670533
30.193	1.2549	-0.92182	-0.585613728633467
36.741	-6.2321	-0.25214	-0.682608729843539
35.394	-6.7244	-4.8998	0.270397660144095
35.901	-7.5783	-1.5121	-0.0750690615873111
36.212	-2.8864	-4.4424	0.440845255723977
36.519	-6.8297	-1.8835	0.737462480742654
36.757	-4.3829	-1.9128	-0.12327516514613
37.299	-4.6356	-4.2258	0.880378654513697
36.961	-6.9266	-1.1732	-0.373595564658468
35.464	-9.2253	-3.2972	1.645
35.372	-7.55	0.094466	0.0395316441775647
37.434	-3.8318	-1.858	-0.188025201299636
37.432	-2.5769	-3.2596	-0.352806424579882
35.832	-1.7551	-5.3572	-0.799882455910529
34.841	-1.1825	-5.6789	-0.426012081453303
35.748	-1.2876	-4.9432	-0.582374024070464
37.279	-7.3662	-1.4602	-0.218577768549214
33.607	-1.7542	0.66326	-1.11178515075769
36.366	-7.7739	-1.273	-0.313583985236234
29.524	1.8227	-0.21233	-1.01791065557621
24.281	-0.95431	1.6062	0.122158515365334
37.71	-3.7762	-3.6003	0.276879737521532
37.127	-6.706	-1.4274	-0.141775465472293
37.568	-3.1113	-4.1591	-0.538856293997538
36.105	-7.3621	-0.27467	-0.446396507015452
36.68	-3.1089	-0.80076	-1.37948752247624
37.185	-5.435	-1.2468	-0.316517650055087
35.352	-7.529	-3.7597	0.846353295666916
37.144	-2.5994	-2.8073	-0.678698163224808
36.629	-7.321	-0.79914	-0.572085437959282
29.709	-1.2098	-6.7267	-0.242045853926893
28.639	-1.7463	0.11451	-1.39620831679138
33.884	-9.4559	-2.2002	0.224438345062113
29.769	-1.6298	0.65782	-1.46359810967312
37.081	-2.2684	-3.7777	-0.169875217795432
36.206	-7.2978	-1.6692	0.264578889056396
25.402	-11.378	-4.1255	1.645
37.885	-6.1483	-4.0581	0.353294491626241
31.038	-10.399	-3.8462	1.645
36.67	-6.0862	-0.60603	-0.00655709056342027
34.412	-0.72442	-5.3799	-0.702838990129165
29.81	-10.35	-3.8864	1.645
33.106	-8.9881	-4.6548	1.645
29.473	-0.48085	-6.5681	-0.47104278313426
35.74	-1.5646	-5.2828	-0.898271057951287
37.574	-2.8168	-1.8882	-0.510852446385998
32.89	0.72047	-2.1587	-0.775577584166602
36.778	-6.6332	-1.1096	-0.0903036408629234
37.034	-3.681	-5.0419	0.0493957591138018
27.479	-1.1421	0.8687	-0.886602294138208
35.114	-8.5241	-4.0748	1.40484551722666
35.997	-3.0534	-4.6892	-0.496596593774929
36.301	-1.469	-4.8456	-0.699992346825881
33.033	0.14127	-0.89016	-0.455876160960064
35.769	-1.0613	-4.7791	-0.272358251546809
24.668	-11.654	-3.2159	1.31225476646362
28.566	2.1575	-0.46418	-1.23062716582539
18.476	-11.922	-3.6567	1.645
31.902	-10.188	-3.1425	1.31976323481236
35.592	-6.7005	-0.93449	-0.166549502999661
34.055	0.053927	-3.4849	-1.33164675946867
29.642	-1.2463	-6.7948	-0.27520957553882
37.359	-2.1066	-3.8716	-0.517033265279757
28.656	-0.89458	-6.9293	-0.843163190153203
37.672	-6.7785	-0.78609	-0.620023230945713
35.668	-7.5501	-1.0858	-0.429999658009159
36.261	-6.8152	-1.5389	-0.158053031628337
36.834	-6.7319	-1.2722	-0.198670716564053
36.996	-7.5969	-1.0678	-0.596379771442934
30.542	-6.0829	-5.3952	0.750123922318391
35.304	-0.72865	-1.7241	-0.820349492678864
32.167	-10.434	-3.3169	1.04494579546578
37.241	-6.6798	-1.5083	0.379137147726298
37.692	-3.8642	-3.9815	-0.258819957984436
36.295	-7.3641	-1.1927	-0.391949725002647
36.177	-1.3727	-4.7834	-1.09453494128772
35.221	-1.4667	-5.6054	-0.905353789942334
36.195	-3.0407	-2.149	-1.07773629919413
20.821	-12.156	-3.2601	1.645
28.31	-11.059	-4.4058	1.645
37.112	-7.4161	-1.9881	0.237652632448169
35.304	-6.792	-4.5462	1.48331439339851
31.554	1.5166	-0.70294	-0.615353403982811
35.332	-3.4379	0.25797	-0.390722621839755
33.492	-9.8817	-3.9009	1.645
37.411	-6.3305	-1.4893	0.156385283098372
35.78	-6.7263	-1.6317	-0.063013067241785
33.448	-0.77411	0.15523	-0.624428300396419
35.375	-5.2242	-0.81239	-0.430493981240802
33.301	-0.8584	-6.2191	-0.442968366796608
33.996	-0.50546	-3.2843	-0.399284762471139
36.135	-7.0239	-0.50614	-0.323564328605402
35.965	-2.0548	-5.2201	-0.60659221409868
36.394	-6.1789	-1.2919	-0.361994755073758
37.406	-4.8724	-2.8986	0.270129419526239
36.04	-7.8278	-3.3901	1.05549839324894
36.003	-7.4847	-0.98669	0.107992512350578
37.505	-3.3844	-3.665	0.000868905162075199
38.095	-4.4114	-3.0289	0.161680301808493
28.845	-0.3391	-6.3215	0.0648250516291106
31.873	1.1603	-1.4668	-0.714435253548288
37.224	-5.958	-1.089	0.114698599017749
37.745	-6.0125	-2.6235	0.645646525442947
32.761	-10.279	-3.5803	0.951774419643047
35.146	-6.8688	-1.1453	-0.038935169211711
22.237	-11.81	-3.5527	1.645
36.309	-1.0166	-2.6914	-0.828378858480807
32.789	-9.4975	-3.0511	0.551603536013841
38.051	-7.0224	-2.7249	0.41169764932337
37.117	-7.0294	-1.3152	-0.405467928113652
29.757	-0.67542	-6.5392	-0.476165297106398
37.809	-6.3381	-1.42	0.13583342801583
37.268	-4.9914	-0.25184	-0.701792891157145
37.709	-3.5095	-2.5169	-0.946955363794232
29.359	-1.6151	0.50232	-1.60693541775131
35.72	-8.5251	-3.5035	1.45818380587918
35.965	-1.3746	-5.0021	-0.179520700911675
36.316	-4.3292	-0.2157	-0.662405327840668
32.677	-8.7274	-4.1685	1.645
38.36	-5.3256	-2.9136	0.297781120654606
36.221	-7.3412	-4.4751	1.08906490761856
34.415	-6.8325	0.075148	0.00566283290740546
28.368	-0.59665	-6.7559	-0.703704247848899
36.759	-3.5836	-0.81804	-0.201277584930093
34.095	-9.7839	-3.228	0.946322086593967
37.368	-6.4768	-2.9922	0.250976464622343
37.332	-7.2515	-3.8961	0.974177812654042
35.258	-5.3219	-5.4431	0.0449218626648849
36.321	-3.9637	-0.27042	-0.635414896338026
36.03	-6.7396	-2.2656	0.461430290741495
36.297	-6.6218	-1.3064	-0.0945524630839077
36.623	-2.2417	-4.4946	-0.0071899544941285
30.035	-10.734	-3.8263	1.645
36.66	-6.6386	-0.37036	-0.907454926198306
21.515	-0.27706	1.74	-0.744090689388366
33.103	-10.306	-3.7632	1.42945339914182
36.952	-8.0395	-3.7747	1.42079793394776
22.571	-0.57713	1.5151	-0.780238037671258
37.393	-3.4946	-4.3244	-0.340166648941979
29.076	-11.036	-4.0158	1.645
27.77	-11.555	-3.6482	1.645
37.578	-3.8494	-4.4812	-0.770356006626416
37.42	-3.8425	-1.2864	0.25616920130103
26.936	-1.6129	1.3973	-0.894747826216371
36.112	-7.3194	-0.71772	-0.395664298280714
35.791	-7.0583	-0.31701	-0.516412896593338
30.4	-10.876	-4.4696	1.645
35.159	-1.6508	-5.7185	-0.994047056740006
36.861	-1.5517	-4.234	-0.525355344749788
26.877	2.3493	0.26303	-1.1152403848315
20.474	-12.495	-3.206	1.645
27.177	-2.3797	0.14023	-1.45095683527148
37.496	-2.3662	-2.2257	-0.447350379628091
34.893	-8.2576	-0.2879	0.233464553675957
26.716	-11.636	-3.9302	1.645
34.889	-7.5416	-4.5362	1.40468206689545
36.442	-8.308	-1.1302	-0.314088833160973
35.773	-7.8802	-0.81617	-0.834289400811945
37.317	-6.8573	-3.3818	0.788709473517972
36.102	-3.0749	-5.1304	0.00180335832779003
37.105	-2.5589	-3.5756	-0.388958893566674
25.809	-11.625	-3.7767	1.645
31.857	1.6245	-3.1076	-0.314488476725986
26.788	-1.3344	0.7076	-1.09386145609944
37.049	-6.6954	-1.5441	0.0268171766614099
30.72	1.4517	-0.34053	-0.425666151692746
27.045	2.3681	0.63953	-0.995984047220575
20.617	-0.3175	1.6639	-0.33552347972592
37.887	-5.396	-1.5637	-0.128376396601669
37.858	-5.3791	-3.9756	0.909553213510653
37.652	-4.4151	-4.0434	0.514453964954619
29.685	-10.994	-2.7076	1.645
33.751	-10.254	-2.9882	0.591324148154038
33.908	-0.57427	-1.1263	-0.919062643033428
36.426	-7.9875	-4.213	1.48613911948634
33.919	-7.0507	-5.0645	0.35725772625307
37.54	-3.8517	-4.3804	-0.73951185440442
35.577	-1.6453	-5.4049	-0.889558073805588
38.032	-3.8433	-2.5224	-0.736174124308756
26.259	-0.18253	-7.0548	-0.587928998778975
35.993	-7.0808	-1.3785	-0.365384467623245
34.187	-1.4715	-5.6999	-0.721927852870174
38.371	-4.863	-2.051	-0.402162199292216
36.918	-7.5758	-1.5006	-0.228024724649509
36.473	-1.6404	-4.767	-0.712571238338641
28.657	-0.49517	-6.6234	-0.672799383491743
36.394	-7.593	-0.62675	-0.906852500228847
36.478	-7.1979	-2.0881	-0.426746015250701
35.184	-9.2901	-3.1965	1.645
33.753	-9.4761	-3.5559	1.28121835313912
38.074	-4.3028	-2.4632	-0.13263604972761
36.292	-2.6554	-4.4174	-0.365724152480074
37.272	-6.8375	-1.1314	-0.104883845124468
33.715	-9.6432	-2.123	1.13164881035585
35.237	-0.69076	-4.8874	-0.372959688718448
24.414	-12.142	-3.2013	1.645
37.569	-6.5148	-1.4642	0.652887732272761
36.96	-6.9343	-1.0159	0.223844227364435
37.294	-1.9809	-3.4145	-0.482422403276299
37.737	-6.611	-1.2513	-0.542702502459181
37.08	-2.6979	-1.4846	-1.00369580829048
37.508	-7.0244	-1.8393	-0.218967046040697
37.038	-4.3294	-1.0892	-0.581203668248289
34.492	-7.3364	0.24994	-0.170088771914847
27.619	-11.723	-3.0238	1.645
37.109	-7.0105	-0.90472	-0.791413647100435
33.954	-0.85081	-5.874	-0.384516696816286
25.499	-1.9116	0.89186	-0.788015259120609
33.203	-10.02	-3.7952	1.28478559223314
36.949	-4.5689	-2.2549	-0.469670880690636
38.43	-6.1105	-2.4777	-0.0785432029829031
36.281	-7.2612	-1.4428	-0.0238400997784881
36.205	-2.6511	-0.80731	-0.956153321506267
31.294	-7.8077	-4.7166	1.645
28.036	-0.32208	-6.6729	-0.735574951107372
37.033	-2.5461	-1.0928	-0.744810747060967
33.627	-10.262	-3.7998	0.756458680341158
28.89	2.0927	-0.92713	-1.19511558247271
36.811	-6.4165	0.35144	-0.693253180306671
37.011	-5.9559	-0.4383	-0.148562207769829
38.201	-3.9247	-2.182	-1.03328949325981
36.854	-3.5895	-4.6313	-0.283257104419347
37.373	-6.9962	-0.69014	-0.756886496572072
38.149	-5.5533	-1.2842	-1.31592592119468
36.144	-2.2189	-1.1147	-0.889672089274748
35.14	-0.37334	-2.7565	-1.28728425575922
36.902	-7.0363	-0.65284	-1.01458533601705
36.446	-6.3734	-4.8093	1.645
36.044	-8.7182	-2.4083	0.339949161801985
34.719	-9.8405	-3.3063	1.54806038149068
36.437	-3.6993	-4.3082	-0.607228614969465
34.532	-1.6199	-5.9276	-0.524864736663969
24.371	-1.4143	1.2245	-0.506077181431999
27.162	-11.286	-4.1317	0.807934931248745
35.233	-8.8871	-3.1131	1.645
34.886	-6.2481	-5.5571	0.29159518986006
34.45	-9.2067	-3.1109	1.25298396136439
35.822	-6.391	-2.1782	-0.151904307467749
35.733	-1.9219	-0.14499	-1.08860798440344
35.874	-8.6177	-1.8043	0.619734174288536
34.192	-8.3314	-3.5638	1.33872024816697
37.948	-6.3604	-1.6608	-0.345258264862379
35.228	-8.4952	-3.2171	1.11822119680881
34.806	-6.9562	-0.62806	-0.0971387159152533
26.345	-1.1055	0.5634	-0.80998137099854
25.296	-0.72466	1.6146	-0.631334380209715
37.422	-3.4628	-2.3274	0.0178409596215807
28.048	-11.488	-4.1721	1.645
37.105	-3.6061	-4.5524	-0.133898382968393
36.419	-6.6899	-0.5559	-0.532570167081976
35.34	-2.5809	-4.242	0.523515518744359
33.407	-9.7397	-3.9947	1.645
32.896	-9.6574	-3.1526	0.84102023819571
36.359	-7.4549	-1.0004	-0.187769958911067
35.12	-1.2742	-2.8903	-0.176382911162862
37.498	-3.5547	-4.4466	-0.528245856416186
36.054	-7.6498	-0.76852	-0.391761506113256
37.167	-6.6659	-1.13	-0.279194679870453
37.129	-4.2692	-2.0975	0.0404657983211054
36.978	-1.6567	-1.9199	-1.01970015057554
29.606	1.5715	-0.54431	-1.06357429606105
33.643	-1.3637	-2.5897	-1.31936084706565
34.789	-7.3388	-0.54573	0.38863189944111
28.725	1.7036	-0.72164	-1.22460952854706
24.712	2.8802	0.58317	-1.40615974402993
36.593	-5.8661	-0.6886	-0.274027513620115
36.284	-1.8405	-5.0251	-0.813940276596913
29.893	-1.3723	-6.5831	0.141620678027627
36.546	-7.4554	-1.1895	-0.463762576880071
35.946	-6.5489	-1.2203	-0.699765597554633
36.537	-6.8783	-1.0337	-0.488441052234965
20.317	-12.541	-3.2969	1.645
34.361	-1.276	-5.9627	-0.283370807050126
37.923	-3.705	-3.5402	-0.844383570024732
37.259	-3.0075	-4.4835	0.158815104738014
37.096	-3.0514	-4.6541	0.0608878834694206
34.849	-9.695	-3.414	1.59204713078313
38.398	-5.8134	-1.1318	-0.197538213056672
24.003	0.13853	1.4663	-0.641835515656834
37.122	-3.4666	-4.8168	0.101856611159025
36.732	-7.2218	-0.73825	-0.862234703576376
33.778	-8.1256	-0.58235	0.0332829607025795
31.849	-10.422	-3.1593	0.892119877554729
37.14	-3.9296	-2.3872	-0.600766438329235
36.72	-6.1892	-0.64828	0.156943393652674
36.229	-7.0194	-0.57746	-0.572350211415286
31.782	-10.612	-2.5976	0.813359442470997
33.339	-3.0923	-1.8954	0.257413729793999
31.845	1.0033	-1.1008	-0.32587188709059
34.623	-7.9058	-0.21977	0.260852628104894
36.82	-6.9642	-1.231	0.19100786097788
38.141	-4.2786	-2.7783	-0.0146445728824117
36.231	-6.2373	-5.1256	0.796008942687476
36.289	-2.5821	-5.4333	-0.734475237115257
37.38	-3.0814	-1.6637	-0.753431051965917
35.425	-1.3523	-5.359	-0.393434856795555
35.754	-8.7903	-3.0805	1.645
36.588	-2.8971	-0.65573	-0.733134575949401
28.461	0.98628	0.17033	-1.12992456115747
36.185	-1.9151	-5.1717	-0.35734002436448
36.577	-3.213	-5.146	-0.408754456490227
36.786	-8.3038	-2.0017	0.337247639869816
37.997	-4.8692	-1.9471	-0.333198864038266
37.103	-6.7509	-1.4273	0.146956843763801
38.09	-4.6696	-3.7878	0.965507663038534
25.277	-1.3055	1.488	-0.770610508938998
36.099	-2.2894	-4.5739	0.186885387104815
31.698	-1.481	-6.3148	0.31961279013462
37.265	-6.8089	-1.3866	-0.289306747532189
32.951	-2.1329	0.73755	-0.496156298753508
35.127	-9.5065	-3.6642	1.645
36.16	-6.4134	-0.87063	-0.549759132956355
37.729	-4.9993	-4.3855	0.642499272369596
32.13	-10.432	-3.3767	1.1339650811861
37.573	-3.3045	-2.1576	-0.159322545011626
37.755	-3.5724	-3.9847	-0.844493879627815
37.348	-6.6439	-1.5268	0.2058604948143
37.925	-7.2268	-2.1791	0.850966575838072
36.177	-1.8567	-5.0243	-0.490247830736896
37.795	-6.7263	-1.3088	-0.0383640175008313
31.65	0.84958	-1.5053	-0.639499414319586
36.07	-7.6448	-1.1824	-0.0697687054719407
22.184	-12.39	-2.6067	1.645
30.247	-10.532	-3.9948	1.645
37.393	-6.592	-1.4972	-0.342833603073335
37.554	-2.4907	-3.7862	-0.10998968364609
37.201	-7.6178	-1.6684	0.433847415892722
30.283	-1.7556	-6.5862	-0.0979565598348295
25.356	-12.145	-2.9767	1.645
35.172	-5.0249	-0.59907	-0.598685189583593
37.305	-7.1596	-1.4898	0.000256797161856554
35.947	-3.498	-4.6138	-0.0766822602726961
33.207	-10.28	-2.8261	0.53575126387983
28.016	2.2856	-0.45016	-1.20981269940252
22.195	-0.52443	1.9394	-0.888363008461181
35.802	-9.2502	-3.1529	1.645
36.956	-7.4289	-1.0991	-0.671063426332278
38.171	-4.4907	-2.327	-0.642903139633816
36.092	-7.0394	-3.7643	1.54476743322244
26.98	-11.301	-3.1408	1.08370326686295
35.669	-5.378	-5.4118	-0.374668552734474
34.864	-0.4048	-2.0771	-0.901955058396637
36.613	-7.0288	-0.34779	-0.982993038500564
31.329	-9.8618	-4.0712	1.58743513513799
36.769	-3.844	-5.1959	-0.337001518486412
30.827	-10.451	-4.0079	1.645
37.061	-7.7577	-3.156	1.29999733548295
34.483	-1.1037	-5.7561	-0.569274289674472
35.73	-7.9709	-0.66978	-0.347938209349712
26.612	-11.577	-3.6266	1.645
36.745	-7.1831	-2.3689	0.367575512773722
31.359	1.2267	-0.79001	-1.03403700744075
34.084	-5.1555	-0.37926	0.295254300121596
38.29	-5.6387	-2.4153	0.769343963154666
22.106	0.18732	1.8667	-1.05510974406425
35.735	-6.692	-0.29731	-0.165833227146946
17.095	-12.321	-2.8753	1.645
36.501	-6.4825	-0.69156	-0.545672488748651
26.577	2.4753	-0.54886	-1.30912484188077
37.219	-2.0424	-2.5208	-1.01453263447579
36.172	-0.92643	-4.2247	-0.905546354376016
37.095	-4.2397	-4.9509	-0.185395083168186
33.674	-1.1195	0.1615	-0.22969327797837
36.517	-7.0275	-0.29672	-1.21050300929733
31.972	-10.291	-4.3015	0.967742251839736
37.138	-4.5323	-4.5154	0.235228247335695
32.883	-8.6579	-4.8132	1.645
33.946	0.48495	-2.0193	-1.2137086322385
33.226	-8.1007	-3.0252	0.969357042660894
36.037	-8.4397	-2.6454	1.645
32.196	-1.6907	0.61627	-1.06374209475583
27.763	-0.19828	-6.7383	-0.983642812193373
36.339	-6.8364	-0.98471	-0.885606982743279
32.65	-0.74971	-6.2361	-0.914128414167088
36.261	-2.6379	-4.6789	-0.726154213038641
35.636	-9.2272	-3.3149	1.645
37.07	-2.1273	-3.4271	-0.0407480803913535
36.04	-8.1498	-3.5092	1.52418476756115
37.255	-6.7602	-0.97143	-0.423992718747348
33.652	-9.6058	-2.9365	0.627401345767035
35.983	-8.1255	-2.4158	0.535923434748114
34.944	-8.9841	-4.1297	1.645
33.04	0.80558	-4.2231	-0.495064790055243
37.059	-7.1464	-0.47755	-0.936217456012287
35.629	-9.285	-3.1762	1.645
37.101	-2.5892	-4.5559	0.0936539890334948
33.365	0.518	-1.5642	-0.271180315438406
37.799	-3.4383	-3.9197	-0.588479154775639
37.502	-6.2755	-1.1577	0.209824274898284
37.352	-7.3788	-1.6396	0.114876555117415
34.537	-0.89781	-0.21511	-0.278210230266385
34.933	-9.2861	-1.8374	-0.122508127710713
34.882	-6.9392	-0.59267	-0.495580472045445
28.051	-11.463	-3.9954	1.645
38.583	-5.346	-2.3082	-0.0683523891066231
35.765	-2.3939	-5.2168	-0.27377446412504
35.587	-2.51	-0.4416	-0.758840912710121
37.18	-7.2877	-2.0295	0.672943289094343
36.955	-6.6936	-0.62468	-0.916012089066952
33.145	0.72644	-3.0346	-0.967217064862732
36.358	-1.9963	-3.3979	-0.940453761232888
35.264	-7.1588	-0.50919	-0.290831915902774
34.658	-0.62976	-5.3143	-0.481740547381575
36.36	-2.2355	-0.98092	-0.575049447026004
36.834	-7.6649	-2.6837	-0.0717404015664614
21.132	-1.0722	1.3773	-0.376627134687637
13.152	-11.939	-3.2046	1.645
36.426	-6.7145	-0.56541	-0.398014229309308
36.807	-6.8513	-1.4331	-0.701534651158045
36.444	-7.3508	-0.80357	-0.717085810938658
35.638	-1.1759	-3.9446	-0.264375626717037
27.737	-11.284	-3.2202	0.702685092955726
36.113	-7.5229	-1.1566	-0.0464085785563161
34.689	-0.28268	-3.6521	-0.551885129146452
37.379	-3.6702	-0.92475	-0.954399427290416
38.099	-4.1749	-2.0066	-0.681230381178949
38.276	-3.9029	-2.2387	-0.747747380419511
35.502	-5.9782	-1.6541	0.167320680122107
36.584	-6.9242	-0.77023	-0.986296141401205
35.672	-1.7917	-5.3377	-1.20485365474061
36.752	-3.5477	-2.6273	-0.201230606095896
34.205	-9.6351	-2.6179	0.685430001342877
36.673	-7.7313	-1.7312	-0.249025205931989
34.93	-7.4385	0.28604	-0.234631459837183
36.492	-7.1408	-1.0361	-0.605728726828951
37.788	-4.174	-1.7582	-0.93219821342792
36.965	-3.0487	-1.9398	-0.817587486316382
38.23	-4.9132	-3.4835	0.516957945228362
36.663	-3.1631	-0.3802	-1.18093099224573
33.099	0.055081	-5.2592	-0.483493656863153
31.239	-10.563	-3.4322	1.645
35.881	-1.4853	-5.1216	-0.726330104560314
33.57	-8.7984	-2.8098	0.60035813124543
37.128	-7.3755	-1.516	-0.0700169551823806
33.552	-9.7298	-1.7604	0.181477828734524
35.169	-9.4052	-2.0994	1.08306025833335
33.728	-7.5046	-4.2941	1.25946863608063
31.148	1.1191	-1.7657	-0.595820173259974
36.1	-5.7452	-0.9397	-0.545082734280554
14.2	-12.25	-2.7913	1.645
33.449	-0.70302	-0.86649	-0.498977597283662
36.735	-2.0513	-4.5974	-0.157580014228284
37.97	-6.9158	-1.8538	0.590592681593577
37.271	-6.6982	-1.6293	0.140456366145534
36.379	-3.7123	-1.4074	-0.710571513206789
24.282	-11.844	-3.4144	1.645
36.613	-3.0796	-0.94265	-0.617096310984531
35.771	-6.6465	-1.0204	-0.383435493126838
29.6	1.593	-1.8446	-0.68974904192184
37.883	-2.6633	-2.9858	-0.92910349766953
31.258	-10.897	-3.3516	1.645
28.835	-0.9672	-6.622	-0.287006687049865
26.632	-11.363	-3.9523	1.0695433617451
34.045	-9.3825	-2.7884	1.32455268173007
36.668	-5.7643	-0.36006	-0.124524262612896
33.156	0.051677	-0.95287	-0.866950673979238
33.764	-0.71277	-5.7633	-1.00278537268614
35.295	-7.3557	-2.6164	0.136254288033269
34.803	-7.3818	-0.18694	0.306311155158532
34.462	-9.6263	-2.7398	0.975263004824836
35.186	-7.3743	-0.73991	-0.144285775338039
36.568	-6.7341	-0.43936	-0.822880881033405
37.311	-7.1319	-2.484	0.338881098459668
24.603	3.0977	0.72789	-1.35200159959953
30.903	0.73487	-0.78254	-1.09664935582549
36.998	-6.8792	-0.55387	-0.978638691061649
33.493	-0.10664	-5.5756	-1.15710743674675
38.411	-5.9434	-2.5654	0.0818049845237532
23.875	-11.581	-3.7265	1.48434966279228
31.882	0.099737	0.85538	-0.609427145446779
31.935	-9.6442	-3.1092	1.33516847017449
26.959	-11.641	-3.4896	1.43579685461272
27.536	2.4938	-0.31686	-1.35526832620501
37.244	-6.5933	-1.2809	0.281953343664434
29.127	1.8274	-0.60295	-1.09250914026726
37.126	-1.7498	-4.0023	-0.0522736614545164
37.964	-6.7002	-1.5893	0.516641417750547
29.648	-0.84476	0.71673	-1.16711648074263
37.316	-6.1483	-0.43037	-0.438463063785451
37.077	-7.9142	-1.4075	0.116508229737167
33.288	-0.28058	-5.9272	-0.296367655982664
35.647	-8.0758	-4.3618	1.48297859771868
36.307	-7.1819	-0.72469	-0.406366358814436
37.012	-7.3768	-2.6185	-0.473338862589709
29.6	-10.915	-3.8914	1.645
37.241	-3.7254	-1.2785	-0.634748454773005
36.381	-6.3235	-0.97449	-0.353917506969589
38.228	-5.9979	-2.4075	-0.339518891063611
29.683	2.3099	-1.5653	-0.849934984728384
36.092	-3.3609	-0.37577	-0.901854225488469
36.459	-2.2777	-4.9212	-0.395499697323156
26.628	-11.465	-3.5706	1.645
37.597	-4.7139	-4.268	0.356309580736902
37.638	-2.9456	-1.7393	-0.748024681726404
36.825	-5.2081	-2.5948	-0.00163298499621327
37.001	-3.1956	-1.9825	-0.52436865812253
35.376	-7.6203	-0.86273	-0.0133838882835458
29.737	-10.997	-3.7093	1.645
36.646	-6.9621	-4.4572	1.645
35.599	-6.7579	-0.15719	-0.336412879005189
31.82	-1.1205	-6.6025	-0.322810925817803
36.406	-3.0178	-1.5552	-0.876232518784731
33.897	-9.3231	-3.4479	1.32045403060335
32.105	-1.7627	-0.10838	-0.896080835747387
36.277	-7.249	-0.71106	0.037768652154132
36.737	-5.862	-0.77037	-0.08459779002161
36.388	-6.8777	-0.40505	-0.479492771931908
37.261	-2.7718	-4.19	-0.275742923591214
31.621	1.471	-2.1952	-1.30568183788117
37.684	-3.9188	-3.9944	-0.636603704286941
24.924	3.2424	0.63254	-1.21603789388793
35.866	-3.3966	-1.9231	-0.264785797179171
27.767	2.2237	-0.43318	-1.4564855593806
35.011	-9.3326	-3.6961	1.645
36.754	-3.0007	-4.6999	0.347072755770161
28.246	-11.364	-3.9274	1.645
28.058	-0.40419	-6.5521	-0.748624613520536
36.427	-6.7942	-0.72939	-0.742558432252006
38.176	-3.9397	-2.3623	0.0402141867680661
31.848	-10.514	-3.7276	1.645
32.421	-9.9028	-3.8736	0.55216326438372
37.445	-4.4388	-3.7318	0.191153982004454
35.951	-1.7764	-5.2628	-1.05705508207584
35.052	-2.3438	-0.25459	-0.521224016729453
37.046	-6.6266	-1.4054	0.245738516897614
35.805	-0.27107	-3.7675	-0.671351715217833
37.018	-2.1404	-3.4635	-0.753920143250706
29.485	-11.04	-4.0291	1.645
34.963	-0.91573	-4.2992	-0.829232807922304
35	-8.9277	-3.0689	1.37843043457437
37.03	-6.9054	-0.89318	-0.437518484705675
36.998	-6.6701	-0.68066	-0.0993379615255767
28.959	-10.732	-3.9835	1.14206988530702
28.796	2.6423	-1.0447	-1.16646632281288
35.607	-1.8209	-5.5017	-1.09021455464226
29.049	2.1374	-1.2587	-0.595408620848418
36.564	-7.3469	-0.8169	-0.276747818686813
37.58	-5.6603	-2.0723	-0.228937701778336
31.865	0.77388	-1.3397	-0.830795028684235
29.143	-1.0016	-6.5471	-0.616796127182491
27.258	0.22043	-6.3336	-0.303636199474391
35.159	-8.7272	-4.1003	1.17017012205039
35.815	-7.8946	-0.37288	-0.391626710980314
37.493	-3.1652	-4.0554	-0.180855885256642
36.963	-3.5361	-2.5995	-0.483132150528203
37.393	-5.8686	-0.98026	0.0871189858349629
37.813	-3.2192	-2.0258	-0.538165741753317
37.005	-7.4155	-1.2923	-0.501171507019513
36.678	-7.6703	-1.4146	-0.265231665404366
36.409	-6.576	-1.957	0.432565951793395
36.077	-2.6253	-4.9514	0.0456394161183804
36.243	-3.5794	-0.21717	-0.566920441497495
36.026	-6.626	-0.1023	-0.195974264851158
36.241	-3.1487	-1.2023	-0.413395201428706
26.151	2.5267	-0.32816	-1.44215215592593
37.961	-4.5137	-3.6152	0.493729681614392
34.751	-2.076	-4.7894	-0.391148771007293
35.408	-1.3801	-5.2085	-0.667691341862897
31.983	-8.192	0.43924	-0.201031950657293
37.348	-4.3808	-3.4643	0.878120831718634
25.224	-11.867	-3.7074	1.5233657157904
29.185	-1.0694	-6.7569	-0.626029896143673
34.119	-1.5572	-3.3554	-0.886739380852852
35.665	-1.1446	-3.4708	-0.90236626238974
37.853	-6.0901	-2.2477	-0.334527054959234
36.103	-2.9022	-4.7952	-0.469583313684082
36.835	-3.5596	-0.94827	-1.01744246634832
36.17	-7.445	-0.85062	-0.532725289590969
26.906	2.3831	-0.26394	-1.31137872201574
36.06	-7.5642	-0.4854	-0.708189705868502
37.14	-4.964	-4.1295	1.02060868798234
36.254	-2.536	-4.605	-0.236874561240415
37.401	-2.788	-4.0256	0.455240895778715
36.424	-7.281	-0.91605	-0.801972473869257
35.811	-7.1054	-0.26252	-0.592626084764216
35.131	-7.9391	-1.5386	-0.390317580867804
36.196	-2.2167	-5.2777	-0.34803845281941
35.143	-3.4181	-0.3143	-0.68157662999584
35.111	-2.7285	-5.6907	-0.630085167913653
38.008	-3.2008	-3.5752	-1.13620646088623
35.136	-0.6424	-1.0237	-0.880329015124375
35.689	-6.7757	-2.8578	0.692621761496055
29.713	-1.3836	0.57155	-1.37484151649481
30.906	-10.083	-3.4443	1.645
34.883	-4.4287	-1.5223	-0.444936400158538
38.086	-4.8205	-3.8928	1.16644408748354
37.501	-3.63	-3.2459	-0.560616559534065
35.843	-6.6108	-1.5401	-0.0475298661756677
31.505	-10.677	-3.5357	1.28886977125954
37.16	-6.6232	-0.7396	-0.478380143865069
36.42	-7.2465	-0.79641	-0.573258338947563
31.917	-9.7447	-4.6294	1.00408575325656
37.031	-6.9763	-1.0374	-0.695651295730451
38.265	-5.2641	-1.6418	-0.358338450037735
37.023	-7.7618	-3.0738	0.651114822511063
35.848	-8.0086	-0.74692	-0.390046113718912
37.359	-3.4721	-4.3656	-0.372813219969548
37.919	-4.1884	-3.3612	0.337160619928909
31.151	-10.386	-3.707	1.645
37.056	-2.086	-4.1943	-0.166416882014552
38.006	-4.5622	-1.6132	-1.46575146490408
36.625	-3.1859	-5.035	-0.0392629189151321
22.994	0.17768	1.5887	-0.906037728796027
37.974	-3.5713	-2.2629	-0.542185944306011
35.991	-7.1105	-0.27884	-0.510453994085398
34.046	-7.7115	-0.99998	-0.22871208263772
28.049	-10.987	-4.007	1.645
24.626	2.8702	0.65734	-1.38088742957315
35.883	-6.8386	-4.8344	1.1008714177622
36.537	-6.301	-1.1695	-0.146845137389359
36.684	-6.916	-0.54257	-0.433008900090905
36.131	-6.7703	-0.6249	-0.0258461238180902
36.721	-7.1728	-1.6014	0.129509297540139
36.291	-3.2826	-5.4975	-0.166411395901621
37.998	-6.5588	-1.1578	-0.570022914693985
37.407	-3.279	-1.2402	-0.666691335105182
34.719	-0.76652	-0.38087	-0.500698521403732
24.667	-11.97	-3.4268	1.645
36.562	-7.8558	-2.4601	0.335225831512132
34.523	-6.4037	-5.2684	-0.159277674691259
36.344	-2.7243	-5.0541	-0.421155959772938
28.704	-1.2358	0.73461	-1.55929217585103
35.112	-8.381	-1.5627	-0.00740309704959601
36.561	-8.08	-2.507	0.604119380026198
29.101	1.8205	-1.2912	-1.19448341444241
35.878	-8.1252	-1.6888	-0.178710418842131
33.057	0.84632	-2.7147	-0.115455849305111
33.546	-0.34527	-5.445	-0.878489222356225
31.882	-0.57295	-5.8092	0.314374129643811
24.91	-11.954	-3.5912	1.645
38.382	-5.4187	-2.2298	0.0404261313440512
35.342	-0.84757	-4.9727	0.115667765672796
34.619	-5.6944	-5.4814	0.0263169286244851
36.436	-7.5013	-0.96146	-0.796524731401288
37.02	-3.3083	-1.0167	-0.707790583948952
34.806	-8.8901	-2.973	1.27282164373244
34.347	-0.98887	-5.2431	-0.419554602471392
32.922	-10.36	-3.0592	0.744727196009322
37.436	-2.0099	-3.387	-0.467684890874028
27.802	-0.52154	-6.6001	-0.051273853440767
36.324	-7.7981	-3.4379	1.61964983906368
33.436	-1.2899	-6.2745	-0.325887839982358
33.177	-9.7487	-2.9992	1.11568506462993
27.274	2.4161	-0.10539	-1.33814737602912
25.93	-1.2025	0.87789	-0.588884947592799
36.272	-2.8487	-4.1937	-0.328603253078763
37.157	-2.2965	-4.1908	-0.354675638584867
30.682	1.0168	-1.2092	-1.05215116219974
34.541	-2.8555	-1.6681	0.00174725190844825
33.291	0.40457	-1.8331	-0.434011364424664
37.406	-4.0066	-3.9598	0.020492918549438
24.997	-0.66669	1.1359	-0.615270760883051
36.12	-6.4143	-1.0835	-0.423014174637948
34.659	-1.9863	-5.9829	-0.690656551869085
36.488	-7.3251	-2.3262	0.5053082976895
27.032	-11.414	-3.9168	1.3481200310911
33.231	0.16905	-5.6528	-0.429326589947881
35.542	-6.5946	-1.1652	-0.327410983227199
36.53	-7.222	-1.5122	0.220001495603259
35.769	-1.7993	-5.2612	-1.07089922568168
35.546	-8.9878	-2.0374	0.763646205513021
36.791	-7.3313	-1.4707	0.218059812375633
29.891	1.399	-0.59674	-0.656339499547401
35.835	-5.3318	-5.5868	0.545040083921645
28.257	-0.68969	-6.8239	-0.702707878200823
37.377	-6.8635	-1.8859	0.423953066838924
27.464	-11.751	-2.8039	0.689145997061975
28.168	-0.41404	-6.7192	-1.02520425516206
37.75	-4.869	-1.3026	-1.06428217183328
35.944	-7.7459	-1.3209	-0.292038161380586
38.082	-5.3314	-2.1137	-0.68729903253776
33.007	0.29962	-0.29684	-0.734124257090839
38.541	-5.8464	-3.3132	-0.227351229008451
36.802	-7.1285	-0.91854	-0.59610478468959
37.28	-2.8613	-4.4514	-0.477514321537792
27.788	-0.7983	-6.5807	-0.803280313120817
29.504	-10.993	-3.853	1.09957271991836
30.43	-10.246	-3.9492	1.645
35.675	-7.1694	-0.86933	-0.507116190474422
37.326	-5.6839	-4.4112	1.50302490570962
36.829	-3.054	-4.6771	-0.28817600858414
37.127	-7.6054	-3.972	1.01733772131459
32.465	0.75286	-1.4389	-0.944581490140821
33.046	-8.5364	-0.65937	0.367596289087401
32.73	-10.178	-2.8586	0.553500255345104
34.579	-9.3204	-3.3467	1.29882673071478
33.708	-1.6614	0.33322	-1.40066535222683
37.264	-6.7331	-1.3042	0.00221609122831047
33.378	-9.128	-3.986	1.08394853138555
36.682	-6.2436	-0.22291	-1.13069912983172
30.821	-10.162	-3.2975	1.64001718425209
36.51	-8.369	-3.6788	1.645
24.884	-12.03	-3.7199	1.645
35.633	-2.7754	-0.42644	-0.454084010128838
36.718	-6.6751	-0.98773	-0.384053752290523
35.556	-2.9167	-0.96308	-0.0852415153572591
27.416	-11.642	-3.608	1.645
35.042	-7.5012	-4.9165	0.892710947939335
37.034	-2.7736	-2.7544	-0.711295733158012
37.879	-3.3745	-3.9897	-1.1851015527688
28.693	1.9418	-0.84665	-0.991539588711931
36.863	-4.6665	-0.57369	-0.548717903494401
37.196	-2.9731	-1.8959	-0.990474598405443
28.874	-11.12	-4.0281	1.645
37.449	-6.7361	-1.3597	-0.67581240677745
35.503	-6.2815	0.51715	-0.216630391861122
24.869	-11.715	-3.337	1.645
37.136	-6.9179	-0.88602	-0.373764290977003
37.548	-3.7864	-2.5541	-0.115917314201446
36.034	-7.4432	-0.97491	-0.490631590225667
37.937	-4.7004	-4.0766	0.770369916182677
35.013	-1.0942	-0.74452	-1.04414862101748
37.172	-5.7699	-2.3884	0.128122964769759
37.69	-2.9721	-2.3396	-0.596868881391166
36.99	-7.0988	-1.0916	-0.452109401232464
32.325	-6.7771	-5.2843	0.555610443263444
36.596	-8.2474	-2.108	0.181230540845551
34.624	-9.1756	-3.8766	1.645
36.626	-3.6918	-0.73483	-0.115525939193097
36.301	-7.5684	-2.2311	-0.266852812068202
35.615	-2.2489	-4.7724	-0.242385048743141
37.742	-5.3859	-2.9074	0.181998003566385
36.329	-1.779	-4.8389	-0.508964558967128
33.853	-7.9412	-4.2012	1.008303725878
36.495	-7.6701	-0.95526	-0.106915466494565
32.664	-10.854	-2.59	0.916318974962368
34.45	-0.82641	-5.3395	-0.295133509109502
31.683	-1.2044	1.0754	-1.47922009836267
36.139	-7.2369	-0.64364	0.155576093612095
37.14	-3.0531	-2.5682	-0.0190574950116423
37.645	-3.0373	-2.7639	-0.871893762810214
33.42	-1.847	-0.09335	-0.510590368227252
25.808	2.4843	0.20229	-1.6188158486627
36.558	-3.477	-0.7264	-0.614193425467147
37.076	-2.1343	-2.4981	-1.25321964059874
37.295	-3.7665	-1.2328	-0.899337682464537
36.868	-7.3659	-3.4925	1.645
25.14	-11.017	-4.1427	0.858347239448084
37.662	-2.5526	-3.9957	-0.149982265910725
37.251	-3.3098	-4.4526	-0.151566462074101
38.169	-4.0381	-2.3338	-0.503815977422107
32.388	-10.109	-3.1943	1.60063689437035
34.469	-3.1586	0.16337	-0.850982871230909
36.915	-7.9132	-1.4713	-0.337224106496296
28.759	-11.084	-4.2342	1.645
29.454	-1.0348	-6.7118	-0.490752001068857
36.981	-6.4968	-1.3048	0.0717859270929389
23.9	3.4724	0.17699	-1.04976442604069
36.503	-3.0435	-4.7703	-0.316634210126182
31.809	-9.8667	-4.0254	1.06056336730649
36.414	-2.6558	-5.1461	-0.284119111589089
37.586	-5.8647	-1.1041	-0.610905005639299
35.487	-7.1229	-0.32773	-0.363543922117147
27.695	2.5926	-0.75992	-1.39314311284643
36.496	-7.1131	-0.84695	0.506843399602137
36.57	-1.9504	-4.6956	-0.57004944065248
37.89	-3.3009	-2.8666	-0.737706575541303
35.773	-3.3263	-5.1052	0.266336953221145
36.89	-5.1349	-4.9182	0.454516510989742
36.339	-7.668	-3.0652	0.344390627941903
37.425	-4.7946	-3.5831	0.181304825279002
36.89	-7.2192	-1.1222	-0.164090451507049
36.973	-4.4217	-0.99545	-0.505840642930824
18.117	-12.427	-2.7497	1.645
28.914	1.9943	-0.15523	-0.697864638302328
35.884	-6.3224	-0.51641	-0.510660981226552
22.895	-11.764	-3.655	1.645
29.674	1.9213	-1.1953	-0.742752685312358
34.349	-1.3018	-5.8695	-0.308794988076262
33.373	-6.1595	-5.613	0.399750741997461
36.107	-8.3833	-3.8955	1.645
33.708	-6.1344	-5.2625	0.359822917458205
25.941	-0.49807	1.7601	-1.04655242199794
24.148	-11.976	-3.5319	1.645
35.762	-2.4738	-4.9674	-0.317340558570732
34.387	-0.70831	-5.5504	-0.806162900298242
37.663	-3.1052	-2.6371	-0.81766008200487
37.474	-3.0541	-2.0965	-1.11915773293979
33.383	-10.034	-3.4276	0.638503711228671
28.812	1.5111	-0.18542	-1.13172257273777
36.922	-5.6457	-4.9601	1.09980772363272
37.488	-6.6095	-1.1444	-0.00621988547101091
28.073	-11.668	-3.1194	1.645
36.91	-3.242	-1.1441	-0.617556984594604
36.175	-7.537	-1.5303	-0.163945981691063
36.358	-0.97953	-2.8211	-0.676213803217026
36.017	-3.9337	-0.15164	-0.524783353826137
38.576	-4.8825	-2.3728	-0.874224017452175
37.872	-5.7018	-1.026	-0.599163551089084
36.697	-2.4607	-4.6981	-0.670341398942436
36.349	-7.9935	-1.5244	0.0993296747393863
37.175	-3.326	-4.0231	-0.471482871453206
36.928	-3.1836	-4.6119	-0.174050176583192
37.756	-7.1614	-3.4233	0.637562120619057
37.301	-2.9975	-4.1287	-0.51879700722588
30.193	1.1488	-0.66419	-0.551932182648374
28.46	2.2846	-2.1237	-1.47742285235099
24.401	-1.0807	0.94528	-0.572832404723644
27.402	2.3625	-0.79184	-1.40647967857431
37.872	-6.6212	-3.506	0.572357037836368
29.53	-11.489	-3.1516	1.39386450880984
27.857	-1.7479	0.28644	-1.34166779261945
35.484	-8.9282	-1.9391	0.237469067587751
27.673	-11.413	-4.0307	1.645
36.204	-0.51726	-2.602	-0.848542025659666
28.13	-0.42296	-6.6429	-0.801961387932971
29.047	-11.285	-3.5116	1.645
37.948	-3.335	-3.8358	-0.764701978563925
36.671	-6.1766	-4.2952	1.35550839503724
36.841	-6.0594	-5.141	0.598869573675568
36.965	-4.6772	-4.0313	-0.216049442927795
36.056	-7.7506	-4.4819	1.645
33.524	-0.99915	-6.1235	-0.26599093854717
35.209	-2.4738	-5.3197	-0.660950566744815
27.447	-11.476	-3.9333	1.645
36.676	-4.9225	-0.54227	-0.424303684336524
36.187	-1.3059	-1.2429	-0.429519139198629
29.373	-1.8565	0.38733	-1.645
29.141	-10.738	-4.3405	1.645
37.819	-3.8939	-4.081	-0.37239736002688
35.461	-6.7856	0.21	-0.365414440807121
33.537	-8.6364	-4.1537	1.07222109481369
35.576	-2.7145	-1.1661	-0.857779179909117
36.729	-7.5145	-3.1312	0.475902873556646
36.088	-6.6977	-0.52185	-0.491000031444017
32.739	0.91199	-2.6954	-0.827660670992987
37.836	-4.3579	-3.3202	0.569731163428488
36.018	-6.3323	-1.1371	-0.440933319277338
37.469	-3.0494	-4.2007	-0.123647970816881
35.606	-2.0846	-5.5897	-0.687383851438366
35.933	-6.8829	-0.44488	-0.168967868831871
35.493	-9.2462	-3.3582	1.645
37.53	-4.251	-3.1865	0.329742967657011
30.092	-11.065	-3.1338	1.645
32.99	-8.9546	-0.21807	0.139275736385406
37.519	-7.3869	-2.6661	0.423890540899392
37.079	-6.2808	-0.77346	0.102116024256738
36.022	-6.828	-0.57731	-0.519632980298255
37.918	-7.0786	-3.0856	0.355487313361065
28.343	-11.733	-3.5872	1.645
37.494	-5.8069	-1.0089	-0.678940340445254
34.273	-0.69818	-5.6839	-0.473853777228082
26.188	-1.2389	0.73822	-0.714427008248987
29.477	-10.678	-4.2809	1.645
29.977	-11.456	-3.3584	1.56542300043437
36.939	-3.7073	-4.6069	-0.654543652972227
37.59	-3.4846	-3.6459	-0.84717418997318
28.11	-1.8263	0.47221	-1.15789285433106
35.99	-2.0913	-5.2288	-0.541048529270661
31.074	0.26967	-6.3372	-0.297560516532541
37.27	-6.4269	-1.0324	-0.214065300064778
34.091	-7.9047	-4.067	1.48818434911587
36.52	-7.3394	-3.0192	1.10265885688751
37.4	-6.6576	-3.761	0.4158959509994
29.113	-0.98121	-6.9442	-0.420848043653742
37.029	-4.7412	-3.0954	0.458627368633826
33.037	0.75239	-2.4438	-0.708698694612327
22.655	-11.631	-3.7513	1.645
37.766	-3.2181	-1.9562	-0.765843299010585
37.838	-3.7151	-3.567	-0.846774158101216
37.285	-3.4399	-4.4883	-0.45470575248332
27.184	-1.4529	0.40133	-1.27878358056095
38.26	-5.4613	-2.6107	0.123763785167891
35.989	-1.6761	-5.1643	-0.940057309803885
37.247	-5.6924	-4.4819	1.645
34.351	-9.3416	-4.3517	1.55331014185639
32.942	-10.187	-3.8424	1.645
36.258	-3.1272	-2.1291	-0.969793825949532
37.522	-6.8014	-1.605	-0.359234451498508
34.875	-7.5634	-0.67985	-0.896660331961828
36.805	-6.8704	-0.46855	-1.04054126517206
36.438	-5.6209	-1.0791	-0.515026441975132
36.039	-7.5015	-0.37316	-0.43369996837469
35.992	-6.343	-0.027214	-0.399526797408153
38.018	-4.0021	-3.4175	-0.36445507338217
36.085	-8.2433	-1.0166	-0.158474458265436
38.197	-3.1683	-2.8039	-1.12216773015193
37.221	-6.2661	-0.70586	-0.588398348170573
24.495	-0.80438	1.506	-0.0167545554093224
19.894	-12.408	-3.0023	1.645
32.857	-1.747	1.0811	-0.858028796865653
38.182	-4.7359	-4.0348	1.17352185831728
32.564	-8.7826	-4.3392	1.17514791879129
33.424	-10.297	-2.9498	0.865916518878757
37.001	-1.8216	-3.9956	-0.669657563932237
32.612	-9.982	-3.3678	0.707700227554742
26.104	2.9775	0.38525	-1.49603220843976
35.856	-6.2175	-4.9262	0.537255148742739
34.29	-0.70505	-5.4116	-0.536219274261475
35.119	-8.7121	-3.9509	1.645
32.294	1.3388	-1.5872	-0.890527183789544
26.933	2.2884	0.38868	-1.54271021081597
27.989	0.13398	0.8053	-1.09096412170778
37.348	-6.549	-3.1685	0.704223076798767
34.481	-0.83471	-4.8208	-0.979652700861182
36.976	-6.7599	-1.9741	0.567128718585462
36.879	-7.3031	-1.1171	-0.332297352909136
37.988	-3.183	-3.7179	-0.960919927420184
37.929	-6.679	-1.6821	-0.281501629902237
35.328	-8.9384	-1.7754	-0.0880023001180411
34.271	-9.6149	-3.6763	1.02967469005619
33.023	-9.9253	-4.2566	1.11332889339801
36.927	-6.6277	-0.54409	-0.384990301043007
37.587	-7.0356	-2.9008	-0.198366474558398
36.719	-7.5573	-3.667	0.818755415565432
37.13	-6.6506	-0.87502	0.0636274737739897
33.331	-10.091	-3.2853	0.643771797958246
36.513	-6.807	-1.1852	-0.301282774073459
28.452	-0.64826	-6.6807	-0.513039841981038
35.608	-8.7425	-3.6319	1.34678814984355
36.084	-6.9266	-1.1155	-1.06664743097099
34.803	-1.1978	-5.5854	-0.685993728260602
30.623	-10.628	-2.3359	1.645
34.746	-0.83355	-5.3832	-0.84544696110138
37.674	-6.0117	-3.9316	1.14222509988179
35.239	-7.2057	-0.80222	-0.508980547520268
30.909	-10.532	-3.6165	1.645
34.081	-0.19025	-0.19369	-0.0259518947579284
36.16	-6.2388	-4.6065	0.791878960463767
34.061	-9.7107	-2.6267	0.29656042506237
28.401	-0.6673	-6.6758	-0.888073151735518
34.108	-1.3907	0.43458	-1.15806498165582
36.911	-4.0324	-0.88935	-0.544957797842131
36.133	-7.4211	-1.9201	0.212709628610201
35.653	-7.9359	-0.91161	-0.86440337376364
27.563	-1.7829	0.9933	-1.29090019163718
35.686	-6.1698	-4.8122	0.168307059836534
35.599	-6.05	-5.0311	-0.0173369173368853
33.647	-9.5361	-2.9473	1.48802131036307
37.439	-7.1052	-1.3532	0.309580816064527
23.069	-0.86413	1.3787	-0.671733096059375
37.717	-5.9636	-3.8253	1.02788547429941
37.26	-1.8777	-3.7953	-0.567428360556368
37.331	-2.3602	-3.1346	0.312754167986947
29.747	1.7848	-0.64182	-0.72230773850864
31.26	-1.5383	-6.2118	-0.328172100217257
28.79	-0.60836	-6.4231	-0.355058064245007
28.577	-1.9917	0.59004	-1.43212032058793
36.944	-6.5048	0.15745	-0.705264265015916
27.399	1.8644	0.060854	-1.645
34.571	-8.8569	-2.5749	1.645
37.024	-6.2246	-3.3113	1.19102663456353
37.905	-5.2701	-3.6581	0.848094885240058
37.467	-3.1874	-2.2578	-1.2396220712483
35.937	-7.7764	-1.2843	-0.305249567781461
37.269	-6.4643	-1.3187	-0.175281210916274
35.22	-2.8647	-5.4605	-0.557547341649953
36.327	-3.639	-5.216	0.0220347467910622
37.298	-5.8161	-0.65225	-0.0606611298518398
37.658	-4.6228	-3.5033	1.25531078214838
33.532	-9.5404	-3.8361	0.839941769588138
38.11	-4.4154	-1.7878	-1.19667752264876
33.965	0.34185	-2.8306	-0.957694103886491
18.681	-11.853	-3.5342	1.645
37.578	-6.9156	-1.9975	0.397040023918925
22.178	3.5218	0.97528	-1.3082554805963
34.324	-1.491	-0.028499	-0.995610198485835
27.877	-10.224	-4.2064	1.645
35.796	-7.3764	-0.93857	-0.181283519242587
36.21	-7.1793	-0.91817	-0.567516983391618
33.756	0.78472	-3.7174	-0.89134137085348
34.832	-1.3266	-5.3939	-1.26128596506366
36.693	-6.5135	-1.0092	-0.024270626564696
37.262	-3.681	-4.3805	-0.493935690356694
37.664	-2.5775	-2.7475	-0.501643485593209
33.114	-0.44001	-5.9828	-0.400732399835105
35.83	-8.0329	-0.94709	-0.660228736465652
37.168	-2.8936	-4.4433	-0.374730337898901
37.252	-3.2123	-4.5515	0.0751945705543881
37.485	-6.3438	-1.5371	0.266733905790949
36.79	-1.1179	-1.9369	-0.808094355041846
36.986	-3.4192	-4.8641	-0.0353247771603031
28.187	-2.0153	0.64751	-1.48309262889672
36.115	-2.5821	-0.79798	-0.723018534664974
32.441	-8.4786	-4.6004	0.881759445029454
32.516	-10.186	-4.2238	1.15782647111137
34.865	-8.7229	-3.4379	1.645
37.744	-4.8284	-2.8158	0.728516445353585
36.311	-6.2684	-0.71261	-0.246630741582724
37.547	-3.1049	-3.4645	-0.158275977522069
38.079	-6.2421	-1.3115	-0.94647526864179
37.974	-3.6555	-3.1281	-0.613299716962457
28.696	-0.68077	-6.8741	-0.725291444905966
30.852	1.7849	-1.8279	-0.688868081099158
34.821	-6.2335	-5.3327	-0.110609795694447
14.631	-11.506	-3.6427	1.645
34.669	-0.46744	-3.1166	-1.32595229183939
37.859	-5.8203	-2.0456	-0.608096195151204
36.787	-5.5935	-0.20183	-0.379068459548305
36.693	-3.4679	-1.3316	-0.230220223226907
24.838	-11.328	-3.8629	1.12460446948504
35.763	-0.51963	-3.4807	-0.93402051757017
35.201	-6.4466	-4.6978	0.443737679597217
32.044	-10.644	-3.7583	1.53222316921331
36.194	-6.8002	-1.6144	-0.72273047758392
36.007	-6.7848	-4.2244	1.49174975345063
35.927	-7.6408	-0.39627	-0.112276604513935
35.868	-8.013	-3.1225	0.532583019363269
36.808	-7.1617	-1.0805	-0.0106692539642492
36.946	-7.765	-1.2246	-0.338477632653626
36.325	-6.6188	-4.8643	0.995603197337082
35.549	-6.4596	-0.15332	-0.561403490088615
30.435	-2.0178	-5.0573	-0.173111053011719
36.901	-2.8551	-4.7309	-0.341676912898156
37.149	-6.3657	-1.3475	0.00250457862714696
36.787	-3.2912	-4.7881	-0.0958534058394917
37.496	-2.7345	-3.0657	-0.279817063974939
32.833	-9.925	-3.8629	1.645
37.75	-6.5893	-1.4592	0.264907169469593
36.038	-0.75241	-2.4819	-1.27604101755949
28.133	-11.456	-3.6026	1.645
30.447	1.4981	0.012136	-0.555101646002047
37.759	-5.8941	-2.4694	-0.0879207898570178
36.523	-6.9224	-0.55317	-1.15087077352181
37.667	-3.3869	-1.5302	-0.814395435209161
35.259	-0.56743	-3.8436	-0.712710259116603
21.996	-12.117	-3.2949	1.645
36.696	-3.7296	-4.7045	-0.241486337056857
36.844	-2.8627	-4.1771	0.298906326353353
35.141	-7.3093	-1.8385	0.00361994966989558
37.236	-5.8353	-2.0778	0.21748586195238
27.895	2.1727	-0.70999	-1.20108452536198
35.937	-7.577	-0.66075	-0.716261088692856
36.415	-3.3798	-0.64911	-0.6543567159331
37.914	-4.9455	-1.6546	-0.777000371721233
37.81	-6.0972	-2.6215	0.468139030701494
36.059	-6.6724	0.099282	-0.540260590988283
33.831	-0.82131	-5.9073	-0.263546366991222
37.488	-4.8809	-1.9614	-0.28289198137214
34.309	-1.5814	-3.0886	-0.914548513311254
16.546	-12.122	-3.0507	1.645
26.475	2.8001	-0.13414	-1.49272389897809
36.584	-3.2355	-4.7375	-0.346177661307393
36.968	-3.0594	-1.5917	-0.937648787350505
36.022	-5.6927	-0.69924	0.0830564831393022
22.905	-1.2773	1.3333	-0.617712853432411
36.937	-6.6664	-1.0888	-0.08110926334287
38.435	-6.2835	-2.839	0.549425995793881
35.405	-0.70375	-4.8046	-0.875303004577683
36.121	-2.9466	-5.1363	-0.0916734034290487
36.896	-1.6696	-2.1151	-0.341355426785259
27.474	-0.29098	-6.7196	-0.743315786161797
34.672	-9.018	-2.7887	1.54153583795475
36.78	-7.3321	-1.024	-0.537018188531369
31.309	1.3203	-2.1248	-1.0187743334195
34.816	-1.9829	-0.24815	-0.719868362560472
31.034	2.13	-1.503	0.111969696544935
38.1	-4.3733	-2.6288	0.357335448711976
33.506	-8.587	-3.743	1.24128118942646
36.038	-5.389	-5.311	0.457439427533033
34.702	-1.6396	-3.8829	-0.202203155077689
32.373	0.99622	-2.1654	-0.514811754188581
35.958	-2.3821	-5.0615	-0.0654283652739947
37.447	-2.7711	-3.2962	-0.575500605543728
34.224	-1.4421	-5.2872	-0.635245116159695
25.823	2.7506	-0.30933	-1.64039874466466
36.853	-6.3522	-2.1496	0.33597089058692
34.92	-2.181	-0.95545	-0.941835482277588
31.384	-10.126	-3.673	1.645
36.331	-7.1059	-0.41523	0.549681042738839
29.704	-11.031	-4.1478	1.645
35.609	-7.1077	-0.68315	-0.268753012045886
35.818	-1.2328	-4.9674	-0.175244676036044
35.623	-7.3392	-1.1323	-0.300945667115157
32.987	0.16537	-5.4076	-0.128526017309475
36.38	-3.1166	-4.3906	-0.00243044532657885
36.763	-2.5223	-2.4664	0.125956089626036
30.806	-9.287	-3.5933	1.645
31.819	0.77723	-1.5751	-0.46950347646247
34.867	-2.1455	-5.957	-0.562340089918431
36.432	-2.9785	-1.8557	-1.28444478313927
37.33	-2.1802	-2.9054	-0.644025389396444
35.886	-6.8034	-0.66589	-0.657296539958719
34.169	-2.2291	-0.29475	-0.904630029991463
27.676	-0.63697	-6.9622	-0.571585290992698
36.642	-7.6993	-2.0698	0.0783523383769686
36.441	-7.3309	-1.0821	-0.0743236600121645
36.404	-0.77396	-3.045	-1.30016523725635
32.197	1.205	-4.1368	-1.09808253885173
33.119	-10.31	-2.9906	0.787011570243819
37.344	-5.4244	-3.918	1.36655438420385
30.026	1.6761	-1.1057	-0.867011683449498
37.878	-4.0903	-2.2179	-0.18733749211272
37.108	-2.6266	-1.3105	-0.638713320241956
36.482	-1.3979	-3.6565	-0.451238729987166
31.452	-9.1478	-3.2273	1.645
35.595	-7.1083	-1.4836	0.0838493355241658
37.93	-4.6532	-1.5629	-0.782384772683087
28.339	-11.288	-3.7747	1.56499630341819
34.572	-0.91389	-5.3163	-0.772559374582066
27.025	-1.1452	0.8769	-0.893086347999893
34.079	-9.9018	-3.0968	1.17506684329208
35.222	-7.552	-0.12993	-0.0760545834193155
37.707	-3.9647	-4.055	0.0652625410598939
37.055	-7.808	-1.365	-0.671069478569643
37.028	-8.0319	-2.3737	0.55658602998611
37.484	-2.9589	-2.2054	-0.998804676659883
36.636	-1.8449	-4.6217	-0.415812325908692
24.255	-1.0753	1.209	-0.263609093130108
37.908	-5.4849	-2.8675	0.662291283932298
28.144	-11.285	-3.6351	1.3632205553331
36.304	-3.0943	-4.7781	0.217729383589323
36.383	-6.8969	0.11651	-0.355591104208027
36.032	-2.4254	-5.2954	-0.479476934624032
37.693	-6.9362	-2.1968	0.543194985236048
35.196	-7.2738	-0.20346	-0.162372616399246
36.191	-1.9754	-1.1911	-0.526118426016895
35.949	-7.0988	0.036498	-0.452934729749924
32.924	-0.29634	0.38633	-0.543520666243682
36.636	-8.1869	-3.6598	1.645
35.702	-1.5553	-5.3066	-0.772806441454553
37.827	-3.3669	-2.5679	-0.581123332161015
34.952	-6.4194	-5.1862	0.3825312448742
25.703	0.22142	-6.7138	-0.503906476995001
37.718	-6.805	-2.3753	0.443956436189816
20.57	-11.951	-3.571	1.645
33.204	0.41913	-3.6203	-0.815159522161517
36.349	-7.4662	-1.0629	-0.488132050909199
32.301	0.83282	-1.4899	-0.76009231269379
36.889	-6.3605	-0.64418	0.0166876127681557
37.364	-6.6113	-2.4395	0.479161893958972
36.557	-6.012	0.058335	-1.09438317965033
34.899	-8.9036	-2.1978	0.25084575118062
34.392	-0.67005	-5.3893	-0.470188774713047
36.058	-0.71232	-3.8443	-0.648044558791625
35.914	-2.1429	-5.1293	-0.749069491260634
38.175	-6.4615	-2.3743	0.131275299934563
37.269	-6.594	-4.1428	1.28316323844088
36.296	-3.9297	-1.4904	0.157611847435925
34.929	-9.3154	-3.3453	1.645
33.624	-9.7678	-3.2114	0.658964435585455
35.452	-7.5059	-1.1164	-0.499451902535239
36.034	-7.7111	-0.66814	-0.612313027751307
37.161	-2.9571	-4.3767	-0.171110540660658
35.801	-6.039	-0.10692	-0.789314378888202
38.018	-6.5426	-1.8973	-0.21880460369954
37.065	-2.8718	-1.9238	-1.05333991724593
37.741	-3.5231	-1.6764	-0.832761498586723
36.429	-1.94	-1.5444	-0.956983044806429
38.124	-5.9004	-1.833	-0.438113863937984
37.088	-2.7651	-4.3048	-0.419467329513039
37.718	-6.2576	-0.89144	-0.367619844921974
32.946	-10.118	-3.8613	1.19310605212734
38.042	-4.4673	-2.5642	-0.338729241886081
35.311	-1.2939	-5.3454	-0.70744434756129
36.716	-1.7406	-3.0904	-1.03782269802517
37.657	-5.2865	-0.77623	-1.04755484109408
28.415	-1.9853	0.6287	-1.27156871803199
35.913	-2.1991	-5.1813	-0.0274113921326303
37.832	-5.746	-1.2789	-0.221525964065199
37.809	-7.1081	-3.5919	0.443599805516906
37.022	-7.8526	-1.9066	0.182783992550238
35.963	-2.9456	-4.6888	0.270983060687762
29.139	-10.899	-4.2139	1.645
38.328	-5.5245	-1.6957	-0.505366523301044
35.913	-3.5353	-0.26692	-0.371722409915884
36.624	-2.5872	-4.7152	-0.248945918310693
35.732	-7.4659	-0.892	-0.376653475233993
37.405	-2.8884	-4.2719	-0.745484269017294
27.224	-11.557	-2.9923	1.15646643351021
34.219	-0.7002	-5.219	-1.13725479177761
36.409	-6.4671	-0.54685	-0.139644360495292
29.133	0.029435	-6.8166	-1.01707895497637
34.285	-0.88002	-5.7289	-0.551315970373229
35.879	-1.4706	-5.0897	-0.490836072574322
33.331	-0.8698	-4.6621	-0.261472361332895
28.562	-11.373	-3.9338	1.645
34.954	-8.59	-1.2637	-0.277378418999868
12.655	-12.024	-3.1062	1.645
33.259	-0.86748	-5.1327	-0.414828491749161
38.313	-5.8634	-3.2643	-0.207973502748025
36.875	-2.9204	-4.2667	-0.526179415325935
36.875	-6.5702	-0.73131	-0.649203006531439
32.785	0.6827	-1.7577	-0.606385334178197
36.807	-2.7145	-1.7884	-0.483257927623187
36.197	-2.5887	-0.88178	-0.965698472078184
37.29	-3.1505	-4.2486	-0.298469251756112
33.099	0.48603	-1.4884	-0.1829305344642
34.092	-8.9227	-4.1576	1.645
37.012	-7.5666	-2.4787	0.744202638551633
36.947	-6.3535	-1.4057	0.136835989810594
24.144	-11.871	-4.1725	1.645
37.294	-5.8666	-0.45628	-0.296437776564066
38.453	-6.2205	-2.5167	0.0273775293169709
38.205	-3.7763	-2.7418	-0.672726857438928
29.42	-11.225	-3.3753	1.42637464650488
37.148	-5.3387	-0.68234	-0.314885907987568
26.075	-11.349	-3.6326	1.03512606128364
34.237	-0.72906	-5.5845	-0.244032095992631
35.409	-7.9537	-0.78786	0.0421038901399398
36.261	-5.9674	-0.39885	-0.664556913883371
35.769	-1.1302	-4.9338	-0.445248863466077
34.05	-7.3166	-5.0561	0.803061910911372
33.716	-7.4941	-2.944	0.72193415368096
36.741	-6.3389	-1.159	-0.10247223651959
36.513	-7.4862	-2.793	0.368615449922154
36.212	-4.2356	-0.11937	-0.44210704844915
30.542	1.6715	-0.25718	-0.786547927350174
37.523	-5.7548	-4.5898	0.948862565510847
28.667	1.635	-0.37636	-1.3659349197195
37.356	-5.2576	-1.0494	-0.160428061969313
36.478	-7.7756	-0.57777	-0.812048819916958
37.883	-3.842	-3.38	-0.627539598365871
35.131	-9.2436	-3.3567	1.645
37.587	-5.2175	-1.004	-0.45303946970586
36.221	-2.9564	-0.61513	-0.722899021912413
38.637	-6.5948	-1.8103	-0.0055180538510322
36.956	-3.2025	-4.4751	-0.166970356330763
29.985	-11.016	-3.6217	1.2212655385629
31.672	-6.1599	-5.747	0.79150579500797
36.491	-1.3732	-4.2775	-0.998093976682407
37.131	-4.5617	-0.87893	-0.946388363882492
31.827	0.24387	-1.1057	-0.838660774596877
36.602	-7.2462	-0.74841	-0.480949044485056
35.527	-1.6899	-5.4983	-1.29161129031503
28.143	-0.79826	-6.7107	-0.885153577252359
36.361	-7.4636	-0.51885	-0.300962380463582
36.981	-6.59	-0.49138	-0.882785305191838
37.82	-7.0502	-1.9993	-0.137751648410383
36.574	-8.6753	-3.4189	1.645
37.993	-6.6047	-0.58157	-0.778155673698692
36.619	-3.3442	-5.008	0.320005054033514
37.163	-4.0055	-1.8496	-0.0326625431930208
27.841	-0.46924	-6.7153	-0.372916908439776
33.362	0.38835	-1.7634	-0.47376374569681
38.275	-5.2304	-2.3682	-0.106212719852726
36.744	-6.6862	-0.47204	-0.629181995277472
29.038	-11.463	-3.3336	1.49753143216066
32	-9.0904	-4.758	0.974410469072809
34.952	-1.4921	-5.7799	-1.05967692766923
35.586	-6.7863	-0.30952	-0.0915633969747325
29.473	-2.0004	1.2233	-0.884981488905252
36.946	-7.1431	-0.98937	-0.0361704563477051
35.2	-1.6433	-5.5416	-0.852337884616923
38.265	-6.0586	-2.7998	0.357036315525394
33.966	-0.18969	-0.95979	-0.619227605820442
37.105	-2.5879	-1.2599	-0.978434953278764
37.342	-6.7824	-1.0638	0.512301263529758
36.545	-7.0306	-0.54223	-0.533563630346952
35.679	-7.0002	-1.2115	-0.108264158743117
35.984	-1.9774	-4.2136	-0.549325637545409
35.308	-9.5027	-2.4343	1.43825479728983
33.845	-9.7813	-3.7695	1.22120814606021
33.349	-0.35116	-2.0425	-0.66216704306991
27.568	-0.41487	-6.818	-0.482223144359027
33.366	-9.9976	-3.4617	1.49282582689713
19.483	-12.108	-3.7965	1.645
37.162	-5.5491	-4.7764	0.715295910059835
35.769	-6.9619	-0.47515	-0.611546147282732
35.88	-8.2388	-4.4135	1.645
35.04	-7.5716	-1.0808	-0.728901332908477
35.22	-1.6653	-1.0212	-1.31707613547329
36.935	-5.5179	-1.3782	-0.265251082860802
35.664	-1.6218	-5.105	-0.683367806265495
26.332	2.8248	-0.26543	-1.52562133039489
38.305	-4.7921	-2.3396	-0.339633523252985
37.264	-6.0234	-0.95589	-1.07676238468385
24.961	-12.173	-3.2356	1.645
36.493	-3.2037	-1.737	-0.17821940056714
37.016	-2.6871	-3.6991	0.125380531135513
35.521	-7.0953	-0.81215	-0.348902988608124
37.573	-6.2663	-0.94834	-0.455399185788932
36.713	-2.7918	-3.6785	-0.275014114872762
37.267	-2.9412	-1.1413	-0.718347876455817
36.105	-7.5793	-1.0388	-0.173713802378459
36.149	-3.6882	-0.088772	-0.676522667606738
29.561	-2.1923	-0.92529	-1.2912046953839
28.421	-10.501	-3.8962	1.645
37.543	-6.6177	-3.9242	0.430401128070168
36.013	-5.2962	-5.2194	0.151956893605371
31.616	-10.133	-3.0478	1.645
26.865	-11.889	-3.6093	1.29486102966102
34.944	-1.8333	-5.6746	-1.22311626540311
33.974	-0.2086	-5.4289	-0.508750121391678
27.421	-11.915	-3.1716	1.26542284395369
24.068	-11.949	-3.7635	1.53623330028256
36.904	-2.4271	-4.0264	-0.549989070934466
32.829	-2.2829	-5.3286	0.118794486972717
36.607	-2.9684	-1.1872	-0.943348544459151
36.922	-6.114	-0.78434	0.142434416985521
37.221	-6.042	-1.2144	0.168351157528929
35.954	-7.1988	-1.5628	0.0549089637271241
35.692	-8.8069	-1.7571	0.204512632179475
37.491	-6.0219	-1.2997	-0.116081916202487
35.9	-7.2416	-0.67509	-0.347853013214822
36.618	-7.6655	-0.98104	-0.642380911169707
29.945	-1.3699	-6.7296	0.0312631556934917
32.161	0.91575	-1.7862	-1.06957770176412
37.605	-6.5111	-0.87244	-0.0402685471894795
35.517	-6.5056	-0.50915	-0.46138008394055
32.059	1.3109	-2.4168	-1.05929924023164
29.196	-10.899	-4.0629	0.664765786818207
24.476	-1.1701	0.93116	-0.400068640196677
36.747	-2.8716	-4.7368	-0.23490506049176
38.014	-3.428	-3.3169	-0.998222942571352
36.001	-6.2461	-0.9769	-1.07185843085712
36.332	-6.6978	-0.47076	-0.547477791516675
38.3	-5.7317	-1.6831	-0.498450666375592
29.979	-11.824	-2.9049	1.51086473197654
37.151	-6.3028	-0.5405	-0.574747732926081
36.12	-6.1442	-0.35725	-0.63299641033953
36.271	-7.3453	-1.3238	-0.194712044701429
36.488	-6.1858	-3.8549	0.381102813501103
35.366	-1.8119	-5.5672	-0.814540292183929
36.371	-1.3748	-4.149	-0.627235101558877
31.428	1.6486	-2.2588	-1.43672617299396
30.715	1.0071	-0.9415	-0.427935060810213
37.231	-3.9099	-4.7721	-0.354761653030672
34.721	-8.3715	-4.579	1.645
36.514	-8.5327	-2.2652	0.463576222433126
36.083	-2.6015	-0.39972	-1.19033690152523
35.498	-8.087	-2.6598	0.168356003022431
30.178	1.4558	-0.55411	-0.319940797783011
33.074	-10.314	-3.0415	0.378430912016628
34.568	-8.0682	-4.3868	1.13224756689368
36.881	-6.9741	-1.2878	-0.622133140720146
31.206	-10.908	-3.2517	1.46962764258888
20.185	-12.42	-3.592	1.645
37.199	-1.6237	-2.4917	-0.439160915573183
36.947	-7.3373	-1.2444	-0.318969482414203
33.778	0.11392	-0.5513	-0.463481647476176
36.98	-3.2319	-1.217	-0.196401680604069
36.125	-7.0592	-0.43751	-0.423273027336947
30.989	1.3364	-1.2695	-0.906778587585413
37.721	-2.718	-3.5393	-0.695097609870792
36.492	-7.4624	-0.46387	-1.0458600089844
35.897	-8.9728	-2.3728	0.959715371199638
36.92	-3.6492	-4.6394	-0.464409088169349
36.993	-4.0546	-1.8566	0.334636456535796
34.583	-9.2741	-3.2361	1.43939115099208
34.344	-1.2254	-5.6987	-0.325664600647289
35.742	-8.0212	-3.8443	1.645
37.001	-2.4226	-2.9225	0.116617763288579
35.171	-6.1369	-1.2886	-0.898516894362637
37.028	-3.37	-4.176	-0.129757664386628
33.298	0.35184	-3.695	-0.490237177532092
30.361	0.79431	-0.83387	0.0671692757148182
35.436	-6.7361	-0.95815	0.0644346393424411
37.41	-6.4188	-0.83121	-0.00413909804152941
36.383	-1.4084	-1.6501	-0.800573935969036
28.632	2.1882	-0.58482	-1.18262143661368
34.186	-2.9176	0.81454	-0.357898548440858
36.195	-4.2493	-5.2274	-0.125955842750222
26.47	-1.2093	0.66759	-1.22424605125923
36.233	-7.5856	-0.90686	-0.00644957465443396
36.421	-8.4179	-2.0881	0.0399442740916318
37.469	-3.1858	-2.9957	-0.738290066911703
35.257	-2.0901	-4.006	0.028653093563366
36.163	-7.092	-0.771	-0.437532891220422
37.734	-5.9544	-4.0513	1.14458352592129
37.902	-5.9908	-2.0936	-0.313134651798059
37.448	-6.4351	-3.4083	1.48159454627382
36.099	-7.3386	-0.73775	-0.593100554745395
38.19	-5.2303	-3.4668	0.382519728060299
32.123	0.60269	-0.86491	-0.745005718194898
32.053	1.3059	-1.5197	-0.415938476244336
36.699	-4.6467	0.089536	-0.584972119677463
27.83	-11.511	-3.6894	1.645
35.927	-2.6184	-5.194	0.400165765942789
36.378	-8.7082	-2.2334	1.36792397981707
37.434	-4.6484	-2.4277	0.465002134770185
36.422	-2.8263	-5.0446	-0.0509456683348393
37.128	-7.3771	-0.91807	-0.309106311368761
36.806	-7.1946	-1.9069	0.172723478871955
34.659	-0.55942	-4.4261	-0.667739972502114
36.328	-7.1272	-0.93379	-0.406141763040575
36.281	-2.7152	-5.341	-0.166664941778673
37.412	-6.2447	-2.696	0.266368387142443
35.967	-2.729	-0.69909	-0.429541085471999
36.783	-8.0664	-2.712	0.840631444637957
36.508	-6.9874	-0.76697	-0.815007405987497
37.295	-4.7406	-4.9434	-0.462275203679028
37.907	-5.6622	-1.514	-0.484683140019182
36.54	-2.6445	-3.9797	-0.352209687740397
34.705	-0.88028	-5.109	-0.932759328324196
35.571	-0.535	-3.7779	-0.652498369155951
36.023	-3.1128	-0.9772	-0.0365413140945987
36.969	-6.9389	-2.1567	0.0174655525832382
30.821	-10.653	-3.8519	1.645
34.81	-1.815	-0.71735	-0.915286285938566
37.007	-3.2381	-4.6457	0.160863252021997
22.98	3.3486	0.063496	-1.32967761500041
32.159	-10.433	-3.0039	1.44904932050422
37.195	-6.8729	-0.94274	-0.0399422050135835
34.005	-0.32428	-5.4688	-0.438846287435743
37.776	-3.2527	-3.708	-0.933833808959312
25.345	2.9604	0.81839	-1.39958497321572
37.704	-6.9036	-3.5007	0.379461911467575
25.232	-11.836	-3.4376	1.35055471984258
35.212	-2.5121	-5.7232	-0.98681438325549
38.366	-5.4234	-2.4492	-0.1073559675042
29.989	-1.4419	-6.6104	0.361733157160309
37.702	-3.2554	-2.2478	-0.772463193215976
36.695	-8.3244	-3.4796	1.62150709747763
22.216	-0.28528	1.8218	-1.02159043606855
27.938	-0.14693	-6.4389	-0.520789560037496
37.215	-2.1692	-3.2804	-0.438793515685504
24.948	-1.1145	1.1193	-0.685298397890671
35.868	-5.9551	-0.76246	-0.565634779870529
28.015	-11.269	-3.5031	1.23761732340502
36.415	-2.8229	-5.3315	-0.309004005380704
36.026	-2.1342	-5.1439	-0.278660198927214
36.861	-6.3361	-0.60656	-0.399434427244134
34.486	-9.5717	-3.7802	1.645
22.352	3.0673	1.2586	-1.32244556898467
35.219	-2.1202	-1.3575	-1.39344009972906
36.39	-6.9544	-0.46647	-0.0467830260657167
32.516	-0.5129	-6.2823	-0.827417883769076
37.032	-6.1426	-0.88556	-0.485025454386509
28.289	2.0839	-1.1024	-0.516668923861874
33.548	-1.5978	0.067007	0.177251690355904
35.336	-1.5855	-5.3664	-0.573227794743068
35.391	-7.7354	-2.7639	0.560144469911507
36.84	-7.9578	-3.3052	1.02879202822409
37.095	-3.2146	-1.7715	-0.227539037982781
33.859	-9.2605	-2.5721	0.71056116297647
35.877	-8.4213	-3.4308	1.45330430213867
34.549	-0.84299	-5.6394	-0.6697645085071
36.996	-7.5551	-2.6668	1.25409197432376
34.832	-7.3907	0.24362	-0.393749773321877
33.235	-10.72	-2.9872	0.70110454883775
37.307	-6.0201	-1.5607	0.0716795527089786
37.418	-2.9354	-2.5082	-1.00481312412488
34.343	-1.6947	-5.9695	-1.04347735967033
35.852	-6.3953	-0.66102	-0.391882731595344
23.219	-11.625	-3.7246	1.645
25.658	-11.743	-4.0632	1.645
36.408	-7.0685	-0.74929	0.806344391454897
34.872	-9.2335	-3.1798	1.645
32.521	-10.366	-3.3013	0.853156770663661
35.301	-7.1362	-0.87532	-0.385121600506872
36.981	-7.338	-4.1057	1.50311191710577
36.532	-2.2219	-4.9142	-0.371441391882976
36.587	-6.9588	-0.9185	-0.695601617854263
37.804	-3.758	-2.5106	-0.122552550226516
37.188	-3.3266	-4.129	-0.670425071488841
36.601	-3.3263	-0.83788	-0.647872142757142
20.494	-12.103	-3.3423	1.645
37.343	-6.62	-3.3463	1.1620773927941
34.74	-1.4122	-5.6472	-0.190120201373125
33.679	-0.86234	-0.17042	-0.962501021043613
36.655	-3.0677	-4.4207	-0.108847570206481
34.85	-8.5722	-4.0191	1.37912296233316
30.867	-10.809	-3.5384	1.645
37.307	-3.9139	-4.5918	-0.446264742017246
36.667	-6.7386	-0.78268	-0.315934348849697
31.457	-0.30158	-6.5963	0.114714368941507
35.913	-7.6121	-0.87189	-0.553785184064228
36.13	-2.8164	-5.1146	-0.140767602037961
35.209	-0.0088546	-1.6024	-0.814506486598846
37.083	-6.3311	-0.76982	0.111398328555937
36.223	-7.7271	-1.0545	-0.468554231284744
30.474	-10.434	-3.6727	1.645
35.745	-6.4161	-0.72233	-0.520440190730389
34.25	-0.42419	-5.4538	-0.103020031240069
35.158	-7.4175	-0.57039	-0.222752689546809
37.835	-4.0336	-3.727	0.328203825854044
29.205	-1.0063	-6.6398	-0.730119497978062
35.456	-3.3218	0.088323	-0.756484727833489
29.803	-10.77	-3.5859	1.51188728749968
37.4	-5.3887	-1.203	-0.331268242156556
38.39	-4.8164	-3.1837	-0.148848956350639
28.169	-10.539	-4.4468	1.645
37.101	-6.2474	-1.5272	0.149032246609277
36.103	-2.9353	-0.50444	-0.721450935758535
33.597	-0.56617	-5.3621	-0.433459585330903
34.55	-8.264	-2.9045	0.822842572271295
35.071	-9.1648	-1.7033	-0.24659742846147
37.21	-4.2579	-4.7383	-0.344274303190291
35.826	-8.9178	-2.6398	1.02883154082098
29.572	-9.596	-4.4341	1.645
38.35	-4.2938	-3.138	0.0758713690371116
33.688	-2.6749	1.0381	-0.794571425438861
36.474	-2.0151	-4.8982	-0.325823247236871
36.528	-6.7207	-0.3798	-0.628487568194594
33.424	-10.084	-3.4669	0.760103503114194
35.861	-2.605	-5.277	0.309797974255532
34.46	-9.1908	-4.2253	1.645
38.32	-4.8525	-3.1108	-0.0368482361936547
37.496	-3.2443	-4.1554	0.198604219987392
26.909	2.6637	0.026832	-1.39862530203049
23.052	-12.064	-3.317	1.645
37.644	-6.4692	-2.6675	0.478560795328949
36.848	-6.5595	-2.1398	0.763331271921994
29.035	1.6447	-0.066406	-1.06838416160083
35.626	-7.5125	-0.57968	-0.261261578890297
37.322	-7.6218	-1.4826	-0.46038688507187
35.285	-8.2893	-0.64382	-0.494816097846984
20.084	-12.312	-3.48	1.645
28.865	1.751	-0.48839	-0.936270824431237
29.709	-10.969	-3.9119	1.44398303736274
37.772	-3.5059	-3.3861	-1.13545924753598
36.942	-6.4637	-0.66239	-0.494794687099488
33.758	0.38343	-3.2386	-0.535121962340432
36.282	-1.236	-3.9953	-0.717510511572554
36.872	-6.6326	-0.5159	-0.883802410500988
27.991	-1.7102	0.46544	-1.33187072546263
34.467	-0.7789	-5.5486	-0.724162257436925
28.91	-10.416	-4.3339	1.645
36.451	-2.0925	-4.9467	-0.747960542100394
29.772	1.7553	-0.20628	-0.877810067777154
37.46	-4.4038	-1.0835	-0.55352529415825
30.47	-9.6622	-4.3325	1.645
31.478	0.98321	-0.87069	-0.796080869707862
36.431	-1.4634	-3.8262	-0.743677744439
36	-9.0717	-3.5695	1.645
37.711	-5.9719	-3.357	0.383908869388755
27.558	-11.495	-3.2371	1.42710794675592
24.502	-11.889	-4.0808	1.645
36.522	-7.3306	-1.1206	-0.293659309645665
34.234	-9.0501	-4.1876	1.645
34.039	-8.7942	-4.1058	1.645
36.049	-2.8343	-0.31658	-1.01104651783162
35.726	-3.108	-0.29894	-0.656916767862263
37.247	-6.3258	-0.74275	0.322585860936956
36.663	-8.0185	-1.3392	-0.964498624259513
36.819	-2.209	-4.6629	-0.314459565525551
36.367	-7.0131	-1.7098	0.180453542352709
37.603	-3.5366	-2.3554	-0.765244437392987
37.32	-2.9559	-2.0473	-0.986548881036683
36.358	-3.1915	-4.9347	-0.0910544927984308
18.772	-12.196	-3.1299	1.645
32.75	-10.422	-2.8005	0.493893782552619
36.785	-1.4031	-3.5604	-0.676183916808038
35.477	-1.5291	-5.0441	-0.255791708728046
28.024	-11.618	-3.2678	1.645
38.028	-3.372	-3.8422	-0.880657251917391
35.983	-6.7157	-0.25748	-0.443396033947676
37.675	-7.2641	-2.5191	0.689936078599131
38.285	-6.068	-1.6478	-0.12252556233875
37.648	-2.9954	-2.6871	-0.530904098855919
36.758	-6.2914	-0.49534	-0.223371379737523
37.3	-4.165	-1.6175	-0.0361828484616379
27.805	2.13	0.2655	-1.22184945515283
33.741	-1.9733	-5.4226	-0.360044098478313
36.11	-7.4497	-1.499	-0.629016566757039
37.13	-3.482	-3.5833	-0.233412444015514
37.065	-7.2034	-1.1197	0.178829861078576
35.676	-1.5634	-5.343	-0.967327880790251
25.634	-1.2253	0.94194	-0.536357908202509
36.345	-2.7504	-1.3676	-1.05445334873605
35.006	-5.2704	-0.66318	-0.475508673878846
21.515	-0.82075	1.3352	-0.0632682287891073
36.934	-7.1197	-1.3898	-0.0747199366702621
35.563	-2.7773	-0.24283	-1.13357192489613
37.173	-2.6245	-3.9132	-0.388015551652928
36.387	-2.0945	-4.6511	-0.713764918408648
35.784	-2.114	-0.96068	-0.979630890389436
37.664	-3.9756	-1.3644	-0.96969374614391
33.453	-9.9212	-3.2833	0.701593080388515
28.418	-11.12	-3.9506	1.645
35.617	-3.9137	0.42156	-0.301012924357546
35.863	-2.4069	-2.5622	0.0893085766995695
35.028	-7.1752	-0.66195	-0.507583662143346
35.812	-5.4805	-0.52955	-0.458438179858038
35.948	-1.8128	-5.129	-0.706914212206369
36.383	-2.5713	-5.1106	-0.345214963919542
37.161	-6.9458	-4.105	0.51172066868819
33.48	-0.64767	-5.7709	0.276714474396832
36.767	-7.3284	-1.2693	-0.139025488390522
34.688	-1.4445	-4.5017	-0.168288303894263
35.727	-1.6297	-5.1851	-0.502278202492754
27.955	2.3396	-0.87238	-0.88392408587584
33.377	-10.479	-2.644	0.379046611612578
32.498	-1.6331	0.075498	-0.48389464130659
37.362	-2.3661	-4.0574	-0.311076082777872
37.957	-5.771	-1.0749	-0.487702252324161
36.775	-7.7189	-0.67347	-0.533383097647511
37.412	-4.5111	-2.4789	-0.215249495417727
36.828	-7.5118	-1.7764	0.0278178605087856
34.807	-9.2413	-0.70097	-0.126762024764038
37.16	-6.5484	-1.2193	0.0792451590214051
36.12	-6.8519	-0.23334	-0.493401282599176
38.418	-4.7373	-1.7362	-1.06379761727217
33.209	-1.3065	0.58739	-0.859416381013298
36.674	-2.2954	-4.338	-0.302313237290012
36.732	-2.5374	-4.5019	-0.226771985988381
37.642	-6.2693	-1.2363	-0.480774331197778
34.288	-1.2429	-5.9811	-0.112910378641382
34.357	-6.5455	-4.6842	0.490707525236787
33.459	-6.2113	-5.0877	0.121666214185277
34.398	-1.8175	-6.1834	-0.890768851516841
28.402	1.6858	-0.84161	-1.16757910887553
36.054	-8.1439	-2.2738	0.422385415498344
36.711	-5.4696	-0.059321	-0.538434202399388
36.851	-6.8	-1.1773	0.152758863604544
38.242	-5.918	-2.1091	-0.0767688580048849
37.137	-3.3898	-4.8805	-0.222508824529906
37.779	-6.3044	-1.8107	-0.242361270905056
34.925	-1.4506	-5.7603	-0.868614311040343
36.307	-6.6518	-5.0565	1.645
37.216	-7.7869	-1.3901	0.31703865760385
34.201	-6.8832	-5.1613	0.826972971523441
37.024	-5.0281	-5.0016	-0.0725113294560328
31.076	-10.596	-3.1788	1.645
37.732	-3.9914	-1.8724	-0.862600311337725
28.05	2.1178	-0.84351	-1.4581241261264
29.068	1.9082	-0.13313	-0.679013605776138
38.105	-6.1144	-1.8308	-0.0381793432772295
31.208	-10.341	-3.9103	1.645
37.164	-3.1932	-4.4762	-0.370505967261608
35.947	-7.6318	-0.92707	-0.3160434230197
26.384	-11.718	-3.1602	1.41916335876309
17.539	-12.176	-3.6076	1.645
27.847	-1.0006	-6.7591	-0.52881694458437
28.06	-11.31	-4.1272	1.645
26.252	2.4373	0.2568	-1.53580945667869
36.415	-1.8489	-3.4901	-0.395492280972113
36.414	-6.6305	-0.54073	-0.64141530733663
36.926	-6.1455	-1.226	0.370189867417717
37.013	-1.3675	-2.5758	-0.478507065661898
31.516	-1.6663	-1.0651	-0.595535187119865
23.685	-0.6064	0.95115	-0.0226538978344745
27.546	2.3168	-0.11179	-1.20921090611618
36.582	-3.2051	-5.0006	-0.116078996823805
37.103	-6.8195	-0.88503	-0.623545943616788
36.399	-7.0935	-1.8265	0.109880016363616
35.481	-2.2084	-0.77026	-0.404375517472688
27.377	2.5778	-0.06166	-1.31220185265437
29.712	-0.9678	-6.7499	0.0882339291782715
37.899	-7.3266	-2.9614	0.565691535204683
36.681	-7.6883	-1.3233	-0.263778232269896
36.539	-6.8839	-1.4043	-0.0440968214060638
36.927	-2.4784	-4.6331	-0.368080928737174
37.289	-5.8562	-1.1742	-0.143769786422649
36.35	-1.06	-3.5694	-0.523480783836238
36.839	-2.8458	-4.6107	-0.371380754921156
34.409	-9.3628	-3.4874	1.09120542068911
21.749	-12.082	-3.1072	1.645
36.479	-2.3034	-4.7111	-0.148980366312173
35.35	-9.2134	-2.9742	1.645
37.069	-7.3037	-1.1191	-0.270006410536276
37.293	-2.0806	-4.0461	-0.0637525945832059
37.112	-7.3561	-1.2594	0.111635698696537
35.298	-7.0473	-0.77197	-0.636464625750381
34.237	-8.2289	-3.8283	1.645
38.056	-5.1676	-2.5888	0.525710716008923
35.642	-2.2581	-5.5624	-0.475734263919276
37.132	-6.4566	-0.84542	0.0919129972485178
33.381	-2.7503	-0.92077	-0.63255840919543
36.842	-7.1254	-1.1484	-0.0680380274203909
36.903	-6.0825	-1.1782	-0.154355362282572
36.19	-1.7172	-3.5639	-0.710145934408923
34.92	-2.2908	-0.34357	-1.26636353459195
38.043	-4.5569	-3.3936	0.708909851882177
35.541	-0.99494	-3.919	-1.2434796784165
37.769	-5.0176	-1.871	-0.830820451049153
35.269	-8.6907	-0.96378	-0.205278610442453
36.885	-8.2585	-1.4113	-0.407734474506364
34.961	-9.0902	-2.5955	0.36949731796744
36.838	-3.1052	-0.58324	-0.602566895203361
27.664	-10.9	-3.9195	1.04717174564305
23.422	-0.66444	0.89025	-0.597461133361061
29.878	1.9333	-3.6835	-0.808846630119211
38.515	-5.1784	-2.2231	-0.620606743661028
38.137	-5.8416	-1.5113	-0.741506039304849
37.654	-2.3191	-2.4915	-0.581522211751521
35.139	-7.3104	-0.6746	-0.0455839813649385
29.667	-0.36181	-6.2471	-0.871263365168281
34.572	-9.5317	-2.8881	0.631599400998975
36.627	-2.2565	-4.6513	-0.431953125559077
38.041	-6.1191	-1.0396	-0.347455816275064
35.898	-7.0416	-0.93679	0.279956931723858
33.998	-7.9864	-0.16569	-0.180545687521971
35.179	-4.4275	-0.35156	0.0459375554342663
35.475	-6.9959	-0.76676	-0.286743880350964
32.07	1.4293	-2.3833	-0.541954667411241
35.045	-8.4451	-3.0206	0.781864530680813
36.626	-6.7312	-0.7282	-0.806224189551729
28.783	-1.1034	-6.5278	-0.913104155158915
35.933	-8.4365	-1.8553	0.00194612859506268
32.506	-10.224	-2.3987	0.877442955913397
34.744	-7.6455	-4.2175	1.04205882131732
35.716	-8.4489	-2.1184	0.442276572545901
31.72	-0.96702	0.3544	-1.13205159142587
36.751	-6.7733	-0.83624	-0.251797676993239
26.305	2.5123	-0.34699	-1.43457263166764
37.254	-3.0555	-4.385	-0.0337552161882298
34.17	-1.3725	0.13005	-1.14456361274905
36.772	-2.0808	-3.8427	0.0533752829441284
28.764	-0.51537	-6.6424	-0.730572214122818
38.014	-5.9577	-1.8809	-0.150006844126172
34.574	-3.6874	0.49795	-0.893986113335712
36.293	-1.505	-4.5643	-0.529955009499986
36.234	-7.6629	-0.97961	-0.468962111974598
34.65	-7.5723	-2.293	0.468936270819031
36.083	-8.5847	-3.8822	1.645
27.103	-1.7895	0.51807	-1.44546137659935
36.16	-3.0067	-5.1595	-0.346503979954461
33.832	-9.4165	-3.2844	1.12916634551973
35.349	-1.7696	-4.8635	-0.972755421145399
37.166	-4.2299	-4.5378	-0.256262158446234
34.808	-9.1052	-3.57	1.645
35.873	-6.1718	0.076158	-0.210561320581362
35.622	-2.128	-5.639	-0.680876864641469
37.437	-6.1818	-4.1612	0.785866514138779
36.152	-7.3342	-0.95071	-0.400625087787673
35.261	-1.5128	-5.0484	-0.933353716065372
33.824	-9.9319	-3.7705	1.645
35.159	-5.0452	-1.1061	-0.446767066861341
30.039	-10.6	-3.9322	1.645
30.135	-9.1454	-4.2499	1.43647432320401
29.138	-11.188	-3.8476	1.645
35.92	-6.9901	-0.49628	-0.329349432631734
31.224	0.17342	-5.7504	-0.605212786433475
35.622	-3.6657	-1.0615	-0.84441470711987
37.487	-6.2291	-1.7669	-0.64694757466257
35.929	-8.1243	-1.4357	-0.32056218680043
33.353	-0.15211	-5.6436	-0.612134307178
34.134	-10.156	-2.7773	0.627858167049737
35.54	-1.4891	-4.931	-0.51197882184277
34.026	-9.7903	-3.2879	0.902553761412969
36.626	-5.7911	-1.2278	-0.0141029708117262
24.178	-11.704	-3.6301	1.645
37.404	-5.4861	-1.3972	-0.131666737052788
33.892	-0.68384	-5.8885	-0.259990456419495
24.368	3.7988	0.25655	-1.38031572317783
25.316	0.0397	0.96357	-0.49766777194214
36.37	-2.9592	-4.9675	-0.383957252831633
36.177	-2.5183	-1.6875	-1.21353726867522
34.494	-0.21675	-1.9609	-0.430418518779835
36.989	-2.1522	-4.4694	-0.225994938829723
29.538	-10.738	-4.0519	1.645
37.198	-6.5255	-1.0386	-0.0314285784511689
36.164	-7.808	-2.0116	0.172875739183797
26.615	-11.683	-3.4185	1.22552111380532
35.959	-8.016	-1.3819	-0.333805748063267
37.27	-6.2276	-1.1357	0.414605568369085
36.454	-6.533	0.32032	-0.830545887182945
36.452	-2.8956	-0.53636	-0.861358580272497
33.279	-10.124	-3.4263	1.05415644034175
26.736	2.6919	-0.6298	-1.24698280702864
37.768	-2.7583	-2.6984	-0.533069116631392
35.59	-2.7801	-5.4654	0.21825804194276
37.579	-7.1001	-2.0947	0.307300261002086
36.093	-8.6628	-3.2445	1.645
33.734	-9.5652	-3.4776	1.1848294895611
38.216	-4.6273	-2.5373	-0.63535918055469
27.089	-11.553	-3.8875	1.645
32.801	-10.494	-2.9191	1.08502823582619
38.241	-4.5629	-4.0563	0.388839140058586
37.785	-3.759	-1.4766	-0.748855808988811
38.276	-5.2348	-2.0977	-0.13084934753752
37.742	-3.366	-3.0438	-0.480971634069821
27.815	-0.57083	-6.707	-0.581641223337293
28.23	-0.50422	-6.5389	-1.06300228587214
29.63	-0.92416	-6.7941	-0.399089835337736
33.189	-2.0783	0.76822	-0.844797792895625
34.078	-0.040589	-5.3448	-0.573451910528036
36.923	-2.6406	-4.693	-0.290028985552147
30.923	-10.273	-3.951	1.645
33.454	-0.75361	-5.856	-0.661695222545012
37.946	-3.4073	-2.4633	-0.574366416657065
24.271	-12.112	-3.4109	1.645
36.432	-7.4201	-0.80639	-0.690746987769821
35.365	-1.0409	-4.4356	-0.485801733962947
36.627	-4.0545	-5.0559	-0.255453180050592
36.92	-5.8143	-0.62305	0.0305787741288243
36.617	-3.1258	-4.9507	-0.13940807542168
35.936	-1.5523	-5.1143	-0.662522461098489
22.13	-12.369	-2.9595	1.645
35.285	-7.5377	0.066807	-0.0762963129267493
34.246	-1.9271	-6.1455	-0.343811245698145
35.563	-0.78294	-4.4159	-0.474656632679312
37.246	-2.3567	-4.2847	0.0452080290792824
36.836	-2.003	-4.5542	-0.773469249596057
35.681	-7.0142	0.034118	-0.46017932797851
28.476	2.3052	-0.21928	-1.10442289831904
36.702	-4.5632	-0.72328	-0.928762122849284
35.022	-2.2931	-0.30106	-0.871914491295003
36.997	-2.8596	-4.6194	-0.280971653165057
31.828	1.1086	-2.2523	-0.708334722929433
35.129	-7.3311	-0.43908	-0.0683061308692012
35.687	-2.4359	-5.3201	-0.244248762549474
26.988	-0.92323	0.91876	-1.21851036595605
31.846	-3.3065	-0.63738	-0.652445889430834
33.401	-1.0653	-5.7202	-0.571761963714569
36.04	-6.7814	-0.20054	-0.366742549926842
34.114	-0.95412	-5.5611	-0.184821047498307
36.599	-6.6278	-0.62335	-0.579481762972658
37.135	-6.6056	-1.2216	-0.403543120163546
38.176	-5.8106	-2.8118	0.216469969721598
37.58	-4.0989	-3.3811	0.0277099683497033
35.637	-6.7245	-0.37612	-0.607109975085005
35.282	-0.54191	-4.5888	-0.446137375132309
35.082	-1.3413	-5.5522	-0.450608645842906
35.866	-8.262	-4.0059	1.51951593473918
37.104	-7.4099	-0.84084	-0.226987830751786
35.513	-9.1151	-3.2543	1.645
36.187	-7.133	-0.64214	-0.504554360433962
35.107	-0.70271	-4.7009	-0.85177322634438
37.184	-1.7013	-2.732	-0.866114089220203
37.267	-6.9481	-1.9059	0.00448861497049247
32.963	-0.82231	0.13576	-0.806568796509926
35.467	-1.2018	-5.1814	-0.584917510048468
19.144	-11.629	-3.5846	1.645
35.444	-3.6749	-0.45329	0.190401793842302
33.256	-0.209	-5.6186	-0.717671598482443
38.277	-5.7043	-2.5148	0.30418719651934
35.262	-6.5396	-0.11959	-0.369930778299611
36.147	-2.2079	-4.9607	0.297837898826952
25.063	2.6942	0.50611	-1.49820178207606
35.954	-7.1833	-0.97152	-0.319820647939031
31.359	1.133	-1.4757	-0.324020180868449
36.883	-3.2841	-4.7561	-0.461595070509219
37.07	-3.5895	-4.5398	-0.145983082663472
29.455	1.4441	-0.33154	-0.191115105281866
30.771	-10.607	-3.8479	1.645
35.249	-6.5454	-5.549	0.260755747040491
37.709	-3.0288	-3.4199	-0.78239030989363
36.433	-4.7672	-1.4114	-0.103015169960791
27.534	-0.34665	-6.4868	-0.202292529961552
36.086	-7.7136	-1.5338	-0.420102375384619
38.056	-6.0844	-2.1369	-0.0790370123710848
34.733	-2.7372	-1.1845	-0.204094841233636
34.09	-1.9336	-5.9096	-0.421401857998154
30.214	-10.125	-4.3742	1.645
36.733	-2.908	-4.739	-0.0805569158855245
32.649	-1.5728	0.16861	-0.622947670091634
35.94	-8.616	-2.4003	0.023400712056532
38.211	-6.7695	-2.7243	0.840916986810003
34.473	-6.0424	-5.0366	0.206031943447925
36.627	-6.1571	-0.69163	-0.426471677981631
36.064	-7.1385	-1.2273	-0.148047530373032
28.21	-11.078	-3.6007	1.42848821915725
33.526	-9.8154	-3.646	0.65786403579347
37.809	-4.4404	-2.6843	0.221606441468849
36.294	-2.8729	-4.9081	0.228659697005059
36.932	-2.2441	-4.676	-0.237013355441786
34.882	-7.8087	-4.7386	1.23420366405652
36.476	-7.382	-1.0621	-0.818305014869729
37.275	-3.0113	-4.2995	-0.248633943825743
37.16	-7.4515	-1.5202	0.125941503060779
29.493	-2.0896	-0.37662	-1.62637814709641
36.008	-4.144	0.37998	-0.482896020677126
33.871	-0.68123	-5.6772	-0.758835561199961
26.97	-0.27744	-6.7405	-0.60018944697682
34.878	-7.421	-4.5206	1.22999500254953
36.796	-7.0838	-1.2456	-0.771156248387519
36.362	-7.0014	-1.1047	-0.301898666722845
20.626	-11.99	-3.1838	1.645
37.31	-7.5264	-2.6178	0.454950385146206
30.671	-0.85242	-6.8893	-0.134481162653502
16.859	-12.177	-3.2421	1.645
36.905	-4.2578	-0.4808	-0.76085028775391
35.511	-1.8353	-5.3157	-0.666201740727097
21.085	3.772	0.79139	-1.33110446820459
37.367	-3.737	-1.2535	-1.31949773502425
36.651	-7.5829	-1.2475	-0.237020994511974
35.014	-8.2377	-0.58041	-0.391056679451867
36.616	-6.8313	-0.47681	-1.31861472985699
36.201	-2.0957	-4.461	0.0681019677968709
36.759	-7.1446	-0.57465	-0.397926855638954
35.043	-1.2339	-5.4064	-0.850051770238263
36.334	-6.388	-0.29077	-0.302097033912412
35.239	-3.0074	-0.11223	-0.739599183744308
33.832	-8.7472	-3.3011	1.53329957771497
29.377	1.7668	-0.97623	-0.609047059256537
36.531	-6.2769	-0.45093	-0.510160439547372
35.735	-6.5504	-5.0381	0.66091860032839
36.185	-8.2947	-3.287	1.645
30.382	1.5907	-0.49021	-0.422493390281184
36.292	-7.3381	-2.103	-0.334982551843401
30.558	0.84485	-0.90212	-0.892657057870711
