30.252	-10.709	-4.2735	1.63455648750257
37.784	-3.0457	-3.1938	-0.363929947874052
35.233	-1.7225	-5.4094	-0.141086096451279
36.304	-5.6636	-0.46282	-0.317202124762559
34.958	-1.4558	-5.6443	-0.211724919964229
35.711	-7.1492	-0.48083	-0.611667733702862
35.577	-2.1617	-5.7207	-0.103911077744541
30.384	-1.1125	-6.3906	-0.131876583004488
35.662	-6.8765	-0.14067	-0.619867714999353
37.208	-4.7836	-0.79393	-0.494926666810215
35.031	-0.73919	-5.3013	-0.64959942255679
30.639	-1.4277	-6.4224	-0.432156258430797
30.396	1.5929	-2.7118	-0.44004096610187
37.36	-1.9229	-3.4248	-0.22946359753615
38.053	-4.9272	-3.8114	0.65135112955775
25.215	3.2448	-0.1568	-1.33441537874479
37.946	-3.3618	-3.7233	-0.300579803260181
36.345	-3.4584	-0.40195	-0.848180541597678
29.468	1.8323	-1.3242	-1.25409137666082
35.221	-8.5458	-1.1697	-0.0425080954610307
37.076	-4.767	-1.1442	-0.620765320890636
38.1	-6.0953	-1.2467	-0.967019916319978
37.421	-4.2265	-4.3602	0.173870815624468
37.609	-6.1563	-1.2378	-0.577946052925639
29.628	1.4832	-0.091737	-0.944971735927583
30.886	-9.9839	-3.954	1.645
36.237	-7.9567	-0.56517	-0.916930871176504
38.043	-6.8756	-1.8666	-0.158644292769593
37.508	-3.0489	-2.1855	-0.229932489141217
38.329	-4.7319	-3.6869	0.0994758568185752
34.7	-1.2137	-5.6412	0.0667651795104121
38.1	-3.8544	-2.0497	-0.324452806143452
35.969	-7.2747	-0.90899	-0.405548285109513
27.088	0.10397	-6.6888	-1.00387324799406
37.973	-4.0567	-3.8317	0.252261855226062
27.649	-11.462	-3.5438	1.645
35.681	-8.7417	-2.8366	0.98853135637346
27.506	2.6504	-0.70193	-1.34692965688962
29.352	-10.501	-3.6657	1.645
36.904	-6.9214	-1.6942	0.446362702185304
35.473	-9.362	-2.7353	1.14188128241699
36.27	-3.1772	-4.7845	0.119467011460897
28.019	-0.25125	-6.6692	-0.811475739332
33.485	-9.167	-3.831	1.645
34.236	-10.016	-2.8261	0.0624929365031789
33.449	-0.6842	-5.706	0.369021818954972
36.817	-3.992	-1.0023	-0.431028637027691
36.439	-2.5243	-2.1194	-0.94430930397467
34.364	-0.084456	-4.3062	-0.159896955667132
35.596	-0.68966	-4.4515	-0.109386685478967
36.24	-2.3286	-1.4169	-0.614425996053433
36.865	-7.6925	-1.6333	-0.215516164675542
37.22	-6.5674	-1.1292	-0.414960666649069
37.897	-4.8967	-1.5729	-0.812490068171992
35.228	-2.001	-3.9949	0.290848767224636
33.384	-0.71081	-6.05	0.224942243853765
36.605	-7.0821	-2.621	-0.0626673620418228
34.196	-9.5363	-3.2052	0.287783073817294
30.378	-9.9318	-4.0164	1.44525122859408
35.451	-2.0421	-5.2604	-0.0593727457034827
37.029	-6.5279	-1.0449	-0.246868703543831
36.22	-7.0306	-1.8249	-0.180440236269074
35.361	-7.6139	-0.68234	-0.518913843094222
37.68	-3.1829	-3.9933	-0.538314828284336
34.157	-1.6204	0.0068926	-1.0004258026731
37.485	-7.2194	-1.5734	0.244952534317471
36.966	-5.8746	-2.2644	-0.295559295448936
36.318	-6.8931	-3.2431	0.285963077366663
34.278	-8.7974	-3.7387	0.523135485593512
31.307	-10.824	-3.7747	1.645
37.731	-4.9146	-1.0312	-1.39049860848718
23.754	-11.761	-3.3614	1.645
36.647	-7.5774	-0.80506	-0.898556368419502
37.798	-6.4612	-2.1662	-0.825155885257047
37.754	-3.583	-4.2792	-0.0668138815697526
35.975	-7.482	-0.79263	-0.816530136163574
37.505	-6.6685	-2.6847	-0.256390524363808
35.53	-1.198	-4.9193	-0.103523789485115
37.23	-3.1353	-2.1204	0.288347317880379
36.382	-2.1964	-0.9519	-1.06328155775572
24.761	3.1961	0.59405	-1.06987123580451
33.85	-8.5339	-4.1833	1.25749057337565
31.588	-10.845	-3.7152	1.645
34.348	-1.5875	-5.124	0.0892954941117847
35.855	-8.5351	-4.1011	1.06782945645572
35.188	-7.5203	-0.50527	-0.869834310785801
29.408	-0.87213	-6.5897	-0.397610518330542
29.318	-10.906	-4.083	1.645
36.734	-4.8522	-4.9762	-0.201615700909051
36.425	-0.63911	-3.5397	-0.276612917087392
35.68	-4.0853	-5.459	-0.158671968053525
37.21	-7.0648	-0.9211	-0.588477516827902
35.97	-1.7404	-1.3486	-0.949762437486832
36.73	-2.8421	-4.3338	0.18889597354159
35.127	-8.9068	-3.2601	1.29798340535962
34.516	-1.442	0.39769	-1.19792279255625
26.621	-0.41676	-6.7491	-0.973805921727122
33.447	-0.099584	0.24688	-0.78217770540827
35.417	-9.3933	-3.2228	1.645
37.061	-6.5184	-1.2337	-0.885212965717725
36.761	-4.0431	-2.5386	0.443226420847414
36.51	-6.2637	-0.54518	-0.468953040446065
36.466	-7.3544	-0.70317	-1.2608800640189
28.861	-2.2487	0.5869	-1.08683124069643
37.211	-6.4572	-0.88182	-0.190898480701849
37.444	-6.7964	-3.6172	1.17282297271285
36.601	-7.2495	-1.0362	-0.543597258446629
27.931	-0.28496	-6.5634	-0.851091278308838
31.618	-10.13	-4.2517	1.645
36.223	-7.4272	-1.0084	-0.581926395013556
29.629	-10.882	-3.5421	1.645
29.947	-10.855	-3.69	1.32812640771554
37.298	-6.2867	-4.72	1.13035415135091
38.155	-4.6891	-2.4946	-0.729095608782018
29.457	-8.1844	-4.6495	1.1567306501283
37.961	-6.4367	-2.1714	0.0861366202672419
24.995	-12.011	-3.4335	1.645
37.283	-5.6156	0.019012	-0.685546899707741
36.059	-5.4499	-1.2052	-0.313185191706362
27.944	-0.12737	-6.92	-0.92010102237283
33.895	-8.0079	0.42918	-0.173374603950691
34.547	-9.2514	-3.6529	1.645
27.474	2.3031	-0.87242	-1.63335791440485
36.897	-3.6054	-4.7352	0.342195067950505
34.858	-0.90232	-5.1763	0.113233746121087
27.282	1.8772	0.36123	-1.645
26.937	-11.434	-4.0353	1.645
34.051	-7.057	-4.9855	0.764432942154724
36.385	-6.6891	-0.91737	-0.786287166285482
36.707	-6.8401	-1.3848	-1.29730281077101
36.43	-6.2279	-0.72841	-0.654881703625605
37.485	-6.1472	-1.8209	-0.0981004116849076
37.336	-4.2892	-1.3951	-0.630585339766573
36.534	-2.8847	-3.859	0.246076589805982
36.765	-2.6537	-0.90358	-0.613213528170258
38.365	-5.7093	-3.163	0.469654334459211
26.795	-1.38	0.76789	-0.543093402225877
37.736	-7.0645	-2.0451	-0.104791683699242
27.947	-11.622	-3.3485	1.645
29.441	-2.4441	0.42788	-1.0826473328166
34.545	-0.57259	-5.36	0.0761859245962133
37.192	-7.2199	-0.97104	-0.335636751885307
35.643	-1.0173	-4.7475	0.214605200510657
29.467	-10.775	-3.9691	1.645
36.573	-8.3132	-1.1099	-0.661057597022838
36.38	-6.6055	-0.06572	-0.868659526445092
36.872	-7.3054	-1.1125	-0.921399499883272
31.012	0.82625	-1.0063	-0.095032744286421
33.073	-10.383	-3.0347	0.665159088922546
33.721	-9.813	-3.1666	-0.162639969002223
36.514	-2.8311	-4.6458	0.570318869599614
26.728	-2.4993	0.37058	-1.16641740062138
35.137	-7.474	-0.47603	-0.380148490660162
33.092	-2.3509	-0.10809	-1.1046981137119
30.162	1.0924	-0.59141	-0.55464065418037
35.653	-8.8056	-2.0148	0.747537038360369
37.55	-2.3992	-4.0514	-0.121408261590987
28.167	2.2203	-0.26485	-1.43454288422079
37.262	-7.6743	-2.5575	0.269985421644722
28.68	-0.5989	-6.5866	-0.572042471430136
36.82	-6.8749	-0.3813	-1.31738640545858
37.969	-4.1044	-3.9668	0.278300081267676
27.04	-0.27364	-6.8262	-1.01470668985453
35.876	-2.8084	-4.9303	0.504930763776043
36.613	-7.1136	-0.79163	-1.39996276171494
29.461	-1.419	0.7187	-1.10869055934335
33.343	-10.105	-3.3928	0.444115600115763
35.407	-6.9301	-1.0617	-0.268457069059383
36.67	-6.252	-0.26205	-0.758717877323158
36.115	-6.9508	-0.31193	-1.11680101009958
30.193	1.2549	-0.92182	-0.664499852156107
36.741	-6.2321	-0.25214	-0.859964363529586
35.394	-6.7244	-4.8998	-0.0428299984736731
35.901	-7.5783	-1.5121	0.0861021235824041
36.212	-2.8864	-4.4424	0.650544488487042
36.519	-6.8297	-1.8835	0.226329340350277
36.757	-4.3829	-1.9128	-0.128495313605466
37.299	-4.6356	-4.2258	0.543077275227035
36.961	-6.9266	-1.1732	-0.892624400755883
35.464	-9.2253	-3.2972	1.26115381905687
35.372	-7.55	0.094466	-0.466558769531175
37.434	-3.8318	-1.858	-0.257443797743001
37.432	-2.5769	-3.2596	0.0656274031097516
35.832	-1.7551	-5.3572	-0.0952751956307447
34.841	-1.1825	-5.6789	0.0222200129500255
35.748	-1.2876	-4.9432	0.16387214158535
37.279	-7.3662	-1.4602	-0.926418799983319
33.607	-1.7542	0.66326	-1.15853413193604
36.366	-7.7739	-1.273	-0.124880578289771
29.524	1.8227	-0.21233	-0.791614411770405
24.281	-0.95431	1.6062	0.544626344263839
37.71	-3.7762	-3.6003	-0.58175392053335
37.127	-6.706	-1.4274	-0.551827010998536
37.568	-3.1113	-4.1591	0.0468933224059009
36.105	-7.3621	-0.27467	-1.0952957413197
36.68	-3.1089	-0.80076	-1.12127206550262
37.185	-5.435	-1.2468	-0.725400540085973
35.352	-7.529	-3.7597	0.715530094866597
37.144	-2.5994	-2.8073	-0.820164826147947
36.629	-7.321	-0.79914	-1.47198980148555
29.709	-1.2098	-6.7267	0.130943491898952
28.639	-1.7463	0.11451	-0.793234104021964
33.884	-9.4559	-2.2002	0.155748782975352
29.769	-1.6298	0.65782	-0.996428998364586
37.081	-2.2684	-3.7777	-0.2355679927055
36.206	-7.2978	-1.6692	0.276903440731437
25.402	-11.378	-4.1255	1.33215418844828
37.885	-6.1483	-4.0581	0.255925033347433
31.038	-10.399	-3.8462	1.48453810558425
36.67	-6.0862	-0.60603	-0.137498933681088
34.412	-0.72442	-5.3799	-0.253147382080766
29.81	-10.35	-3.8864	1.645
33.106	-8.9881	-4.6548	1.47039469207076
29.473	-0.48085	-6.5681	-0.262076294570994
35.74	-1.5646	-5.2828	-0.137818565408801
37.574	-2.8168	-1.8882	-0.541876901199492
32.89	0.72047	-2.1587	0.0235839477013566
36.778	-6.6332	-1.1096	-0.706051156159813
37.034	-3.681	-5.0419	0.225193304550006
27.479	-1.1421	0.8687	0.410289342215858
35.114	-8.5241	-4.0748	0.990368974380972
35.997	-3.0534	-4.6892	-0.0880840717018351
36.301	-1.469	-4.8456	0.330017701914753
33.033	0.14127	-0.89016	-0.413939963823849
35.769	-1.0613	-4.7791	0.436681491059726
24.668	-11.654	-3.2159	1.645
28.566	2.1575	-0.46418	-1.43448112037221
18.476	-11.922	-3.6567	1.645
31.902	-10.188	-3.1425	1.50843470277884
35.592	-6.7005	-0.93449	-0.419273118622572
34.055	0.053927	-3.4849	-0.497171343385703
29.642	-1.2463	-6.7948	0.0646915485233076
37.359	-2.1066	-3.8716	-0.185611794054516
28.656	-0.89458	-6.9293	-0.604845035675591
37.672	-6.7785	-0.78609	-0.639439276912839
35.668	-7.5501	-1.0858	-0.512767124747819
36.261	-6.8152	-1.5389	-0.144340202747575
36.834	-6.7319	-1.2722	-0.366911730099099
36.996	-7.5969	-1.0678	-1.1077927128931
30.542	-6.0829	-5.3952	0.876181284141193
35.304	-0.72865	-1.7241	-0.381337730429344
32.167	-10.434	-3.3169	0.983231694588594
37.241	-6.6798	-1.5083	-0.0895748818293017
37.692	-3.8642	-3.9815	-0.152317958466842
36.295	-7.3641	-1.1927	-0.897065799662787
36.177	-1.3727	-4.7834	-0.601137646456049
35.221	-1.4667	-5.6054	0.167032088976636
36.195	-3.0407	-2.149	-0.9967231834362
20.821	-12.156	-3.2601	1.645
28.31	-11.059	-4.4058	1.645
37.112	-7.4161	-1.9881	-0.42375717409219
35.304	-6.792	-4.5462	1.645
31.554	1.5166	-0.70294	-0.102984148952325
35.332	-3.4379	0.25797	-0.581218357681708
33.492	-9.8817	-3.9009	1.19427683439707
37.411	-6.3305	-1.4893	-0.391523988703312
35.78	-6.7263	-1.6317	0.15069560655351
33.448	-0.77411	0.15523	-0.946566809149907
35.375	-5.2242	-0.81239	-0.190246242071849
33.301	-0.8584	-6.2191	0.145771681518817
33.996	-0.50546	-3.2843	0.614443016875602
36.135	-7.0239	-0.50614	-0.663437996912888
35.965	-2.0548	-5.2201	-0.0171823068173955
36.394	-6.1789	-1.2919	0.103280762921575
37.406	-4.8724	-2.8986	-0.0183694986243784
36.04	-7.8278	-3.3901	0.82657066584582
36.003	-7.4847	-0.98669	-0.292269562824959
37.505	-3.3844	-3.665	-0.00479068996066897
38.095	-4.4114	-3.0289	-0.0601624747647797
28.845	-0.3391	-6.3215	0.305782562956968
31.873	1.1603	-1.4668	-0.225424639983345
37.224	-5.958	-1.089	0.0287876878822782
37.745	-6.0125	-2.6235	0.230719682229434
32.761	-10.279	-3.5803	1.18419596546429
35.146	-6.8688	-1.1453	0.00340007969658952
22.237	-11.81	-3.5527	1.645
36.309	-1.0166	-2.6914	-0.386167334452278
32.789	-9.4975	-3.0511	0.520588758006433
38.051	-7.0224	-2.7249	0.415326950935801
37.117	-7.0294	-1.3152	-1.10951944940695
29.757	-0.67542	-6.5392	0.0894250600948962
37.809	-6.3381	-1.42	-0.268350059514656
37.268	-4.9914	-0.25184	-1.25540720406335
37.709	-3.5095	-2.5169	-0.511748040827266
29.359	-1.6151	0.50232	-1.16208554918657
35.72	-8.5251	-3.5035	0.933769574573572
35.965	-1.3746	-5.0021	0.244304290000953
36.316	-4.3292	-0.2157	-0.93445656068916
32.677	-8.7274	-4.1685	1.645
38.36	-5.3256	-2.9136	-0.347395147027696
36.221	-7.3412	-4.4751	1.52696465168647
34.415	-6.8325	0.075148	-0.327436872666365
28.368	-0.59665	-6.7559	-0.636619687538492
36.759	-3.5836	-0.81804	-0.640072214246748
34.095	-9.7839	-3.228	0.473882556018155
37.368	-6.4768	-2.9922	-0.245939743402176
37.332	-7.2515	-3.8961	1.14728622690824
35.258	-5.3219	-5.4431	-0.148887320087307
36.321	-3.9637	-0.27042	-0.244514049508407
36.03	-6.7396	-2.2656	0.63960263203156
36.297	-6.6218	-1.3064	-0.157757568786124
36.623	-2.2417	-4.4946	-0.308222015235213
30.035	-10.734	-3.8263	1.37957558264229
36.66	-6.6386	-0.37036	-1.1377981210553
21.515	-0.27706	1.74	-0.685556268763988
33.103	-10.306	-3.7632	1.23543576344642
36.952	-8.0395	-3.7747	1.02204632853982
22.571	-0.57713	1.5151	-0.570581072091853
37.393	-3.4946	-4.3244	-0.199014624251339
29.076	-11.036	-4.0158	1.645
27.77	-11.555	-3.6482	1.645
37.578	-3.8494	-4.4812	-0.281237426837985
37.42	-3.8425	-1.2864	0.621645162114912
26.936	-1.6129	1.3973	-0.134608035951701
36.112	-7.3194	-0.71772	-0.824363665523623
35.791	-7.0583	-0.31701	-0.871026569048936
30.4	-10.876	-4.4696	1.645
35.159	-1.6508	-5.7185	0.108546814861271
36.861	-1.5517	-4.234	-0.0358934454366349
26.877	2.3493	0.26303	-1.52109224878137
20.474	-12.495	-3.206	1.645
27.177	-2.3797	0.14023	-0.805203028382289
37.496	-2.3662	-2.2257	0.137227311396692
34.893	-8.2576	-0.2879	-0.547893696760692
26.716	-11.636	-3.9302	1.645
34.889	-7.5416	-4.5362	1.20744166210586
36.442	-8.308	-1.1302	-0.776557767300832
35.773	-7.8802	-0.81617	-0.804289572902355
37.317	-6.8573	-3.3818	0.754628919698888
36.102	-3.0749	-5.1304	0.111466104830843
37.105	-2.5589	-3.5756	-0.164052511358681
25.809	-11.625	-3.7767	1.52465437729706
31.857	1.6245	-3.1076	0.513529222385061
26.788	-1.3344	0.7076	-0.70010034358349
37.049	-6.6954	-1.5441	-0.388691288964591
30.72	1.4517	-0.34053	-0.343104206236606
27.045	2.3681	0.63953	-0.757871137597314
20.617	-0.3175	1.6639	-0.322255129038936
37.887	-5.396	-1.5637	-0.585269017617786
37.858	-5.3791	-3.9756	1.11582447057556
37.652	-4.4151	-4.0434	0.380201504096099
29.685	-10.994	-2.7076	1.645
33.751	-10.254	-2.9882	0.468337706194915
33.908	-0.57427	-1.1263	-0.434827334216576
36.426	-7.9875	-4.213	1.05196432526887
33.919	-7.0507	-5.0645	0.487200289970761
37.54	-3.8517	-4.3804	-0.283915575054802
35.577	-1.6453	-5.4049	-0.618176336741038
38.032	-3.8433	-2.5224	-0.631219093991376
26.259	-0.18253	-7.0548	-0.702505136692545
35.993	-7.0808	-1.3785	-0.572354356262179
34.187	-1.4715	-5.6999	-0.381665157963378
38.371	-4.863	-2.051	-1.03932254761813
36.918	-7.5758	-1.5006	-0.331116047785248
36.473	-1.6404	-4.767	-0.279501246234132
28.657	-0.49517	-6.6234	-0.513172177294832
36.394	-7.593	-0.62675	-1.204692119254
36.478	-7.1979	-2.0881	-0.467487846988998
35.184	-9.2901	-3.1965	1.05791446400104
33.753	-9.4761	-3.5559	1.00544100133534
38.074	-4.3028	-2.4632	-0.279444021206274
36.292	-2.6554	-4.4174	-0.0224413556925218
37.272	-6.8375	-1.1314	-0.639310372708864
33.715	-9.6432	-2.123	0.788910942858445
35.237	-0.69076	-4.8874	0.0674516569480218
24.414	-12.142	-3.2013	1.645
37.569	-6.5148	-1.4642	-0.611240087087353
36.96	-6.9343	-1.0159	-0.334824714105442
37.294	-1.9809	-3.4145	0.0123513252319043
37.737	-6.611	-1.2513	-0.631015716686512
37.08	-2.6979	-1.4846	-0.602989754515006
37.508	-7.0244	-1.8393	-0.522802678998014
37.038	-4.3294	-1.0892	-1.20581488475838
34.492	-7.3364	0.24994	-0.837499226994601
27.619	-11.723	-3.0238	1.645
37.109	-7.0105	-0.90472	-1.22327696828996
33.954	-0.85081	-5.874	0.546438022170366
25.499	-1.9116	0.89186	-0.232159493799685
33.203	-10.02	-3.7952	1.40783107412218
36.949	-4.5689	-2.2549	-0.641458797968644
38.43	-6.1105	-2.4777	-0.549726480091905
36.281	-7.2612	-1.4428	-0.0626914764484062
36.205	-2.6511	-0.80731	-0.865853655175695
31.294	-7.8077	-4.7166	1.645
28.036	-0.32208	-6.6729	-0.959836298640827
37.033	-2.5461	-1.0928	-0.508094741408891
33.627	-10.262	-3.7998	0.47245485067701
28.89	2.0927	-0.92713	-1.3773757191121
36.811	-6.4165	0.35144	-0.794715758721145
37.011	-5.9559	-0.4383	-0.300956209001707
38.201	-3.9247	-2.182	-0.787176659224871
36.854	-3.5895	-4.6313	-0.106926382313347
37.373	-6.9962	-0.69014	-0.818611847855015
38.149	-5.5533	-1.2842	-1.24783341029018
36.144	-2.2189	-1.1147	-1.53584726353023
35.14	-0.37334	-2.7565	-0.620915656482361
36.902	-7.0363	-0.65284	-1.645
36.446	-6.3734	-4.8093	0.958805935015321
36.044	-8.7182	-2.4083	-0.223879036443879
34.719	-9.8405	-3.3063	1.17240788849558
36.437	-3.6993	-4.3082	-0.533515124137956
34.532	-1.6199	-5.9276	0.124937379637454
24.371	-1.4143	1.2245	-0.279577935474647
27.162	-11.286	-4.1317	0.932450694899401
35.233	-8.8871	-3.1131	1.645
34.886	-6.2481	-5.5571	-0.133192968724804
34.45	-9.2067	-3.1109	1.08988523754881
35.822	-6.391	-2.1782	-0.172788085866799
35.733	-1.9219	-0.14499	-1.2484779415638
35.874	-8.6177	-1.8043	0.166887008904617
34.192	-8.3314	-3.5638	1.03604984675077
37.948	-6.3604	-1.6608	-0.321701044878787
35.228	-8.4952	-3.2171	0.893116686283751
34.806	-6.9562	-0.62806	-0.290998899884501
26.345	-1.1055	0.5634	0.0979344104810605
25.296	-0.72466	1.6146	-0.148949586241365
37.422	-3.4628	-2.3274	-0.304818040744893
28.048	-11.488	-4.1721	1.645
37.105	-3.6061	-4.5524	0.0237099353728603
36.419	-6.6899	-0.5559	-0.849652771054716
35.34	-2.5809	-4.242	0.617692319665131
33.407	-9.7397	-3.9947	1.05628352738435
32.896	-9.6574	-3.1526	0.798030262082456
36.359	-7.4549	-1.0004	-0.621171170019143
35.12	-1.2742	-2.8903	0.317114900696751
37.498	-3.5547	-4.4466	-0.205030145956453
36.054	-7.6498	-0.76852	-0.881482650039087
37.167	-6.6659	-1.13	-0.698710618748435
37.129	-4.2692	-2.0975	0.227605972517813
36.978	-1.6567	-1.9199	-0.486738612537223
29.606	1.5715	-0.54431	-0.952736420661388
33.643	-1.3637	-2.5897	-0.871770167422615
34.789	-7.3388	-0.54573	-0.193024876264904
28.725	1.7036	-0.72164	-1.30677008535536
24.712	2.8802	0.58317	-1.24024223455461
36.593	-5.8661	-0.6886	-0.0836992209539655
36.284	-1.8405	-5.0251	-0.0567551320669103
29.893	-1.3723	-6.5831	0.417029770433837
36.546	-7.4554	-1.1895	-0.982202174942703
35.946	-6.5489	-1.2203	-0.695507822739682
36.537	-6.8783	-1.0337	-0.656068705871809
20.317	-12.541	-3.2969	1.645
34.361	-1.276	-5.9627	0.485642425159271
37.923	-3.705	-3.5402	-0.256016318024487
37.259	-3.0075	-4.4835	0.06146481169542
37.096	-3.0514	-4.6541	-0.0871111851013769
34.849	-9.695	-3.414	0.975998985801073
38.398	-5.8134	-1.1318	-0.742800255447066
24.003	0.13853	1.4663	-0.461208811312426
37.122	-3.4666	-4.8168	0.052717070649042
36.732	-7.2218	-0.73825	-0.940636852328568
33.778	-8.1256	-0.58235	-0.373012292493063
31.849	-10.422	-3.1593	1.33495643954619
37.14	-3.9296	-2.3872	-0.577427145311811
36.72	-6.1892	-0.64828	-0.0924406314933082
36.229	-7.0194	-0.57746	-1.45141115943264
31.782	-10.612	-2.5976	1.30873566307319
33.339	-3.0923	-1.8954	-0.143146925532435
31.845	1.0033	-1.1008	0.278483416152206
34.623	-7.9058	-0.21977	0.0548837497382587
36.82	-6.9642	-1.231	0.0594346457771234
38.141	-4.2786	-2.7783	-0.20847209163315
36.231	-6.2373	-5.1256	0.527949775353417
36.289	-2.5821	-5.4333	0.408377577467639
37.38	-3.0814	-1.6637	-0.107952400077715
35.425	-1.3523	-5.359	0.117969348572257
35.754	-8.7903	-3.0805	0.921446378587017
36.588	-2.8971	-0.65573	-0.791334182760911
28.461	0.98628	0.17033	-1.51928652128112
36.185	-1.9151	-5.1717	-0.167123356245878
36.577	-3.213	-5.146	-0.146107171981307
36.786	-8.3038	-2.0017	-0.215164384541171
37.997	-4.8692	-1.9471	-0.208628272100633
37.103	-6.7509	-1.4273	-0.805623398790789
38.09	-4.6696	-3.7878	1.18946879509247
25.277	-1.3055	1.488	-0.121170793730647
36.099	-2.2894	-4.5739	0.231609729664789
31.698	-1.481	-6.3148	0.834557903600465
37.265	-6.8089	-1.3866	-0.351542972385511
32.951	-2.1329	0.73755	-0.491078886040102
35.127	-9.5065	-3.6642	1.645
36.16	-6.4134	-0.87063	-0.565081027442109
37.729	-4.9993	-4.3855	0.600501428064313
32.13	-10.432	-3.3767	1.45729731975776
37.573	-3.3045	-2.1576	-0.175357329710299
37.755	-3.5724	-3.9847	0.070371078399654
37.348	-6.6439	-1.5268	-0.1712750622712
37.925	-7.2268	-2.1791	0.24026578395729
36.177	-1.8567	-5.0243	-0.464410374386981
37.795	-6.7263	-1.3088	-0.501625743199101
31.65	0.84958	-1.5053	0.0430289754641666
36.07	-7.6448	-1.1824	-0.807970233981242
22.184	-12.39	-2.6067	1.645
30.247	-10.532	-3.9948	1.645
37.393	-6.592	-1.4972	-0.240392111186197
37.554	-2.4907	-3.7862	-0.318764753241726
37.201	-7.6178	-1.6684	-0.295694891097057
30.283	-1.7556	-6.5862	0.379216252976953
25.356	-12.145	-2.9767	1.645
35.172	-5.0249	-0.59907	-0.45885358674103
37.305	-7.1596	-1.4898	-0.348979845452265
35.947	-3.498	-4.6138	0.0785728519839089
33.207	-10.28	-2.8261	0.150389654658582
28.016	2.2856	-0.45016	-1.45756851857823
22.195	-0.52443	1.9394	-0.740342688141152
35.802	-9.2502	-3.1529	1.645
36.956	-7.4289	-1.0991	-0.788597737894634
38.171	-4.4907	-2.327	-0.637885013196435
36.092	-7.0394	-3.7643	0.950732377196986
26.98	-11.301	-3.1408	1.49579361684224
35.669	-5.378	-5.4118	-0.450194508486842
34.864	-0.4048	-2.0771	0.200877251444058
36.613	-7.0288	-0.34779	-1.5805751137075
31.329	-9.8618	-4.0712	1.57530410554091
36.769	-3.844	-5.1959	-0.476371550208938
30.827	-10.451	-4.0079	1.645
37.061	-7.7577	-3.156	1.06548075999845
34.483	-1.1037	-5.7561	-0.289054714727324
35.73	-7.9709	-0.66978	-0.633553839279259
26.612	-11.577	-3.6266	1.46156778522006
36.745	-7.1831	-2.3689	0.426079554455261
31.359	1.2267	-0.79001	-0.682087957102444
34.084	-5.1555	-0.37926	0.591068172931577
38.29	-5.6387	-2.4153	-0.682134912999167
22.106	0.18732	1.8667	-0.701024455860262
35.735	-6.692	-0.29731	-0.173196031492399
17.095	-12.321	-2.8753	1.645
36.501	-6.4825	-0.69156	-0.478897458125886
26.577	2.4753	-0.54886	-1.11871776008745
37.219	-2.0424	-2.5208	-0.893146396434338
36.172	-0.92643	-4.2247	-0.435347895686934
37.095	-4.2397	-4.9509	-0.375326911525362
33.674	-1.1195	0.1615	-0.352657544358327
36.517	-7.0275	-0.29672	-1.645
31.972	-10.291	-4.3015	1.58193148253843
37.138	-4.5323	-4.5154	0.288180565351348
32.883	-8.6579	-4.8132	1.645
33.946	0.48495	-2.0193	-0.709923250889203
33.226	-8.1007	-3.0252	0.375773184844748
36.037	-8.4397	-2.6454	1.645
32.196	-1.6907	0.61627	-1.26436737804173
27.763	-0.19828	-6.7383	-0.982133774626123
36.339	-6.8364	-0.98471	-0.89178620970444
32.65	-0.74971	-6.2361	-0.0397609512926344
36.261	-2.6379	-4.6789	0.0206624082908627
35.636	-9.2272	-3.3149	1.645
37.07	-2.1273	-3.4271	-0.600359340703035
36.04	-8.1498	-3.5092	1.61582544908328
37.255	-6.7602	-0.97143	-1.07459438109017
33.652	-9.6058	-2.9365	0.438475304892441
35.983	-8.1255	-2.4158	1.19884769512178
34.944	-8.9841	-4.1297	0.983420558245254
33.04	0.80558	-4.2231	-0.121185540898437
37.059	-7.1464	-0.47755	-1.31415877530522
35.629	-9.285	-3.1762	1.645
37.101	-2.5892	-4.5559	-0.0762896505405871
33.365	0.518	-1.5642	0.120993262831417
37.799	-3.4383	-3.9197	-0.41964869204895
37.502	-6.2755	-1.1577	-0.112385310531469
37.352	-7.3788	-1.6396	-0.319864749366282
34.537	-0.89781	-0.21511	-0.473309590164977
34.933	-9.2861	-1.8374	0.836907895039032
34.882	-6.9392	-0.59267	-0.452891788787154
28.051	-11.463	-3.9954	1.645
38.583	-5.346	-2.3082	-0.942501543158947
35.765	-2.3939	-5.2168	0.236415884515444
35.587	-2.51	-0.4416	-0.967961616936626
37.18	-7.2877	-2.0295	-0.230786295367887
36.955	-6.6936	-0.62468	-1.20898774666373
33.145	0.72644	-3.0346	0.299593820097518
36.358	-1.9963	-3.3979	-0.611238205171744
35.264	-7.1588	-0.50919	-0.399070525295269
34.658	-0.62976	-5.3143	0.469376920389717
36.36	-2.2355	-0.98092	-0.956425399439486
36.834	-7.6649	-2.6837	0.465144060865135
21.132	-1.0722	1.3773	-0.2851381983172
13.152	-11.939	-3.2046	1.645
36.426	-6.7145	-0.56541	-0.789231020549313
36.807	-6.8513	-1.4331	-0.87066493293031
36.444	-7.3508	-0.80357	-1.15636872401972
35.638	-1.1759	-3.9446	-0.344046797715523
27.737	-11.284	-3.2202	1.63447158419101
36.113	-7.5229	-1.1566	-0.405824893400899
34.689	-0.28268	-3.6521	0.0784040479056888
37.379	-3.6702	-0.92475	-0.50324180609992
38.099	-4.1749	-2.0066	-0.585070711257601
38.276	-3.9029	-2.2387	-0.661091208291193
35.502	-5.9782	-1.6541	0.242265128934721
36.584	-6.9242	-0.77023	-1.15955591059457
35.672	-1.7917	-5.3377	-0.511741853726665
36.752	-3.5477	-2.6273	-0.126333531169796
34.205	-9.6351	-2.6179	0.751961842766731
36.673	-7.7313	-1.7312	-0.858627456714229
34.93	-7.4385	0.28604	-1.01694855708019
36.492	-7.1408	-1.0361	-1.23302650345333
37.788	-4.174	-1.7582	-0.440085282751261
36.965	-3.0487	-1.9398	-0.569714720988782
38.23	-4.9132	-3.4835	0.430973977869298
36.663	-3.1631	-0.3802	-1.07660064139568
33.099	0.055081	-5.2592	-0.1443831340445
31.239	-10.563	-3.4322	1.645
35.881	-1.4853	-5.1216	-0.121306634245694
33.57	-8.7984	-2.8098	0.319202474689004
37.128	-7.3755	-1.516	-0.0887838469909652
33.552	-9.7298	-1.7604	0.200363571457959
35.169	-9.4052	-2.0994	1.050770386591
33.728	-7.5046	-4.2941	1.53754045475788
31.148	1.1191	-1.7657	-0.310112190962404
36.1	-5.7452	-0.9397	-0.139518697877173
14.2	-12.25	-2.7913	1.645
33.449	-0.70302	-0.86649	-0.421478169639914
36.735	-2.0513	-4.5974	0.148451140790402
37.97	-6.9158	-1.8538	0.0776203543621758
37.271	-6.6982	-1.6293	-0.128953536172312
36.379	-3.7123	-1.4074	-1.03211650445834
24.282	-11.844	-3.4144	1.645
36.613	-3.0796	-0.94265	-0.892390289170653
35.771	-6.6465	-1.0204	0.212244894395141
29.6	1.593	-1.8446	-0.964539689366646
37.883	-2.6633	-2.9858	-0.805110277425535
31.258	-10.897	-3.3516	1.645
28.835	-0.9672	-6.622	-0.532494378558364
26.632	-11.363	-3.9523	1.645
34.045	-9.3825	-2.7884	0.669336060759586
36.668	-5.7643	-0.36006	-0.210512635162557
33.156	0.051677	-0.95287	-0.377865858278261
33.764	-0.71277	-5.7633	-0.269274113999414
35.295	-7.3557	-2.6164	0.782123691964416
34.803	-7.3818	-0.18694	-0.312266385077249
34.462	-9.6263	-2.7398	1.3344259933952
35.186	-7.3743	-0.73991	-0.15832232646575
36.568	-6.7341	-0.43936	-1.08773413164195
37.311	-7.1319	-2.484	-0.06725937695947
24.603	3.0977	0.72789	-1.08208423924971
30.903	0.73487	-0.78254	-0.766813848862523
36.998	-6.8792	-0.55387	-1.50616543541909
33.493	-0.10664	-5.5756	-0.886301214683672
38.411	-5.9434	-2.5654	-0.55906080813285
23.875	-11.581	-3.7265	1.645
31.882	0.099737	0.85538	-0.424705709354135
31.935	-9.6442	-3.1092	1.645
26.959	-11.641	-3.4896	1.59249407573972
27.536	2.4938	-0.31686	-0.947046277592709
37.244	-6.5933	-1.2809	-0.523257277881876
29.127	1.8274	-0.60295	-0.989126309247305
37.126	-1.7498	-4.0023	-0.0129644401895782
37.964	-6.7002	-1.5893	0.0487838711155845
29.648	-0.84476	0.71673	-0.61188141657365
37.316	-6.1483	-0.43037	-0.243225600425358
37.077	-7.9142	-1.4075	-0.737367963987526
33.288	-0.28058	-5.9272	0.234520462153553
35.647	-8.0758	-4.3618	1.27321801132543
36.307	-7.1819	-0.72469	-0.867069652280189
37.012	-7.3768	-2.6185	-0.25427526945015
29.6	-10.915	-3.8914	1.645
37.241	-3.7254	-1.2785	-1.03380592758189
36.381	-6.3235	-0.97449	0.0525653536077081
38.228	-5.9979	-2.4075	-0.526015500242392
29.683	2.3099	-1.5653	-0.772272038688599
36.092	-3.3609	-0.37577	-1.22385019970146
36.459	-2.2777	-4.9212	0.170790160723379
26.628	-11.465	-3.5706	1.645
37.597	-4.7139	-4.268	0.411118363960579
37.638	-2.9456	-1.7393	-0.371694441275455
36.825	-5.2081	-2.5948	-0.0423182192247587
37.001	-3.1956	-1.9825	-0.314180623481979
35.376	-7.6203	-0.86273	-0.237509046435988
29.737	-10.997	-3.7093	1.645
36.646	-6.9621	-4.4572	1.45586479249467
35.599	-6.7579	-0.15719	-0.9496069484899
31.82	-1.1205	-6.6025	0.199374632647045
36.406	-3.0178	-1.5552	-0.973302918348424
33.897	-9.3231	-3.4479	0.937416758904558
32.105	-1.7627	-0.10838	-0.477623021728094
36.277	-7.249	-0.71106	-0.690560669543798
36.737	-5.862	-0.77037	-0.370654974744616
36.388	-6.8777	-0.40505	-0.943322499056812
37.261	-2.7718	-4.19	-0.368952720906651
31.621	1.471	-2.1952	-0.475951970134781
37.684	-3.9188	-3.9944	-0.128518511843524
24.924	3.2424	0.63254	-0.732212135437352
35.866	-3.3966	-1.9231	-0.549855619862734
27.767	2.2237	-0.43318	-1.36341719393259
35.011	-9.3326	-3.6961	1.28390193123168
36.754	-3.0007	-4.6999	0.0745017517983818
28.246	-11.364	-3.9274	1.645
28.058	-0.40419	-6.5521	-0.852270656618969
36.427	-6.7942	-0.72939	-1.645
38.176	-3.9397	-2.3623	0.0407813071162875
31.848	-10.514	-3.7276	1.645
32.421	-9.9028	-3.8736	0.875944215158508
37.445	-4.4388	-3.7318	0.493566614127599
35.951	-1.7764	-5.2628	-0.120725210164313
35.052	-2.3438	-0.25459	-0.865354369843527
37.046	-6.6266	-1.4054	-0.601837597897735
35.805	-0.27107	-3.7675	0.0568530942623774
37.018	-2.1404	-3.4635	-0.754692680091436
29.485	-11.04	-4.0291	1.645
34.963	-0.91573	-4.2992	-0.378039358502745
35	-8.9277	-3.0689	0.726471817855941
37.03	-6.9054	-0.89318	-0.844497653813158
36.998	-6.6701	-0.68066	-1.18279912546954
28.959	-10.732	-3.9835	1.17540412340781
28.796	2.6423	-1.0447	-1.21885524158728
35.607	-1.8209	-5.5017	-0.136654838884912
29.049	2.1374	-1.2587	-0.535569946086362
36.564	-7.3469	-0.8169	-0.732603315410548
37.58	-5.6603	-2.0723	-0.924862693077316
31.865	0.77388	-1.3397	0.00125009641668239
29.143	-1.0016	-6.5471	-0.251154790078779
27.258	0.22043	-6.3336	-0.604307580068595
35.159	-8.7272	-4.1003	1.0887103428873
35.815	-7.8946	-0.37288	-1.06059678487377
37.493	-3.1652	-4.0554	0.176349269910371
36.963	-3.5361	-2.5995	0.0592091946884563
37.393	-5.8686	-0.98026	-0.629375943215446
37.813	-3.2192	-2.0258	-0.552656319871998
37.005	-7.4155	-1.2923	-0.800728146247658
36.678	-7.6703	-1.4146	-0.562391967739413
36.409	-6.576	-1.957	-0.0920959005260033
36.077	-2.6253	-4.9514	0.390675031884715
36.243	-3.5794	-0.21717	-0.519142809912983
36.026	-6.626	-0.1023	-0.339110737318881
36.241	-3.1487	-1.2023	-0.690877523596539
26.151	2.5267	-0.32816	-0.922686245333792
37.961	-4.5137	-3.6152	0.673029836472351
34.751	-2.076	-4.7894	-0.0861042671227137
35.408	-1.3801	-5.2085	0.242741845885851
31.983	-8.192	0.43924	-0.575241695132278
37.348	-4.3808	-3.4643	0.281206334017931
25.224	-11.867	-3.7074	1.12144620803608
29.185	-1.0694	-6.7569	-0.470750249539283
34.119	-1.5572	-3.3554	-0.192339148270406
35.665	-1.1446	-3.4708	-0.29120966804508
37.853	-6.0901	-2.2477	-0.441650298733985
36.103	-2.9022	-4.7952	-0.451882377673839
36.835	-3.5596	-0.94827	-1.03242277948424
36.17	-7.445	-0.85062	-0.861159631280078
26.906	2.3831	-0.26394	-1.32988742877227
36.06	-7.5642	-0.4854	-0.826450935325774
37.14	-4.964	-4.1295	0.506130541518963
36.254	-2.536	-4.605	0.189283793282628
37.401	-2.788	-4.0256	0.262812883014128
36.424	-7.281	-0.91605	-1.21863855296207
35.811	-7.1054	-0.26252	-1.47087545793576
35.131	-7.9391	-1.5386	-0.573067403977752
36.196	-2.2167	-5.2777	0.260185398772441
35.143	-3.4181	-0.3143	-0.792350190181268
35.111	-2.7285	-5.6907	-0.141479583844465
38.008	-3.2008	-3.5752	-0.315276275138348
35.136	-0.6424	-1.0237	-0.54668761678757
35.689	-6.7757	-2.8578	0.873798616331538
29.713	-1.3836	0.57155	-0.910855735614386
30.906	-10.083	-3.4443	1.645
34.883	-4.4287	-1.5223	-0.444256329694667
38.086	-4.8205	-3.8928	0.844691250910871
37.501	-3.63	-3.2459	-0.00552570190757144
35.843	-6.6108	-1.5401	0.2199794090603
31.505	-10.677	-3.5357	1.645
37.16	-6.6232	-0.7396	-0.77113685182142
36.42	-7.2465	-0.79641	-0.959914706843133
31.917	-9.7447	-4.6294	1.3537691586727
37.031	-6.9763	-1.0374	-1.1085289915626
38.265	-5.2641	-1.6418	-0.745141206024718
37.023	-7.7618	-3.0738	0.46953114643631
35.848	-8.0086	-0.74692	-0.679925550660636
37.359	-3.4721	-4.3656	0.0327138819582152
37.919	-4.1884	-3.3612	0.27571713881397
31.151	-10.386	-3.707	1.645
37.056	-2.086	-4.1943	-0.126703596667214
38.006	-4.5622	-1.6132	-0.93706037482006
36.625	-3.1859	-5.035	-0.0799414450681474
22.994	0.17768	1.5887	-0.293873695339797
37.974	-3.5713	-2.2629	-0.11732399340205
35.991	-7.1105	-0.27884	-0.706104979204597
34.046	-7.7115	-0.99998	-0.516316807909377
28.049	-10.987	-4.007	1.645
24.626	2.8702	0.65734	-1.09071148042133
35.883	-6.8386	-4.8344	0.758114189529362
36.537	-6.301	-1.1695	0.200178241332755
36.684	-6.916	-0.54257	-0.985020475494892
36.131	-6.7703	-0.6249	-0.237831763906921
36.721	-7.1728	-1.6014	0.0833422083972692
36.291	-3.2826	-5.4975	0.276693359217394
37.998	-6.5588	-1.1578	-0.505321634567065
37.407	-3.279	-1.2402	-0.49820134587071
34.719	-0.76652	-0.38087	-0.947942563024222
24.667	-11.97	-3.4268	1.645
36.562	-7.8558	-2.4601	0.175062096590498
34.523	-6.4037	-5.2684	0.102288039709793
36.344	-2.7243	-5.0541	0.124478210418218
28.704	-1.2358	0.73461	-0.81307412894923
35.112	-8.381	-1.5627	0.109018652135124
36.561	-8.08	-2.507	-0.106827204164375
29.101	1.8205	-1.2912	-1.26130428831206
35.878	-8.1252	-1.6888	0.271193214149715
33.057	0.84632	-2.7147	1.13262234141283
33.546	-0.34527	-5.445	-0.555607018377225
31.882	-0.57295	-5.8092	0.692837210032655
24.91	-11.954	-3.5912	1.645
38.382	-5.4187	-2.2298	-0.395921223126716
35.342	-0.84757	-4.9727	0.30223807339179
34.619	-5.6944	-5.4814	0.180027337797198
36.436	-7.5013	-0.96146	-0.974209733314432
37.02	-3.3083	-1.0167	-0.660059673911596
34.806	-8.8901	-2.973	0.80678704415893
34.347	-0.98887	-5.2431	-0.163141477563665
32.922	-10.36	-3.0592	0.49615803399823
37.436	-2.0099	-3.387	0.17337517071505
27.802	-0.52154	-6.6001	-0.863799066719368
36.324	-7.7981	-3.4379	1.50347764235373
33.436	-1.2899	-6.2745	0.339956469459614
33.177	-9.7487	-2.9992	0.918295842343411
27.274	2.4161	-0.10539	-0.940512455546124
25.93	-1.2025	0.87789	-0.213362154147455
36.272	-2.8487	-4.1937	0.447590130563543
37.157	-2.2965	-4.1908	-0.293745853584724
30.682	1.0168	-1.2092	-0.733682355569248
34.541	-2.8555	-1.6681	-0.629868050466978
33.291	0.40457	-1.8331	0.288894317229073
37.406	-4.0066	-3.9598	-0.123101078562213
24.997	-0.66669	1.1359	-0.588377815845773
36.12	-6.4143	-1.0835	-0.171937902342138
34.659	-1.9863	-5.9829	0.248677085634329
36.488	-7.3251	-2.3262	0.973549990068283
27.032	-11.414	-3.9168	0.985408559233717
33.231	0.16905	-5.6528	-0.118487286096316
35.542	-6.5946	-1.1652	0.118183731922498
36.53	-7.222	-1.5122	0.159014665735852
35.769	-1.7993	-5.2612	-0.732541618711309
35.546	-8.9878	-2.0374	1.06483996588546
36.791	-7.3313	-1.4707	0.106067614143937
29.891	1.399	-0.59674	-0.53861179392677
35.835	-5.3318	-5.5868	-0.444854841841464
28.257	-0.68969	-6.8239	-0.728237123242135
37.377	-6.8635	-1.8859	0.0583567210893012
27.464	-11.751	-2.8039	1.28404282747343
28.168	-0.41404	-6.7192	-1.20710521699441
37.75	-4.869	-1.3026	-0.907263406443674
35.944	-7.7459	-1.3209	-0.344642122630894
38.082	-5.3314	-2.1137	-0.713903317089457
33.007	0.29962	-0.29684	-0.384437380745644
38.541	-5.8464	-3.3132	-0.591699169343225
36.802	-7.1285	-0.91854	-0.382316369934203
37.28	-2.8613	-4.4514	-0.378042528387465
27.788	-0.7983	-6.5807	-0.952691252289144
29.504	-10.993	-3.853	1.645
30.43	-10.246	-3.9492	1.60421273343905
35.675	-7.1694	-0.86933	-0.858743530270528
37.326	-5.6839	-4.4112	0.955978066869186
36.829	-3.054	-4.6771	-0.277288361199018
37.127	-7.6054	-3.972	0.972575233539956
32.465	0.75286	-1.4389	-0.378088767588158
33.046	-8.5364	-0.65937	0.116789453368009
32.73	-10.178	-2.8586	0.0845829299679218
34.579	-9.3204	-3.3467	0.619317535079628
33.708	-1.6614	0.33322	-1.645
37.264	-6.7331	-1.3042	-0.722362279526799
33.378	-9.128	-3.986	0.972686142575624
36.682	-6.2436	-0.22291	-1.05671159375539
30.821	-10.162	-3.2975	1.24803336198388
36.51	-8.369	-3.6788	1.645
24.884	-12.03	-3.7199	1.645
35.633	-2.7754	-0.42644	-0.697286568587705
36.718	-6.6751	-0.98773	-0.53653210387584
35.556	-2.9167	-0.96308	-0.744929222614382
27.416	-11.642	-3.608	1.645
35.042	-7.5012	-4.9165	0.602361449719297
37.034	-2.7736	-2.7544	-0.957925885462032
37.879	-3.3745	-3.9897	-0.587303711391833
28.693	1.9418	-0.84665	-1.62080267805745
36.863	-4.6665	-0.57369	-0.78811459684583
37.196	-2.9731	-1.8959	-0.775226209831264
28.874	-11.12	-4.0281	1.645
37.449	-6.7361	-1.3597	-1.17883611839775
35.503	-6.2815	0.51715	-0.446906448945287
24.869	-11.715	-3.337	1.645
37.136	-6.9179	-0.88602	-0.893533093444067
37.548	-3.7864	-2.5541	-0.08800500978991
36.034	-7.4432	-0.97491	-0.432992976567238
37.937	-4.7004	-4.0766	0.269140488731061
35.013	-1.0942	-0.74452	-1.00678145431877
37.172	-5.7699	-2.3884	-0.186005869120568
37.69	-2.9721	-2.3396	-0.311433138465061
36.99	-7.0988	-1.0916	-0.655309485824618
32.325	-6.7771	-5.2843	0.265766593909681
36.596	-8.2474	-2.108	0.11877746239723
34.624	-9.1756	-3.8766	1.14010724735654
36.626	-3.6918	-0.73483	-0.7452115383167
36.301	-7.5684	-2.2311	0.318847254340189
35.615	-2.2489	-4.7724	0.0357012990913777
37.742	-5.3859	-2.9074	-0.426684628380615
36.329	-1.779	-4.8389	-0.327852213687368
33.853	-7.9412	-4.2012	0.807384294031052
36.495	-7.6701	-0.95526	-0.632858649347131
32.664	-10.854	-2.59	0.429905256267515
34.45	-0.82641	-5.3395	0.359510105898359
31.683	-1.2044	1.0754	-1.38617341499327
36.139	-7.2369	-0.64364	-0.748362340822068
37.14	-3.0531	-2.5682	0.250299557257226
37.645	-3.0373	-2.7639	-0.782788210892307
33.42	-1.847	-0.09335	-0.632986838437906
25.808	2.4843	0.20229	-1.52743476637034
36.558	-3.477	-0.7264	-0.999115153159002
37.076	-2.1343	-2.4981	-0.99572738564214
37.295	-3.7665	-1.2328	-1.06913879722404
36.868	-7.3659	-3.4925	1.645
25.14	-11.017	-4.1427	1.06332518664545
37.662	-2.5526	-3.9957	-0.0779499463726365
37.251	-3.3098	-4.4526	0.220052600696819
38.169	-4.0381	-2.3338	-0.555901854594143
32.388	-10.109	-3.1943	1.20611266050062
34.469	-3.1586	0.16337	-1.10430853798054
36.915	-7.9132	-1.4713	-0.850943650352767
28.759	-11.084	-4.2342	1.645
29.454	-1.0348	-6.7118	-0.662779149097149
36.981	-6.4968	-1.3048	-0.386624423475712
23.9	3.4724	0.17699	-1.25251111838925
36.503	-3.0435	-4.7703	0.0379161484345964
31.809	-9.8667	-4.0254	1.645
36.414	-2.6558	-5.1461	0.238843442555212
37.586	-5.8647	-1.1041	-1.03364291800275
35.487	-7.1229	-0.32773	-0.54014990336264
27.695	2.5926	-0.75992	-1.2743633313164
36.496	-7.1131	-0.84695	-0.595795665337373
36.57	-1.9504	-4.6956	-0.639294986639556
37.89	-3.3009	-2.8666	-0.374672411685296
35.773	-3.3263	-5.1052	0.363151247482354
36.89	-5.1349	-4.9182	-0.159781999542183
36.339	-7.668	-3.0652	0.182633006271586
37.425	-4.7946	-3.5831	0.44488440434063
36.89	-7.2192	-1.1222	-0.798668650676409
36.973	-4.4217	-0.99545	-0.854233751349052
18.117	-12.427	-2.7497	1.645
28.914	1.9943	-0.15523	-0.743803368148145
35.884	-6.3224	-0.51641	-0.409302526658761
22.895	-11.764	-3.655	1.645
29.674	1.9213	-1.1953	-0.676594215609915
34.349	-1.3018	-5.8695	0.393833390866161
33.373	-6.1595	-5.613	0.135639826248227
36.107	-8.3833	-3.8955	1.02042503370225
33.708	-6.1344	-5.2625	0.114680506338487
25.941	-0.49807	1.7601	-0.658689568556821
24.148	-11.976	-3.5319	1.645
35.762	-2.4738	-4.9674	0.033589972848217
34.387	-0.70831	-5.5504	-0.621720645164093
37.663	-3.1052	-2.6371	-0.48394848270852
37.474	-3.0541	-2.0965	-0.947711131455328
33.383	-10.034	-3.4276	0.38623338098734
28.812	1.5111	-0.18542	-1.12529544846149
36.922	-5.6457	-4.9601	0.107458261623044
37.488	-6.6095	-1.1444	-0.627236109564957
28.073	-11.668	-3.1194	1.645
36.91	-3.242	-1.1441	0.0149349771732551
36.175	-7.537	-1.5303	0.20135378021667
36.358	-0.97953	-2.8211	0.0477062491912478
36.017	-3.9337	-0.15164	-0.846835387989165
38.576	-4.8825	-2.3728	-1.03748472377373
37.872	-5.7018	-1.026	-1.09156325882466
36.697	-2.4607	-4.6981	-0.411251730106725
36.349	-7.9935	-1.5244	0.220855607204801
37.175	-3.326	-4.0231	-0.00478905037258249
36.928	-3.1836	-4.6119	-0.127821888190175
37.756	-7.1614	-3.4233	0.694315279851547
37.301	-2.9975	-4.1287	-0.523950499871523
30.193	1.1488	-0.66419	-0.84670925896997
28.46	2.2846	-2.1237	-1.645
24.401	-1.0807	0.94528	-0.433476630733366
27.402	2.3625	-0.79184	-1.31480198630749
37.872	-6.6212	-3.506	1.0324746396308
29.53	-11.489	-3.1516	1.645
27.857	-1.7479	0.28644	-0.798309089123076
35.484	-8.9282	-1.9391	0.937848742953814
27.673	-11.413	-4.0307	1.645
36.204	-0.51726	-2.602	-0.315239783245263
28.13	-0.42296	-6.6429	-1.08323596128171
29.047	-11.285	-3.5116	1.645
37.948	-3.335	-3.8358	-0.332673019686611
36.671	-6.1766	-4.2952	1.03144162162465
36.841	-6.0594	-5.141	0.289045222052706
36.965	-4.6772	-4.0313	0.0754539547319102
36.056	-7.7506	-4.4819	1.645
33.524	-0.99915	-6.1235	0.240695944796163
35.209	-2.4738	-5.3197	0.298987109902619
27.447	-11.476	-3.9333	1.645
36.676	-4.9225	-0.54227	-0.882350336179439
36.187	-1.3059	-1.2429	-0.883541654844384
29.373	-1.8565	0.38733	-0.847005826185143
29.141	-10.738	-4.3405	1.34867386781848
37.819	-3.8939	-4.081	0.227322488333545
35.461	-6.7856	0.21	-0.574054858128204
33.537	-8.6364	-4.1537	0.798221186489979
35.576	-2.7145	-1.1661	-0.973810641304319
36.729	-7.5145	-3.1312	0.770505781869854
36.088	-6.6977	-0.52185	-1.61182089571442
32.739	0.91199	-2.6954	-0.12282012137254
37.836	-4.3579	-3.3202	0.16673485969052
36.018	-6.3323	-1.1371	-0.155245936190117
37.469	-3.0494	-4.2007	-0.165262982771904
35.606	-2.0846	-5.5897	0.38948638641515
35.933	-6.8829	-0.44488	-0.536439592934012
35.493	-9.2462	-3.3582	1.38416252134286
37.53	-4.251	-3.1865	-0.00316179317990417
30.092	-11.065	-3.1338	1.645
32.99	-8.9546	-0.21807	-0.108297825952775
37.519	-7.3869	-2.6661	0.421513857709794
37.079	-6.2808	-0.77346	-0.0800169413508589
36.022	-6.828	-0.57731	-0.667953354296504
37.918	-7.0786	-3.0856	0.526268166692256
28.343	-11.733	-3.5872	1.645
37.494	-5.8069	-1.0089	-0.867830490101831
34.273	-0.69818	-5.6839	-0.481748874226704
26.188	-1.2389	0.73822	0.147951315642451
29.477	-10.678	-4.2809	1.26790698225335
29.977	-11.456	-3.3584	1.645
36.939	-3.7073	-4.6069	-0.74469343754258
37.59	-3.4846	-3.6459	-0.439396695696192
28.11	-1.8263	0.47221	-0.911489287574998
35.99	-2.0913	-5.2288	0.0317701001617964
31.074	0.26967	-6.3372	-0.212714627944689
37.27	-6.4269	-1.0324	-0.622137839761055
34.091	-7.9047	-4.067	0.910230843585185
36.52	-7.3394	-3.0192	1.14860763324734
37.4	-6.6576	-3.761	0.544716794212445
29.113	-0.98121	-6.9442	-0.235182382816232
37.029	-4.7412	-3.0954	0.328436409440585
33.037	0.75239	-2.4438	0.240462217454598
22.655	-11.631	-3.7513	1.645
37.766	-3.2181	-1.9562	-0.500222150477156
37.838	-3.7151	-3.567	-0.331475136930671
37.285	-3.4399	-4.4883	-0.16868073958873
27.184	-1.4529	0.40133	-1.00290592066842
38.26	-5.4613	-2.6107	-0.289326127926676
35.989	-1.6761	-5.1643	-0.362859124763913
37.247	-5.6924	-4.4819	0.498572194220113
34.351	-9.3416	-4.3517	0.887486862099894
32.942	-10.187	-3.8424	1.645
36.258	-3.1272	-2.1291	-0.901869224574308
37.522	-6.8014	-1.605	-0.342307165984249
34.875	-7.5634	-0.67985	-0.876743382544378
36.805	-6.8704	-0.46855	-1.20327597586015
36.438	-5.6209	-1.0791	-0.38791147230942
36.039	-7.5015	-0.37316	-1.02856954195331
35.992	-6.343	-0.027214	-0.201376299526762
38.018	-4.0021	-3.4175	-0.639750991507382
36.085	-8.2433	-1.0166	0.0165198335446641
38.197	-3.1683	-2.8039	-0.693023786158667
37.221	-6.2661	-0.70586	-0.596585994735514
24.495	-0.80438	1.506	-0.511348559463953
19.894	-12.408	-3.0023	1.645
32.857	-1.747	1.0811	-1.02301332010972
38.182	-4.7359	-4.0348	0.564268248594905
32.564	-8.7826	-4.3392	1.41268890441641
33.424	-10.297	-2.9498	0.653924638210395
37.001	-1.8216	-3.9956	-0.154314052408139
32.612	-9.982	-3.3678	0.896627676077787
26.104	2.9775	0.38525	-1.25690997714837
35.856	-6.2175	-4.9262	0.50887456143859
34.29	-0.70505	-5.4116	-0.359043113682167
35.119	-8.7121	-3.9509	1.645
32.294	1.3388	-1.5872	-0.1023953911529
26.933	2.2884	0.38868	-1.645
27.989	0.13398	0.8053	-0.424860748687948
37.348	-6.549	-3.1685	0.553254750547465
34.481	-0.83471	-4.8208	-0.493921419898626
36.976	-6.7599	-1.9741	-0.106455806128719
36.879	-7.3031	-1.1171	-0.750518314827321
37.988	-3.183	-3.7179	-0.0181500901583296
37.929	-6.679	-1.6821	-0.163230584680378
35.328	-8.9384	-1.7754	0.452546701639378
34.271	-9.6149	-3.6763	0.418633742754609
33.023	-9.9253	-4.2566	0.897735140398503
36.927	-6.6277	-0.54409	-0.900823149075692
37.587	-7.0356	-2.9008	-0.151859437088874
36.719	-7.5573	-3.667	1.45598852938321
37.13	-6.6506	-0.87502	-0.652054260572738
33.331	-10.091	-3.2853	0.237089010326739
36.513	-6.807	-1.1852	-0.441046817736762
28.452	-0.64826	-6.6807	-0.751169017298011
35.608	-8.7425	-3.6319	0.72351365522129
36.084	-6.9266	-1.1155	-1.21204437246569
34.803	-1.1978	-5.5854	-0.228375449579418
30.623	-10.628	-2.3359	1.645
34.746	-0.83355	-5.3832	-0.006617754944393
37.674	-6.0117	-3.9316	0.624531289853489
35.239	-7.2057	-0.80222	-0.38163809707267
30.909	-10.532	-3.6165	1.23057787929207
34.081	-0.19025	-0.19369	-0.480522591953786
36.16	-6.2388	-4.6065	0.389856669610576
34.061	-9.7107	-2.6267	0.447951898844995
28.401	-0.6673	-6.6758	-0.831593522900116
34.108	-1.3907	0.43458	-1.07163401711266
36.911	-4.0324	-0.88935	-0.738931819786611
36.133	-7.4211	-1.9201	0.166309494684134
35.653	-7.9359	-0.91161	-0.890520645310491
27.563	-1.7829	0.9933	-0.914325690370049
35.686	-6.1698	-4.8122	-0.0428523367551145
35.599	-6.05	-5.0311	0.0393114242006765
33.647	-9.5361	-2.9473	1.07835084938153
37.439	-7.1052	-1.3532	-0.0920046046845571
23.069	-0.86413	1.3787	-0.363394951041518
37.717	-5.9636	-3.8253	0.537753194834491
37.26	-1.8777	-3.7953	-0.274125762130181
37.331	-2.3602	-3.1346	0.132690769657264
29.747	1.7848	-0.64182	-0.559484766356369
31.26	-1.5383	-6.2118	0.01268510665117
28.79	-0.60836	-6.4231	-0.431252895390988
28.577	-1.9917	0.59004	-0.482262709265202
36.944	-6.5048	0.15745	-1.18591052845352
27.399	1.8644	0.060854	-1.51497103156499
34.571	-8.8569	-2.5749	0.564891645924645
37.024	-6.2246	-3.3113	-0.0419340411340626
37.905	-5.2701	-3.6581	0.0761851652681164
37.467	-3.1874	-2.2578	-0.901211599427411
35.937	-7.7764	-1.2843	-0.48077279641257
37.269	-6.4643	-1.3187	-0.461820836060154
35.22	-2.8647	-5.4605	0.111400681787296
36.327	-3.639	-5.216	0.0223984489724825
37.298	-5.8161	-0.65225	-0.205654675734733
37.658	-4.6228	-3.5033	0.627087026047604
33.532	-9.5404	-3.8361	0.270985875793128
38.11	-4.4154	-1.7878	-0.857870249823292
33.965	0.34185	-2.8306	-0.329229493158934
18.681	-11.853	-3.5342	1.645
37.578	-6.9156	-1.9975	0.0315352475219616
22.178	3.5218	0.97528	-1.48583014220126
34.324	-1.491	-0.028499	-1.34859095502495
27.877	-10.224	-4.2064	1.645
35.796	-7.3764	-0.93857	-0.231760173415383
36.21	-7.1793	-0.91817	-0.746431680154661
33.756	0.78472	-3.7174	-0.26808173426533
34.832	-1.3266	-5.3939	-0.709448371489814
36.693	-6.5135	-1.0092	0.0379027541917874
37.262	-3.681	-4.3805	-0.195163049218405
37.664	-2.5775	-2.7475	0.0208612414661752
33.114	-0.44001	-5.9828	-0.0139611190473061
35.83	-8.0329	-0.94709	-0.625636309481701
37.168	-2.8936	-4.4433	0.0768381035086144
37.252	-3.2123	-4.5515	0.0751735056472132
37.485	-6.3438	-1.5371	-0.443163287208233
36.79	-1.1179	-1.9369	0.0500616902078362
36.986	-3.4192	-4.8641	-0.10153567643175
28.187	-2.0153	0.64751	-1.19034346164036
36.115	-2.5821	-0.79798	-0.949768625143926
32.441	-8.4786	-4.6004	0.895002283995292
32.516	-10.186	-4.2238	1.13825962644531
34.865	-8.7229	-3.4379	1.50758834114315
37.744	-4.8284	-2.8158	0.309352183505967
36.311	-6.2684	-0.71261	0.0111930855305232
37.547	-3.1049	-3.4645	-0.389400549860401
38.079	-6.2421	-1.3115	-0.836740422086111
37.974	-3.6555	-3.1281	-0.751543997524902
28.696	-0.68077	-6.8741	-0.762055532822747
30.852	1.7849	-1.8279	-0.553183485478101
34.821	-6.2335	-5.3327	-0.394435013163126
14.631	-11.506	-3.6427	1.645
34.669	-0.46744	-3.1166	-0.446320493827211
37.859	-5.8203	-2.0456	-1.08627245411271
36.787	-5.5935	-0.20183	-0.801401700396247
36.693	-3.4679	-1.3316	-0.238097907302384
24.838	-11.328	-3.8629	1.16864805028111
35.763	-0.51963	-3.4807	0.100798559387558
35.201	-6.4466	-4.6978	0.178915631284507
32.044	-10.644	-3.7583	1.645
36.194	-6.8002	-1.6144	-0.750074901833183
36.007	-6.7848	-4.2244	1.55476913167756
35.927	-7.6408	-0.39627	-0.894081855720625
35.868	-8.013	-3.1225	0.697739075110249
36.808	-7.1617	-1.0805	-0.573336581888601
36.946	-7.765	-1.2246	-0.612967321423009
36.325	-6.6188	-4.8643	1.0346705487908
35.549	-6.4596	-0.15332	-0.805523605121378
30.435	-2.0178	-5.0573	0.00337472005674424
36.901	-2.8551	-4.7309	-0.551647198982319
37.149	-6.3657	-1.3475	-0.431323064044263
36.787	-3.2912	-4.7881	-0.0732313057905144
37.496	-2.7345	-3.0657	0.210525503325
32.833	-9.925	-3.8629	1.645
37.75	-6.5893	-1.4592	0.120593660064262
36.038	-0.75241	-2.4819	-0.469004429331569
28.133	-11.456	-3.6026	1.645
30.447	1.4981	0.012136	0.0608503114960885
37.759	-5.8941	-2.4694	-1.00141255537185
36.523	-6.9224	-0.55317	-1.15107346809282
37.667	-3.3869	-1.5302	-0.301165291200394
35.259	-0.56743	-3.8436	0.035795640454394
21.996	-12.117	-3.2949	1.645
36.696	-3.7296	-4.7045	0.0127206321350676
36.844	-2.8627	-4.1771	0.111990340732319
35.141	-7.3093	-1.8385	-0.108056904380272
37.236	-5.8353	-2.0778	-0.0750270795204343
27.895	2.1727	-0.70999	-1.44530838015502
35.937	-7.577	-0.66075	-0.939526533895251
36.415	-3.3798	-0.64911	-0.981916312057593
37.914	-4.9455	-1.6546	-0.875311358111951
37.81	-6.0972	-2.6215	-0.505968046317158
36.059	-6.6724	0.099282	-0.96495550061961
33.831	-0.82131	-5.9073	0.336050810415199
37.488	-4.8809	-1.9614	-0.405146457996932
34.309	-1.5814	-3.0886	-0.270978319870635
16.546	-12.122	-3.0507	1.645
26.475	2.8001	-0.13414	-1.35310494679566
36.584	-3.2355	-4.7375	0.041820988140781
36.968	-3.0594	-1.5917	-0.778163988753839
36.022	-5.6927	-0.69924	0.647388585259588
22.905	-1.2773	1.3333	-0.365408384074811
36.937	-6.6664	-1.0888	-0.843067349212938
38.435	-6.2835	-2.839	-0.0730102615063062
35.405	-0.70375	-4.8046	-0.269058225651102
36.121	-2.9466	-5.1363	0.374418812538802
36.896	-1.6696	-2.1151	-0.763755409581051
27.474	-0.29098	-6.7196	-1.04384004108364
34.672	-9.018	-2.7887	1.2363230714403
36.78	-7.3321	-1.024	-0.489545284179902
31.309	1.3203	-2.1248	-0.773389284222247
34.816	-1.9829	-0.24815	-1.04511953978242
31.034	2.13	-1.503	0.314330223145717
38.1	-4.3733	-2.6288	0.0782113847761327
33.506	-8.587	-3.743	0.715979240644331
36.038	-5.389	-5.311	-0.589968350526104
34.702	-1.6396	-3.8829	0.294494932970223
32.373	0.99622	-2.1654	-0.105947150274982
35.958	-2.3821	-5.0615	0.201350880921078
37.447	-2.7711	-3.2962	-0.787543377502182
34.224	-1.4421	-5.2872	-0.359651178191485
25.823	2.7506	-0.30933	-1.39846661027266
36.853	-6.3522	-2.1496	0.207605839804277
34.92	-2.181	-0.95545	-0.965297599294155
31.384	-10.126	-3.673	0.891428002130569
36.331	-7.1059	-0.41523	-0.638434420569131
29.704	-11.031	-4.1478	1.645
35.609	-7.1077	-0.68315	-0.672462226753912
35.818	-1.2328	-4.9674	0.00754790057242873
35.623	-7.3392	-1.1323	-0.493788110740854
32.987	0.16537	-5.4076	0.147167032526744
36.38	-3.1166	-4.3906	-0.258732888657408
36.763	-2.5223	-2.4664	-0.219634420064317
30.806	-9.287	-3.5933	1.42834366605898
31.819	0.77723	-1.5751	0.300831170047678
34.867	-2.1455	-5.957	0.477678365874796
36.432	-2.9785	-1.8557	-1.12476372252901
37.33	-2.1802	-2.9054	-0.405473347960565
35.886	-6.8034	-0.66589	-0.458518370087973
34.169	-2.2291	-0.29475	-1.24120300101439
27.676	-0.63697	-6.9622	-0.510601389618888
36.642	-7.6993	-2.0698	-0.529027748074449
36.441	-7.3309	-1.0821	-0.740409267909278
36.404	-0.77396	-3.045	-0.63623615357167
32.197	1.205	-4.1368	-0.454229357646575
33.119	-10.31	-2.9906	0.471090841255187
37.344	-5.4244	-3.918	1.2588858979792
30.026	1.6761	-1.1057	-0.539296572308967
37.878	-4.0903	-2.2179	-0.326430726098954
37.108	-2.6266	-1.3105	-0.471904080805502
36.482	-1.3979	-3.6565	0.0181474166194697
31.452	-9.1478	-3.2273	1.645
35.595	-7.1083	-1.4836	-0.14843487111671
37.93	-4.6532	-1.5629	-0.941986276361272
28.339	-11.288	-3.7747	1.645
34.572	-0.91389	-5.3163	-0.525999678583411
27.025	-1.1452	0.8769	0.0495490293703421
34.079	-9.9018	-3.0968	0.879770242345258
35.222	-7.552	-0.12993	-0.381385869589184
37.707	-3.9647	-4.055	-0.0377715075988551
37.055	-7.808	-1.365	-0.845504745909747
37.028	-8.0319	-2.3737	0.402315881969286
37.484	-2.9589	-2.2054	-0.651912780943047
36.636	-1.8449	-4.6217	-0.330880272361527
24.255	-1.0753	1.209	-0.321646650880439
37.908	-5.4849	-2.8675	-0.342460009185277
28.144	-11.285	-3.6351	1.645
36.304	-3.0943	-4.7781	0.319301259179775
36.383	-6.8969	0.11651	-0.741018417518163
36.032	-2.4254	-5.2954	-0.0178294816332326
37.693	-6.9362	-2.1968	0.351311552877964
35.196	-7.2738	-0.20346	-0.640851600187406
36.191	-1.9754	-1.1911	-0.662372426014927
35.949	-7.0988	0.036498	-1.25258056418739
32.924	-0.29634	0.38633	-0.90853738144244
36.636	-8.1869	-3.6598	1.645
35.702	-1.5553	-5.3066	0.128486703516908
37.827	-3.3669	-2.5679	-0.316647154000828
34.952	-6.4194	-5.1862	0.511834013270875
25.703	0.22142	-6.7138	-0.661615266729326
37.718	-6.805	-2.3753	0.133433923758276
20.57	-11.951	-3.571	1.645
33.204	0.41913	-3.6203	-0.225161657848673
36.349	-7.4662	-1.0629	-1.2157946076286
32.301	0.83282	-1.4899	-0.0911674689456659
36.889	-6.3605	-0.64418	-0.787296795378091
37.364	-6.6113	-2.4395	0.163977593025696
36.557	-6.012	0.058335	-1.04564650066251
34.899	-8.9036	-2.1978	0.797296447382137
34.392	-0.67005	-5.3893	-0.263984181112522
36.058	-0.71232	-3.8443	0.162474358508895
35.914	-2.1429	-5.1293	0.0712587279780151
38.175	-6.4615	-2.3743	0.0745991306929632
37.269	-6.594	-4.1428	0.765637063072137
36.296	-3.9297	-1.4904	-0.010440010570639
34.929	-9.3154	-3.3453	1.11277784599017
33.624	-9.7678	-3.2114	0.615872833188847
35.452	-7.5059	-1.1164	-0.411935062713448
36.034	-7.7111	-0.66814	-0.798715835995766
37.161	-2.9571	-4.3767	0.00299463306522533
35.801	-6.039	-0.10692	-0.835403405540302
38.018	-6.5426	-1.8973	-0.221422654555982
37.065	-2.8718	-1.9238	-0.767567447163201
37.741	-3.5231	-1.6764	-0.436326589731872
36.429	-1.94	-1.5444	-0.714698592209493
38.124	-5.9004	-1.833	-0.693717252443328
37.088	-2.7651	-4.3048	-0.373439051431961
37.718	-6.2576	-0.89144	-0.407329850009969
32.946	-10.118	-3.8613	1.3749048569499
38.042	-4.4673	-2.5642	-0.349970901571064
35.311	-1.2939	-5.3454	-0.359879902301472
36.716	-1.7406	-3.0904	-0.338911001353235
37.657	-5.2865	-0.77623	-1.30430238079928
28.415	-1.9853	0.6287	-1.10778306630083
35.913	-2.1991	-5.1813	0.275339066114775
37.832	-5.746	-1.2789	-0.457508463321807
37.809	-7.1081	-3.5919	0.96748625020773
37.022	-7.8526	-1.9066	-0.366742866207122
35.963	-2.9456	-4.6888	0.722468162895498
29.139	-10.899	-4.2139	0.912947031225204
38.328	-5.5245	-1.6957	-0.997073756614676
35.913	-3.5353	-0.26692	-0.580963190582233
36.624	-2.5872	-4.7152	0.198970857457503
35.732	-7.4659	-0.892	-0.827555136290588
37.405	-2.8884	-4.2719	-0.448211888417693
27.224	-11.557	-2.9923	1.49746461218612
34.219	-0.7002	-5.219	-0.644384433807338
36.409	-6.4671	-0.54685	-0.274603036208886
29.133	0.029435	-6.8166	-1.10901466605656
34.285	-0.88002	-5.7289	0.00280522090880184
35.879	-1.4706	-5.0897	0.0991956129441951
33.331	-0.8698	-4.6621	-0.467804314420369
28.562	-11.373	-3.9338	1.645
34.954	-8.59	-1.2637	0.0377198257663293
12.655	-12.024	-3.1062	1.645
33.259	-0.86748	-5.1327	-0.129927163141363
38.313	-5.8634	-3.2643	-0.64807092870568
36.875	-2.9204	-4.2667	-0.834200969657451
36.875	-6.5702	-0.73131	-0.892916961057408
32.785	0.6827	-1.7577	-0.09254698021532
36.807	-2.7145	-1.7884	0.334885091833032
36.197	-2.5887	-0.88178	-0.83220458865865
37.29	-3.1505	-4.2486	0.0878659833824337
33.099	0.48603	-1.4884	0.0264514022127237
34.092	-8.9227	-4.1576	1.645
37.012	-7.5666	-2.4787	0.693888961284132
36.947	-6.3535	-1.4057	-0.484854711086984
24.144	-11.871	-4.1725	1.54915306406647
37.294	-5.8666	-0.45628	-0.532726623310628
38.453	-6.2205	-2.5167	-0.132560896359376
38.205	-3.7763	-2.7418	-0.687107806673133
29.42	-11.225	-3.3753	1.645
37.148	-5.3387	-0.68234	-0.796918429866038
26.075	-11.349	-3.6326	1.21391922130273
34.237	-0.72906	-5.5845	-0.0300284712595006
35.409	-7.9537	-0.78786	-0.328422188955068
36.261	-5.9674	-0.39885	-0.567156734199359
35.769	-1.1302	-4.9338	-0.391776390252697
34.05	-7.3166	-5.0561	0.914373241240659
33.716	-7.4941	-2.944	0.66320915063528
36.741	-6.3389	-1.159	-0.786285152726952
36.513	-7.4862	-2.793	0.114570101425189
36.212	-4.2356	-0.11937	-0.643921667828823
30.542	1.6715	-0.25718	-0.203411647085169
37.523	-5.7548	-4.5898	0.516226783594349
28.667	1.635	-0.37636	-1.31313458924096
37.356	-5.2576	-1.0494	-0.377108478045545
36.478	-7.7756	-0.57777	-1.13703065953458
37.883	-3.842	-3.38	-0.340469813476698
35.131	-9.2436	-3.3567	1.645
37.587	-5.2175	-1.004	-0.63103389457099
36.221	-2.9564	-0.61513	-0.878443331206057
38.637	-6.5948	-1.8103	0.027781995253982
36.956	-3.2025	-4.4751	0.227844697295582
29.985	-11.016	-3.6217	1.645
31.672	-6.1599	-5.747	0.639979122172042
36.491	-1.3732	-4.2775	-0.653368662654593
37.131	-4.5617	-0.87893	-0.78137606826862
31.827	0.24387	-1.1057	-0.115530843896729
36.602	-7.2462	-0.74841	-1.1103915233689
35.527	-1.6899	-5.4983	-0.403415996148954
28.143	-0.79826	-6.7107	-0.963673142007713
36.361	-7.4636	-0.51885	-0.914039342055821
36.981	-6.59	-0.49138	-1.12691783369805
37.82	-7.0502	-1.9993	-0.0730486580190481
36.574	-8.6753	-3.4189	1.57695277773031
37.993	-6.6047	-0.58157	-0.723365143637898
36.619	-3.3442	-5.008	0.418993599613371
37.163	-4.0055	-1.8496	-0.139965026802609
27.841	-0.46924	-6.7153	-0.585369596777978
33.362	0.38835	-1.7634	0.338566523496969
38.275	-5.2304	-2.3682	-0.57959918088329
36.744	-6.6862	-0.47204	-1.1184866337114
29.038	-11.463	-3.3336	1.645
32	-9.0904	-4.758	0.926797529620502
34.952	-1.4921	-5.7799	-0.0577939587674217
35.586	-6.7863	-0.30952	-0.614728463561192
29.473	-2.0004	1.2233	-0.0582105055257302
36.946	-7.1431	-0.98937	0.0302979713366648
35.2	-1.6433	-5.5416	0.0888180982043368
38.265	-6.0586	-2.7998	-0.452039746136071
33.966	-0.18969	-0.95979	-0.350646899201495
37.105	-2.5879	-1.2599	-0.798118639847655
37.342	-6.7824	-1.0638	-0.762262371852467
36.545	-7.0306	-0.54223	-1.3106348518387
35.679	-7.0002	-1.2115	-0.14758481689481
35.984	-1.9774	-4.2136	-0.648568910840456
35.308	-9.5027	-2.4343	0.970904619631966
33.845	-9.7813	-3.7695	0.523926174297041
33.349	-0.35116	-2.0425	0.0889181235008353
27.568	-0.41487	-6.818	-0.480613937999034
33.366	-9.9976	-3.4617	0.885364333964474
19.483	-12.108	-3.7965	1.645
37.162	-5.5491	-4.7764	0.661002573439858
35.769	-6.9619	-0.47515	-1.42272845108417
35.88	-8.2388	-4.4135	1.645
35.04	-7.5716	-1.0808	-0.682793016802262
35.22	-1.6653	-1.0212	-1.4529912987171
36.935	-5.5179	-1.3782	-0.477202613307546
35.664	-1.6218	-5.105	-0.151369612622584
26.332	2.8248	-0.26543	-1.35789551052039
38.305	-4.7921	-2.3396	-0.576681817971631
37.264	-6.0234	-0.95589	-0.943247462582226
24.961	-12.173	-3.2356	1.6410358286945
36.493	-3.2037	-1.737	-0.0161064837247467
37.016	-2.6871	-3.6991	0.0191698950249486
35.521	-7.0953	-0.81215	-0.69130636356392
37.573	-6.2663	-0.94834	-0.934914271173391
36.713	-2.7918	-3.6785	0.0206702236430155
37.267	-2.9412	-1.1413	-0.392038208485129
36.105	-7.5793	-1.0388	-0.518547372726717
36.149	-3.6882	-0.088772	-0.77800370789533
29.561	-2.1923	-0.92529	-0.953912874643462
28.421	-10.501	-3.8962	1.645
37.543	-6.6177	-3.9242	0.383253910367651
36.013	-5.2962	-5.2194	-0.209112739288213
31.616	-10.133	-3.0478	1.645
26.865	-11.889	-3.6093	1.14915482836419
34.944	-1.8333	-5.6746	-0.298957419590719
33.974	-0.2086	-5.4289	-0.00280533924596854
27.421	-11.915	-3.1716	1.645
24.068	-11.949	-3.7635	1.645
36.904	-2.4271	-4.0264	-0.597384050170968
32.829	-2.2829	-5.3286	0.991811311624754
36.607	-2.9684	-1.1872	-0.893546330686324
36.922	-6.114	-0.78434	0.0638206656051347
37.221	-6.042	-1.2144	-0.263004186532906
35.954	-7.1988	-1.5628	-0.599984459153572
35.692	-8.8069	-1.7571	0.883314159992743
37.491	-6.0219	-1.2997	-0.41520204313226
35.9	-7.2416	-0.67509	-0.929513329000581
36.618	-7.6655	-0.98104	-0.709747060775929
29.945	-1.3699	-6.7296	0.231538542613103
32.161	0.91575	-1.7862	-0.0471665562097505
37.605	-6.5111	-0.87244	-0.244924897631453
35.517	-6.5056	-0.50915	-0.137783911401274
32.059	1.3109	-2.4168	-0.42024232383116
29.196	-10.899	-4.0629	1.645
24.476	-1.1701	0.93116	-0.103941955195041
36.747	-2.8716	-4.7368	0.253862978498095
38.014	-3.428	-3.3169	-0.767784393966813
36.001	-6.2461	-0.9769	-0.725273839601244
36.332	-6.6978	-0.47076	-1.09512367368261
38.3	-5.7317	-1.6831	-0.896755825728031
29.979	-11.824	-2.9049	1.645
37.151	-6.3028	-0.5405	-0.668414692796661
36.12	-6.1442	-0.35725	-0.164835724453177
36.271	-7.3453	-1.3238	-0.356217166412017
36.488	-6.1858	-3.8549	0.676624210116125
35.366	-1.8119	-5.5672	-0.242449112966077
36.371	-1.3748	-4.149	-0.588133367876791
31.428	1.6486	-2.2588	-0.529212358842638
30.715	1.0071	-0.9415	-0.53715610426958
37.231	-3.9099	-4.7721	0.262469669297658
34.721	-8.3715	-4.579	1.645
36.514	-8.5327	-2.2652	0.129574990675642
36.083	-2.6015	-0.39972	-1.19211473575178
35.498	-8.087	-2.6598	0.561688423800059
30.178	1.4558	-0.55411	0.0614784476127838
33.074	-10.314	-3.0415	0.0109998837046672
34.568	-8.0682	-4.3868	1.08424375396728
36.881	-6.9741	-1.2878	-1.14629153433031
31.206	-10.908	-3.2517	1.645
20.185	-12.42	-3.592	1.645
37.199	-1.6237	-2.4917	-0.462022350851516
36.947	-7.3373	-1.2444	-0.597621577640121
33.778	0.11392	-0.5513	-0.0155262422495153
36.98	-3.2319	-1.217	-0.508821055399601
36.125	-7.0592	-0.43751	-1.16134842644964
30.989	1.3364	-1.2695	-0.478742059391471
37.721	-2.718	-3.5393	-0.191796911221103
36.492	-7.4624	-0.46387	-1.44069514669263
35.897	-8.9728	-2.3728	0.679979794382057
36.92	-3.6492	-4.6394	-0.491204508872789
36.993	-4.0546	-1.8566	-0.470267522429593
34.583	-9.2741	-3.2361	0.571540390724681
34.344	-1.2254	-5.6987	0.388653085382524
35.742	-8.0212	-3.8443	1.47804126674719
37.001	-2.4226	-2.9225	0.136752147905691
35.171	-6.1369	-1.2886	-0.604940251941364
37.028	-3.37	-4.176	0.269811927592904
33.298	0.35184	-3.695	0.443932005297737
30.361	0.79431	-0.83387	0.276777531591821
35.436	-6.7361	-0.95815	0.0173619704637515
37.41	-6.4188	-0.83121	-0.722488534927291
36.383	-1.4084	-1.6501	-0.639279819342547
28.632	2.1882	-0.58482	-1.38652357002986
34.186	-2.9176	0.81454	-0.576047461446894
36.195	-4.2493	-5.2274	-0.33046147147432
26.47	-1.2093	0.66759	-0.712763333495315
36.233	-7.5856	-0.90686	-0.994981898187616
36.421	-8.4179	-2.0881	-0.506682122753024
37.469	-3.1858	-2.9957	-0.739733530000311
35.257	-2.0901	-4.006	-0.0216806082930143
36.163	-7.092	-0.771	-0.834458688871474
37.734	-5.9544	-4.0513	0.0915599229403715
37.902	-5.9908	-2.0936	-0.868206785423002
37.448	-6.4351	-3.4083	0.519016024347876
36.099	-7.3386	-0.73775	-0.864779246441533
38.19	-5.2303	-3.4668	0.526248712100803
32.123	0.60269	-0.86491	-0.211325525295284
32.053	1.3059	-1.5197	0.503059813749709
36.699	-4.6467	0.089536	-0.859940720859841
27.83	-11.511	-3.6894	1.645
35.927	-2.6184	-5.194	0.825102738970226
36.378	-8.7082	-2.2334	0.524657535845278
37.434	-4.6484	-2.4277	0.0801613495645855
36.422	-2.8263	-5.0446	0.0905081770442007
37.128	-7.3771	-0.91807	-0.101822419362109
36.806	-7.1946	-1.9069	-0.046005780392107
34.659	-0.55942	-4.4261	-0.180217076592721
36.328	-7.1272	-0.93379	-0.75767011369882
36.281	-2.7152	-5.341	0.451180091227752
37.412	-6.2447	-2.696	-0.598609073763717
35.967	-2.729	-0.69909	-1.17363991436922
36.783	-8.0664	-2.712	0.49345674482978
36.508	-6.9874	-0.76697	-1.35300143634363
37.295	-4.7406	-4.9434	-0.630251704039119
37.907	-5.6622	-1.514	-0.882420457434833
36.54	-2.6445	-3.9797	0.411004248579703
34.705	-0.88028	-5.109	-0.41865036467806
35.571	-0.535	-3.7779	0.042845199972833
36.023	-3.1128	-0.9772	-0.472091776513124
36.969	-6.9389	-2.1567	-0.26616606274114
30.821	-10.653	-3.8519	1.645
34.81	-1.815	-0.71735	-0.986776424968122
37.007	-3.2381	-4.6457	0.32192007203435
22.98	3.3486	0.063496	-1.33000710551992
32.159	-10.433	-3.0039	1.54116736040346
37.195	-6.8729	-0.94274	-0.785743663743339
34.005	-0.32428	-5.4688	0.0261061381237029
37.776	-3.2527	-3.708	-0.877749135314472
25.345	2.9604	0.81839	-1.38618127452703
37.704	-6.9036	-3.5007	0.673571899642937
25.232	-11.836	-3.4376	1.31532209362848
35.212	-2.5121	-5.7232	-0.256938249233611
38.366	-5.4234	-2.4492	-1.17758150144073
29.989	-1.4419	-6.6104	0.632776628491623
37.702	-3.2554	-2.2478	-0.465212768909787
36.695	-8.3244	-3.4796	1.44740857036164
22.216	-0.28528	1.8218	-0.640608256769563
27.938	-0.14693	-6.4389	-0.410379592685668
37.215	-2.1692	-3.2804	-0.142841898251657
24.948	-1.1145	1.1193	-0.505514602868305
35.868	-5.9551	-0.76246	-0.415968324997547
28.015	-11.269	-3.5031	1.645
36.415	-2.8229	-5.3315	0.171744985893413
36.026	-2.1342	-5.1439	0.24047403402273
36.861	-6.3361	-0.60656	-0.663580373213362
34.486	-9.5717	-3.7802	1.42574148014893
22.352	3.0673	1.2586	-1.5870343640603
35.219	-2.1202	-1.3575	-1.34166978216226
36.39	-6.9544	-0.46647	-1.06533346054073
32.516	-0.5129	-6.2823	-0.091166593796635
37.032	-6.1426	-0.88556	-0.80709660872147
28.289	2.0839	-1.1024	-0.657606159257757
33.548	-1.5978	0.067007	-0.463603144562749
35.336	-1.5855	-5.3664	0.00297596413779264
35.391	-7.7354	-2.7639	0.0779056393232696
36.84	-7.9578	-3.3052	1.19714785958774
37.095	-3.2146	-1.7715	0.0945600549043146
33.859	-9.2605	-2.5721	0.188182349212615
35.877	-8.4213	-3.4308	0.945703663536275
34.549	-0.84299	-5.6394	-0.236086767109804
36.996	-7.5551	-2.6668	0.595030114140044
34.832	-7.3907	0.24362	-0.710207558149563
33.235	-10.72	-2.9872	0.306606011082305
37.307	-6.0201	-1.5607	0.0098373316049523
37.418	-2.9354	-2.5082	-0.737920986555682
34.343	-1.6947	-5.9695	0.119525405443955
35.852	-6.3953	-0.66102	0.0893840386443239
23.219	-11.625	-3.7246	1.645
25.658	-11.743	-4.0632	1.645
36.408	-7.0685	-0.74929	-0.328769095188837
34.872	-9.2335	-3.1798	0.817626126486867
32.521	-10.366	-3.3013	1.2633016787963
35.301	-7.1362	-0.87532	-0.470032813900468
36.981	-7.338	-4.1057	1.59121774605262
36.532	-2.2219	-4.9142	0.10062278154293
36.587	-6.9588	-0.9185	-1.07351956102477
37.804	-3.758	-2.5106	-0.0995492858527869
37.188	-3.3266	-4.129	0.090389302484548
36.601	-3.3263	-0.83788	-1.07599337756386
20.494	-12.103	-3.3423	1.645
37.343	-6.62	-3.3463	0.280676213794765
34.74	-1.4122	-5.6472	-0.307827205719479
33.679	-0.86234	-0.17042	-0.909155213103299
36.655	-3.0677	-4.4207	0.174783410586482
34.85	-8.5722	-4.0191	1.15496858087532
30.867	-10.809	-3.5384	1.645
37.307	-3.9139	-4.5918	0.0700042882042893
36.667	-6.7386	-0.78268	-1.30471259845492
31.457	-0.30158	-6.5963	0.438566014942848
35.913	-7.6121	-0.87189	-0.730036680833477
36.13	-2.8164	-5.1146	0.476019796277612
35.209	-0.0088546	-1.6024	0.099407028249393
37.083	-6.3311	-0.76982	-0.0505969863750081
36.223	-7.7271	-1.0545	-0.985014719869532
30.474	-10.434	-3.6727	1.645
35.745	-6.4161	-0.72233	-1.27396323656572
34.25	-0.42419	-5.4538	0.213178825232281
35.158	-7.4175	-0.57039	-0.570792597809645
37.835	-4.0336	-3.727	0.140619340879546
29.205	-1.0063	-6.6398	-0.467551388264887
35.456	-3.3218	0.088323	-0.855556226955024
29.803	-10.77	-3.5859	1.645
37.4	-5.3887	-1.203	-1.30390497725472
38.39	-4.8164	-3.1837	-0.0313976054372068
28.169	-10.539	-4.4468	1.645
37.101	-6.2474	-1.5272	-0.784503556932257
36.103	-2.9353	-0.50444	-0.942926080101858
33.597	-0.56617	-5.3621	-0.252711191481546
34.55	-8.264	-2.9045	0.617437037235135
35.071	-9.1648	-1.7033	0.607478622355804
37.21	-4.2579	-4.7383	-0.14448196064125
35.826	-8.9178	-2.6398	0.872471891127441
29.572	-9.596	-4.4341	1.56375915032022
38.35	-4.2938	-3.138	-0.260650744710917
33.688	-2.6749	1.0381	-1.0170720754517
36.474	-2.0151	-4.8982	0.325005711220064
36.528	-6.7207	-0.3798	-1.17071360749477
33.424	-10.084	-3.4669	0.724700008034996
35.861	-2.605	-5.277	0.751558415103954
34.46	-9.1908	-4.2253	1.54112003263113
38.32	-4.8525	-3.1108	0.0804691102246511
37.496	-3.2443	-4.1554	-0.0789109071956901
26.909	2.6637	0.026832	-1.46165441574449
23.052	-12.064	-3.317	1.645
37.644	-6.4692	-2.6675	0.0140112790536327
36.848	-6.5595	-2.1398	0.548962081921563
29.035	1.6447	-0.066406	-0.561768535996365
35.626	-7.5125	-0.57968	-0.802209015092997
37.322	-7.6218	-1.4826	-0.717644626737403
35.285	-8.2893	-0.64382	-0.466541483116489
20.084	-12.312	-3.48	1.645
28.865	1.751	-0.48839	-1.11883333568944
29.709	-10.969	-3.9119	1.645
37.772	-3.5059	-3.3861	-0.772372210875741
36.942	-6.4637	-0.66239	-1.01449067607255
33.758	0.38343	-3.2386	0.0348862141820265
36.282	-1.236	-3.9953	-0.332898312438114
36.872	-6.6326	-0.5159	-1.00889686867717
27.991	-1.7102	0.46544	-1.19188731076383
34.467	-0.7789	-5.5486	-0.404443713081712
28.91	-10.416	-4.3339	1.645
36.451	-2.0925	-4.9467	-0.272296768227174
29.772	1.7553	-0.20628	-0.701053392898385
37.46	-4.4038	-1.0835	-0.883261992483413
30.47	-9.6622	-4.3325	1.645
31.478	0.98321	-0.87069	-0.197932926479894
36.431	-1.4634	-3.8262	-0.0935903290991004
36	-9.0717	-3.5695	1.645
37.711	-5.9719	-3.357	0.0823786606215625
27.558	-11.495	-3.2371	1.645
24.502	-11.889	-4.0808	1.645
36.522	-7.3306	-1.1206	-0.446479327547594
34.234	-9.0501	-4.1876	1.52068092492173
34.039	-8.7942	-4.1058	1.22749122175787
36.049	-2.8343	-0.31658	-0.836651017906747
35.726	-3.108	-0.29894	-1.17509778914376
37.247	-6.3258	-0.74275	-0.453562089437031
36.663	-8.0185	-1.3392	-0.942734856771073
36.819	-2.209	-4.6629	-0.321685011379873
36.367	-7.0131	-1.7098	0.764236965937189
37.603	-3.5366	-2.3554	-0.490792005186367
37.32	-2.9559	-2.0473	-0.620499438667819
36.358	-3.1915	-4.9347	0.699588997920203
18.772	-12.196	-3.1299	1.645
32.75	-10.422	-2.8005	0.409355222474614
36.785	-1.4031	-3.5604	-0.467479808083775
35.477	-1.5291	-5.0441	-0.0105088983036343
28.024	-11.618	-3.2678	1.645
38.028	-3.372	-3.8422	-0.337032936513262
35.983	-6.7157	-0.25748	-0.81791147684405
37.675	-7.2641	-2.5191	0.205604361200951
38.285	-6.068	-1.6478	-1.12275934242454
37.648	-2.9954	-2.6871	0.0329149923938601
36.758	-6.2914	-0.49534	-0.234475741172074
37.3	-4.165	-1.6175	-0.30972983107898
27.805	2.13	0.2655	-1.42348222776683
33.741	-1.9733	-5.4226	0.519720301540828
36.11	-7.4497	-1.499	-0.338003833550518
37.13	-3.482	-3.5833	-0.385963672509207
37.065	-7.2034	-1.1197	-0.960730685070227
35.676	-1.5634	-5.343	-0.148595531770749
25.634	-1.2253	0.94194	0.630512527138049
36.345	-2.7504	-1.3676	-1.26881637441938
35.006	-5.2704	-0.66318	-0.170690979823082
21.515	-0.82075	1.3352	0.134391908385125
36.934	-7.1197	-1.3898	-0.277826005624495
35.563	-2.7773	-0.24283	-1.51490317531823
37.173	-2.6245	-3.9132	-0.0494977922673763
36.387	-2.0945	-4.6511	-0.0330975038152674
35.784	-2.114	-0.96068	-1.0604209717195
37.664	-3.9756	-1.3644	-0.523607682355017
33.453	-9.9212	-3.2833	0.609837329422022
28.418	-11.12	-3.9506	1.645
35.617	-3.9137	0.42156	-0.660690672644075
35.863	-2.4069	-2.5622	-0.190507423305991
35.028	-7.1752	-0.66195	-0.558474572034778
35.812	-5.4805	-0.52955	-0.22058699341603
35.948	-1.8128	-5.129	-0.454505728165042
36.383	-2.5713	-5.1106	0.204427929733088
37.161	-6.9458	-4.105	0.424606826227847
33.48	-0.64767	-5.7709	1.2451723947432
36.767	-7.3284	-1.2693	-0.2607077735106
34.688	-1.4445	-4.5017	-0.20810414631347
35.727	-1.6297	-5.1851	0.0539743690681674
27.955	2.3396	-0.87238	-1.11519873738394
33.377	-10.479	-2.644	0.560909324325096
32.498	-1.6331	0.075498	-0.278650067858726
37.362	-2.3661	-4.0574	0.120285431973042
37.957	-5.771	-1.0749	-1.11846041551823
36.775	-7.7189	-0.67347	-1.33813736160208
37.412	-4.5111	-2.4789	-0.157271161810945
36.828	-7.5118	-1.7764	-0.584982330085777
34.807	-9.2413	-0.70097	-0.00858294389989755
37.16	-6.5484	-1.2193	-0.41905879715821
36.12	-6.8519	-0.23334	-1.09967683391322
38.418	-4.7373	-1.7362	-0.861731291259805
33.209	-1.3065	0.58739	-1.12481724930739
36.674	-2.2954	-4.338	-0.0970975294372655
36.732	-2.5374	-4.5019	0.304728072501413
37.642	-6.2693	-1.2363	-0.559184838087907
34.288	-1.2429	-5.9811	0.676883890174125
34.357	-6.5455	-4.6842	0.167425228109719
33.459	-6.2113	-5.0877	0.100917668034099
34.398	-1.8175	-6.1834	0.345770667179968
28.402	1.6858	-0.84161	-1.10778631159507
36.054	-8.1439	-2.2738	0.448443331116806
36.711	-5.4696	-0.059321	-0.736320287181645
36.851	-6.8	-1.1773	-0.135889182235028
38.242	-5.918	-2.1091	-0.496233302954077
37.137	-3.3898	-4.8805	-0.131876393970011
37.779	-6.3044	-1.8107	-0.0235939800173135
34.925	-1.4506	-5.7603	-0.14005682924123
36.307	-6.6518	-5.0565	1.05200640008177
37.216	-7.7869	-1.3901	-0.325565770819736
34.201	-6.8832	-5.1613	1.0540947238611
37.024	-5.0281	-5.0016	0.172646618687758
31.076	-10.596	-3.1788	1.645
37.732	-3.9914	-1.8724	-0.751262521870305
28.05	2.1178	-0.84351	-1.645
29.068	1.9082	-0.13313	-0.113935526087274
38.105	-6.1144	-1.8308	-0.256761997048361
31.208	-10.341	-3.9103	1.645
37.164	-3.1932	-4.4762	0.285918127070696
35.947	-7.6318	-0.92707	-0.307091560552608
26.384	-11.718	-3.1602	1.63711724955217
17.539	-12.176	-3.6076	1.645
27.847	-1.0006	-6.7591	-1.14432122964777
28.06	-11.31	-4.1272	1.645
26.252	2.4373	0.2568	-1.4567785351806
36.415	-1.8489	-3.4901	-0.248250572723802
36.414	-6.6305	-0.54073	-0.566186453538976
36.926	-6.1455	-1.226	-0.292423576538137
37.013	-1.3675	-2.5758	-0.232807897925347
31.516	-1.6663	-1.0651	-0.423319426563605
23.685	-0.6064	0.95115	-0.0138629486778667
27.546	2.3168	-0.11179	-0.99397687028395
36.582	-3.2051	-5.0006	-0.146624749855276
37.103	-6.8195	-0.88503	-0.451982474673884
36.399	-7.0935	-1.8265	0.165291645315184
35.481	-2.2084	-0.77026	-0.506211919601581
27.377	2.5778	-0.06166	-1.0968424297874
29.712	-0.9678	-6.7499	0.116084578061046
37.899	-7.3266	-2.9614	0.894094186522683
36.681	-7.6883	-1.3233	-0.479668817373248
36.539	-6.8839	-1.4043	-0.798961454134958
36.927	-2.4784	-4.6331	0.309433717313494
37.289	-5.8562	-1.1742	-0.368952421800573
36.35	-1.06	-3.5694	-0.528915779163893
36.839	-2.8458	-4.6107	0.00511561922356301
34.409	-9.3628	-3.4874	0.533967865952456
21.749	-12.082	-3.1072	1.645
36.479	-2.3034	-4.7111	0.195346877945992
35.35	-9.2134	-2.9742	1.56480812211149
37.069	-7.3037	-1.1191	-0.664953671419327
37.293	-2.0806	-4.0461	0.171048747673457
37.112	-7.3561	-1.2594	-0.574997607039893
35.298	-7.0473	-0.77197	-0.442344159460771
34.237	-8.2289	-3.8283	0.907667337167992
38.056	-5.1676	-2.5888	0.0997859339162069
35.642	-2.2581	-5.5624	0.443272516179458
37.132	-6.4566	-0.84542	-0.473220985954886
33.381	-2.7503	-0.92077	-0.64502890278522
36.842	-7.1254	-1.1484	-1.04076706676007
36.903	-6.0825	-1.1782	-0.208091314621265
36.19	-1.7172	-3.5639	-0.179272656058512
34.92	-2.2908	-0.34357	-0.881917895525262
38.043	-4.5569	-3.3936	0.409620174647103
35.541	-0.99494	-3.919	-0.897735100698647
37.769	-5.0176	-1.871	-1.00182580999858
35.269	-8.6907	-0.96378	-0.410291673600133
36.885	-8.2585	-1.4113	-0.764888102044917
34.961	-9.0902	-2.5955	0.913711229094285
36.838	-3.1052	-0.58324	-0.977055531164788
27.664	-10.9	-3.9195	1.30147422865505
23.422	-0.66444	0.89025	-0.432098359358571
29.878	1.9333	-3.6835	-0.539894963240978
38.515	-5.1784	-2.2231	-0.97405959407226
38.137	-5.8416	-1.5113	-0.843729081506013
37.654	-2.3191	-2.4915	-0.393972561408153
35.139	-7.3104	-0.6746	-0.493937947222317
29.667	-0.36181	-6.2471	-0.572919561903263
34.572	-9.5317	-2.8881	0.56047886864319
36.627	-2.2565	-4.6513	0.214381613018221
38.041	-6.1191	-1.0396	-0.627417244255219
35.898	-7.0416	-0.93679	-0.122589645269716
33.998	-7.9864	-0.16569	-0.49830200870915
35.179	-4.4275	-0.35156	-0.365576881872407
35.475	-6.9959	-0.76676	-0.341682463896251
32.07	1.4293	-2.3833	0.175635475617862
35.045	-8.4451	-3.0206	0.461704017511885
36.626	-6.7312	-0.7282	-1.09871559640433
28.783	-1.1034	-6.5278	-0.719527508126937
35.933	-8.4365	-1.8553	0.674066464148203
32.506	-10.224	-2.3987	0.57500456953469
34.744	-7.6455	-4.2175	1.07057716003949
35.716	-8.4489	-2.1184	0.652954993399191
31.72	-0.96702	0.3544	-0.586246287776278
36.751	-6.7733	-0.83624	-1.13283488635296
26.305	2.5123	-0.34699	-0.976771453917141
37.254	-3.0555	-4.385	-0.154127375198993
34.17	-1.3725	0.13005	-1.45174195531657
36.772	-2.0808	-3.8427	-0.188556625464881
28.764	-0.51537	-6.6424	-0.439867012664992
38.014	-5.9577	-1.8809	-0.443223835669298
34.574	-3.6874	0.49795	-0.804287252789471
36.293	-1.505	-4.5643	-0.0553225152594741
36.234	-7.6629	-0.97961	-0.930508466015893
34.65	-7.5723	-2.293	0.876590945948651
36.083	-8.5847	-3.8822	1.22255225210682
27.103	-1.7895	0.51807	-1.07432511448893
36.16	-3.0067	-5.1595	0.368347620316478
33.832	-9.4165	-3.2844	0.954568479040236
35.349	-1.7696	-4.8635	-0.264919169052735
37.166	-4.2299	-4.5378	-0.12920208351119
34.808	-9.1052	-3.57	0.968548525839217
35.873	-6.1718	0.076158	0.00883997621472255
35.622	-2.128	-5.639	0.0246164551506532
37.437	-6.1818	-4.1612	0.710923728107417
36.152	-7.3342	-0.95071	-0.618013126442194
35.261	-1.5128	-5.0484	-0.471496574603506
33.824	-9.9319	-3.7705	1.645
35.159	-5.0452	-1.1061	0.0344364630268005
30.039	-10.6	-3.9322	1.645
30.135	-9.1454	-4.2499	1.53681495025562
29.138	-11.188	-3.8476	1.6031981707641
35.92	-6.9901	-0.49628	-0.443367630066591
31.224	0.17342	-5.7504	-0.466562414104159
35.622	-3.6657	-1.0615	-1.17849232291529
37.487	-6.2291	-1.7669	-0.856276991610068
35.929	-8.1243	-1.4357	-0.283769662214818
33.353	-0.15211	-5.6436	-0.180479499251444
34.134	-10.156	-2.7773	0.375762507711093
35.54	-1.4891	-4.931	0.301728378642444
34.026	-9.7903	-3.2879	0.318325037124707
36.626	-5.7911	-1.2278	-0.382816796968549
24.178	-11.704	-3.6301	1.645
37.404	-5.4861	-1.3972	-0.654376391621317
33.892	-0.68384	-5.8885	0.255181403413684
24.368	3.7988	0.25655	-1.12169557577625
25.316	0.0397	0.96357	0.168801332416018
36.37	-2.9592	-4.9675	-0.261048320982422
36.177	-2.5183	-1.6875	-1.29463864906859
34.494	-0.21675	-1.9609	0.396186938376418
36.989	-2.1522	-4.4694	-0.404069406733196
29.538	-10.738	-4.0519	1.21444512018087
37.198	-6.5255	-1.0386	-0.591883297688258
36.164	-7.808	-2.0116	0.781915205339472
26.615	-11.683	-3.4185	1.59046794281033
35.959	-8.016	-1.3819	-0.385033451634151
37.27	-6.2276	-1.1357	-0.689101979345112
36.454	-6.533	0.32032	-1.06639692494837
36.452	-2.8956	-0.53636	-1.02314723928703
33.279	-10.124	-3.4263	0.341661052357447
26.736	2.6919	-0.6298	-1.18253302322646
37.768	-2.7583	-2.6984	-0.371613261615767
35.59	-2.7801	-5.4654	0.910408739754452
37.579	-7.1001	-2.0947	-0.165967889529405
36.093	-8.6628	-3.2445	1.645
33.734	-9.5652	-3.4776	0.653409550803746
38.216	-4.6273	-2.5373	-0.409804175901125
27.089	-11.553	-3.8875	1.57633156276643
32.801	-10.494	-2.9191	1.17476620268716
38.241	-4.5629	-4.0563	0.647032476637653
37.785	-3.759	-1.4766	-0.547417014285527
38.276	-5.2348	-2.0977	-0.436196440347862
37.742	-3.366	-3.0438	-0.378466248401715
27.815	-0.57083	-6.707	-0.815408334023209
28.23	-0.50422	-6.5389	-1.02401842977386
29.63	-0.92416	-6.7941	-0.415624816213423
33.189	-2.0783	0.76822	-0.725997114122071
34.078	-0.040589	-5.3448	0.11215810144474
36.923	-2.6406	-4.693	-0.480385438383355
30.923	-10.273	-3.951	1.645
33.454	-0.75361	-5.856	-0.430303688421055
37.946	-3.4073	-2.4633	-0.41802557411884
24.271	-12.112	-3.4109	1.645
36.432	-7.4201	-0.80639	-1.1074593414461
35.365	-1.0409	-4.4356	-0.127000572370545
36.627	-4.0545	-5.0559	-0.694842233264922
36.92	-5.8143	-0.62305	-0.363875203573735
36.617	-3.1258	-4.9507	0.432326382305278
35.936	-1.5523	-5.1143	-0.360229095270944
22.13	-12.369	-2.9595	1.645
35.285	-7.5377	0.066807	-0.788479786795467
34.246	-1.9271	-6.1455	0.862405284500021
35.563	-0.78294	-4.4159	-0.319812080824099
37.246	-2.3567	-4.2847	-0.23806539003528
36.836	-2.003	-4.5542	-0.621078293748926
35.681	-7.0142	0.034118	-1.03535607930588
28.476	2.3052	-0.21928	-1.23969996655024
36.702	-4.5632	-0.72328	-1.23675814446676
35.022	-2.2931	-0.30106	-1.19155880162321
36.997	-2.8596	-4.6194	0.246095482165747
31.828	1.1086	-2.2523	0.405151450519605
35.129	-7.3311	-0.43908	-0.626407370884982
35.687	-2.4359	-5.3201	0.191131422628701
26.988	-0.92323	0.91876	-0.15262505836911
31.846	-3.3065	-0.63738	-0.584090537345807
33.401	-1.0653	-5.7202	-0.174402906565386
36.04	-6.7814	-0.20054	-0.634069384784697
34.114	-0.95412	-5.5611	0.0279679581739679
36.599	-6.6278	-0.62335	-0.955386375927173
37.135	-6.6056	-1.2216	-0.549090128593175
38.176	-5.8106	-2.8118	-0.318966752885863
37.58	-4.0989	-3.3811	-0.29761693632355
35.637	-6.7245	-0.37612	-0.354508278305113
35.282	-0.54191	-4.5888	0.368663420822279
35.082	-1.3413	-5.5522	0.109189116375148
35.866	-8.262	-4.0059	1.27871707352875
37.104	-7.4099	-0.84084	-0.953322843496157
35.513	-9.1151	-3.2543	1.21602440910163
36.187	-7.133	-0.64214	-1.22240795465613
35.107	-0.70271	-4.7009	-0.478597744018055
37.184	-1.7013	-2.732	-0.17679223222618
37.267	-6.9481	-1.9059	-0.400443381039366
32.963	-0.82231	0.13576	-0.641427697756791
35.467	-1.2018	-5.1814	-0.133451933810138
19.144	-11.629	-3.5846	1.645
35.444	-3.6749	-0.45329	-0.0470648393508149
33.256	-0.209	-5.6186	-0.446676378231201
38.277	-5.7043	-2.5148	-0.529608108069154
35.262	-6.5396	-0.11959	-0.737956916052834
36.147	-2.2079	-4.9607	0.436572526445401
25.063	2.6942	0.50611	-1.645
35.954	-7.1833	-0.97152	-0.638397565853388
31.359	1.133	-1.4757	-0.107126411086296
36.883	-3.2841	-4.7561	-0.453913195735775
37.07	-3.5895	-4.5398	-0.18624991613185
29.455	1.4441	-0.33154	-0.609975775652201
30.771	-10.607	-3.8479	1.645
35.249	-6.5454	-5.549	-0.349718404699405
37.709	-3.0288	-3.4199	-0.320037609451243
36.433	-4.7672	-1.4114	-0.989274454369283
27.534	-0.34665	-6.4868	0.270442054012093
36.086	-7.7136	-1.5338	-0.251451451694728
38.056	-6.0844	-2.1369	-0.450657673409762
34.733	-2.7372	-1.1845	-0.853686481805154
34.09	-1.9336	-5.9096	0.474735554798089
30.214	-10.125	-4.3742	1.53033872857587
36.733	-2.908	-4.739	0.213678060248804
32.649	-1.5728	0.16861	-0.866594814821779
35.94	-8.616	-2.4003	-0.413865384543205
38.211	-6.7695	-2.7243	0.644345407873506
34.473	-6.0424	-5.0366	0.532729027249813
36.627	-6.1571	-0.69163	-0.624150439709949
36.064	-7.1385	-1.2273	-0.30577025743029
28.21	-11.078	-3.6007	1.645
33.526	-9.8154	-3.646	0.637997176268288
37.809	-4.4404	-2.6843	-0.0386109461990167
36.294	-2.8729	-4.9081	0.529767891907629
36.932	-2.2441	-4.676	-0.40073783277001
34.882	-7.8087	-4.7386	0.840108323287987
36.476	-7.382	-1.0621	-1.03303026605828
37.275	-3.0113	-4.2995	-0.429004191307786
37.16	-7.4515	-1.5202	0.263081948543186
29.493	-2.0896	-0.37662	-1.04655373765918
36.008	-4.144	0.37998	-1.0699491285412
33.871	-0.68123	-5.6772	0.0850103028233317
26.97	-0.27744	-6.7405	-0.94279507501147
34.878	-7.421	-4.5206	1.20021960055765
36.796	-7.0838	-1.2456	-0.516711370204454
36.362	-7.0014	-1.1047	-0.510228652823708
20.626	-11.99	-3.1838	1.645
37.31	-7.5264	-2.6178	0.470991952410011
30.671	-0.85242	-6.8893	-0.217804962353654
16.859	-12.177	-3.2421	1.645
36.905	-4.2578	-0.4808	-1.36019006834945
35.511	-1.8353	-5.3157	0.0776079505529473
21.085	3.772	0.79139	-1.20573281198758
37.367	-3.737	-1.2535	-0.77398730108927
36.651	-7.5829	-1.2475	-1.02937736709578
35.014	-8.2377	-0.58041	-0.762495972212717
36.616	-6.8313	-0.47681	-1.5355976499845
36.201	-2.0957	-4.461	0.349297391700139
36.759	-7.1446	-0.57465	-1.11011258987034
35.043	-1.2339	-5.4064	0.0185037130048889
36.334	-6.388	-0.29077	-0.4929723154606
35.239	-3.0074	-0.11223	-0.9219650574313
33.832	-8.7472	-3.3011	1.45828428382279
29.377	1.7668	-0.97623	-0.0449000089100747
36.531	-6.2769	-0.45093	-0.414601711129702
35.735	-6.5504	-5.0381	0.43930933187773
36.185	-8.2947	-3.287	1.645
30.382	1.5907	-0.49021	0.301100692114036
36.292	-7.3381	-2.103	-0.545299582334149
30.558	0.84485	-0.90212	-0.762516089621954
