30.252	-10.709	-4.2735	-0.57766707918607
37.784	-3.0457	-3.1938	1.645
35.233	-1.7225	-5.4094	1.645
36.304	-5.6636	-0.46282	-0.984946846794729
34.958	-1.4558	-5.6443	0.339561599929438
35.711	-7.1492	-0.48083	0.395053431569482
35.577	-2.1617	-5.7207	1.22562741832097
30.384	-1.1125	-6.3906	-0.139183280859869
35.662	-6.8765	-0.14067	-0.910464021669522
37.208	-4.7836	-0.79393	0.673917342526431
35.031	-0.73919	-5.3013	-0.528789205745597
30.639	-1.4277	-6.4224	0.329628942789375
30.396	1.5929	-2.7118	-1.645
37.36	-1.9229	-3.4248	-0.782114150196967
38.053	-4.9272	-3.8114	0.943324545499611
25.215	3.2448	-0.1568	-0.386624484887266
37.946	-3.3618	-3.7233	-1.00169495398944
36.345	-3.4584	-0.40195	0.935374912902052
29.468	1.8323	-1.3242	-1.645
35.221	-8.5458	-1.1697	-0.150969732251294
37.076	-4.767	-1.1442	0.417695022721386
38.1	-6.0953	-1.2467	1.645
37.421	-4.2265	-4.3602	1.645
37.609	-6.1563	-1.2378	0.29417470489939
29.628	1.4832	-0.091737	-1.12543052952693
30.886	-9.9839	-3.954	-0.865997357486361
36.237	-7.9567	-0.56517	-1.52029637332356
38.043	-6.8756	-1.8666	-0.167153182067461
37.508	-3.0489	-2.1855	0.543029803589201
38.329	-4.7319	-3.6869	-0.269913412959413
34.7	-1.2137	-5.6412	-0.793552930853223
38.1	-3.8544	-2.0497	-0.215449647727955
35.969	-7.2747	-0.90899	1.15221756981428
27.088	0.10397	-6.6888	1.645
37.973	-4.0567	-3.8317	1.03231724977401
27.649	-11.462	-3.5438	-0.0157442686812137
35.681	-8.7417	-2.8366	1.14710081386879
27.506	2.6504	-0.70193	-1.645
29.352	-10.501	-3.6657	1.645
36.904	-6.9214	-1.6942	-0.725068375897926
35.473	-9.362	-2.7353	1.645
36.27	-3.1772	-4.7845	0.433667707308073
28.019	-0.25125	-6.6692	1.42559655543767
33.485	-9.167	-3.831	-0.0945366226148277
34.236	-10.016	-2.8261	1.53913452299196
33.449	-0.6842	-5.706	-0.661204674593128
36.817	-3.992	-1.0023	0.665082387967781
36.439	-2.5243	-2.1194	0.539655584415557
34.364	-0.084456	-4.3062	-0.360860822698876
35.596	-0.68966	-4.4515	-0.493686227289385
36.24	-2.3286	-1.4169	-0.784920000557476
36.865	-7.6925	-1.6333	-0.760061496487383
37.22	-6.5674	-1.1292	-1.40958198242346
37.897	-4.8967	-1.5729	0.255094972092468
35.228	-2.001	-3.9949	0.772377208742204
33.384	-0.71081	-6.05	0.0904425875504497
36.605	-7.0821	-2.621	0.0259329350555233
34.196	-9.5363	-3.2052	-0.0579450509938427
30.378	-9.9318	-4.0164	0.248827736499144
35.451	-2.0421	-5.2604	1.07711715314062
37.029	-6.5279	-1.0449	-1.08225044546649
36.22	-7.0306	-1.8249	0.899002204431867
35.361	-7.6139	-0.68234	-0.429708473487903
37.68	-3.1829	-3.9933	-0.818022721012084
34.157	-1.6204	0.0068926	0.355690316028878
37.485	-7.2194	-1.5734	0.520685835808544
36.966	-5.8746	-2.2644	-0.207630049619223
36.318	-6.8931	-3.2431	-0.265303500145252
34.278	-8.7974	-3.7387	-1.03433698717973
31.307	-10.824	-3.7747	1.645
37.731	-4.9146	-1.0312	1.34936418090571
23.754	-11.761	-3.3614	0.61874426577641
36.647	-7.5774	-0.80506	-1.645
37.798	-6.4612	-2.1662	-1.645
37.754	-3.583	-4.2792	1.39962886563595
35.975	-7.482	-0.79263	-0.273829333849837
37.505	-6.6685	-2.6847	-0.981261819642682
35.53	-1.198	-4.9193	-1.18421574122984
37.23	-3.1353	-2.1204	-0.93781797620653
36.382	-2.1964	-0.9519	-0.287039797634807
24.761	3.1961	0.59405	-1.20769900230352
33.85	-8.5339	-4.1833	0.59744799871938
31.588	-10.845	-3.7152	0.487070106607554
34.348	-1.5875	-5.124	1.645
35.855	-8.5351	-4.1011	0.832757061438189
35.188	-7.5203	-0.50527	-0.746471682560344
29.408	-0.87213	-6.5897	-1.00565103422165
29.318	-10.906	-4.083	-0.711767467143735
36.734	-4.8522	-4.9762	1.645
36.425	-0.63911	-3.5397	-1.645
35.68	-4.0853	-5.459	0.178370762470796
37.21	-7.0648	-0.9211	-0.945885839839303
35.97	-1.7404	-1.3486	0.112431565592584
36.73	-2.8421	-4.3338	-0.126733079618595
35.127	-8.9068	-3.2601	0.116025420373789
34.516	-1.442	0.39769	0.510865558748367
26.621	-0.41676	-6.7491	1.645
33.447	-0.099584	0.24688	-0.219268056018728
35.417	-9.3933	-3.2228	1.645
37.061	-6.5184	-1.2337	-0.666167879028414
36.761	-4.0431	-2.5386	0.125463866318233
36.51	-6.2637	-0.54518	0.445218107560841
36.466	-7.3544	-0.70317	-0.861184820646315
28.861	-2.2487	0.5869	-0.836441105340718
37.211	-6.4572	-0.88182	-1.38960090627389
37.444	-6.7964	-3.6172	-0.469991493367063
36.601	-7.2495	-1.0362	-1.53998935094591
27.931	-0.28496	-6.5634	1.645
31.618	-10.13	-4.2517	-0.202363276400095
36.223	-7.4272	-1.0084	-0.0983965159041805
29.629	-10.882	-3.5421	-0.0487086611737556
29.947	-10.855	-3.69	1.15941521509101
37.298	-6.2867	-4.72	-0.100547171994853
38.155	-4.6891	-2.4946	1.64032001822757
29.457	-8.1844	-4.6495	-0.0733194280697198
37.961	-6.4367	-2.1714	0.750261990963868
24.995	-12.011	-3.4335	-0.570547227430566
37.283	-5.6156	0.019012	-1.645
36.059	-5.4499	-1.2052	0.836411627038596
27.944	-0.12737	-6.92	0.905750898958879
33.895	-8.0079	0.42918	-0.753857954062482
34.547	-9.2514	-3.6529	0.632092564303384
27.474	2.3031	-0.87242	-1.52860442091274
36.897	-3.6054	-4.7352	0.475800425823609
34.858	-0.90232	-5.1763	1.645
27.282	1.8772	0.36123	-1.1268884620833
26.937	-11.434	-4.0353	-0.758030146953335
34.051	-7.057	-4.9855	-0.46097266587112
36.385	-6.6891	-0.91737	-0.324888781298789
36.707	-6.8401	-1.3848	-0.140295279596802
36.43	-6.2279	-0.72841	-0.520318062019355
37.485	-6.1472	-1.8209	-0.100805477532929
37.336	-4.2892	-1.3951	-0.883166972856707
36.534	-2.8847	-3.859	-0.161892119727851
36.765	-2.6537	-0.90358	0.277201697020251
38.365	-5.7093	-3.163	0.783357590041602
26.795	-1.38	0.76789	0.762152075080419
37.736	-7.0645	-2.0451	-1.21920775304113
27.947	-11.622	-3.3485	-0.144249265070845
29.441	-2.4441	0.42788	-0.729935599614155
34.545	-0.57259	-5.36	-0.49745893984192
37.192	-7.2199	-0.97104	-0.017521682997886
35.643	-1.0173	-4.7475	-0.435227329070757
29.467	-10.775	-3.9691	-0.251739900826063
36.573	-8.3132	-1.1099	-0.152182356938826
36.38	-6.6055	-0.06572	-0.67281550033278
36.872	-7.3054	-1.1125	-1.01597557936881
31.012	0.82625	-1.0063	-1.645
33.073	-10.383	-3.0347	0.374804114955044
33.721	-9.813	-3.1666	0.18817995098375
36.514	-2.8311	-4.6458	0.417030172250729
26.728	-2.4993	0.37058	0.790055696395811
35.137	-7.474	-0.47603	-0.191061383479117
33.092	-2.3509	-0.10809	0.894500113646347
30.162	1.0924	-0.59141	-0.10838175023345
35.653	-8.8056	-2.0148	1.11024651588026
37.55	-2.3992	-4.0514	-1.11564753335275
28.167	2.2203	-0.26485	-1.12656097432746
37.262	-7.6743	-2.5575	-1.23815986447045
28.68	-0.5989	-6.5866	-0.410116393982226
36.82	-6.8749	-0.3813	-0.524859065454912
37.969	-4.1044	-3.9668	0.0106483313000493
27.04	-0.27364	-6.8262	1.645
35.876	-2.8084	-4.9303	0.1304523848952
36.613	-7.1136	-0.79163	-0.00821735707804308
29.461	-1.419	0.7187	-0.632779109940994
33.343	-10.105	-3.3928	0.121808908523348
35.407	-6.9301	-1.0617	-0.520591677661406
36.67	-6.252	-0.26205	-0.84158373269409
36.115	-6.9508	-0.31193	-0.361081733115211
30.193	1.2549	-0.92182	-1.645
36.741	-6.2321	-0.25214	-1.46460237947515
35.394	-6.7244	-4.8998	-0.26791558199389
35.901	-7.5783	-1.5121	0.65475825137566
36.212	-2.8864	-4.4424	-0.225871962491856
36.519	-6.8297	-1.8835	0.942483828175478
36.757	-4.3829	-1.9128	0.066277807274466
37.299	-4.6356	-4.2258	0.40361961687421
36.961	-6.9266	-1.1732	-0.600143373430553
35.464	-9.2253	-3.2972	0.479125848468424
35.372	-7.55	0.094466	0.368785152264597
37.434	-3.8318	-1.858	0.502450101064184
37.432	-2.5769	-3.2596	-0.264219285393988
35.832	-1.7551	-5.3572	-0.787035378778349
34.841	-1.1825	-5.6789	-0.271136116950174
35.748	-1.2876	-4.9432	1.54724674804567
37.279	-7.3662	-1.4602	-1.23403178455312
33.607	-1.7542	0.66326	0.223020416770089
36.366	-7.7739	-1.273	-0.266560921210167
29.524	1.8227	-0.21233	-0.987151670922108
24.281	-0.95431	1.6062	-0.486597850924798
37.71	-3.7762	-3.6003	0.542962831820707
37.127	-6.706	-1.4274	0.192734247472882
37.568	-3.1113	-4.1591	-0.911039115245252
36.105	-7.3621	-0.27467	-0.766461609741985
36.68	-3.1089	-0.80076	-0.158492309053623
37.185	-5.435	-1.2468	0.470347241812658
35.352	-7.529	-3.7597	1.07343582596725
37.144	-2.5994	-2.8073	0.0332736461277825
36.629	-7.321	-0.79914	0.649736306956483
29.709	-1.2098	-6.7267	-1.20207297457148
28.639	-1.7463	0.11451	-1.01285519292468
33.884	-9.4559	-2.2002	1.05082630412549
29.769	-1.6298	0.65782	-0.860281686058936
37.081	-2.2684	-3.7777	-0.517214343916165
36.206	-7.2978	-1.6692	-0.702496862593363
25.402	-11.378	-4.1255	-1.10090922061148
37.885	-6.1483	-4.0581	0.194642362692935
31.038	-10.399	-3.8462	1.3784846151626
36.67	-6.0862	-0.60603	-1.36266596002594
34.412	-0.72442	-5.3799	-1.04964003460758
29.81	-10.35	-3.8864	0.461935974387213
33.106	-8.9881	-4.6548	-0.47067548243378
29.473	-0.48085	-6.5681	-0.734900214124856
35.74	-1.5646	-5.2828	1.13966383438575
37.574	-2.8168	-1.8882	-0.49031970739166
32.89	0.72047	-2.1587	0.281950976090239
36.778	-6.6332	-1.1096	-0.534785828291496
37.034	-3.681	-5.0419	0.542110072522156
27.479	-1.1421	0.8687	-0.812659097353972
35.114	-8.5241	-4.0748	-0.215435932578157
35.997	-3.0534	-4.6892	1.06701297321898
36.301	-1.469	-4.8456	-1.52736655239609
33.033	0.14127	-0.89016	-0.11204449809512
35.769	-1.0613	-4.7791	-0.215809858981807
24.668	-11.654	-3.2159	-0.773071155065139
28.566	2.1575	-0.46418	-1.36360652859294
18.476	-11.922	-3.6567	1.18967590725448
31.902	-10.188	-3.1425	1.18888207791215
35.592	-6.7005	-0.93449	-0.566030080164035
34.055	0.053927	-3.4849	-1.17751680538984
29.642	-1.2463	-6.7948	-0.226137884323273
37.359	-2.1066	-3.8716	-0.56512713877816
28.656	-0.89458	-6.9293	-0.992353343962783
37.672	-6.7785	-0.78609	-1.37089340895341
35.668	-7.5501	-1.0858	0.34834859935626
36.261	-6.8152	-1.5389	-0.832595247197773
36.834	-6.7319	-1.2722	-0.304484456556845
36.996	-7.5969	-1.0678	-0.434305121123299
30.542	-6.0829	-5.3952	1.30002209549872
35.304	-0.72865	-1.7241	-1.645
32.167	-10.434	-3.3169	0.60442827895368
37.241	-6.6798	-1.5083	0.0622064897131064
37.692	-3.8642	-3.9815	0.502230627042379
36.295	-7.3641	-1.1927	-0.557416127165003
36.177	-1.3727	-4.7834	-1.49778417293945
35.221	-1.4667	-5.6054	1.13401830219989
36.195	-3.0407	-2.149	0.143821728564343
20.821	-12.156	-3.2601	0.00728034931919109
28.31	-11.059	-4.4058	-0.741157507023707
37.112	-7.4161	-1.9881	-1.645
35.304	-6.792	-4.5462	1.645
31.554	1.5166	-0.70294	-1.645
35.332	-3.4379	0.25797	0.32975993291393
33.492	-9.8817	-3.9009	0.493278212025987
37.411	-6.3305	-1.4893	-0.175779677465559
35.78	-6.7263	-1.6317	-0.898453951739053
33.448	-0.77411	0.15523	0.249992901776601
35.375	-5.2242	-0.81239	-0.841015831352103
33.301	-0.8584	-6.2191	0.134706429936707
33.996	-0.50546	-3.2843	-0.963291550946405
36.135	-7.0239	-0.50614	0.0494538489896649
35.965	-2.0548	-5.2201	0.698932336788043
36.394	-6.1789	-1.2919	-0.672048589102411
37.406	-4.8724	-2.8986	1.10363640207745
36.04	-7.8278	-3.3901	1.21041270952987
36.003	-7.4847	-0.98669	0.0141165035949827
37.505	-3.3844	-3.665	-0.225192443453319
38.095	-4.4114	-3.0289	1.32007139007682
28.845	-0.3391	-6.3215	0.208694039958629
31.873	1.1603	-1.4668	-1.5685728155148
37.224	-5.958	-1.089	-0.731025353917249
37.745	-6.0125	-2.6235	-0.00454251021069186
32.761	-10.279	-3.5803	0.423481367410487
35.146	-6.8688	-1.1453	-0.0978604209983739
22.237	-11.81	-3.5527	1.16318210834522
36.309	-1.0166	-2.6914	-1.645
32.789	-9.4975	-3.0511	0.581563418136043
38.051	-7.0224	-2.7249	-0.298098609261681
37.117	-7.0294	-1.3152	-0.267066544715996
29.757	-0.67542	-6.5392	-1.10927245435951
37.809	-6.3381	-1.42	1.41019854393335
37.268	-4.9914	-0.25184	-1.645
37.709	-3.5095	-2.5169	-1.16742030492296
29.359	-1.6151	0.50232	-0.148445206992926
35.72	-8.5251	-3.5035	0.370504125743517
35.965	-1.3746	-5.0021	1.645
36.316	-4.3292	-0.2157	-0.464505139874574
32.677	-8.7274	-4.1685	0.109687996918107
38.36	-5.3256	-2.9136	1.645
36.221	-7.3412	-4.4751	-0.0947702757466974
34.415	-6.8325	0.075148	-0.609665195910265
28.368	-0.59665	-6.7559	-0.0818340361814103
36.759	-3.5836	-0.81804	-0.878441848674713
34.095	-9.7839	-3.228	0.402132535731179
37.368	-6.4768	-2.9922	-0.221847458262879
37.332	-7.2515	-3.8961	0.581679806720073
35.258	-5.3219	-5.4431	1.36579556651831
36.321	-3.9637	-0.27042	0.571163207415722
36.03	-6.7396	-2.2656	-0.74330729904867
36.297	-6.6218	-1.3064	-0.891161083024516
36.623	-2.2417	-4.4946	0.595785140656758
30.035	-10.734	-3.8263	-1.06691695338363
36.66	-6.6386	-0.37036	-0.650548648050563
21.515	-0.27706	1.74	-0.119971655805205
33.103	-10.306	-3.7632	0.709577247059209
36.952	-8.0395	-3.7747	-0.62937362338725
22.571	-0.57713	1.5151	-0.594088195470644
37.393	-3.4946	-4.3244	1.34470606595081
29.076	-11.036	-4.0158	-1.12291441590519
27.77	-11.555	-3.6482	-0.507286651934096
37.578	-3.8494	-4.4812	1.645
37.42	-3.8425	-1.2864	-0.547109330427782
26.936	-1.6129	1.3973	-0.692396572343854
36.112	-7.3194	-0.71772	-0.508182163061982
35.791	-7.0583	-0.31701	-0.0801013964708975
30.4	-10.876	-4.4696	-0.713579498170945
35.159	-1.6508	-5.7185	0.500003926555992
36.861	-1.5517	-4.234	-0.789908472330561
26.877	2.3493	0.26303	-0.957946923993906
20.474	-12.495	-3.206	0.0713832257545421
27.177	-2.3797	0.14023	0.642130014833951
37.496	-2.3662	-2.2257	0.811471920651103
34.893	-8.2576	-0.2879	-0.318228596362974
26.716	-11.636	-3.9302	-0.29692150387684
34.889	-7.5416	-4.5362	-0.318635632691371
36.442	-8.308	-1.1302	-0.256964618549605
35.773	-7.8802	-0.81617	-0.36089431776171
37.317	-6.8573	-3.3818	0.19435599918281
36.102	-3.0749	-5.1304	0.852104782280777
37.105	-2.5589	-3.5756	-0.179960774380472
25.809	-11.625	-3.7767	-0.27103526729441
31.857	1.6245	-3.1076	-0.863753096872049
26.788	-1.3344	0.7076	0.492331841435299
37.049	-6.6954	-1.5441	-1.645
30.72	1.4517	-0.34053	-1.291566744886
27.045	2.3681	0.63953	-1.29592275634012
20.617	-0.3175	1.6639	-0.171010826281922
37.887	-5.396	-1.5637	0.328954884688121
37.858	-5.3791	-3.9756	0.431240107715218
37.652	-4.4151	-4.0434	1.30756507871225
29.685	-10.994	-2.7076	1.645
33.751	-10.254	-2.9882	0.326490020890612
33.908	-0.57427	-1.1263	1.645
36.426	-7.9875	-4.213	-0.275698022681462
33.919	-7.0507	-5.0645	-0.308407569207937
37.54	-3.8517	-4.3804	1.60257273805845
35.577	-1.6453	-5.4049	1.645
38.032	-3.8433	-2.5224	-0.0853905429490047
26.259	-0.18253	-7.0548	1.645
35.993	-7.0808	-1.3785	1.53068517430672
34.187	-1.4715	-5.6999	0.553967187789319
38.371	-4.863	-2.051	1.645
36.918	-7.5758	-1.5006	-0.740615744308642
36.473	-1.6404	-4.767	-0.124944833224767
28.657	-0.49517	-6.6234	-0.143016461455584
36.394	-7.593	-0.62675	-1.645
36.478	-7.1979	-2.0881	-0.84407093610604
35.184	-9.2901	-3.1965	1.37946567421992
33.753	-9.4761	-3.5559	0.316468165397411
38.074	-4.3028	-2.4632	1.04842520372416
36.292	-2.6554	-4.4174	0.846942154289519
37.272	-6.8375	-1.1314	-0.624293149440774
33.715	-9.6432	-2.123	1.02125538097588
35.237	-0.69076	-4.8874	1.05234086802299
24.414	-12.142	-3.2013	-0.024192115900517
37.569	-6.5148	-1.4642	1.42763474047712
36.96	-6.9343	-1.0159	-1.44617254011764
37.294	-1.9809	-3.4145	-0.765345928758267
37.737	-6.611	-1.2513	-0.718929061468725
37.08	-2.6979	-1.4846	-0.268235997414214
37.508	-7.0244	-1.8393	-0.416643763572816
37.038	-4.3294	-1.0892	1.645
34.492	-7.3364	0.24994	-0.551110642834781
27.619	-11.723	-3.0238	-0.708496476650404
37.109	-7.0105	-0.90472	-0.389000430692197
33.954	-0.85081	-5.874	-0.792226463683533
25.499	-1.9116	0.89186	-0.165063792522806
33.203	-10.02	-3.7952	0.168675791170385
36.949	-4.5689	-2.2549	0.985960175561531
38.43	-6.1105	-2.4777	-0.329709893206036
36.281	-7.2612	-1.4428	-0.631116936728645
36.205	-2.6511	-0.80731	0.446163424407635
31.294	-7.8077	-4.7166	-0.732822871769099
28.036	-0.32208	-6.6729	1.645
37.033	-2.5461	-1.0928	-0.389023079172854
33.627	-10.262	-3.7998	-0.018686943853114
28.89	2.0927	-0.92713	-1.31266269645237
36.811	-6.4165	0.35144	-0.207676612646812
37.011	-5.9559	-0.4383	-1.38746172421812
38.201	-3.9247	-2.182	0.257556527153729
36.854	-3.5895	-4.6313	1.645
37.373	-6.9962	-0.69014	0.0238751691817016
38.149	-5.5533	-1.2842	1.02757946641247
36.144	-2.2189	-1.1147	0.0221997171403395
35.14	-0.37334	-2.7565	-0.114206880756987
36.902	-7.0363	-0.65284	-1.645
36.446	-6.3734	-4.8093	0.596990046456748
36.044	-8.7182	-2.4083	0.549903055940741
34.719	-9.8405	-3.3063	1.47185905971603
36.437	-3.6993	-4.3082	1.645
34.532	-1.6199	-5.9276	-0.124921943936862
24.371	-1.4143	1.2245	0.116981458394479
27.162	-11.286	-4.1317	-1.05304642077843
35.233	-8.8871	-3.1131	1.01960025477414
34.886	-6.2481	-5.5571	0.101762571513133
34.45	-9.2067	-3.1109	0.340900240079179
35.822	-6.391	-2.1782	0.0385866451471073
35.733	-1.9219	-0.14499	-0.114685019489247
35.874	-8.6177	-1.8043	1.58491809665078
34.192	-8.3314	-3.5638	-0.12335151558239
37.948	-6.3604	-1.6608	-1.14218397921812
35.228	-8.4952	-3.2171	1.59316877933125
34.806	-6.9562	-0.62806	0.092831790631772
26.345	-1.1055	0.5634	-0.0308145899875856
25.296	-0.72466	1.6146	-1.10318541602464
37.422	-3.4628	-2.3274	0.0385036494070024
28.048	-11.488	-4.1721	-0.347012270687959
37.105	-3.6061	-4.5524	1.27363835963612
36.419	-6.6899	-0.5559	-0.0901403556925502
35.34	-2.5809	-4.242	0.759704500926968
33.407	-9.7397	-3.9947	-0.0224672412235916
32.896	-9.6574	-3.1526	0.704619977376689
36.359	-7.4549	-1.0004	-0.690605524548298
35.12	-1.2742	-2.8903	-1.18438125687764
37.498	-3.5547	-4.4466	1.18401872545976
36.054	-7.6498	-0.76852	-0.226600108359818
37.167	-6.6659	-1.13	0.247678939766373
37.129	-4.2692	-2.0975	0.752830855783624
36.978	-1.6567	-1.9199	-0.48241942067095
29.606	1.5715	-0.54431	-0.223256281976797
33.643	-1.3637	-2.5897	-0.931211434300651
34.789	-7.3388	-0.54573	0.503508887344525
28.725	1.7036	-0.72164	-1.45446746524644
24.712	2.8802	0.58317	-1.13008685085432
36.593	-5.8661	-0.6886	-0.290492029822354
36.284	-1.8405	-5.0251	-0.669151125571598
29.893	-1.3723	-6.5831	-0.67100030923936
36.546	-7.4554	-1.1895	0.70409350611513
35.946	-6.5489	-1.2203	-1.60015989373768
36.537	-6.8783	-1.0337	-0.774360696386645
20.317	-12.541	-3.2969	0.465303932266319
34.361	-1.276	-5.9627	-0.183855697432461
37.923	-3.705	-3.5402	0.439791243683429
37.259	-3.0075	-4.4835	0.506650290274995
37.096	-3.0514	-4.6541	0.0742428644121045
34.849	-9.695	-3.414	1.645
38.398	-5.8134	-1.1318	-0.197375092179465
24.003	0.13853	1.4663	-1.06386190975935
37.122	-3.4666	-4.8168	1.62268363226547
36.732	-7.2218	-0.73825	-1.05484254168247
33.778	-8.1256	-0.58235	-0.311073951955471
31.849	-10.422	-3.1593	0.109281305018585
37.14	-3.9296	-2.3872	-0.150133116783321
36.72	-6.1892	-0.64828	-0.258555612611996
36.229	-7.0194	-0.57746	-0.680404486147867
31.782	-10.612	-2.5976	1.645
33.339	-3.0923	-1.8954	0.0769015793009237
31.845	1.0033	-1.1008	-1.40962509706457
34.623	-7.9058	-0.21977	-0.303048708592139
36.82	-6.9642	-1.231	-0.445604251447633
38.141	-4.2786	-2.7783	1.49902932600556
36.231	-6.2373	-5.1256	0.778202220431924
36.289	-2.5821	-5.4333	0.2003908146694
37.38	-3.0814	-1.6637	-0.0382599514713235
35.425	-1.3523	-5.359	1.645
35.754	-8.7903	-3.0805	0.115045694636663
36.588	-2.8971	-0.65573	-0.15016835151525
28.461	0.98628	0.17033	-0.667172059079898
36.185	-1.9151	-5.1717	-0.0960376800081668
36.577	-3.213	-5.146	1.645
36.786	-8.3038	-2.0017	-1.03732462473577
37.997	-4.8692	-1.9471	0.973051940614676
37.103	-6.7509	-1.4273	-1.03885206351182
38.09	-4.6696	-3.7878	-0.417715266313064
25.277	-1.3055	1.488	-0.430753565933435
36.099	-2.2894	-4.5739	0.0789728493454936
31.698	-1.481	-6.3148	-0.207843393067145
37.265	-6.8089	-1.3866	-1.645
32.951	-2.1329	0.73755	0.504720589906377
35.127	-9.5065	-3.6642	1.1060284333975
36.16	-6.4134	-0.87063	0.782699790643519
37.729	-4.9993	-4.3855	0.168424040181297
32.13	-10.432	-3.3767	0.217539882810303
37.573	-3.3045	-2.1576	-0.35090014591808
37.755	-3.5724	-3.9847	0.887410435847437
37.348	-6.6439	-1.5268	-0.696991405409622
37.925	-7.2268	-2.1791	-0.621344194312266
36.177	-1.8567	-5.0243	-0.742873757174571
37.795	-6.7263	-1.3088	0.835988806366347
31.65	0.84958	-1.5053	-1.645
36.07	-7.6448	-1.1824	1.645
22.184	-12.39	-2.6067	1.07253427301627
30.247	-10.532	-3.9948	-0.0566072596788336
37.393	-6.592	-1.4972	-0.916902950668162
37.554	-2.4907	-3.7862	0.572047308015359
37.201	-7.6178	-1.6684	-1.33990763795413
30.283	-1.7556	-6.5862	-1.02300603256069
25.356	-12.145	-2.9767	-0.49296266307589
35.172	-5.0249	-0.59907	-1.26101346306594
37.305	-7.1596	-1.4898	-0.200222306816291
35.947	-3.498	-4.6138	-0.385802783885112
33.207	-10.28	-2.8261	1.54908311641009
28.016	2.2856	-0.45016	-1.645
22.195	-0.52443	1.9394	-0.710961297615627
35.802	-9.2502	-3.1529	1.645
36.956	-7.4289	-1.0991	-1.645
38.171	-4.4907	-2.327	1.31175318010451
36.092	-7.0394	-3.7643	-0.252625304101779
26.98	-11.301	-3.1408	-0.395633830400515
35.669	-5.378	-5.4118	1.03702206000461
34.864	-0.4048	-2.0771	-1.25095835243745
36.613	-7.0288	-0.34779	0.150313941493649
31.329	-9.8618	-4.0712	0.520768977585858
36.769	-3.844	-5.1959	1.0915796960773
30.827	-10.451	-4.0079	1.32533703615325
37.061	-7.7577	-3.156	-0.7671969592508
34.483	-1.1037	-5.7561	-0.725087065820856
35.73	-7.9709	-0.66978	0.741463170569826
26.612	-11.577	-3.6266	-0.814775176108851
36.745	-7.1831	-2.3689	0.159920137593652
31.359	1.2267	-0.79001	-1.29942274188632
34.084	-5.1555	-0.37926	-0.722306111671881
38.29	-5.6387	-2.4153	1.37756165110852
22.106	0.18732	1.8667	-0.914229545153889
35.735	-6.692	-0.29731	-0.302986110958502
17.095	-12.321	-2.8753	1.52017693522022
36.501	-6.4825	-0.69156	-0.836549126466115
26.577	2.4753	-0.54886	-1.36394355254739
37.219	-2.0424	-2.5208	-0.987598344592825
36.172	-0.92643	-4.2247	-1.645
37.095	-4.2397	-4.9509	1.645
33.674	-1.1195	0.1615	0.426378860065234
36.517	-7.0275	-0.29672	-0.835300891242682
31.972	-10.291	-4.3015	0.236535415796254
37.138	-4.5323	-4.5154	1.645
32.883	-8.6579	-4.8132	-0.137569407445407
33.946	0.48495	-2.0193	-0.097093284178393
33.226	-8.1007	-3.0252	1.42006806814948
36.037	-8.4397	-2.6454	0.278111017161684
32.196	-1.6907	0.61627	-0.400983429591825
27.763	-0.19828	-6.7383	0.983075749272171
36.339	-6.8364	-0.98471	0.701362716848664
32.65	-0.74971	-6.2361	-0.278140335887604
36.261	-2.6379	-4.6789	0.308895309070635
35.636	-9.2272	-3.3149	0.385842082815508
37.07	-2.1273	-3.4271	0.258990873252062
36.04	-8.1498	-3.5092	-0.0346944673490659
37.255	-6.7602	-0.97143	0.852503548661912
33.652	-9.6058	-2.9365	1.10142935758022
35.983	-8.1255	-2.4158	1.60303902854693
34.944	-8.9841	-4.1297	0.549733928083607
33.04	0.80558	-4.2231	-0.741932620477688
37.059	-7.1464	-0.47755	-0.568200990209435
35.629	-9.285	-3.1762	1.645
37.101	-2.5892	-4.5559	0.907538345131826
33.365	0.518	-1.5642	-0.215953447354953
37.799	-3.4383	-3.9197	0.078711309912555
37.502	-6.2755	-1.1577	-0.225073790587499
37.352	-7.3788	-1.6396	-0.846982242427633
34.537	-0.89781	-0.21511	-0.0532739288748679
34.933	-9.2861	-1.8374	1.645
34.882	-6.9392	-0.59267	-0.58693489723691
28.051	-11.463	-3.9954	-0.0493390767860866
38.583	-5.346	-2.3082	1.23436989416027
35.765	-2.3939	-5.2168	0.805268323452587
35.587	-2.51	-0.4416	0.483504090129106
37.18	-7.2877	-2.0295	-1.645
36.955	-6.6936	-0.62468	-0.521235935027848
33.145	0.72644	-3.0346	-1.33702109234346
36.358	-1.9963	-3.3979	-0.184084597596803
35.264	-7.1588	-0.50919	-0.681253285924716
34.658	-0.62976	-5.3143	-0.937957184635014
36.36	-2.2355	-0.98092	0.0393791771857427
36.834	-7.6649	-2.6837	-0.222315463932556
21.132	-1.0722	1.3773	1.645
13.152	-11.939	-3.2046	1.15058724959619
36.426	-6.7145	-0.56541	0.0453465441146584
36.807	-6.8513	-1.4331	-1.21503089303011
36.444	-7.3508	-0.80357	-1.09001637986951
35.638	-1.1759	-3.9446	-0.717251503556385
27.737	-11.284	-3.2202	-1.0085135933164
36.113	-7.5229	-1.1566	0.0391200883642364
34.689	-0.28268	-3.6521	-1.51467667916345
37.379	-3.6702	-0.92475	-0.577899806318708
38.099	-4.1749	-2.0066	0.733804644970814
38.276	-3.9029	-2.2387	0.655523288206464
35.502	-5.9782	-1.6541	-1.2808405471341
36.584	-6.9242	-0.77023	0.461290051200732
35.672	-1.7917	-5.3377	1.16328202560537
36.752	-3.5477	-2.6273	0.659162431113507
34.205	-9.6351	-2.6179	1.645
36.673	-7.7313	-1.7312	-1.645
34.93	-7.4385	0.28604	-0.612507482299511
36.492	-7.1408	-1.0361	-0.382153067891445
37.788	-4.174	-1.7582	0.565395503635545
36.965	-3.0487	-1.9398	0.762520143388902
38.23	-4.9132	-3.4835	1.29697624950855
36.663	-3.1631	-0.3802	-0.217735304133889
33.099	0.055081	-5.2592	-0.226940033068927
31.239	-10.563	-3.4322	1.49254012411337
35.881	-1.4853	-5.1216	0.610110976763842
33.57	-8.7984	-2.8098	0.422390024279966
37.128	-7.3755	-1.516	-1.57709685826093
33.552	-9.7298	-1.7604	1.645
35.169	-9.4052	-2.0994	1.645
33.728	-7.5046	-4.2941	-0.523808026652394
31.148	1.1191	-1.7657	-1.17715454500326
36.1	-5.7452	-0.9397	-1.645
14.2	-12.25	-2.7913	0.769556047914271
33.449	-0.70302	-0.86649	0.575230849179784
36.735	-2.0513	-4.5974	-0.703403702910037
37.97	-6.9158	-1.8538	0.515008063842143
37.271	-6.6982	-1.6293	-0.7851944678857
36.379	-3.7123	-1.4074	1.17420804437635
24.282	-11.844	-3.4144	-0.206528000182248
36.613	-3.0796	-0.94265	0.757848477555617
35.771	-6.6465	-1.0204	-0.0848425983709813
29.6	1.593	-1.8446	-1.31968476189108
37.883	-2.6633	-2.9858	-0.607507797617479
31.258	-10.897	-3.3516	1.11662445386682
28.835	-0.9672	-6.622	-1.46935250032258
26.632	-11.363	-3.9523	-0.700292670697633
34.045	-9.3825	-2.7884	-0.0650125370395609
36.668	-5.7643	-0.36006	0.0307461267539822
33.156	0.051677	-0.95287	-0.362108961279294
33.764	-0.71277	-5.7633	-0.513526815692583
35.295	-7.3557	-2.6164	1.645
34.803	-7.3818	-0.18694	0.139437761952417
34.462	-9.6263	-2.7398	1.645
35.186	-7.3743	-0.73991	-0.194035188414497
36.568	-6.7341	-0.43936	-0.961757559892362
37.311	-7.1319	-2.484	0.0723940476403893
24.603	3.0977	0.72789	-1.1710056326461
30.903	0.73487	-0.78254	-1.645
36.998	-6.8792	-0.55387	-0.658916784116978
33.493	-0.10664	-5.5756	-0.655361750745308
38.411	-5.9434	-2.5654	0.123888938436266
23.875	-11.581	-3.7265	-0.309736302239767
31.882	0.099737	0.85538	-0.839699130004915
31.935	-9.6442	-3.1092	1.09912866949531
26.959	-11.641	-3.4896	-0.457596642094861
27.536	2.4938	-0.31686	-0.364112803269714
37.244	-6.5933	-1.2809	-1.24974647913783
29.127	1.8274	-0.60295	-0.837155613789115
37.126	-1.7498	-4.0023	-0.308522844899513
37.964	-6.7002	-1.5893	0.429589006970727
29.648	-0.84476	0.71673	-0.803747917696104
37.316	-6.1483	-0.43037	-1.4917623749795
37.077	-7.9142	-1.4075	-1.37727517472179
33.288	-0.28058	-5.9272	-0.412020408451347
35.647	-8.0758	-4.3618	-0.611924749706957
36.307	-7.1819	-0.72469	1.10790746095038
37.012	-7.3768	-2.6185	-1.40972873495635
29.6	-10.915	-3.8914	0.432554484652353
37.241	-3.7254	-1.2785	0.395621567654974
36.381	-6.3235	-0.97449	-0.620526618985477
38.228	-5.9979	-2.4075	-0.000853276534563803
29.683	2.3099	-1.5653	-1.53131815113976
36.092	-3.3609	-0.37577	0.12346279046771
36.459	-2.2777	-4.9212	-0.430283576366082
26.628	-11.465	-3.5706	-0.879994467200015
37.597	-4.7139	-4.268	0.478341918986138
37.638	-2.9456	-1.7393	0.764911418016279
36.825	-5.2081	-2.5948	-0.904963777655468
37.001	-3.1956	-1.9825	-0.419547042667986
35.376	-7.6203	-0.86273	0.287433488841038
29.737	-10.997	-3.7093	0.923070830724311
36.646	-6.9621	-4.4572	1.23737149435342
35.599	-6.7579	-0.15719	-1.41028888538095
31.82	-1.1205	-6.6025	-0.163665200516976
36.406	-3.0178	-1.5552	0.478066789200576
33.897	-9.3231	-3.4479	0.273967826462457
32.105	-1.7627	-0.10838	-0.921889567593065
36.277	-7.249	-0.71106	1.3857023507093
36.737	-5.862	-0.77037	-1.15721620282477
36.388	-6.8777	-0.40505	0.318039142700365
37.261	-2.7718	-4.19	0.128804224947017
31.621	1.471	-2.1952	-1.645
37.684	-3.9188	-3.9944	0.270376607790574
24.924	3.2424	0.63254	-1.45015712484513
35.866	-3.3966	-1.9231	-1.11782806958003
27.767	2.2237	-0.43318	-1.06926531724067
35.011	-9.3326	-3.6961	-0.085058000403675
36.754	-3.0007	-4.6999	1.645
28.246	-11.364	-3.9274	-0.801294501557562
28.058	-0.40419	-6.5521	1.40933311161704
36.427	-6.7942	-0.72939	-0.160267398610907
38.176	-3.9397	-2.3623	-0.787575167019086
31.848	-10.514	-3.7276	1.645
32.421	-9.9028	-3.8736	0.17105640846738
37.445	-4.4388	-3.7318	-0.0849183686902637
35.951	-1.7764	-5.2628	-0.343418517445669
35.052	-2.3438	-0.25459	0.177244435732927
37.046	-6.6266	-1.4054	-1.23841721633867
35.805	-0.27107	-3.7675	0.119409324668682
37.018	-2.1404	-3.4635	-1.25229588292461
29.485	-11.04	-4.0291	-0.815752288835638
34.963	-0.91573	-4.2992	-1.02087420135853
35	-8.9277	-3.0689	1.14947400237461
37.03	-6.9054	-0.89318	-1.18529438018031
36.998	-6.6701	-0.68066	-0.399271371595095
28.959	-10.732	-3.9835	0.176560872611042
28.796	2.6423	-1.0447	-0.84674388879219
35.607	-1.8209	-5.5017	1.645
29.049	2.1374	-1.2587	-1.52591589576252
36.564	-7.3469	-0.8169	-1.22070559226737
37.58	-5.6603	-2.0723	-0.416522462309398
31.865	0.77388	-1.3397	-1.645
29.143	-1.0016	-6.5471	-0.775163547897041
27.258	0.22043	-6.3336	1.645
35.159	-8.7272	-4.1003	-0.251297445288196
35.815	-7.8946	-0.37288	-0.652045984601328
37.493	-3.1652	-4.0554	0.294964272683553
36.963	-3.5361	-2.5995	1.01329080693548
37.393	-5.8686	-0.98026	-0.988615412705691
37.813	-3.2192	-2.0258	-0.815087527453532
37.005	-7.4155	-1.2923	-1.31071639301349
36.678	-7.6703	-1.4146	0.0316289289678494
36.409	-6.576	-1.957	-1.22638193889332
36.077	-2.6253	-4.9514	0.197860050979198
36.243	-3.5794	-0.21717	0.575316299409006
36.026	-6.626	-0.1023	-0.41900616588063
36.241	-3.1487	-1.2023	0.0893548140983147
26.151	2.5267	-0.32816	-1.50731471661368
37.961	-4.5137	-3.6152	-0.108042683281239
34.751	-2.076	-4.7894	-0.127966701167557
35.408	-1.3801	-5.2085	1.3046367984934
31.983	-8.192	0.43924	-0.626510772543363
37.348	-4.3808	-3.4643	0.369184924351442
25.224	-11.867	-3.7074	-0.680761147511613
29.185	-1.0694	-6.7569	-0.705550045615223
34.119	-1.5572	-3.3554	-0.613272537325452
35.665	-1.1446	-3.4708	-1.64055230166479
37.853	-6.0901	-2.2477	-0.315061170908007
36.103	-2.9022	-4.7952	1.04788075114827
36.835	-3.5596	-0.94827	0.581487343416732
36.17	-7.445	-0.85062	-1.50456760336409
26.906	2.3831	-0.26394	-1.48100589557133
36.06	-7.5642	-0.4854	-0.942074707113591
37.14	-4.964	-4.1295	0.530975413458244
36.254	-2.536	-4.605	1.10907327760091
37.401	-2.788	-4.0256	-0.878658471919675
36.424	-7.281	-0.91605	-0.624428315899399
35.811	-7.1054	-0.26252	-0.220391777525115
35.131	-7.9391	-1.5386	1.06890755252992
36.196	-2.2167	-5.2777	-0.00655719501738932
35.143	-3.4181	-0.3143	0.948370182933873
35.111	-2.7285	-5.6907	1.18329961562697
38.008	-3.2008	-3.5752	-1.15829517602289
35.136	-0.6424	-1.0237	-1.46202216736773
35.689	-6.7757	-2.8578	0.473292936442744
29.713	-1.3836	0.57155	-0.675164767710407
30.906	-10.083	-3.4443	1.36731696810092
34.883	-4.4287	-1.5223	0.228954450060705
38.086	-4.8205	-3.8928	-0.408894697713402
37.501	-3.63	-3.2459	0.645909340404107
35.843	-6.6108	-1.5401	-1.43104418869677
31.505	-10.677	-3.5357	1.645
37.16	-6.6232	-0.7396	-1.645
36.42	-7.2465	-0.79641	-0.523445821369804
31.917	-9.7447	-4.6294	0.0545797411961391
37.031	-6.9763	-1.0374	-1.06280023391511
38.265	-5.2641	-1.6418	1.32948840572742
37.023	-7.7618	-3.0738	0.56491056843469
35.848	-8.0086	-0.74692	-0.691240227979358
37.359	-3.4721	-4.3656	1.40317027437163
37.919	-4.1884	-3.3612	0.743783608707727
31.151	-10.386	-3.707	0.790793069845689
37.056	-2.086	-4.1943	0.472224175425789
38.006	-4.5622	-1.6132	0.491978945600185
36.625	-3.1859	-5.035	1.645
22.994	0.17768	1.5887	-0.551931161828731
37.974	-3.5713	-2.2629	0.555998116872512
35.991	-7.1105	-0.27884	0.252025126935201
34.046	-7.7115	-0.99998	0.509757475349536
28.049	-10.987	-4.007	-0.318405303589566
24.626	2.8702	0.65734	-1.43689757860679
35.883	-6.8386	-4.8344	-0.449922720460086
36.537	-6.301	-1.1695	1.01089771462148
36.684	-6.916	-0.54257	0.937597448405094
36.131	-6.7703	-0.6249	-0.765499914842171
36.721	-7.1728	-1.6014	-1.31917726858727
36.291	-3.2826	-5.4975	0.0750073150621669
37.998	-6.5588	-1.1578	0.765968073411408
37.407	-3.279	-1.2402	-0.267151009413173
34.719	-0.76652	-0.38087	-0.448714081636852
24.667	-11.97	-3.4268	0.238758050442319
36.562	-7.8558	-2.4601	0.137004008001185
34.523	-6.4037	-5.2684	-0.0147852656536822
36.344	-2.7243	-5.0541	0.190110470714043
28.704	-1.2358	0.73461	0.0948093122291621
35.112	-8.381	-1.5627	0.629212497230081
36.561	-8.08	-2.507	-0.846805214193097
29.101	1.8205	-1.2912	-1.645
35.878	-8.1252	-1.6888	0.492596245433353
33.057	0.84632	-2.7147	-1.43488863390857
33.546	-0.34527	-5.445	-0.881384931596459
31.882	-0.57295	-5.8092	0.340478249357589
24.91	-11.954	-3.5912	-0.622021483737943
38.382	-5.4187	-2.2298	0.66867951289588
35.342	-0.84757	-4.9727	0.348552578079175
34.619	-5.6944	-5.4814	-0.450939999468514
36.436	-7.5013	-0.96146	-0.83160080090949
37.02	-3.3083	-1.0167	1.23220306696307
34.806	-8.8901	-2.973	1.10433712443692
34.347	-0.98887	-5.2431	-0.392113255718498
32.922	-10.36	-3.0592	0.365213080226826
37.436	-2.0099	-3.387	-1.11752127462858
27.802	-0.52154	-6.6001	1.645
36.324	-7.7981	-3.4379	1.645
33.436	-1.2899	-6.2745	-0.42127851466342
33.177	-9.7487	-2.9992	1.1844661715553
27.274	2.4161	-0.10539	-1.15102271403082
25.93	-1.2025	0.87789	0.844525486306829
36.272	-2.8487	-4.1937	1.12795733891109
37.157	-2.2965	-4.1908	-0.414497912892988
30.682	1.0168	-1.2092	-1.645
34.541	-2.8555	-1.6681	-0.225818598958262
33.291	0.40457	-1.8331	-1.06382956618631
37.406	-4.0066	-3.9598	1.58041089881691
24.997	-0.66669	1.1359	-0.656613677333677
36.12	-6.4143	-1.0835	-0.770907710192358
34.659	-1.9863	-5.9829	0.673090257692555
36.488	-7.3251	-2.3262	0.621948013344046
27.032	-11.414	-3.9168	-0.3362127953559
33.231	0.16905	-5.6528	-0.701923035411216
35.542	-6.5946	-1.1652	0.198874201538799
36.53	-7.222	-1.5122	-0.310961568239174
35.769	-1.7993	-5.2612	1.01896359431918
35.546	-8.9878	-2.0374	1.645
36.791	-7.3313	-1.4707	-0.834490261487574
29.891	1.399	-0.59674	-1.645
35.835	-5.3318	-5.5868	-0.0750854546290968
28.257	-0.68969	-6.8239	0.426528189461857
37.377	-6.8635	-1.8859	-0.25647962351242
27.464	-11.751	-2.8039	-0.98241175449792
28.168	-0.41404	-6.7192	0.749098492899514
37.75	-4.869	-1.3026	0.0101217231819828
35.944	-7.7459	-1.3209	0.466438147400051
38.082	-5.3314	-2.1137	-0.72588793812234
33.007	0.29962	-0.29684	-0.169242855687866
38.541	-5.8464	-3.3132	0.913572466580313
36.802	-7.1285	-0.91854	-1.34290968629181
37.28	-2.8613	-4.4514	-0.172108941199156
27.788	-0.7983	-6.5807	1.645
29.504	-10.993	-3.853	1.25398415251375
30.43	-10.246	-3.9492	-1.62535237050547
35.675	-7.1694	-0.86933	-0.397510065571529
37.326	-5.6839	-4.4112	1.3115628205532
36.829	-3.054	-4.6771	0.189125370719775
37.127	-7.6054	-3.972	-0.540696477395101
32.465	0.75286	-1.4389	1.49086975457006
33.046	-8.5364	-0.65937	0.157294792941149
32.73	-10.178	-2.8586	-0.558499092807641
34.579	-9.3204	-3.3467	0.695874506421567
33.708	-1.6614	0.33322	1.10257045839423
37.264	-6.7331	-1.3042	-0.759229521720427
33.378	-9.128	-3.986	-0.582775828679809
36.682	-6.2436	-0.22291	-1.12596440092935
30.821	-10.162	-3.2975	1.35806784616718
36.51	-8.369	-3.6788	0.892043925794968
24.884	-12.03	-3.7199	-0.586321540037249
35.633	-2.7754	-0.42644	0.855575076223716
36.718	-6.6751	-0.98773	-0.286133278627912
35.556	-2.9167	-0.96308	-0.420334867497789
27.416	-11.642	-3.608	0.246528707372705
35.042	-7.5012	-4.9165	-0.707378350399309
37.034	-2.7736	-2.7544	-0.179240794770715
37.879	-3.3745	-3.9897	-0.123295665190201
28.693	1.9418	-0.84665	-1.645
36.863	-4.6665	-0.57369	-0.723326965174655
37.196	-2.9731	-1.8959	0.541483309534913
28.874	-11.12	-4.0281	-1.3586689556056
37.449	-6.7361	-1.3597	-1.22869061141883
35.503	-6.2815	0.51715	-0.204698519013054
24.869	-11.715	-3.337	0.284740319031737
37.136	-6.9179	-0.88602	-0.344548223088611
37.548	-3.7864	-2.5541	1.17427004304338
36.034	-7.4432	-0.97491	-0.947838174749813
37.937	-4.7004	-4.0766	0.645495982357167
35.013	-1.0942	-0.74452	-1.645
37.172	-5.7699	-2.3884	0.516546562627155
37.69	-2.9721	-2.3396	-0.0810581171579322
36.99	-7.0988	-1.0916	-1.35992644845621
32.325	-6.7771	-5.2843	0.76387309214694
36.596	-8.2474	-2.108	0.926829361025779
34.624	-9.1756	-3.8766	-0.114127212863927
36.626	-3.6918	-0.73483	0.0651548733879135
36.301	-7.5684	-2.2311	1.00711695781663
35.615	-2.2489	-4.7724	1.56553388464906
37.742	-5.3859	-2.9074	0.750121526455697
36.329	-1.779	-4.8389	-0.825697807928104
33.853	-7.9412	-4.2012	0.215188504026886
36.495	-7.6701	-0.95526	0.211538562794146
32.664	-10.854	-2.59	-0.225419762472914
34.45	-0.82641	-5.3395	-1.03422759463275
31.683	-1.2044	1.0754	-0.476937667779791
36.139	-7.2369	-0.64364	-0.301141275619846
37.14	-3.0531	-2.5682	1.645
37.645	-3.0373	-2.7639	0.574381263445765
33.42	-1.847	-0.09335	0.977786844290981
25.808	2.4843	0.20229	-0.549221591591999
36.558	-3.477	-0.7264	-0.343113231703949
37.076	-2.1343	-2.4981	0.0406678343016678
37.295	-3.7665	-1.2328	1.36282112080827
36.868	-7.3659	-3.4925	1.645
25.14	-11.017	-4.1427	-0.536444112658708
37.662	-2.5526	-3.9957	-0.747313582571889
37.251	-3.3098	-4.4526	-0.375155946464379
38.169	-4.0381	-2.3338	0.3733781133049
32.388	-10.109	-3.1943	0.206945965798707
34.469	-3.1586	0.16337	1.26903895110106
36.915	-7.9132	-1.4713	-1.18003751535826
28.759	-11.084	-4.2342	-0.465555613969608
29.454	-1.0348	-6.7118	-0.720051502662709
36.981	-6.4968	-1.3048	-1.31964381095572
23.9	3.4724	0.17699	-1.50978874366774
36.503	-3.0435	-4.7703	0.361489340692771
31.809	-9.8667	-4.0254	-0.312573753443481
36.414	-2.6558	-5.1461	-0.213788979179558
37.586	-5.8647	-1.1041	0.156522951793901
35.487	-7.1229	-0.32773	-0.507124535103087
27.695	2.5926	-0.75992	-1.64277417456614
36.496	-7.1131	-0.84695	-0.524909459514432
36.57	-1.9504	-4.6956	0.512287321984545
37.89	-3.3009	-2.8666	-0.0684953049018965
35.773	-3.3263	-5.1052	0.573002052288193
36.89	-5.1349	-4.9182	1.645
36.339	-7.668	-3.0652	-0.332537873256234
37.425	-4.7946	-3.5831	0.473366223969447
36.89	-7.2192	-1.1222	-0.63675464890135
36.973	-4.4217	-0.99545	-0.523202071678543
18.117	-12.427	-2.7497	1.19943232301814
28.914	1.9943	-0.15523	-1.645
35.884	-6.3224	-0.51641	-0.522675230461087
22.895	-11.764	-3.655	0.737356141665193
29.674	1.9213	-1.1953	-1.645
34.349	-1.3018	-5.8695	-0.967577895903069
33.373	-6.1595	-5.613	0.0725290258687083
36.107	-8.3833	-3.8955	-0.410274554576719
33.708	-6.1344	-5.2625	-0.278675513984585
25.941	-0.49807	1.7601	-0.504370451705632
24.148	-11.976	-3.5319	1.13695919005452
35.762	-2.4738	-4.9674	-0.220957282451221
34.387	-0.70831	-5.5504	-0.293441721063048
37.663	-3.1052	-2.6371	-0.306375146698377
37.474	-3.0541	-2.0965	0.127253111529246
33.383	-10.034	-3.4276	0.464316893519529
28.812	1.5111	-0.18542	-0.749232700834268
36.922	-5.6457	-4.9601	0.314262538782433
37.488	-6.6095	-1.1444	-0.171445386123599
28.073	-11.668	-3.1194	0.67724260675443
36.91	-3.242	-1.1441	0.720482587159584
36.175	-7.537	-1.5303	1.05414081061611
36.358	-0.97953	-2.8211	-1.645
36.017	-3.9337	-0.15164	0.142567769345757
38.576	-4.8825	-2.3728	1.10722158324126
37.872	-5.7018	-1.026	0.0970069059404003
36.697	-2.4607	-4.6981	1.63496535821517
36.349	-7.9935	-1.5244	0.240915571675394
37.175	-3.326	-4.0231	0.0936659321829214
36.928	-3.1836	-4.6119	-0.0205706731498942
37.756	-7.1614	-3.4233	1.11452904816857
37.301	-2.9975	-4.1287	-1.06819601315345
30.193	1.1488	-0.66419	-0.87082533578343
28.46	2.2846	-2.1237	-1.04688850243948
24.401	-1.0807	0.94528	-0.334850693477096
27.402	2.3625	-0.79184	-1.645
37.872	-6.6212	-3.506	1.13346559064704
29.53	-11.489	-3.1516	0.655315329523394
27.857	-1.7479	0.28644	-0.582191817580041
35.484	-8.9282	-1.9391	0.992679376227667
27.673	-11.413	-4.0307	-0.665911209038764
36.204	-0.51726	-2.602	-1.645
28.13	-0.42296	-6.6429	0.694055595272796
29.047	-11.285	-3.5116	0.702842752877
37.948	-3.335	-3.8358	-0.203420199892123
36.671	-6.1766	-4.2952	-0.422366898501166
36.841	-6.0594	-5.141	1.22479212275203
36.965	-4.6772	-4.0313	0.825030783930075
36.056	-7.7506	-4.4819	0.00711621230157793
33.524	-0.99915	-6.1235	0.383484586699803
35.209	-2.4738	-5.3197	1.645
27.447	-11.476	-3.9333	-0.185799957245505
36.676	-4.9225	-0.54227	-0.170347101922329
36.187	-1.3059	-1.2429	-0.653366498146252
29.373	-1.8565	0.38733	0.230508561320207
29.141	-10.738	-4.3405	-1.29484498756003
37.819	-3.8939	-4.081	0.128371527085018
35.461	-6.7856	0.21	0.0348702714226801
33.537	-8.6364	-4.1537	0.621122078561943
35.576	-2.7145	-1.1661	0.336513639907081
36.729	-7.5145	-3.1312	0.173423517588528
36.088	-6.6977	-0.52185	1.49235346392594
32.739	0.91199	-2.6954	-1.58134252281519
37.836	-4.3579	-3.3202	0.91950520012899
36.018	-6.3323	-1.1371	-1.58036881982773
37.469	-3.0494	-4.2007	-0.0953436014695146
35.606	-2.0846	-5.5897	0.837646169899097
35.933	-6.8829	-0.44488	-0.68025455183349
35.493	-9.2462	-3.3582	0.239048144638559
37.53	-4.251	-3.1865	1.20727236448443
30.092	-11.065	-3.1338	0.936483783492954
32.99	-8.9546	-0.21807	0.907671359223923
37.519	-7.3869	-2.6661	-0.903021729971462
37.079	-6.2808	-0.77346	-0.645878869653303
36.022	-6.828	-0.57731	0.59614276004879
37.918	-7.0786	-3.0856	0.75310096314211
28.343	-11.733	-3.5872	-1.07943399502638
37.494	-5.8069	-1.0089	-0.982639580333362
34.273	-0.69818	-5.6839	-0.163317922048072
26.188	-1.2389	0.73822	0.213813057598953
29.477	-10.678	-4.2809	-1.38935077210181
29.977	-11.456	-3.3584	1.26238814145559
36.939	-3.7073	-4.6069	1.645
37.59	-3.4846	-3.6459	0.340655706298911
28.11	-1.8263	0.47221	-0.509608777926103
35.99	-2.0913	-5.2288	1.06175430328587
31.074	0.26967	-6.3372	-0.0922031844472198
37.27	-6.4269	-1.0324	0.506819972722131
34.091	-7.9047	-4.067	1.29001586459538
36.52	-7.3394	-3.0192	-0.51027629369273
37.4	-6.6576	-3.761	-0.229265057741865
29.113	-0.98121	-6.9442	-1.27835378922928
37.029	-4.7412	-3.0954	0.540639075318558
33.037	0.75239	-2.4438	-1.09903958961477
22.655	-11.631	-3.7513	1.60232719135398
37.766	-3.2181	-1.9562	0.521196300380899
37.838	-3.7151	-3.567	-0.562920147058244
37.285	-3.4399	-4.4883	0.997636578841603
27.184	-1.4529	0.40133	-0.261997980870708
38.26	-5.4613	-2.6107	1.27325288050405
35.989	-1.6761	-5.1643	1.29679735627233
37.247	-5.6924	-4.4819	0.420152880667967
34.351	-9.3416	-4.3517	1.29328581300242
32.942	-10.187	-3.8424	0.231853685673661
36.258	-3.1272	-2.1291	0.78883330893261
37.522	-6.8014	-1.605	-1.645
34.875	-7.5634	-0.67985	0.64515002816077
36.805	-6.8704	-0.46855	-1.28631148317104
36.438	-5.6209	-1.0791	-0.496959350974645
36.039	-7.5015	-0.37316	0.0792072393623244
35.992	-6.343	-0.027214	-0.702539063459961
38.018	-4.0021	-3.4175	0.0141370236449897
36.085	-8.2433	-1.0166	0.656683080804631
38.197	-3.1683	-2.8039	-1.34023010394931
37.221	-6.2661	-0.70586	-1.645
24.495	-0.80438	1.506	-0.458699787232029
19.894	-12.408	-3.0023	0.697523619636133
32.857	-1.747	1.0811	0.220933620318524
38.182	-4.7359	-4.0348	0.725235367128055
32.564	-8.7826	-4.3392	-0.281977841730849
33.424	-10.297	-2.9498	0.743542680271788
37.001	-1.8216	-3.9956	0.169652653283626
32.612	-9.982	-3.3678	0.100442839062226
26.104	2.9775	0.38525	-0.808834489595812
35.856	-6.2175	-4.9262	-0.299447991963651
34.29	-0.70505	-5.4116	-0.266303000305652
35.119	-8.7121	-3.9509	-0.166759147323425
32.294	1.3388	-1.5872	-0.314166193706163
26.933	2.2884	0.38868	-1.28567908908353
27.989	0.13398	0.8053	0.299987495665061
37.348	-6.549	-3.1685	0.426960524723573
34.481	-0.83471	-4.8208	-0.537639508991733
36.976	-6.7599	-1.9741	-0.614328312568315
36.879	-7.3031	-1.1171	-1.26864494437402
37.988	-3.183	-3.7179	-0.976818113055451
37.929	-6.679	-1.6821	-0.679288107029041
35.328	-8.9384	-1.7754	0.50057455465943
34.271	-9.6149	-3.6763	0.104950085182387
33.023	-9.9253	-4.2566	-0.373330517060985
36.927	-6.6277	-0.54409	-1.02164206913374
37.587	-7.0356	-2.9008	0.0577585642271515
36.719	-7.5573	-3.667	-0.594926717517024
37.13	-6.6506	-0.87502	-1.033422827066
33.331	-10.091	-3.2853	0.212213641394242
36.513	-6.807	-1.1852	-1.645
28.452	-0.64826	-6.6807	0.32205099638175
35.608	-8.7425	-3.6319	0.28701619170875
36.084	-6.9266	-1.1155	0.437880003117978
34.803	-1.1978	-5.5854	-0.719504449666612
30.623	-10.628	-2.3359	0.829163125287837
34.746	-0.83355	-5.3832	-0.549068039560443
37.674	-6.0117	-3.9316	-0.430669044614095
35.239	-7.2057	-0.80222	0.0665233690177598
30.909	-10.532	-3.6165	1.645
34.081	-0.19025	-0.19369	-0.252741426820759
36.16	-6.2388	-4.6065	-0.513748073938827
34.061	-9.7107	-2.6267	0.709821006541921
28.401	-0.6673	-6.6758	0.357416275756877
34.108	-1.3907	0.43458	0.678998724351179
36.911	-4.0324	-0.88935	1.645
36.133	-7.4211	-1.9201	0.323221664897751
35.653	-7.9359	-0.91161	0.889054344006614
27.563	-1.7829	0.9933	-0.559259540582969
35.686	-6.1698	-4.8122	-0.250217378662076
35.599	-6.05	-5.0311	-1.04987681414377
33.647	-9.5361	-2.9473	1.20226785009338
37.439	-7.1052	-1.3532	-0.714447831250694
23.069	-0.86413	1.3787	-0.829392362352826
37.717	-5.9636	-3.8253	-0.607817904022663
37.26	-1.8777	-3.7953	-1.35835889325887
37.331	-2.3602	-3.1346	0.399292331467772
29.747	1.7848	-0.64182	-0.41642616922271
31.26	-1.5383	-6.2118	-0.666609895784972
28.79	-0.60836	-6.4231	0.770028778612747
28.577	-1.9917	0.59004	-0.814470835202846
36.944	-6.5048	0.15745	0.0604225053920927
27.399	1.8644	0.060854	-1.20920662954748
34.571	-8.8569	-2.5749	0.41229749301794
37.024	-6.2246	-3.3113	0.577696848943744
37.905	-5.2701	-3.6581	0.191903412250619
37.467	-3.1874	-2.2578	0.455268712990414
35.937	-7.7764	-1.2843	0.10412645081283
37.269	-6.4643	-1.3187	-1.04246110481038
35.22	-2.8647	-5.4605	0.857259340070173
36.327	-3.639	-5.216	1.08584170583462
37.298	-5.8161	-0.65225	-1.51372217708403
37.658	-4.6228	-3.5033	1.24184255240468
33.532	-9.5404	-3.8361	-0.456047275327177
38.11	-4.4154	-1.7878	-0.743557188076043
33.965	0.34185	-2.8306	-1.12550411047545
18.681	-11.853	-3.5342	1.3890610648382
37.578	-6.9156	-1.9975	-0.669893963837317
22.178	3.5218	0.97528	0.460155675921035
34.324	-1.491	-0.028499	0.661312635643742
27.877	-10.224	-4.2064	-0.596392575880843
35.796	-7.3764	-0.93857	0.63863963685376
36.21	-7.1793	-0.91817	-0.377140054108101
33.756	0.78472	-3.7174	0.418632353773024
34.832	-1.3266	-5.3939	0.936797180195582
36.693	-6.5135	-1.0092	-0.145929790471054
37.262	-3.681	-4.3805	1.43775203546528
37.664	-2.5775	-2.7475	-0.957834145001249
33.114	-0.44001	-5.9828	0.340175161753391
35.83	-8.0329	-0.94709	-0.611266372142284
37.168	-2.8936	-4.4433	0.286901451517441
37.252	-3.2123	-4.5515	-1.25023129439646
37.485	-6.3438	-1.5371	-0.462124566544239
36.79	-1.1179	-1.9369	-1.32603471171492
36.986	-3.4192	-4.8641	0.822904899393081
28.187	-2.0153	0.64751	-0.683550054304785
36.115	-2.5821	-0.79798	-0.182751830556702
32.441	-8.4786	-4.6004	0.0831586241706544
32.516	-10.186	-4.2238	0.449702916330907
34.865	-8.7229	-3.4379	1.41797323802055
37.744	-4.8284	-2.8158	0.494802771152082
36.311	-6.2684	-0.71261	-0.451389286693589
37.547	-3.1049	-3.4645	-0.122103633971058
38.079	-6.2421	-1.3115	-0.517710576871334
37.974	-3.6555	-3.1281	0.191625758855935
28.696	-0.68077	-6.8741	-0.0812714545705685
30.852	1.7849	-1.8279	-1.56396114483356
34.821	-6.2335	-5.3327	0.00787597374295397
14.631	-11.506	-3.6427	0.563566711361451
34.669	-0.46744	-3.1166	-0.0769898877752065
37.859	-5.8203	-2.0456	0.0978463262546503
36.787	-5.5935	-0.20183	-1.05049106797803
36.693	-3.4679	-1.3316	-1.42642685747687
24.838	-11.328	-3.8629	0.205983068105843
35.763	-0.51963	-3.4807	-1.19771507278214
35.201	-6.4466	-4.6978	-0.210395688384136
32.044	-10.644	-3.7583	0.184849257141973
36.194	-6.8002	-1.6144	1.3275120925883
36.007	-6.7848	-4.2244	1.24213923753564
35.927	-7.6408	-0.39627	1.645
35.868	-8.013	-3.1225	-0.143879984419675
36.808	-7.1617	-1.0805	-1.645
36.946	-7.765	-1.2246	-1.58228214995098
36.325	-6.6188	-4.8643	0.319538207585525
35.549	-6.4596	-0.15332	-0.20204888271073
30.435	-2.0178	-5.0573	-0.819055014898317
36.901	-2.8551	-4.7309	-0.049597696106977
37.149	-6.3657	-1.3475	-1.34339859909151
36.787	-3.2912	-4.7881	-0.217846443432369
37.496	-2.7345	-3.0657	0.752415945217532
32.833	-9.925	-3.8629	0.106967123607833
37.75	-6.5893	-1.4592	-0.780225843794466
36.038	-0.75241	-2.4819	-1.645
28.133	-11.456	-3.6026	-0.0728542892612985
30.447	1.4981	0.012136	-0.746153258864536
37.759	-5.8941	-2.4694	0.513059168801111
36.523	-6.9224	-0.55317	-0.428335070155434
37.667	-3.3869	-1.5302	0.841965175917301
35.259	-0.56743	-3.8436	-1.645
21.996	-12.117	-3.2949	0.529986920323101
36.696	-3.7296	-4.7045	1.26070109085477
36.844	-2.8627	-4.1771	-0.630714168385546
35.141	-7.3093	-1.8385	0.84805218208088
37.236	-5.8353	-2.0778	0.101244488693735
27.895	2.1727	-0.70999	-1.645
35.937	-7.577	-0.66075	0.486033321046749
36.415	-3.3798	-0.64911	1.645
37.914	-4.9455	-1.6546	0.493017617760457
37.81	-6.0972	-2.6215	-0.131014157571815
36.059	-6.6724	0.099282	-0.633374167352476
33.831	-0.82131	-5.9073	-0.0384101769706509
37.488	-4.8809	-1.9614	1.03729563320983
34.309	-1.5814	-3.0886	-0.321654465504455
16.546	-12.122	-3.0507	0.72726597273272
26.475	2.8001	-0.13414	-1.09359742736901
36.584	-3.2355	-4.7375	1.645
36.968	-3.0594	-1.5917	-0.198665329383943
36.022	-5.6927	-0.69924	-0.779010256604279
22.905	-1.2773	1.3333	-0.53793735696029
36.937	-6.6664	-1.0888	-0.662959156784699
38.435	-6.2835	-2.839	0.858297960090826
35.405	-0.70375	-4.8046	0.216997629547515
36.121	-2.9466	-5.1363	1.09614669837244
36.896	-1.6696	-2.1151	-0.192575200916441
27.474	-0.29098	-6.7196	1.32187001766142
34.672	-9.018	-2.7887	1.645
36.78	-7.3321	-1.024	-0.735260985740024
31.309	1.3203	-2.1248	-1.10482216083491
34.816	-1.9829	-0.24815	-0.244457617412618
31.034	2.13	-1.503	-1.645
38.1	-4.3733	-2.6288	1.645
33.506	-8.587	-3.743	0.304854211586093
36.038	-5.389	-5.311	-0.00139248185400129
34.702	-1.6396	-3.8829	1.645
32.373	0.99622	-2.1654	-0.544744851991556
35.958	-2.3821	-5.0615	-1.15660208028122
37.447	-2.7711	-3.2962	0.610943421398987
34.224	-1.4421	-5.2872	0.357974131140311
25.823	2.7506	-0.30933	-1.30272708748212
36.853	-6.3522	-2.1496	-0.306474536027912
34.92	-2.181	-0.95545	0.116093429745742
31.384	-10.126	-3.673	0.825874451186232
36.331	-7.1059	-0.41523	-0.00824297619556558
29.704	-11.031	-4.1478	-0.609989665579841
35.609	-7.1077	-0.68315	-0.84011813401806
35.818	-1.2328	-4.9674	-0.631743138979428
35.623	-7.3392	-1.1323	0.892401129074618
32.987	0.16537	-5.4076	-0.909631580730207
36.38	-3.1166	-4.3906	0.308328906706984
36.763	-2.5223	-2.4664	1.645
30.806	-9.287	-3.5933	-0.660396159315756
31.819	0.77723	-1.5751	-1.34668428431411
34.867	-2.1455	-5.957	1.14685283171535
36.432	-2.9785	-1.8557	1.645
37.33	-2.1802	-2.9054	0.440641185617877
35.886	-6.8034	-0.66589	-0.952961982473202
34.169	-2.2291	-0.29475	-0.0524304378447246
27.676	-0.63697	-6.9622	0.577274145733544
36.642	-7.6993	-2.0698	-0.948163195571405
36.441	-7.3309	-1.0821	0.717986208451546
36.404	-0.77396	-3.045	-1.645
32.197	1.205	-4.1368	-0.886949140334941
33.119	-10.31	-2.9906	1.57508026574496
37.344	-5.4244	-3.918	0.350434649158036
30.026	1.6761	-1.1057	-1.34324268814438
37.878	-4.0903	-2.2179	0.118041549012258
37.108	-2.6266	-1.3105	-0.52024650542215
36.482	-1.3979	-3.6565	-0.663476947623348
31.452	-9.1478	-3.2273	0.703955298277043
35.595	-7.1083	-1.4836	0.597860945916937
37.93	-4.6532	-1.5629	0.722995126002767
28.339	-11.288	-3.7747	0.741092175282578
34.572	-0.91389	-5.3163	-0.631096747118414
27.025	-1.1452	0.8769	-0.124257456467247
34.079	-9.9018	-3.0968	0.811893681655531
35.222	-7.552	-0.12993	0.0523061226883096
37.707	-3.9647	-4.055	0.521172476756344
37.055	-7.808	-1.365	-0.783400810084543
37.028	-8.0319	-2.3737	-0.377105766786895
37.484	-2.9589	-2.2054	-0.518684746559465
36.636	-1.8449	-4.6217	-0.488806442531507
24.255	-1.0753	1.209	-0.0468213697883228
37.908	-5.4849	-2.8675	0.499803029786366
28.144	-11.285	-3.6351	1.46269800848872
36.304	-3.0943	-4.7781	0.555883185820373
36.383	-6.8969	0.11651	0.577368974109599
36.032	-2.4254	-5.2954	-0.311916723892042
37.693	-6.9362	-2.1968	-1.00284684387728
35.196	-7.2738	-0.20346	-0.164922257606654
36.191	-1.9754	-1.1911	-0.52657029525895
35.949	-7.0988	0.036498	-0.707825213659849
32.924	-0.29634	0.38633	1.645
36.636	-8.1869	-3.6598	-0.130816137338322
35.702	-1.5553	-5.3066	1.645
37.827	-3.3669	-2.5679	-0.0704398666723589
34.952	-6.4194	-5.1862	1.27203648888031
25.703	0.22142	-6.7138	1.645
37.718	-6.805	-2.3753	-0.912842387301156
20.57	-11.951	-3.571	-0.170180832933487
33.204	0.41913	-3.6203	-0.926042130325222
36.349	-7.4662	-1.0629	-0.0454455669783163
32.301	0.83282	-1.4899	-0.632091090517191
36.889	-6.3605	-0.64418	-1.55037126327692
37.364	-6.6113	-2.4395	-0.843799821669111
36.557	-6.012	0.058335	-1.49781670168605
34.899	-8.9036	-2.1978	1.645
34.392	-0.67005	-5.3893	-0.685680446553932
36.058	-0.71232	-3.8443	-1.26276167604028
35.914	-2.1429	-5.1293	-0.330422592577165
38.175	-6.4615	-2.3743	0.942836325375986
37.269	-6.594	-4.1428	0.728683704454622
36.296	-3.9297	-1.4904	-1.01963940989144
34.929	-9.3154	-3.3453	0.591750080455167
33.624	-9.7678	-3.2114	0.666678980823588
35.452	-7.5059	-1.1164	0.974767722636435
36.034	-7.7111	-0.66814	-0.207692804289167
37.161	-2.9571	-4.3767	-0.311668143865382
35.801	-6.039	-0.10692	-0.353329623352938
38.018	-6.5426	-1.8973	0.0456739464782156
37.065	-2.8718	-1.9238	1.645
37.741	-3.5231	-1.6764	0.240327352814436
36.429	-1.94	-1.5444	-0.738540395252477
38.124	-5.9004	-1.833	0.309842534691675
37.088	-2.7651	-4.3048	-0.356681608756671
37.718	-6.2576	-0.89144	0.365165315322491
32.946	-10.118	-3.8613	-0.039328450657648
38.042	-4.4673	-2.5642	0.0572700666040269
35.311	-1.2939	-5.3454	0.151339412588465
36.716	-1.7406	-3.0904	-1.645
37.657	-5.2865	-0.77623	0.368634805911474
28.415	-1.9853	0.6287	-1.3655974236082
35.913	-2.1991	-5.1813	-1.05549810118447
37.832	-5.746	-1.2789	0.768602556987496
37.809	-7.1081	-3.5919	1.04809197522763
37.022	-7.8526	-1.9066	-0.738638160595741
35.963	-2.9456	-4.6888	-0.17262667502257
29.139	-10.899	-4.2139	-0.821845685939903
38.328	-5.5245	-1.6957	0.943571135985684
35.913	-3.5353	-0.26692	0.803181571713414
36.624	-2.5872	-4.7152	0.233244484736107
35.732	-7.4659	-0.892	0.748115214959869
37.405	-2.8884	-4.2719	0.151529715780837
27.224	-11.557	-2.9923	-1.49058237047689
34.219	-0.7002	-5.219	-0.796715620976644
36.409	-6.4671	-0.54685	-0.97854475109427
29.133	0.029435	-6.8166	-1.03237617671905
34.285	-0.88002	-5.7289	-0.627555342233679
35.879	-1.4706	-5.0897	0.387318119560013
33.331	-0.8698	-4.6621	-0.352079039334396
28.562	-11.373	-3.9338	-0.117074803427922
34.954	-8.59	-1.2637	0.704452614828516
12.655	-12.024	-3.1062	1.03288337009107
33.259	-0.86748	-5.1327	-0.698770622045039
38.313	-5.8634	-3.2643	0.217342649945396
36.875	-2.9204	-4.2667	0.533095430375477
36.875	-6.5702	-0.73131	-0.189576237564858
32.785	0.6827	-1.7577	0.198355179949005
36.807	-2.7145	-1.7884	-0.571676593339934
36.197	-2.5887	-0.88178	-0.0962125316109492
37.29	-3.1505	-4.2486	0.511298854515566
33.099	0.48603	-1.4884	-0.190098737554301
34.092	-8.9227	-4.1576	-0.804783125829621
37.012	-7.5666	-2.4787	-0.279907595363591
36.947	-6.3535	-1.4057	-1.23292636185304
24.144	-11.871	-4.1725	1.645
37.294	-5.8666	-0.45628	-0.047167590575189
38.453	-6.2205	-2.5167	-0.469938304282085
38.205	-3.7763	-2.7418	0.906891832457965
29.42	-11.225	-3.3753	-0.169379270782153
37.148	-5.3387	-0.68234	-0.111227612367833
26.075	-11.349	-3.6326	-0.641928675649755
34.237	-0.72906	-5.5845	-0.477138997102256
35.409	-7.9537	-0.78786	1.04433827245137
36.261	-5.9674	-0.39885	-1.49369375042545
35.769	-1.1302	-4.9338	-0.23708189993254
34.05	-7.3166	-5.0561	0.808920714737621
33.716	-7.4941	-2.944	1.63313741685541
36.741	-6.3389	-1.159	-1.24987436939092
36.513	-7.4862	-2.793	0.784114213201574
36.212	-4.2356	-0.11937	0.674312671652134
30.542	1.6715	-0.25718	-0.0458252061275372
37.523	-5.7548	-4.5898	1.20918250718148
28.667	1.635	-0.37636	-0.858018557891921
37.356	-5.2576	-1.0494	0.751264716270276
36.478	-7.7756	-0.57777	-1.23360171531088
37.883	-3.842	-3.38	0.0719788409607852
35.131	-9.2436	-3.3567	1.47895279652637
37.587	-5.2175	-1.004	1.03028383704274
36.221	-2.9564	-0.61513	0.575452829485612
38.637	-6.5948	-1.8103	0.295790439475582
36.956	-3.2025	-4.4751	-0.546779139117842
29.985	-11.016	-3.6217	1.645
31.672	-6.1599	-5.747	0.366365762918798
36.491	-1.3732	-4.2775	-0.243852808445347
37.131	-4.5617	-0.87893	0.292192434368011
31.827	0.24387	-1.1057	0.228461659658092
36.602	-7.2462	-0.74841	-1.16958101271817
35.527	-1.6899	-5.4983	1.645
28.143	-0.79826	-6.7107	1.645
36.361	-7.4636	-0.51885	-1.32851834896069
36.981	-6.59	-0.49138	-0.441618781966098
37.82	-7.0502	-1.9993	-0.677332842873556
36.574	-8.6753	-3.4189	-1.06920320049613
37.993	-6.6047	-0.58157	-1.30405731171336
36.619	-3.3442	-5.008	0.74861840516085
37.163	-4.0055	-1.8496	-0.180937432612925
27.841	-0.46924	-6.7153	1.645
33.362	0.38835	-1.7634	-1.3525229405696
38.275	-5.2304	-2.3682	0.294456839529924
36.744	-6.6862	-0.47204	-0.877141939944772
29.038	-11.463	-3.3336	0.170976382801945
32	-9.0904	-4.758	0.417452451321171
34.952	-1.4921	-5.7799	-0.305631221027423
35.586	-6.7863	-0.30952	-0.263583573183262
29.473	-2.0004	1.2233	-0.304296890773026
36.946	-7.1431	-0.98937	-1.37393761263237
35.2	-1.6433	-5.5416	0.0208874107623263
38.265	-6.0586	-2.7998	-0.281586352399774
33.966	-0.18969	-0.95979	1.645
37.105	-2.5879	-1.2599	-1.24955214371452
37.342	-6.7824	-1.0638	-0.185873877455296
36.545	-7.0306	-0.54223	-0.306390115139128
35.679	-7.0002	-1.2115	-0.00631952217510802
35.984	-1.9774	-4.2136	-1.2388851611539
35.308	-9.5027	-2.4343	0.719339052162396
33.845	-9.7813	-3.7695	-0.513312240695856
33.349	-0.35116	-2.0425	0.202151065570655
27.568	-0.41487	-6.818	1.645
33.366	-9.9976	-3.4617	-0.520294725003303
19.483	-12.108	-3.7965	1.645
37.162	-5.5491	-4.7764	0.146930671199743
35.769	-6.9619	-0.47515	-0.441050082677784
35.88	-8.2388	-4.4135	-0.0254181819530515
35.04	-7.5716	-1.0808	0.114225806480216
35.22	-1.6653	-1.0212	-1.45866347455797
36.935	-5.5179	-1.3782	-1.32882981645053
35.664	-1.6218	-5.105	1.645
26.332	2.8248	-0.26543	-1.33954149769871
38.305	-4.7921	-2.3396	1.11274822708121
37.264	-6.0234	-0.95589	-1.37387445507425
24.961	-12.173	-3.2356	-1.13967697581805
36.493	-3.2037	-1.737	-0.591868806143051
37.016	-2.6871	-3.6991	1.645
35.521	-7.0953	-0.81215	-0.233357977886642
37.573	-6.2663	-0.94834	0.920797771834737
36.713	-2.7918	-3.6785	1.645
37.267	-2.9412	-1.1413	-0.113479042475878
36.105	-7.5793	-1.0388	-0.0188728766893475
36.149	-3.6882	-0.088772	0.738385834641487
29.561	-2.1923	-0.92529	1.58275894807355
28.421	-10.501	-3.8962	-0.335602482613111
37.543	-6.6177	-3.9242	-0.450888307025766
36.013	-5.2962	-5.2194	0.394519366610796
31.616	-10.133	-3.0478	1.645
26.865	-11.889	-3.6093	-0.719556342071992
34.944	-1.8333	-5.6746	0.386004007755496
33.974	-0.2086	-5.4289	0.0381476090364724
27.421	-11.915	-3.1716	-0.558010705673127
24.068	-11.949	-3.7635	0.501197646018193
36.904	-2.4271	-4.0264	1.645
32.829	-2.2829	-5.3286	-0.0242498416479123
36.607	-2.9684	-1.1872	0.43478062973239
36.922	-6.114	-0.78434	-0.850466905918354
37.221	-6.042	-1.2144	-1.645
35.954	-7.1988	-1.5628	-0.0210614191130631
35.692	-8.8069	-1.7571	1.37665076779513
37.491	-6.0219	-1.2997	-0.414048102005051
35.9	-7.2416	-0.67509	-0.156784790772842
36.618	-7.6655	-0.98104	0.165305864243061
29.945	-1.3699	-6.7296	-0.893943435325498
32.161	0.91575	-1.7862	-1.645
37.605	-6.5111	-0.87244	-0.52978199806795
35.517	-6.5056	-0.50915	0.411763825194884
32.059	1.3109	-2.4168	-0.510487745915906
29.196	-10.899	-4.0629	0.305149086146287
24.476	-1.1701	0.93116	0.273017773019938
36.747	-2.8716	-4.7368	-0.0140588589671397
38.014	-3.428	-3.3169	-0.69174315197198
36.001	-6.2461	-0.9769	0.041594765395908
36.332	-6.6978	-0.47076	0.0045254652840103
38.3	-5.7317	-1.6831	0.107988852592872
29.979	-11.824	-2.9049	0.0954772586845043
37.151	-6.3028	-0.5405	-1.645
36.12	-6.1442	-0.35725	-0.536907132211723
36.271	-7.3453	-1.3238	-0.39844471568804
36.488	-6.1858	-3.8549	-0.00975854560706822
35.366	-1.8119	-5.5672	-0.266062514474792
36.371	-1.3748	-4.149	-1.35270486325117
31.428	1.6486	-2.2588	-1.34746319810614
30.715	1.0071	-0.9415	-1.12608065913683
37.231	-3.9099	-4.7721	1.23769653130847
34.721	-8.3715	-4.579	-0.833062615491642
36.514	-8.5327	-2.2652	-0.781210763829301
36.083	-2.6015	-0.39972	-0.32072310740901
35.498	-8.087	-2.6598	1.645
30.178	1.4558	-0.55411	-1.60522981061581
33.074	-10.314	-3.0415	0.205646678715387
34.568	-8.0682	-4.3868	1.645
36.881	-6.9741	-1.2878	-1.64002406153339
31.206	-10.908	-3.2517	0.854549403518436
20.185	-12.42	-3.592	0.93205269036986
37.199	-1.6237	-2.4917	-0.880345297719801
36.947	-7.3373	-1.2444	-0.879443928868179
33.778	0.11392	-0.5513	0.0351346885798426
36.98	-3.2319	-1.217	-1.6239110568808
36.125	-7.0592	-0.43751	-1.22055601423107
30.989	1.3364	-1.2695	-0.817560532275705
37.721	-2.718	-3.5393	0.429828444624638
36.492	-7.4624	-0.46387	-1.645
35.897	-8.9728	-2.3728	1.25455442653772
36.92	-3.6492	-4.6394	1.645
36.993	-4.0546	-1.8566	-1.0710696007433
34.583	-9.2741	-3.2361	-0.372518351517917
34.344	-1.2254	-5.6987	0.211498009421414
35.742	-8.0212	-3.8443	-0.391020195354342
37.001	-2.4226	-2.9225	0.93427518094047
35.171	-6.1369	-1.2886	-0.600088246748388
37.028	-3.37	-4.176	1.02946256447079
33.298	0.35184	-3.695	-0.970737969908598
30.361	0.79431	-0.83387	-0.694502221914309
35.436	-6.7361	-0.95815	-0.244568578610389
37.41	-6.4188	-0.83121	-0.154790703468494
36.383	-1.4084	-1.6501	-1.27471321603206
28.632	2.1882	-0.58482	-1.0507922403858
34.186	-2.9176	0.81454	0.728886862940815
36.195	-4.2493	-5.2274	1.645
26.47	-1.2093	0.66759	-0.421633212004313
36.233	-7.5856	-0.90686	0.339075571575925
36.421	-8.4179	-2.0881	-0.079143851951771
37.469	-3.1858	-2.9957	-0.783076936554015
35.257	-2.0901	-4.006	0.531220259298428
36.163	-7.092	-0.771	-0.0835144248812574
37.734	-5.9544	-4.0513	0.10623235474955
37.902	-5.9908	-2.0936	-0.611250688738584
37.448	-6.4351	-3.4083	-1.24053826830108
36.099	-7.3386	-0.73775	-0.520548908091849
38.19	-5.2303	-3.4668	1.17284340474748
32.123	0.60269	-0.86491	-0.332972954126323
32.053	1.3059	-1.5197	-1.34087731891592
36.699	-4.6467	0.089536	-0.742529314142254
27.83	-11.511	-3.6894	0.798679736166313
35.927	-2.6184	-5.194	-0.385101804236065
36.378	-8.7082	-2.2334	-0.321974734724193
37.434	-4.6484	-2.4277	0.514294471202499
36.422	-2.8263	-5.0446	-0.256565884236148
37.128	-7.3771	-0.91807	-1.24396149609824
36.806	-7.1946	-1.9069	-0.176011754493379
34.659	-0.55942	-4.4261	0.195132055837378
36.328	-7.1272	-0.93379	-0.631463806117344
36.281	-2.7152	-5.341	-0.396242310395263
37.412	-6.2447	-2.696	-1.01068136161243
35.967	-2.729	-0.69909	-1.08538950146819
36.783	-8.0664	-2.712	-0.782345313186388
36.508	-6.9874	-0.76697	0.25033011046744
37.295	-4.7406	-4.9434	1.645
37.907	-5.6622	-1.514	1.20224192738554
36.54	-2.6445	-3.9797	0.808434654315498
34.705	-0.88028	-5.109	1.02526519362222
35.571	-0.535	-3.7779	-1.08307167584949
36.023	-3.1128	-0.9772	-0.511434987724059
36.969	-6.9389	-2.1567	-0.210290111354785
30.821	-10.653	-3.8519	-0.0264244288249034
34.81	-1.815	-0.71735	-0.728904329214842
37.007	-3.2381	-4.6457	0.818263547812062
22.98	3.3486	0.063496	-0.25349535521215
32.159	-10.433	-3.0039	0.571113894184808
37.195	-6.8729	-0.94274	-0.850063109112496
34.005	-0.32428	-5.4688	0.179355688426436
37.776	-3.2527	-3.708	-0.183265593526112
25.345	2.9604	0.81839	-0.57472771890167
37.704	-6.9036	-3.5007	0.296842668084408
25.232	-11.836	-3.4376	-0.374750789508308
35.212	-2.5121	-5.7232	0.0772548709463776
38.366	-5.4234	-2.4492	1.12698544949816
29.989	-1.4419	-6.6104	-1.02432462641038
37.702	-3.2554	-2.2478	-0.480591389075096
36.695	-8.3244	-3.4796	-1.31579861518581
22.216	-0.28528	1.8218	-0.643839299627774
27.938	-0.14693	-6.4389	0.566673609626405
37.215	-2.1692	-3.2804	-0.0632948698116252
24.948	-1.1145	1.1193	-0.860590672497607
35.868	-5.9551	-0.76246	-0.510851871918185
28.015	-11.269	-3.5031	0.0387780455411789
36.415	-2.8229	-5.3315	1.4265183779636
36.026	-2.1342	-5.1439	-0.708332865955187
36.861	-6.3361	-0.60656	-1.645
34.486	-9.5717	-3.7802	-0.236338348050776
22.352	3.0673	1.2586	-0.344578956822069
35.219	-2.1202	-1.3575	-1.41563047700939
36.39	-6.9544	-0.46647	-0.220612809132894
32.516	-0.5129	-6.2823	-0.4620074138052
37.032	-6.1426	-0.88556	-0.886661077869884
28.289	2.0839	-1.1024	-1.19637007059577
33.548	-1.5978	0.067007	-0.16953128440343
35.336	-1.5855	-5.3664	0.175961421463771
35.391	-7.7354	-2.7639	-0.0260829105139986
36.84	-7.9578	-3.3052	-0.669895392522008
37.095	-3.2146	-1.7715	-1.40319408119315
33.859	-9.2605	-2.5721	0.844670626134031
35.877	-8.4213	-3.4308	0.442994348383508
34.549	-0.84299	-5.6394	0.672436692545057
36.996	-7.5551	-2.6668	-1.60377144601483
34.832	-7.3907	0.24362	-0.422566667110056
33.235	-10.72	-2.9872	0.643033069991744
37.307	-6.0201	-1.5607	-1.10648190950578
37.418	-2.9354	-2.5082	-0.957360710035658
34.343	-1.6947	-5.9695	0.110080980588229
35.852	-6.3953	-0.66102	-0.430764390449111
23.219	-11.625	-3.7246	0.025440907050833
25.658	-11.743	-4.0632	-1.0499799537167
36.408	-7.0685	-0.74929	0.925333141734611
34.872	-9.2335	-3.1798	0.917091726363743
32.521	-10.366	-3.3013	1.02570601208548
35.301	-7.1362	-0.87532	0.467216841396391
36.981	-7.338	-4.1057	0.741116574623723
36.532	-2.2219	-4.9142	-0.133678967454571
36.587	-6.9588	-0.9185	0.6549410629339
37.804	-3.758	-2.5106	0.737780993761769
37.188	-3.3266	-4.129	0.367737629068747
36.601	-3.3263	-0.83788	0.171744312584564
20.494	-12.103	-3.3423	0.194473512409091
37.343	-6.62	-3.3463	-0.198973361414966
34.74	-1.4122	-5.6472	-0.0272925339778284
33.679	-0.86234	-0.17042	-0.772866307694389
36.655	-3.0677	-4.4207	0.766177824037503
34.85	-8.5722	-4.0191	0.069846275738326
30.867	-10.809	-3.5384	1.645
37.307	-3.9139	-4.5918	1.645
36.667	-6.7386	-0.78268	-0.62384518137538
31.457	-0.30158	-6.5963	-0.253401327063279
35.913	-7.6121	-0.87189	0.0979012361426956
36.13	-2.8164	-5.1146	0.0196958675916857
35.209	-0.0088546	-1.6024	-1.645
37.083	-6.3311	-0.76982	-1.08659278097546
36.223	-7.7271	-1.0545	1.14626308881966
30.474	-10.434	-3.6727	-0.757829166890862
35.745	-6.4161	-0.72233	-1.22558726976997
34.25	-0.42419	-5.4538	-0.112120966675562
35.158	-7.4175	-0.57039	0.694162105315048
37.835	-4.0336	-3.727	1.46462988532782
29.205	-1.0063	-6.6398	-0.869373351011155
35.456	-3.3218	0.088323	0.498721801841714
29.803	-10.77	-3.5859	0.434121414051012
37.4	-5.3887	-1.203	0.728596232980191
38.39	-4.8164	-3.1837	1.645
28.169	-10.539	-4.4468	-0.476006512101652
37.101	-6.2474	-1.5272	-1.23279550848693
36.103	-2.9353	-0.50444	0.309936180078137
33.597	-0.56617	-5.3621	-0.413028251556148
34.55	-8.264	-2.9045	1.645
35.071	-9.1648	-1.7033	0.359782683712075
37.21	-4.2579	-4.7383	1.645
35.826	-8.9178	-2.6398	1.645
29.572	-9.596	-4.4341	-0.966843931919101
38.35	-4.2938	-3.138	1.03053870004369
33.688	-2.6749	1.0381	0.470318586801827
36.474	-2.0151	-4.8982	-1.62697820426481
36.528	-6.7207	-0.3798	-0.504800826162978
33.424	-10.084	-3.4669	0.279245187708169
35.861	-2.605	-5.277	-0.706445389833403
34.46	-9.1908	-4.2253	1.19660116311596
38.32	-4.8525	-3.1108	1.645
37.496	-3.2443	-4.1554	-0.446198248672502
26.909	2.6637	0.026832	0.233364839500912
23.052	-12.064	-3.317	1.35987602197756
37.644	-6.4692	-2.6675	-0.0460461956398135
36.848	-6.5595	-2.1398	-0.409522778878913
29.035	1.6447	-0.066406	-0.901373027058279
35.626	-7.5125	-0.57968	-0.134279468807747
37.322	-7.6218	-1.4826	-1.27828816902363
35.285	-8.2893	-0.64382	0.35022410768311
20.084	-12.312	-3.48	0.423154377779531
28.865	1.751	-0.48839	-0.48030992454571
29.709	-10.969	-3.9119	1.41329426528041
37.772	-3.5059	-3.3861	-1.19631033723134
36.942	-6.4637	-0.66239	0.0298679178855216
33.758	0.38343	-3.2386	-0.740854207501312
36.282	-1.236	-3.9953	-1.645
36.872	-6.6326	-0.5159	-0.4421193636414
27.991	-1.7102	0.46544	-0.138242357888526
34.467	-0.7789	-5.5486	-0.631473399489821
28.91	-10.416	-4.3339	-0.64182791835162
36.451	-2.0925	-4.9467	-0.0902325746965312
29.772	1.7553	-0.20628	-0.579234728103127
37.46	-4.4038	-1.0835	0.853561041786782
30.47	-9.6622	-4.3325	1.645
31.478	0.98321	-0.87069	-1.37459494111871
36.431	-1.4634	-3.8262	-1.645
36	-9.0717	-3.5695	-0.124170427325055
37.711	-5.9719	-3.357	0.915662533233786
27.558	-11.495	-3.2371	0.401832353156348
24.502	-11.889	-4.0808	0.724483979696692
36.522	-7.3306	-1.1206	-0.921779385798539
34.234	-9.0501	-4.1876	0.511935214058492
34.039	-8.7942	-4.1058	0.0438405290795599
36.049	-2.8343	-0.31658	0.685492707572624
35.726	-3.108	-0.29894	0.963289081040577
37.247	-6.3258	-0.74275	-0.128440732105537
36.663	-8.0185	-1.3392	-0.223990790903264
36.819	-2.209	-4.6629	-1.44336453637685
36.367	-7.0131	-1.7098	-0.146756005827074
37.603	-3.5366	-2.3554	0.193660179993443
37.32	-2.9559	-2.0473	0.213675835397059
36.358	-3.1915	-4.9347	1.645
18.772	-12.196	-3.1299	1.645
32.75	-10.422	-2.8005	-0.37613423289778
36.785	-1.4031	-3.5604	-1.645
35.477	-1.5291	-5.0441	-0.0123987439247839
28.024	-11.618	-3.2678	-0.117967571925475
38.028	-3.372	-3.8422	-0.42450698913879
35.983	-6.7157	-0.25748	-0.190776761983606
37.675	-7.2641	-2.5191	-1.08310267301443
38.285	-6.068	-1.6478	0.599377900687909
37.648	-2.9954	-2.6871	-0.0104289465720195
36.758	-6.2914	-0.49534	-0.637073454314965
37.3	-4.165	-1.6175	-0.408846438807831
27.805	2.13	0.2655	-0.435092787620493
33.741	-1.9733	-5.4226	0.443639456546892
36.11	-7.4497	-1.499	0.318168191582085
37.13	-3.482	-3.5833	-0.490153670026761
37.065	-7.2034	-1.1197	-1.35332647107045
35.676	-1.5634	-5.343	0.648180944545185
25.634	-1.2253	0.94194	0.34048134504653
36.345	-2.7504	-1.3676	1.04670427138594
35.006	-5.2704	-0.66318	-0.170407461735889
21.515	-0.82075	1.3352	1.32144939398502
36.934	-7.1197	-1.3898	-0.886255204959644
35.563	-2.7773	-0.24283	1.56667032577473
37.173	-2.6245	-3.9132	-0.00235476804486019
36.387	-2.0945	-4.6511	0.410164808742066
35.784	-2.114	-0.96068	1.645
37.664	-3.9756	-1.3644	1.63394137203694
33.453	-9.9212	-3.2833	0.514731947325162
28.418	-11.12	-3.9506	-0.106666402920036
35.617	-3.9137	0.42156	0.800357057710136
35.863	-2.4069	-2.5622	1.17819864895582
35.028	-7.1752	-0.66195	-0.314390721941463
35.812	-5.4805	-0.52955	-0.223913570801419
35.948	-1.8128	-5.129	-0.00493301328396786
36.383	-2.5713	-5.1106	-0.116884519759918
37.161	-6.9458	-4.105	0.299066256816331
33.48	-0.64767	-5.7709	-0.939366927807488
36.767	-7.3284	-1.2693	-0.403799337159088
34.688	-1.4445	-4.5017	-0.484416872382368
35.727	-1.6297	-5.1851	0.363775477152364
27.955	2.3396	-0.87238	-1.28913819169206
33.377	-10.479	-2.644	0.624266103688394
32.498	-1.6331	0.075498	0.943449280585727
37.362	-2.3661	-4.0574	-0.480269364573076
37.957	-5.771	-1.0749	1.24865717380143
36.775	-7.7189	-0.67347	-1.09496643122307
37.412	-4.5111	-2.4789	0.88797528053861
36.828	-7.5118	-1.7764	-0.853533631725227
34.807	-9.2413	-0.70097	1.09133739416796
37.16	-6.5484	-1.2193	-0.636864697730844
36.12	-6.8519	-0.23334	-0.509680108514915
38.418	-4.7373	-1.7362	0.519815479210306
33.209	-1.3065	0.58739	-0.162746966239782
36.674	-2.2954	-4.338	0.619992253984129
36.732	-2.5374	-4.5019	0.257786199007932
37.642	-6.2693	-1.2363	-1.54621741115972
34.288	-1.2429	-5.9811	0.10949912123846
34.357	-6.5455	-4.6842	0.400679706965504
33.459	-6.2113	-5.0877	1.645
34.398	-1.8175	-6.1834	-0.0213016692914738
28.402	1.6858	-0.84161	1.3419799494563
36.054	-8.1439	-2.2738	0.522996174984727
36.711	-5.4696	-0.059321	-0.792858020650999
36.851	-6.8	-1.1773	-1.33962296782286
38.242	-5.918	-2.1091	0.350019785131905
37.137	-3.3898	-4.8805	1.13969150165566
37.779	-6.3044	-1.8107	-0.592867886700188
34.925	-1.4506	-5.7603	-0.735998446768495
36.307	-6.6518	-5.0565	1.57735902072885
37.216	-7.7869	-1.3901	-1.44815833529549
34.201	-6.8832	-5.1613	-0.17624071832257
37.024	-5.0281	-5.0016	1.645
31.076	-10.596	-3.1788	1.40869502667316
37.732	-3.9914	-1.8724	1.29799920543587
28.05	2.1178	-0.84351	-1.645
29.068	1.9082	-0.13313	-0.914054680200608
38.105	-6.1144	-1.8308	-0.0317293897900927
31.208	-10.341	-3.9103	-1.00733438640629
37.164	-3.1932	-4.4762	-0.390206935364963
35.947	-7.6318	-0.92707	0.377686484737668
26.384	-11.718	-3.1602	-1.645
17.539	-12.176	-3.6076	1.31943165521511
27.847	-1.0006	-6.7591	1.45985625434266
28.06	-11.31	-4.1272	-0.0150357527980535
26.252	2.4373	0.2568	-1.05463458933876
36.415	-1.8489	-3.4901	-1.645
36.414	-6.6305	-0.54073	-0.601624536773272
36.926	-6.1455	-1.226	-0.984146456428214
37.013	-1.3675	-2.5758	-1.05901796858499
31.516	-1.6663	-1.0651	0.0400006588991408
23.685	-0.6064	0.95115	0.137661376998654
27.546	2.3168	-0.11179	-1.14034891474414
36.582	-3.2051	-5.0006	0.839063927421946
37.103	-6.8195	-0.88503	-1.27166688698832
36.399	-7.0935	-1.8265	-0.675440017701388
35.481	-2.2084	-0.77026	0.35172560965171
27.377	2.5778	-0.06166	-0.750833785895018
29.712	-0.9678	-6.7499	-1.645
37.899	-7.3266	-2.9614	0.188384320464365
36.681	-7.6883	-1.3233	-0.0594098004583652
36.539	-6.8839	-1.4043	-0.295934152879588
36.927	-2.4784	-4.6331	-0.254693511148535
37.289	-5.8562	-1.1742	-0.740983419078167
36.35	-1.06	-3.5694	-0.554191210063596
36.839	-2.8458	-4.6107	1.35305976857503
34.409	-9.3628	-3.4874	0.786480666109351
21.749	-12.082	-3.1072	0.654846386289415
36.479	-2.3034	-4.7111	0.281181790827669
35.35	-9.2134	-2.9742	1.645
37.069	-7.3037	-1.1191	-1.00140889577107
37.293	-2.0806	-4.0461	-0.722304723264204
37.112	-7.3561	-1.2594	-0.545636584381243
35.298	-7.0473	-0.77197	-0.487685482607812
34.237	-8.2289	-3.8283	-1.17389311437493
38.056	-5.1676	-2.5888	0.797113119869212
35.642	-2.2581	-5.5624	-0.224462754654555
37.132	-6.4566	-0.84542	-0.94499969926408
33.381	-2.7503	-0.92077	1.33351904704311
36.842	-7.1254	-1.1484	-0.985639302505912
36.903	-6.0825	-1.1782	-0.524720176176531
36.19	-1.7172	-3.5639	-1.62299632565436
34.92	-2.2908	-0.34357	1.44896887061425
38.043	-4.5569	-3.3936	0.890974597419957
35.541	-0.99494	-3.919	-0.759370290528394
37.769	-5.0176	-1.871	0.978573042047087
35.269	-8.6907	-0.96378	0.261918261937015
36.885	-8.2585	-1.4113	-0.733257929667967
34.961	-9.0902	-2.5955	1.645
36.838	-3.1052	-0.58324	-0.245632959099615
27.664	-10.9	-3.9195	-0.87801143303443
23.422	-0.66444	0.89025	-0.685164015423242
29.878	1.9333	-3.6835	-1.645
38.515	-5.1784	-2.2231	1.645
38.137	-5.8416	-1.5113	0.546245704465227
37.654	-2.3191	-2.4915	-0.382900031806572
35.139	-7.3104	-0.6746	-0.549998377775095
29.667	-0.36181	-6.2471	-1.63618231533134
34.572	-9.5317	-2.8881	1.28826165477966
36.627	-2.2565	-4.6513	0.667059083494741
38.041	-6.1191	-1.0396	-0.228126973679711
35.898	-7.0416	-0.93679	-0.337771238303479
33.998	-7.9864	-0.16569	-0.319678870449952
35.179	-4.4275	-0.35156	-0.00914838812186035
35.475	-6.9959	-0.76676	0.709655216923557
32.07	1.4293	-2.3833	0.143620730734338
35.045	-8.4451	-3.0206	0.812232803182079
36.626	-6.7312	-0.7282	0.328423883272561
28.783	-1.1034	-6.5278	-0.236161734947811
35.933	-8.4365	-1.8553	1.645
32.506	-10.224	-2.3987	0.626532405855609
34.744	-7.6455	-4.2175	0.875276517957617
35.716	-8.4489	-2.1184	0.81426378731379
31.72	-0.96702	0.3544	0.977441749107328
36.751	-6.7733	-0.83624	-0.207962513493463
26.305	2.5123	-0.34699	-1.645
37.254	-3.0555	-4.385	0.172944721527048
34.17	-1.3725	0.13005	0.371542078521538
36.772	-2.0808	-3.8427	0.302533958409275
28.764	-0.51537	-6.6424	-0.960108296043626
38.014	-5.9577	-1.8809	0.0391619452704577
34.574	-3.6874	0.49795	0.681448966430708
36.293	-1.505	-4.5643	-0.377364064643127
36.234	-7.6629	-0.97961	0.151328822135072
34.65	-7.5723	-2.293	1.645
36.083	-8.5847	-3.8822	-0.228783623227384
27.103	-1.7895	0.51807	1.54622249598205
36.16	-3.0067	-5.1595	0.200463497039632
33.832	-9.4165	-3.2844	0.950499040537295
35.349	-1.7696	-4.8635	1.645
37.166	-4.2299	-4.5378	1.645
34.808	-9.1052	-3.57	0.223709162039757
35.873	-6.1718	0.076158	-0.936153041873953
35.622	-2.128	-5.639	-0.367588659822744
37.437	-6.1818	-4.1612	-0.535388039213476
36.152	-7.3342	-0.95071	-0.844812463664269
35.261	-1.5128	-5.0484	0.198283732784017
33.824	-9.9319	-3.7705	-0.883513806113036
35.159	-5.0452	-1.1061	-1.22606648805768
30.039	-10.6	-3.9322	-0.128374684196493
30.135	-9.1454	-4.2499	1.645
29.138	-11.188	-3.8476	-0.829934340899598
35.92	-6.9901	-0.49628	0.435862826805321
31.224	0.17342	-5.7504	-0.255640421756749
35.622	-3.6657	-1.0615	0.136761531205083
37.487	-6.2291	-1.7669	-1.08427724126793
35.929	-8.1243	-1.4357	0.461012799159916
33.353	-0.15211	-5.6436	-0.316202593552676
34.134	-10.156	-2.7773	0.746961625530214
35.54	-1.4891	-4.931	1.645
34.026	-9.7903	-3.2879	1.00672396764506
36.626	-5.7911	-1.2278	-0.264440667752062
24.178	-11.704	-3.6301	0.0890975713275773
37.404	-5.4861	-1.3972	0.137128823157669
33.892	-0.68384	-5.8885	0.119240216783481
24.368	3.7988	0.25655	-1.21747103827454
25.316	0.0397	0.96357	-0.8218800605059
36.37	-2.9592	-4.9675	0.223212033249688
36.177	-2.5183	-1.6875	0.865179626561196
34.494	-0.21675	-1.9609	-0.734461121919257
36.989	-2.1522	-4.4694	-0.312244564069319
29.538	-10.738	-4.0519	-0.984831398957351
37.198	-6.5255	-1.0386	-0.143973752396024
36.164	-7.808	-2.0116	0.184084314717421
26.615	-11.683	-3.4185	-1.16047518372171
35.959	-8.016	-1.3819	-0.117298683442173
37.27	-6.2276	-1.1357	1.2122385252396
36.454	-6.533	0.32032	-1.12707903306391
36.452	-2.8956	-0.53636	0.389226832499138
33.279	-10.124	-3.4263	-0.0769234065715333
26.736	2.6919	-0.6298	-1.42604956406869
37.768	-2.7583	-2.6984	0.0154181523782322
35.59	-2.7801	-5.4654	0.019435089509335
37.579	-7.1001	-2.0947	-1.645
36.093	-8.6628	-3.2445	0.220249583176117
33.734	-9.5652	-3.4776	-0.164378316723056
38.216	-4.6273	-2.5373	1.645
27.089	-11.553	-3.8875	0.256961496393077
32.801	-10.494	-2.9191	0.884682114258096
38.241	-4.5629	-4.0563	-0.511146179207611
37.785	-3.759	-1.4766	1.645
38.276	-5.2348	-2.0977	0.271193822526528
37.742	-3.366	-3.0438	1.3760949910289
27.815	-0.57083	-6.707	1.645
28.23	-0.50422	-6.5389	0.65477060730512
29.63	-0.92416	-6.7941	-1.53615579065231
33.189	-2.0783	0.76822	0.0983765037980354
34.078	-0.040589	-5.3448	0.210197955983808
36.923	-2.6406	-4.693	-1.03639790277521
30.923	-10.273	-3.951	-0.334755350344052
33.454	-0.75361	-5.856	-0.626736786424191
37.946	-3.4073	-2.4633	0.629479804301707
24.271	-12.112	-3.4109	0.559630561048631
36.432	-7.4201	-0.80639	-1.38597558254732
35.365	-1.0409	-4.4356	-0.32079253825446
36.627	-4.0545	-5.0559	1.645
36.92	-5.8143	-0.62305	-0.836860821833862
36.617	-3.1258	-4.9507	0.40498908555792
35.936	-1.5523	-5.1143	1.645
22.13	-12.369	-2.9595	1.06941794790781
35.285	-7.5377	0.066807	-0.496614320651982
34.246	-1.9271	-6.1455	-0.100993030044098
35.563	-0.78294	-4.4159	-0.693491906108896
37.246	-2.3567	-4.2847	-0.759502182120187
36.836	-2.003	-4.5542	-1.02907753773461
35.681	-7.0142	0.034118	-0.359765824164054
28.476	2.3052	-0.21928	-1.645
36.702	-4.5632	-0.72328	1.00533131066296
35.022	-2.2931	-0.30106	0.208607562163838
36.997	-2.8596	-4.6194	0.582274841178677
31.828	1.1086	-2.2523	-1.645
35.129	-7.3311	-0.43908	0.310715668722064
35.687	-2.4359	-5.3201	0.314135624929116
26.988	-0.92323	0.91876	-0.282827257056769
31.846	-3.3065	-0.63738	-0.362357809401068
33.401	-1.0653	-5.7202	-0.401527618698439
36.04	-6.7814	-0.20054	-0.263958703697367
34.114	-0.95412	-5.5611	1.15194297794772
36.599	-6.6278	-0.62335	0.257737629837507
37.135	-6.6056	-1.2216	0.0585542215231326
38.176	-5.8106	-2.8118	0.223613026258996
37.58	-4.0989	-3.3811	0.128778452978047
35.637	-6.7245	-0.37612	-0.616866320226334
35.282	-0.54191	-4.5888	-0.420249071208021
35.082	-1.3413	-5.5522	-0.426917725437958
35.866	-8.262	-4.0059	0.123282012214068
37.104	-7.4099	-0.84084	-0.844513383439498
35.513	-9.1151	-3.2543	1.60974047430171
36.187	-7.133	-0.64214	-0.690300378000263
35.107	-0.70271	-4.7009	-0.65164604020096
37.184	-1.7013	-2.732	-1.645
37.267	-6.9481	-1.9059	-0.496323089177306
32.963	-0.82231	0.13576	1.645
35.467	-1.2018	-5.1814	0.560330488201585
19.144	-11.629	-3.5846	1.53547141797721
35.444	-3.6749	-0.45329	0.281712446084825
33.256	-0.209	-5.6186	-0.00774897467992773
38.277	-5.7043	-2.5148	-0.155479146469951
35.262	-6.5396	-0.11959	-0.102215505923905
36.147	-2.2079	-4.9607	1.26653258502682
25.063	2.6942	0.50611	0.176605489486535
35.954	-7.1833	-0.97152	-0.694876954840811
31.359	1.133	-1.4757	-0.70962790814524
36.883	-3.2841	-4.7561	-0.162007420990303
37.07	-3.5895	-4.5398	1.04330968154516
29.455	1.4441	-0.33154	-1.58695109824989
30.771	-10.607	-3.8479	0.461445608761909
35.249	-6.5454	-5.549	0.417344659153417
37.709	-3.0288	-3.4199	0.123112617498272
36.433	-4.7672	-1.4114	-0.442700121365615
27.534	-0.34665	-6.4868	1.03421641015262
36.086	-7.7136	-1.5338	0.355873129920245
38.056	-6.0844	-2.1369	-1.01842944529013
34.733	-2.7372	-1.1845	0.326302969608464
34.09	-1.9336	-5.9096	-0.870650581466075
30.214	-10.125	-4.3742	-1.2628493721219
36.733	-2.908	-4.739	-1.28653402121329
32.649	-1.5728	0.16861	-0.145439252435696
35.94	-8.616	-2.4003	1.1857951973896
38.211	-6.7695	-2.7243	0.725324428322111
34.473	-6.0424	-5.0366	0.714860795851063
36.627	-6.1571	-0.69163	-0.655233257197316
36.064	-7.1385	-1.2273	-0.103134300417785
28.21	-11.078	-3.6007	0.473766107157345
33.526	-9.8154	-3.646	0.216392818366599
37.809	-4.4404	-2.6843	1.59199305774834
36.294	-2.8729	-4.9081	-0.00325466244975681
36.932	-2.2441	-4.676	0.584333736922455
34.882	-7.8087	-4.7386	-0.0946933787512201
36.476	-7.382	-1.0621	-0.16158132947348
37.275	-3.0113	-4.2995	-0.15126706523126
37.16	-7.4515	-1.5202	-0.674074097574417
29.493	-2.0896	-0.37662	1.17384818310262
36.008	-4.144	0.37998	0.10286634925195
33.871	-0.68123	-5.6772	-0.250863658587857
26.97	-0.27744	-6.7405	1.51887026467042
34.878	-7.421	-4.5206	-0.635684751791388
36.796	-7.0838	-1.2456	0.0775504836705546
36.362	-7.0014	-1.1047	-0.0669312259400615
20.626	-11.99	-3.1838	0.995670255465763
37.31	-7.5264	-2.6178	-0.606728550279306
30.671	-0.85242	-6.8893	-1.40259943990879
16.859	-12.177	-3.2421	0.853681496516292
36.905	-4.2578	-0.4808	1.42333218192967
35.511	-1.8353	-5.3157	1.645
21.085	3.772	0.79139	-0.789257409105569
37.367	-3.737	-1.2535	0.336942178363458
36.651	-7.5829	-1.2475	-0.349633084436793
35.014	-8.2377	-0.58041	-0.041262849963629
36.616	-6.8313	-0.47681	0.956621374296833
36.201	-2.0957	-4.461	-0.302482561281511
36.759	-7.1446	-0.57465	-0.920695122548461
35.043	-1.2339	-5.4064	1.48509363753963
36.334	-6.388	-0.29077	-0.442361658238528
35.239	-3.0074	-0.11223	1.645
33.832	-8.7472	-3.3011	1.58552092160651
29.377	1.7668	-0.97623	0.33223025230721
36.531	-6.2769	-0.45093	-1.53052300841876
35.735	-6.5504	-5.0381	-0.153410508947573
36.185	-8.2947	-3.287	-0.0170985962716088
30.382	1.5907	-0.49021	0.010896467669016
36.292	-7.3381	-2.103	0.70336980602393
30.558	0.84485	-0.90212	-0.369675882692632
