30.252	-10.709	-4.2735	1.645
37.784	-3.0457	-3.1938	-0.051240327332457
35.233	-1.7225	-5.4094	-0.604097243124212
36.304	-5.6636	-0.46282	-0.266177689157997
34.958	-1.4558	-5.6443	-0.719823036707747
35.711	-7.1492	-0.48083	-1.03194289186211
35.577	-2.1617	-5.7207	-0.59504476827832
30.384	-1.1125	-6.3906	-0.578733007815049
35.662	-6.8765	-0.14067	-0.450349757896617
37.208	-4.7836	-0.79393	-0.468749165448322
35.031	-0.73919	-5.3013	-0.697819797885913
30.639	-1.4277	-6.4224	-0.49195271867344
30.396	1.5929	-2.7118	-0.716524507401659
37.36	-1.9229	-3.4248	-0.649108422842221
38.053	-4.9272	-3.8114	0.762655679988104
25.215	3.2448	-0.1568	-0.560287691405113
37.946	-3.3618	-3.7233	-0.451078742323855
36.345	-3.4584	-0.40195	-0.685876436042995
29.468	1.8323	-1.3242	-0.983026296487072
35.221	-8.5458	-1.1697	1.04607095993479
37.076	-4.767	-1.1442	-1.31061844106714
38.1	-6.0953	-1.2467	-0.988853607881789
37.421	-4.2265	-4.3602	-0.0560988980451471
37.609	-6.1563	-1.2378	-0.62512330099111
29.628	1.4832	-0.091737	-0.569240268039661
30.886	-9.9839	-3.954	1.645
36.237	-7.9567	-0.56517	-0.433578654472566
38.043	-6.8756	-1.8666	-0.396381088285404
37.508	-3.0489	-2.1855	-0.212369885051919
38.329	-4.7319	-3.6869	-0.0908375872310387
34.7	-1.2137	-5.6412	-0.497860102445841
38.1	-3.8544	-2.0497	-0.196942713662262
35.969	-7.2747	-0.90899	-0.229449838929145
27.088	0.10397	-6.6888	-1.33837014280684
37.973	-4.0567	-3.8317	0.25888026761187
27.649	-11.462	-3.5438	0.830980941257517
35.681	-8.7417	-2.8366	1.31049457651724
27.506	2.6504	-0.70193	-1.1223582831529
29.352	-10.501	-3.6657	1.645
36.904	-6.9214	-1.6942	0.231568621159147
35.473	-9.362	-2.7353	1.00116484192161
36.27	-3.1772	-4.7845	-0.210867087015816
28.019	-0.25125	-6.6692	-1.12458416811342
33.485	-9.167	-3.831	1.35964164525465
34.236	-10.016	-2.8261	-0.316190591902142
33.449	-0.6842	-5.706	0.0886797956628053
36.817	-3.992	-1.0023	-1.01145809454851
36.439	-2.5243	-2.1194	-0.170301691968656
34.364	-0.084456	-4.3062	-0.303704200183773
35.596	-0.68966	-4.4515	-0.565433844665529
36.24	-2.3286	-1.4169	-0.254718801145726
36.865	-7.6925	-1.6333	0.137930551968144
37.22	-6.5674	-1.1292	-0.153640921968521
37.897	-4.8967	-1.5729	-1.57766614344394
35.228	-2.001	-3.9949	1.14667555593031
33.384	-0.71081	-6.05	0.226020411761222
36.605	-7.0821	-2.621	0.975331263094926
34.196	-9.5363	-3.2052	0.250306628066769
30.378	-9.9318	-4.0164	1.645
35.451	-2.0421	-5.2604	-0.0637604503424659
37.029	-6.5279	-1.0449	-0.794292353670217
36.22	-7.0306	-1.8249	-0.297764399659589
35.361	-7.6139	-0.68234	-0.507848360351223
37.68	-3.1829	-3.9933	-1.11029100997549
34.157	-1.6204	0.0068926	-1.6056175608507
37.485	-7.2194	-1.5734	-0.124933106643271
36.966	-5.8746	-2.2644	-0.036801104492879
36.318	-6.8931	-3.2431	0.815846938569452
34.278	-8.7974	-3.7387	0.34442077231892
31.307	-10.824	-3.7747	1.645
37.731	-4.9146	-1.0312	-1.51383446850333
23.754	-11.761	-3.3614	1.645
36.647	-7.5774	-0.80506	-0.758168181115843
37.798	-6.4612	-2.1662	-0.884327204501316
37.754	-3.583	-4.2792	-0.200897601178466
35.975	-7.482	-0.79263	-0.384462833275693
37.505	-6.6685	-2.6847	0.244920124550133
35.53	-1.198	-4.9193	0.289261807488438
37.23	-3.1353	-2.1204	-0.0441501413953187
36.382	-2.1964	-0.9519	-0.962983461286935
24.761	3.1961	0.59405	-0.0509383309451696
33.85	-8.5339	-4.1833	1.11007299904708
31.588	-10.845	-3.7152	1.56839565698501
34.348	-1.5875	-5.124	-0.600605442484087
35.855	-8.5351	-4.1011	1.49894674220031
35.188	-7.5203	-0.50527	-0.997377484992324
29.408	-0.87213	-6.5897	0.119168562796628
29.318	-10.906	-4.083	1.34713448019493
36.734	-4.8522	-4.9762	-0.421018188430556
36.425	-0.63911	-3.5397	-1.04493339398473
35.68	-4.0853	-5.459	-0.766116057402912
37.21	-7.0648	-0.9211	-1.2443840491661
35.97	-1.7404	-1.3486	-0.529343242579448
36.73	-2.8421	-4.3338	0.683957563904674
35.127	-8.9068	-3.2601	1.11226195576343
34.516	-1.442	0.39769	-1.60187264065692
26.621	-0.41676	-6.7491	-0.735995101261363
33.447	-0.099584	0.24688	-0.595585123822037
35.417	-9.3933	-3.2228	1.645
37.061	-6.5184	-1.2337	-1.0486791936168
36.761	-4.0431	-2.5386	-0.0980397384737977
36.51	-6.2637	-0.54518	-0.736971587789344
36.466	-7.3544	-0.70317	-0.705050817710659
28.861	-2.2487	0.5869	-0.816565739382774
37.211	-6.4572	-0.88182	-0.173352427613717
37.444	-6.7964	-3.6172	1.41465908841724
36.601	-7.2495	-1.0362	-0.78701150460346
27.931	-0.28496	-6.5634	-0.396437416862316
31.618	-10.13	-4.2517	1.645
36.223	-7.4272	-1.0084	-0.114347785281926
29.629	-10.882	-3.5421	1.645
29.947	-10.855	-3.69	0.958716128558924
37.298	-6.2867	-4.72	1.38793592535404
38.155	-4.6891	-2.4946	-0.65370526604288
29.457	-8.1844	-4.6495	1.645
37.961	-6.4367	-2.1714	0.985325039912174
24.995	-12.011	-3.4335	1.645
37.283	-5.6156	0.019012	-0.766698930086086
36.059	-5.4499	-1.2052	-0.188595896176343
27.944	-0.12737	-6.92	-0.139065817986643
33.895	-8.0079	0.42918	-0.327409958437232
34.547	-9.2514	-3.6529	1.1226566292001
27.474	2.3031	-0.87242	-1.645
36.897	-3.6054	-4.7352	0.544912060319137
34.858	-0.90232	-5.1763	-0.75451140114524
27.282	1.8772	0.36123	-1.20230075287038
26.937	-11.434	-4.0353	1.645
34.051	-7.057	-4.9855	1.32541122981265
36.385	-6.6891	-0.91737	-0.280886321693823
36.707	-6.8401	-1.3848	-0.96075015339722
36.43	-6.2279	-0.72841	-0.590286348083991
37.485	-6.1472	-1.8209	-0.296359525436879
37.336	-4.2892	-1.3951	-0.981313837031534
36.534	-2.8847	-3.859	0.351325502049993
36.765	-2.6537	-0.90358	-0.210836756502327
38.365	-5.7093	-3.163	0.558801067080803
26.795	-1.38	0.76789	-0.890160039417495
37.736	-7.0645	-2.0451	-0.26905742893933
27.947	-11.622	-3.3485	1.645
29.441	-2.4441	0.42788	-1.04229139646868
34.545	-0.57259	-5.36	-1.00109027915444
37.192	-7.2199	-0.97104	-0.644396077040478
35.643	-1.0173	-4.7475	0.0524726999419376
29.467	-10.775	-3.9691	1.645
36.573	-8.3132	-1.1099	-0.303353192512873
36.38	-6.6055	-0.06572	-0.522985523553613
36.872	-7.3054	-1.1125	-0.813993350252461
31.012	0.82625	-1.0063	0.051354669644998
33.073	-10.383	-3.0347	0.528135119117526
33.721	-9.813	-3.1666	-0.117727043774907
36.514	-2.8311	-4.6458	0.357720052309004
26.728	-2.4993	0.37058	-1.28001290000771
35.137	-7.474	-0.47603	-0.70116422649571
33.092	-2.3509	-0.10809	-1.2322907550774
30.162	1.0924	-0.59141	-0.336030374430092
35.653	-8.8056	-2.0148	0.640195019934083
37.55	-2.3992	-4.0514	-0.0446641663390765
28.167	2.2203	-0.26485	-0.959743630278017
37.262	-7.6743	-2.5575	0.0514833627478283
28.68	-0.5989	-6.5866	-1.30455994612463
36.82	-6.8749	-0.3813	-1.56272561896796
37.969	-4.1044	-3.9668	0.67869742083041
27.04	-0.27364	-6.8262	-0.924439129847376
35.876	-2.8084	-4.9303	-0.0438143785445957
36.613	-7.1136	-0.79163	-1.30525232648049
29.461	-1.419	0.7187	-1.05787169492566
33.343	-10.105	-3.3928	0.249299429559712
35.407	-6.9301	-1.0617	-0.689372743852102
36.67	-6.252	-0.26205	-1.16944792338997
36.115	-6.9508	-0.31193	-0.746106476438636
30.193	1.2549	-0.92182	-0.498815492010921
36.741	-6.2321	-0.25214	-1.19474761626839
35.394	-6.7244	-4.8998	0.788659699464141
35.901	-7.5783	-1.5121	-0.812123090672263
36.212	-2.8864	-4.4424	0.569637607825917
36.519	-6.8297	-1.8835	1.18044818056358
36.757	-4.3829	-1.9128	-0.720201716264205
37.299	-4.6356	-4.2258	0.37921067542193
36.961	-6.9266	-1.1732	-0.78817834213777
35.464	-9.2253	-3.2972	1.54729750234678
35.372	-7.55	0.094466	-0.836506368416043
37.434	-3.8318	-1.858	-0.798581608646773
37.432	-2.5769	-3.2596	-0.309918939737213
35.832	-1.7551	-5.3572	-0.684367118143312
34.841	-1.1825	-5.6789	-0.0911551584742746
35.748	-1.2876	-4.9432	-1.06343433930192
37.279	-7.3662	-1.4602	-0.750287983361133
33.607	-1.7542	0.66326	-1.645
36.366	-7.7739	-1.273	-0.340565183465849
29.524	1.8227	-0.21233	-1.27105493755989
24.281	-0.95431	1.6062	-0.336113184127822
37.71	-3.7762	-3.6003	0.160364874759099
37.127	-6.706	-1.4274	-1.13641398940446
37.568	-3.1113	-4.1591	-0.899318974126138
36.105	-7.3621	-0.27467	-0.579007550109672
36.68	-3.1089	-0.80076	-1.10348026998118
37.185	-5.435	-1.2468	-0.266058230461677
35.352	-7.529	-3.7597	0.313043937449772
37.144	-2.5994	-2.8073	0.0399791594335384
36.629	-7.321	-0.79914	-1.08349496631828
29.709	-1.2098	-6.7267	-0.360189253329215
28.639	-1.7463	0.11451	-0.295600667017662
33.884	-9.4559	-2.2002	-0.226487800777833
29.769	-1.6298	0.65782	-0.928174262069649
37.081	-2.2684	-3.7777	-0.187642912834546
36.206	-7.2978	-1.6692	-0.108303813320849
25.402	-11.378	-4.1255	1.60663539864787
37.885	-6.1483	-4.0581	0.559937681357695
31.038	-10.399	-3.8462	1.645
36.67	-6.0862	-0.60603	-0.183735341271708
34.412	-0.72442	-5.3799	-0.754922834258982
29.81	-10.35	-3.8864	1.58208405791302
33.106	-8.9881	-4.6548	1.645
29.473	-0.48085	-6.5681	0.394911573966663
35.74	-1.5646	-5.2828	-0.736669673073321
37.574	-2.8168	-1.8882	-0.349569193110296
32.89	0.72047	-2.1587	-0.629870183533858
36.778	-6.6332	-1.1096	-0.161183976695241
37.034	-3.681	-5.0419	-0.310900406947391
27.479	-1.1421	0.8687	-0.717965267078517
35.114	-8.5241	-4.0748	1.39537225788423
35.997	-3.0534	-4.6892	-0.195598841709796
36.301	-1.469	-4.8456	-0.356017993262696
33.033	0.14127	-0.89016	-0.2848776702018
35.769	-1.0613	-4.7791	-0.386850855953574
24.668	-11.654	-3.2159	1.645
28.566	2.1575	-0.46418	-0.893417682089442
18.476	-11.922	-3.6567	1.645
31.902	-10.188	-3.1425	1.645
35.592	-6.7005	-0.93449	0.288829078559966
34.055	0.053927	-3.4849	-0.439568904901355
29.642	-1.2463	-6.7948	-0.545075496739124
37.359	-2.1066	-3.8716	-0.22379818210389
28.656	-0.89458	-6.9293	-1.07578002637253
37.672	-6.7785	-0.78609	-0.538695370018185
35.668	-7.5501	-1.0858	-0.447494435871574
36.261	-6.8152	-1.5389	-0.449163335023775
36.834	-6.7319	-1.2722	-0.515385092143693
36.996	-7.5969	-1.0678	-1.30964536430296
30.542	-6.0829	-5.3952	1.44676278554992
35.304	-0.72865	-1.7241	0.320632729970805
32.167	-10.434	-3.3169	0.966149031943514
37.241	-6.6798	-1.5083	0.429021847131199
37.692	-3.8642	-3.9815	-0.0764036528628017
36.295	-7.3641	-1.1927	-0.388387173915129
36.177	-1.3727	-4.7834	-0.91630104867708
35.221	-1.4667	-5.6054	-0.691790876767739
36.195	-3.0407	-2.149	0.106515758717053
20.821	-12.156	-3.2601	1.53905340401906
28.31	-11.059	-4.4058	1.645
37.112	-7.4161	-1.9881	-0.891219689443047
35.304	-6.792	-4.5462	1.645
31.554	1.5166	-0.70294	0.113119444580148
35.332	-3.4379	0.25797	-1.13955124815032
33.492	-9.8817	-3.9009	1.61840025255955
37.411	-6.3305	-1.4893	0.539781819621681
35.78	-6.7263	-1.6317	-0.0304756236650546
33.448	-0.77411	0.15523	-0.92829542167251
35.375	-5.2242	-0.81239	0.00108102972329238
33.301	-0.8584	-6.2191	0.242473015688816
33.996	-0.50546	-3.2843	0.405162608430133
36.135	-7.0239	-0.50614	0.0494682537400283
35.965	-2.0548	-5.2201	-0.46698453108579
36.394	-6.1789	-1.2919	0.818690946869313
37.406	-4.8724	-2.8986	0.326348771261889
36.04	-7.8278	-3.3901	0.0261779751543105
36.003	-7.4847	-0.98669	-0.159374880078041
37.505	-3.3844	-3.665	-0.241403288693916
38.095	-4.4114	-3.0289	0.150597403975406
28.845	-0.3391	-6.3215	-0.394462430964349
31.873	1.1603	-1.4668	-0.54750112942833
37.224	-5.958	-1.089	0.211189812067312
37.745	-6.0125	-2.6235	1.15986235477187
32.761	-10.279	-3.5803	1.645
35.146	-6.8688	-1.1453	-0.747747875286706
22.237	-11.81	-3.5527	1.645
36.309	-1.0166	-2.6914	-0.396444303573388
32.789	-9.4975	-3.0511	1.38172731878477
38.051	-7.0224	-2.7249	0.80657031216025
37.117	-7.0294	-1.3152	-0.706770814997962
29.757	-0.67542	-6.5392	-0.112156423362194
37.809	-6.3381	-1.42	0.256663996295848
37.268	-4.9914	-0.25184	-1.42966484335493
37.709	-3.5095	-2.5169	-0.605476960255577
29.359	-1.6151	0.50232	-0.910568896636275
35.72	-8.5251	-3.5035	0.95311741535786
35.965	-1.3746	-5.0021	-0.212868198647528
36.316	-4.3292	-0.2157	-0.815981473241463
32.677	-8.7274	-4.1685	1.645
38.36	-5.3256	-2.9136	-0.0374520584753926
36.221	-7.3412	-4.4751	1.63036464870934
34.415	-6.8325	0.075148	-0.757076345085175
28.368	-0.59665	-6.7559	-0.809450685884272
36.759	-3.5836	-0.81804	-0.564860521522187
34.095	-9.7839	-3.228	0.690560454902198
37.368	-6.4768	-2.9922	-0.309608933373909
37.332	-7.2515	-3.8961	0.715074340058864
35.258	-5.3219	-5.4431	0.420802884366735
36.321	-3.9637	-0.27042	-0.572409345462973
36.03	-6.7396	-2.2656	0.154955414363814
36.297	-6.6218	-1.3064	0.935256502635201
36.623	-2.2417	-4.4946	0.225917150749925
30.035	-10.734	-3.8263	1.645
36.66	-6.6386	-0.37036	-1.0323605206845
21.515	-0.27706	1.74	-0.962215066728042
33.103	-10.306	-3.7632	1.62177784168537
36.952	-8.0395	-3.7747	1.18129983774565
22.571	-0.57713	1.5151	-1.20407054134418
37.393	-3.4946	-4.3244	-0.141786877643195
29.076	-11.036	-4.0158	1.48318172674903
27.77	-11.555	-3.6482	1.645
37.578	-3.8494	-4.4812	-0.705015007293823
37.42	-3.8425	-1.2864	-0.154421297327791
26.936	-1.6129	1.3973	-0.168002610823239
36.112	-7.3194	-0.71772	-0.264626071099294
35.791	-7.0583	-0.31701	-0.944318607927029
30.4	-10.876	-4.4696	1.645
35.159	-1.6508	-5.7185	-0.394414322295095
36.861	-1.5517	-4.234	0.0708741116752515
26.877	2.3493	0.26303	-0.997541589804384
20.474	-12.495	-3.206	1.3631420363892
27.177	-2.3797	0.14023	-0.279158344777157
37.496	-2.3662	-2.2257	-0.185665205278835
34.893	-8.2576	-0.2879	-0.560069030986093
26.716	-11.636	-3.9302	1.645
34.889	-7.5416	-4.5362	1.37013439853146
36.442	-8.308	-1.1302	-0.492123686241228
35.773	-7.8802	-0.81617	-0.372037985600287
37.317	-6.8573	-3.3818	0.761524319245295
36.102	-3.0749	-5.1304	-0.358533769416879
37.105	-2.5589	-3.5756	-0.616716924249605
25.809	-11.625	-3.7767	1.645
31.857	1.6245	-3.1076	-0.44356109132675
26.788	-1.3344	0.7076	-1.01460454858505
37.049	-6.6954	-1.5441	-0.726554317782566
30.72	1.4517	-0.34053	-1.11812619019961
27.045	2.3681	0.63953	-0.0985050255420937
20.617	-0.3175	1.6639	-0.455145661021509
37.887	-5.396	-1.5637	-0.091548727329658
37.858	-5.3791	-3.9756	1.56753088442253
37.652	-4.4151	-4.0434	0.679061657942316
29.685	-10.994	-2.7076	0.929626375557355
33.751	-10.254	-2.9882	0.521743872420903
33.908	-0.57427	-1.1263	0.0578386180356649
36.426	-7.9875	-4.213	1.51052664473442
33.919	-7.0507	-5.0645	1.20013491892572
37.54	-3.8517	-4.3804	-0.404012615434296
35.577	-1.6453	-5.4049	-0.850759598895804
38.032	-3.8433	-2.5224	-0.158086358923883
26.259	-0.18253	-7.0548	-0.431456693327772
35.993	-7.0808	-1.3785	-0.591781375841693
34.187	-1.4715	-5.6999	-0.226408117218929
38.371	-4.863	-2.051	-1.52839055706966
36.918	-7.5758	-1.5006	-0.0896565186558206
36.473	-1.6404	-4.767	-0.524769387940133
28.657	-0.49517	-6.6234	-1.21103709109364
36.394	-7.593	-0.62675	-0.996695523466412
36.478	-7.1979	-2.0881	0.00660327961165332
35.184	-9.2901	-3.1965	1.43886154695372
33.753	-9.4761	-3.5559	0.923595479305572
38.074	-4.3028	-2.4632	-0.199370524871226
36.292	-2.6554	-4.4174	-0.0254135792711702
37.272	-6.8375	-1.1314	-0.844348101397161
33.715	-9.6432	-2.123	0.712207315352833
35.237	-0.69076	-4.8874	-0.718064029875532
24.414	-12.142	-3.2013	1.645
37.569	-6.5148	-1.4642	0.104825751180943
36.96	-6.9343	-1.0159	-0.0997195880582872
37.294	-1.9809	-3.4145	-0.588629120359001
37.737	-6.611	-1.2513	-0.447544877317599
37.08	-2.6979	-1.4846	-0.17336466055771
37.508	-7.0244	-1.8393	0.738956665943219
37.038	-4.3294	-1.0892	-1.10356328779826
34.492	-7.3364	0.24994	-1.11163315488101
27.619	-11.723	-3.0238	1.54576223937114
37.109	-7.0105	-0.90472	-1.03796201667896
33.954	-0.85081	-5.874	0.427055912965944
25.499	-1.9116	0.89186	-0.757036122159852
33.203	-10.02	-3.7952	1.39206444759033
36.949	-4.5689	-2.2549	-0.369944231576845
38.43	-6.1105	-2.4777	-0.120827495382406
36.281	-7.2612	-1.4428	0.0644215068064146
36.205	-2.6511	-0.80731	-0.994069832966918
31.294	-7.8077	-4.7166	1.645
28.036	-0.32208	-6.6729	-1.05795380344792
37.033	-2.5461	-1.0928	-0.247782349847348
33.627	-10.262	-3.7998	0.0872307644796969
28.89	2.0927	-0.92713	-0.0899519885140012
36.811	-6.4165	0.35144	-1.11906630676841
37.011	-5.9559	-0.4383	-0.330280321662168
38.201	-3.9247	-2.182	-0.703087584224005
36.854	-3.5895	-4.6313	-0.0349406139291913
37.373	-6.9962	-0.69014	-1.04783671407085
38.149	-5.5533	-1.2842	-1.22794429916439
36.144	-2.2189	-1.1147	-1.04580736663742
35.14	-0.37334	-2.7565	-0.259732306486946
36.902	-7.0363	-0.65284	-1.23196384742557
36.446	-6.3734	-4.8093	0.392903873442247
36.044	-8.7182	-2.4083	-0.0370834114801507
34.719	-9.8405	-3.3063	1.14496766266769
36.437	-3.6993	-4.3082	-1.31036851119555
34.532	-1.6199	-5.9276	0.169108209687628
24.371	-1.4143	1.2245	-0.171727090723661
27.162	-11.286	-4.1317	0.909724726457053
35.233	-8.8871	-3.1131	1.645
34.886	-6.2481	-5.5571	0.63539090025827
34.45	-9.2067	-3.1109	1.12573135457987
35.822	-6.391	-2.1782	0.59570059841757
35.733	-1.9219	-0.14499	-1.41791808732765
35.874	-8.6177	-1.8043	1.06611470354695
34.192	-8.3314	-3.5638	0.912914306259385
37.948	-6.3604	-1.6608	-0.54563964717221
35.228	-8.4952	-3.2171	0.40384335553295
34.806	-6.9562	-0.62806	-0.576317131715131
26.345	-1.1055	0.5634	-0.980704616358041
25.296	-0.72466	1.6146	-0.532796641065714
37.422	-3.4628	-2.3274	-0.0993910444628584
28.048	-11.488	-4.1721	1.645
37.105	-3.6061	-4.5524	0.0532569349957959
36.419	-6.6899	-0.5559	-0.873945279221019
35.34	-2.5809	-4.242	0.709316289039658
33.407	-9.7397	-3.9947	1.645
32.896	-9.6574	-3.1526	1.14968935712942
36.359	-7.4549	-1.0004	-0.877756451907555
35.12	-1.2742	-2.8903	0.634424820299969
37.498	-3.5547	-4.4466	-0.585682057356797
36.054	-7.6498	-0.76852	-0.316249768205481
37.167	-6.6659	-1.13	-0.845521543184633
37.129	-4.2692	-2.0975	0.124780323950504
36.978	-1.6567	-1.9199	-0.779991587525188
29.606	1.5715	-0.54431	-0.87397340509416
33.643	-1.3637	-2.5897	-0.398377781720602
34.789	-7.3388	-0.54573	-0.238733208904223
28.725	1.7036	-0.72164	-0.792575585644418
24.712	2.8802	0.58317	-0.0120426948025694
36.593	-5.8661	-0.6886	0.229300992575636
36.284	-1.8405	-5.0251	-0.105572755655877
29.893	-1.3723	-6.5831	-0.0607076151556502
36.546	-7.4554	-1.1895	-1.0058606389917
35.946	-6.5489	-1.2203	-0.381103703283751
36.537	-6.8783	-1.0337	-0.408233824398045
20.317	-12.541	-3.2969	1.06226731944576
34.361	-1.276	-5.9627	0.358012893634963
37.923	-3.705	-3.5402	-0.597732590524772
37.259	-3.0075	-4.4835	-0.185191591827593
37.096	-3.0514	-4.6541	-0.111525801124457
34.849	-9.695	-3.414	1.18884859518606
38.398	-5.8134	-1.1318	-0.841096211198219
24.003	0.13853	1.4663	-0.698153481754854
37.122	-3.4666	-4.8168	-0.437337743016396
36.732	-7.2218	-0.73825	-1.32237127986459
33.778	-8.1256	-0.58235	-0.464753699031161
31.849	-10.422	-3.1593	0.400300337574443
37.14	-3.9296	-2.3872	-0.46790309167114
36.72	-6.1892	-0.64828	0.220792115290667
36.229	-7.0194	-0.57746	-1.18684352005174
31.782	-10.612	-2.5976	0.890070310690055
33.339	-3.0923	-1.8954	0.0621817552772503
31.845	1.0033	-1.1008	-0.072872916065624
34.623	-7.9058	-0.21977	-0.479152443030389
36.82	-6.9642	-1.231	0.664305870399994
38.141	-4.2786	-2.7783	-0.257196424475753
36.231	-6.2373	-5.1256	0.389677858679298
36.289	-2.5821	-5.4333	0.0949663130046887
37.38	-3.0814	-1.6637	-0.104459753992497
35.425	-1.3523	-5.359	-0.196191928549054
35.754	-8.7903	-3.0805	1.24134268528384
36.588	-2.8971	-0.65573	-0.840677653884342
28.461	0.98628	0.17033	-1.00621348867789
36.185	-1.9151	-5.1717	-0.902540908308285
36.577	-3.213	-5.146	-0.206508533168168
36.786	-8.3038	-2.0017	-0.0935518724331716
37.997	-4.8692	-1.9471	-0.512752889678154
37.103	-6.7509	-1.4273	-0.243183952526783
38.09	-4.6696	-3.7878	1.40304698419728
25.277	-1.3055	1.488	-0.386488794531409
36.099	-2.2894	-4.5739	0.542574095853753
31.698	-1.481	-6.3148	0.193185065750972
37.265	-6.8089	-1.3866	-1.01642154497553
32.951	-2.1329	0.73755	-0.955626588822014
35.127	-9.5065	-3.6642	1.645
36.16	-6.4134	-0.87063	-0.612665653892013
37.729	-4.9993	-4.3855	0.905236155826186
32.13	-10.432	-3.3767	0.785326438468164
37.573	-3.3045	-2.1576	-0.146881054748555
37.755	-3.5724	-3.9847	-0.889522856394588
37.348	-6.6439	-1.5268	-0.380938201033622
37.925	-7.2268	-2.1791	0.707136684474201
36.177	-1.8567	-5.0243	-0.245240503955806
37.795	-6.7263	-1.3088	-0.363319287859349
31.65	0.84958	-1.5053	-0.791043092241513
36.07	-7.6448	-1.1824	-0.835744129172536
22.184	-12.39	-2.6067	1.645
30.247	-10.532	-3.9948	1.645
37.393	-6.592	-1.4972	-0.938745019064609
37.554	-2.4907	-3.7862	-0.185554015620936
37.201	-7.6178	-1.6684	-1.15701283297346
30.283	-1.7556	-6.5862	-0.516110605888852
25.356	-12.145	-2.9767	1.645
35.172	-5.0249	-0.59907	-0.483065748286947
37.305	-7.1596	-1.4898	0.0140179653862792
35.947	-3.498	-4.6138	-0.0937705152255257
33.207	-10.28	-2.8261	-0.348669620603837
28.016	2.2856	-0.45016	-0.465110010531996
22.195	-0.52443	1.9394	-1.28205650732499
35.802	-9.2502	-3.1529	1.645
36.956	-7.4289	-1.0991	-0.727908277874518
38.171	-4.4907	-2.327	-0.854010008719543
36.092	-7.0394	-3.7643	0.0902565253374121
26.98	-11.301	-3.1408	1.62822733870705
35.669	-5.378	-5.4118	0.0275391946723282
34.864	-0.4048	-2.0771	1.645
36.613	-7.0288	-0.34779	-1.49072974646523
31.329	-9.8618	-4.0712	1.46676167210889
36.769	-3.844	-5.1959	-0.720456405947882
30.827	-10.451	-4.0079	1.645
37.061	-7.7577	-3.156	0.959703249202455
34.483	-1.1037	-5.7561	-0.622846400570139
35.73	-7.9709	-0.66978	-0.249850056799438
26.612	-11.577	-3.6266	1.645
36.745	-7.1831	-2.3689	0.602211026018069
31.359	1.2267	-0.79001	-0.649115118033402
34.084	-5.1555	-0.37926	0.100249631027537
38.29	-5.6387	-2.4153	0.174606539189259
22.106	0.18732	1.8667	-1.07052420846529
35.735	-6.692	-0.29731	-0.228023063341342
17.095	-12.321	-2.8753	1.645
36.501	-6.4825	-0.69156	0.0313201033633788
26.577	2.4753	-0.54886	-0.831490954858502
37.219	-2.0424	-2.5208	-0.585841771844345
36.172	-0.92643	-4.2247	-0.819028154736752
37.095	-4.2397	-4.9509	0.204816280578959
33.674	-1.1195	0.1615	-1.00320872335182
36.517	-7.0275	-0.29672	-1.3928197144419
31.972	-10.291	-4.3015	1.645
37.138	-4.5323	-4.5154	-0.0548394543482994
32.883	-8.6579	-4.8132	1.645
33.946	0.48495	-2.0193	-0.28064437907264
33.226	-8.1007	-3.0252	0.347725232087097
36.037	-8.4397	-2.6454	1.645
32.196	-1.6907	0.61627	-0.877396920724553
27.763	-0.19828	-6.7383	-0.59874973116294
36.339	-6.8364	-0.98471	-1.08484283697679
32.65	-0.74971	-6.2361	-0.254660138005649
36.261	-2.6379	-4.6789	-0.248622006422524
35.636	-9.2272	-3.3149	1.645
37.07	-2.1273	-3.4271	-0.213107006459926
36.04	-8.1498	-3.5092	1.18856606627371
37.255	-6.7602	-0.97143	-1.19507389906974
33.652	-9.6058	-2.9365	0.738124107299464
35.983	-8.1255	-2.4158	1.645
34.944	-8.9841	-4.1297	0.737447611748341
33.04	0.80558	-4.2231	-0.934773762137842
37.059	-7.1464	-0.47755	-1.45965719729626
35.629	-9.285	-3.1762	1.645
37.101	-2.5892	-4.5559	-0.240505301682525
33.365	0.518	-1.5642	0.553995432182015
37.799	-3.4383	-3.9197	-1.17373442917684
37.502	-6.2755	-1.1577	-0.19534171482224
37.352	-7.3788	-1.6396	-0.293589074455095
34.537	-0.89781	-0.21511	-0.875930297895192
34.933	-9.2861	-1.8374	1.49814249906387
34.882	-6.9392	-0.59267	-1.02400240201297
28.051	-11.463	-3.9954	1.645
38.583	-5.346	-2.3082	-0.644911292744234
35.765	-2.3939	-5.2168	0.00728912131062122
35.587	-2.51	-0.4416	-1.58171231539338
37.18	-7.2877	-2.0295	-0.797369986686667
36.955	-6.6936	-0.62468	-1.45689877582154
33.145	0.72644	-3.0346	0.171615462040716
36.358	-1.9963	-3.3979	-0.25829462208609
35.264	-7.1588	-0.50919	-1.15131216726956
34.658	-0.62976	-5.3143	-0.26472385502088
36.36	-2.2355	-0.98092	-0.627002168543505
36.834	-7.6649	-2.6837	1.6186274758851
21.132	-1.0722	1.3773	-0.694529664187478
13.152	-11.939	-3.2046	1.29789090797107
36.426	-6.7145	-0.56541	-0.765302557454793
36.807	-6.8513	-1.4331	-1.05200871290215
36.444	-7.3508	-0.80357	-1.10866421876938
35.638	-1.1759	-3.9446	0.0993895811090299
27.737	-11.284	-3.2202	0.768150369641533
36.113	-7.5229	-1.1566	-0.477179587248891
34.689	-0.28268	-3.6521	-0.151455392019458
37.379	-3.6702	-0.92475	-0.619462533741982
38.099	-4.1749	-2.0066	-0.593962325273076
38.276	-3.9029	-2.2387	-0.13807028576993
35.502	-5.9782	-1.6541	0.784020924439638
36.584	-6.9242	-0.77023	-0.86925206135936
35.672	-1.7917	-5.3377	-1.21140988820177
36.752	-3.5477	-2.6273	-0.352907046677775
34.205	-9.6351	-2.6179	0.289262846346058
36.673	-7.7313	-1.7312	-1.02227314682916
34.93	-7.4385	0.28604	-0.709410070522069
36.492	-7.1408	-1.0361	-1.56402237897559
37.788	-4.174	-1.7582	-0.0484017636641153
36.965	-3.0487	-1.9398	-0.452052153079031
38.23	-4.9132	-3.4835	0.636197949022562
36.663	-3.1631	-0.3802	-1.14995719590754
33.099	0.055081	-5.2592	-0.217204650847153
31.239	-10.563	-3.4322	1.62981843199975
35.881	-1.4853	-5.1216	-1.09651147994067
33.57	-8.7984	-2.8098	0.255716407278045
37.128	-7.3755	-1.516	-0.767866654351035
33.552	-9.7298	-1.7604	0.23988734837758
35.169	-9.4052	-2.0994	1.14809799980808
33.728	-7.5046	-4.2941	1.645
31.148	1.1191	-1.7657	-0.669263688174081
36.1	-5.7452	-0.9397	0.824875955026461
14.2	-12.25	-2.7913	1.59397204644949
33.449	-0.70302	-0.86649	0.785747478466987
36.735	-2.0513	-4.5974	0.467498009487893
37.97	-6.9158	-1.8538	0.734061450541223
37.271	-6.6982	-1.6293	-0.0678429096817403
36.379	-3.7123	-1.4074	-0.639893511672103
24.282	-11.844	-3.4144	1.645
36.613	-3.0796	-0.94265	-0.947650166455747
35.771	-6.6465	-1.0204	0.138695717185838
29.6	1.593	-1.8446	0.173108509110866
37.883	-2.6633	-2.9858	-0.917597977257391
31.258	-10.897	-3.3516	1.645
28.835	-0.9672	-6.622	-0.850252558923475
26.632	-11.363	-3.9523	1.645
34.045	-9.3825	-2.7884	0.384743606878018
36.668	-5.7643	-0.36006	0.236341940655835
33.156	0.051677	-0.95287	0.195112104609925
33.764	-0.71277	-5.7633	-0.372630311254337
35.295	-7.3557	-2.6164	0.463699015854608
34.803	-7.3818	-0.18694	-0.344134015468102
34.462	-9.6263	-2.7398	1.14555856289516
35.186	-7.3743	-0.73991	-0.624289107199917
36.568	-6.7341	-0.43936	-0.86117359029778
37.311	-7.1319	-2.484	0.759457162029807
24.603	3.0977	0.72789	-0.233690344133716
30.903	0.73487	-0.78254	-0.73451974874038
36.998	-6.8792	-0.55387	-1.11324965456947
33.493	-0.10664	-5.5756	-1.03431190653784
38.411	-5.9434	-2.5654	-0.0453643513924037
23.875	-11.581	-3.7265	1.645
31.882	0.099737	0.85538	-1.23537548132729
31.935	-9.6442	-3.1092	1.645
26.959	-11.641	-3.4896	1.33161660437119
27.536	2.4938	-0.31686	-1.13275957454182
37.244	-6.5933	-1.2809	-0.657749501178274
29.127	1.8274	-0.60295	-0.738571044625496
37.126	-1.7498	-4.0023	0.754260695208332
37.964	-6.7002	-1.5893	0.609018626885833
29.648	-0.84476	0.71673	-0.655741641265257
37.316	-6.1483	-0.43037	-0.741705166622793
37.077	-7.9142	-1.4075	-0.812186313355071
33.288	-0.28058	-5.9272	0.296451962723669
35.647	-8.0758	-4.3618	0.446441578008145
36.307	-7.1819	-0.72469	-0.643073769631549
37.012	-7.3768	-2.6185	-0.441513152083603
29.6	-10.915	-3.8914	1.645
37.241	-3.7254	-1.2785	-0.403860251448093
36.381	-6.3235	-0.97449	0.440009542182233
38.228	-5.9979	-2.4075	-0.02069308168187
29.683	2.3099	-1.5653	-0.502785230709751
36.092	-3.3609	-0.37577	-1.3221964293051
36.459	-2.2777	-4.9212	0.181537132127998
26.628	-11.465	-3.5706	1.645
37.597	-4.7139	-4.268	0.467653205251319
37.638	-2.9456	-1.7393	-0.483225653476184
36.825	-5.2081	-2.5948	0.918430765751978
37.001	-3.1956	-1.9825	-0.455430606364164
35.376	-7.6203	-0.86273	0.00676982577027471
29.737	-10.997	-3.7093	1.4208290585592
36.646	-6.9621	-4.4572	1.40922044584589
35.599	-6.7579	-0.15719	-0.598241442745377
31.82	-1.1205	-6.6025	0.320976435783716
36.406	-3.0178	-1.5552	-0.658039523028282
33.897	-9.3231	-3.4479	0.472177521213954
32.105	-1.7627	-0.10838	-0.859265877860807
36.277	-7.249	-0.71106	-0.0926310710499135
36.737	-5.862	-0.77037	-0.479601145576042
36.388	-6.8777	-0.40505	-0.631798632669364
37.261	-2.7718	-4.19	-0.852137077308653
31.621	1.471	-2.1952	-0.740745330564441
37.684	-3.9188	-3.9944	-0.509823915445762
24.924	3.2424	0.63254	-0.414282118361998
35.866	-3.3966	-1.9231	-0.698192726536473
27.767	2.2237	-0.43318	-0.779827928053763
35.011	-9.3326	-3.6961	1.30119141235252
36.754	-3.0007	-4.6999	-0.776222679161358
28.246	-11.364	-3.9274	1.645
28.058	-0.40419	-6.5521	-0.960042012604087
36.427	-6.7942	-0.72939	-1.46345550423964
38.176	-3.9397	-2.3623	0.234764115220875
31.848	-10.514	-3.7276	1.645
32.421	-9.9028	-3.8736	1.0420705498
37.445	-4.4388	-3.7318	0.599063520966627
35.951	-1.7764	-5.2628	-1.05155820857934
35.052	-2.3438	-0.25459	-1.03291335572615
37.046	-6.6266	-1.4054	-0.151798109569075
35.805	-0.27107	-3.7675	0.0454750691166925
37.018	-2.1404	-3.4635	0.106695578207535
29.485	-11.04	-4.0291	1.645
34.963	-0.91573	-4.2992	-0.306683850257322
35	-8.9277	-3.0689	1.645
37.03	-6.9054	-0.89318	-0.928852299630033
36.998	-6.6701	-0.68066	-0.93642385685948
28.959	-10.732	-3.9835	0.563603072646919
28.796	2.6423	-1.0447	-0.545202067657261
35.607	-1.8209	-5.5017	-0.716666200895233
29.049	2.1374	-1.2587	-0.801449731813804
36.564	-7.3469	-0.8169	-1.02880407199335
37.58	-5.6603	-2.0723	0.761297206909571
31.865	0.77388	-1.3397	-0.858782577828886
29.143	-1.0016	-6.5471	-0.565540999691357
27.258	0.22043	-6.3336	-0.601537123625981
35.159	-8.7272	-4.1003	1.1859259163326
35.815	-7.8946	-0.37288	-0.489067147097203
37.493	-3.1652	-4.0554	-0.186845045325775
36.963	-3.5361	-2.5995	0.229358177073223
37.393	-5.8686	-0.98026	-0.471974248115204
37.813	-3.2192	-2.0258	-0.429079543212889
37.005	-7.4155	-1.2923	-0.809523640493647
36.678	-7.6703	-1.4146	-0.275661108483535
36.409	-6.576	-1.957	0.0279948659945934
36.077	-2.6253	-4.9514	0.440451167083101
36.243	-3.5794	-0.21717	-1.30024341335479
36.026	-6.626	-0.1023	-0.0977822690498657
36.241	-3.1487	-1.2023	-0.664082333771822
26.151	2.5267	-0.32816	-0.461789596615953
37.961	-4.5137	-3.6152	1.00742490134599
34.751	-2.076	-4.7894	0.0346847120709505
35.408	-1.3801	-5.2085	-0.451546555525378
31.983	-8.192	0.43924	-0.900947065522522
37.348	-4.3808	-3.4643	0.624151758738533
25.224	-11.867	-3.7074	1.645
29.185	-1.0694	-6.7569	-0.717789615224356
34.119	-1.5572	-3.3554	0.189128302543621
35.665	-1.1446	-3.4708	-0.607309485409421
37.853	-6.0901	-2.2477	-0.39149210511332
36.103	-2.9022	-4.7952	-0.675314447592657
36.835	-3.5596	-0.94827	-0.325720621045524
36.17	-7.445	-0.85062	-0.961165193827992
26.906	2.3831	-0.26394	-0.677342385933031
36.06	-7.5642	-0.4854	-0.586827263913469
37.14	-4.964	-4.1295	1.11148616265374
36.254	-2.536	-4.605	0.875083759007597
37.401	-2.788	-4.0256	0.214683724624367
36.424	-7.281	-0.91605	-1.0382839300568
35.811	-7.1054	-0.26252	-0.988037890760836
35.131	-7.9391	-1.5386	-0.466355223455357
36.196	-2.2167	-5.2777	0.215930857090093
35.143	-3.4181	-0.3143	-1.645
35.111	-2.7285	-5.6907	-0.719369502629504
38.008	-3.2008	-3.5752	-0.948410089773226
35.136	-0.6424	-1.0237	-0.111734169451311
35.689	-6.7757	-2.8578	1.2975042269819
29.713	-1.3836	0.57155	-0.732663889611423
30.906	-10.083	-3.4443	1.645
34.883	-4.4287	-1.5223	-0.350442886220701
38.086	-4.8205	-3.8928	0.558666488820463
37.501	-3.63	-3.2459	-0.309077327526005
35.843	-6.6108	-1.5401	0.681301721434544
31.505	-10.677	-3.5357	0.897875490284269
37.16	-6.6232	-0.7396	-0.126177701808192
36.42	-7.2465	-0.79641	-0.994189379708907
31.917	-9.7447	-4.6294	1.645
37.031	-6.9763	-1.0374	-0.791366882521844
38.265	-5.2641	-1.6418	-1.27495726297714
37.023	-7.7618	-3.0738	1.1099306972022
35.848	-8.0086	-0.74692	-0.13602828972084
37.359	-3.4721	-4.3656	-0.884923549625979
37.919	-4.1884	-3.3612	0.142196128980639
31.151	-10.386	-3.707	1.645
37.056	-2.086	-4.1943	0.401885353497857
38.006	-4.5622	-1.6132	-1.50098799321232
36.625	-3.1859	-5.035	-0.419061512421856
22.994	0.17768	1.5887	-0.981287903090447
37.974	-3.5713	-2.2629	0.334609026725851
35.991	-7.1105	-0.27884	-0.612059333015124
34.046	-7.7115	-0.99998	-0.987832029891113
28.049	-10.987	-4.007	1.645
24.626	2.8702	0.65734	-0.446589960323378
35.883	-6.8386	-4.8344	1.54669269187308
36.537	-6.301	-1.1695	-0.0487635717490897
36.684	-6.916	-0.54257	-0.617194644727539
36.131	-6.7703	-0.6249	0.0498715703126375
36.721	-7.1728	-1.6014	0.114558220687475
36.291	-3.2826	-5.4975	-0.365590002536006
37.998	-6.5588	-1.1578	-0.958847586889918
37.407	-3.279	-1.2402	-0.317812192099074
34.719	-0.76652	-0.38087	-0.660498995073294
24.667	-11.97	-3.4268	1.5767649529409
36.562	-7.8558	-2.4601	0.0964169611408792
34.523	-6.4037	-5.2684	0.600929793133053
36.344	-2.7243	-5.0541	0.0543946062174182
28.704	-1.2358	0.73461	-1.11462442322279
35.112	-8.381	-1.5627	0.0944139536785007
36.561	-8.08	-2.507	0.435323123312575
29.101	1.8205	-1.2912	-0.668311527799108
35.878	-8.1252	-1.6888	0.055393585631982
33.057	0.84632	-2.7147	-0.258649564922688
33.546	-0.34527	-5.445	-0.960248774008918
31.882	-0.57295	-5.8092	0.897205733629043
24.91	-11.954	-3.5912	1.645
38.382	-5.4187	-2.2298	-0.353199770264961
35.342	-0.84757	-4.9727	-0.582080039951904
34.619	-5.6944	-5.4814	0.927802954172741
36.436	-7.5013	-0.96146	-0.770255876755991
37.02	-3.3083	-1.0167	-0.81936160657185
34.806	-8.8901	-2.973	0.726959184147771
34.347	-0.98887	-5.2431	0.302698093398581
32.922	-10.36	-3.0592	1.06992249715716
37.436	-2.0099	-3.387	-0.154596539749603
27.802	-0.52154	-6.6001	-0.258775838643061
36.324	-7.7981	-3.4379	1.17093427911129
33.436	-1.2899	-6.2745	-0.472087853984726
33.177	-9.7487	-2.9992	1.41182254298146
27.274	2.4161	-0.10539	-0.7183228188781
25.93	-1.2025	0.87789	-0.867568269841964
36.272	-2.8487	-4.1937	0.748982816039858
37.157	-2.2965	-4.1908	-0.118309683834378
30.682	1.0168	-1.2092	-0.384322468351024
34.541	-2.8555	-1.6681	-0.484279488722417
33.291	0.40457	-1.8331	0.54323503043061
37.406	-4.0066	-3.9598	0.185492468907752
24.997	-0.66669	1.1359	-0.621309170939843
36.12	-6.4143	-1.0835	-0.0250706379408556
34.659	-1.9863	-5.9829	-0.24786555604185
36.488	-7.3251	-2.3262	0.443070618176342
27.032	-11.414	-3.9168	1.13566438136535
33.231	0.16905	-5.6528	-0.082882582028334
35.542	-6.5946	-1.1652	-0.538674135144565
36.53	-7.222	-1.5122	-0.205920231849397
35.769	-1.7993	-5.2612	-0.797061991753248
35.546	-8.9878	-2.0374	0.929436907294602
36.791	-7.3313	-1.4707	0.789727590977401
29.891	1.399	-0.59674	-0.580994642849236
35.835	-5.3318	-5.5868	-0.447365857160183
28.257	-0.68969	-6.8239	-0.675566443350768
37.377	-6.8635	-1.8859	0.212218111664604
27.464	-11.751	-2.8039	0.408448811161679
28.168	-0.41404	-6.7192	-1.08247196081698
37.75	-4.869	-1.3026	-1.38414529611459
35.944	-7.7459	-1.3209	-0.342818934335193
38.082	-5.3314	-2.1137	-0.845882408763317
33.007	0.29962	-0.29684	-0.438692286612178
38.541	-5.8464	-3.3132	-0.62883545110707
36.802	-7.1285	-0.91854	-0.762895910888404
37.28	-2.8613	-4.4514	0.308037332271173
27.788	-0.7983	-6.5807	-1.20989861126109
29.504	-10.993	-3.853	0.607772680888623
30.43	-10.246	-3.9492	1.645
35.675	-7.1694	-0.86933	-0.337672592959765
37.326	-5.6839	-4.4112	0.889796538038923
36.829	-3.054	-4.6771	-0.83172436373553
37.127	-7.6054	-3.972	0.563330817071462
32.465	0.75286	-1.4389	-0.446542598321199
33.046	-8.5364	-0.65937	0.496082688975945
32.73	-10.178	-2.8586	0.625142944470448
34.579	-9.3204	-3.3467	0.512915446440514
33.708	-1.6614	0.33322	-1.645
37.264	-6.7331	-1.3042	-0.587067427072137
33.378	-9.128	-3.986	1.645
36.682	-6.2436	-0.22291	-1.43963889332014
30.821	-10.162	-3.2975	0.650966406100388
36.51	-8.369	-3.6788	1.645
24.884	-12.03	-3.7199	1.645
35.633	-2.7754	-0.42644	-1.07190985378115
36.718	-6.6751	-0.98773	0.184534413305301
35.556	-2.9167	-0.96308	-0.928752028156938
27.416	-11.642	-3.608	1.645
35.042	-7.5012	-4.9165	0.940135318175354
37.034	-2.7736	-2.7544	-0.405523068372195
37.879	-3.3745	-3.9897	-1.07876103525297
28.693	1.9418	-0.84665	0.416014791001278
36.863	-4.6665	-0.57369	-1.21974810428815
37.196	-2.9731	-1.8959	-0.16539176603527
28.874	-11.12	-4.0281	1.645
37.449	-6.7361	-1.3597	-1.41278399763191
35.503	-6.2815	0.51715	-0.473086671302569
24.869	-11.715	-3.337	1.645
37.136	-6.9179	-0.88602	-1.50517882403314
37.548	-3.7864	-2.5541	0.211306283694238
36.034	-7.4432	-0.97491	-0.598897871281496
37.937	-4.7004	-4.0766	1.0842774264951
35.013	-1.0942	-0.74452	-0.507287137636289
37.172	-5.7699	-2.3884	1.07583280200018
37.69	-2.9721	-2.3396	-0.410061260716659
36.99	-7.0988	-1.0916	-0.965712852727534
32.325	-6.7771	-5.2843	0.695714647710564
36.596	-8.2474	-2.108	0.202770347597673
34.624	-9.1756	-3.8766	1.34912547806804
36.626	-3.6918	-0.73483	-0.998732021274501
36.301	-7.5684	-2.2311	0.631099038401008
35.615	-2.2489	-4.7724	-0.202089317664013
37.742	-5.3859	-2.9074	-0.194313842477645
36.329	-1.779	-4.8389	-0.0443097639914197
33.853	-7.9412	-4.2012	1.08447864405248
36.495	-7.6701	-0.95526	-0.0040552871955536
32.664	-10.854	-2.59	0.182755863516626
34.45	-0.82641	-5.3395	-0.155192662477454
31.683	-1.2044	1.0754	-1.43448544765232
36.139	-7.2369	-0.64364	-0.255242220760637
37.14	-3.0531	-2.5682	0.29767723126459
37.645	-3.0373	-2.7639	-0.261321714069597
33.42	-1.847	-0.09335	-0.897752497559053
25.808	2.4843	0.20229	-1.51399399333733
36.558	-3.477	-0.7264	-0.782481379538116
37.076	-2.1343	-2.4981	-0.557675043510942
37.295	-3.7665	-1.2328	-1.02211548198711
36.868	-7.3659	-3.4925	1.645
25.14	-11.017	-4.1427	1.18407532292519
37.662	-2.5526	-3.9957	-0.274877655396787
37.251	-3.3098	-4.4526	-0.00165635087565851
38.169	-4.0381	-2.3338	-0.58319773743737
32.388	-10.109	-3.1943	0.301814786903847
34.469	-3.1586	0.16337	-1.57373737857349
36.915	-7.9132	-1.4713	-0.314934776902642
28.759	-11.084	-4.2342	1.645
29.454	-1.0348	-6.7118	-0.478922807476111
36.981	-6.4968	-1.3048	-0.79254867321953
23.9	3.4724	0.17699	-0.780645442619179
36.503	-3.0435	-4.7703	0.228458284889915
31.809	-9.8667	-4.0254	1.645
36.414	-2.6558	-5.1461	0.14147643544518
37.586	-5.8647	-1.1041	-0.739505459792947
35.487	-7.1229	-0.32773	-0.744593841042122
27.695	2.5926	-0.75992	0.784011486059571
36.496	-7.1131	-0.84695	0.59228774599744
36.57	-1.9504	-4.6956	-0.348424385673761
37.89	-3.3009	-2.8666	-0.279922378508245
35.773	-3.3263	-5.1052	0.0699939921249445
36.89	-5.1349	-4.9182	-0.0782712102507916
36.339	-7.668	-3.0652	-0.184720734224876
37.425	-4.7946	-3.5831	0.288204828729494
36.89	-7.2192	-1.1222	-0.381482275981878
36.973	-4.4217	-0.99545	-1.23792545870264
18.117	-12.427	-2.7497	1.645
28.914	1.9943	-0.15523	-0.244422858105034
35.884	-6.3224	-0.51641	-0.518781367392464
22.895	-11.764	-3.655	1.645
29.674	1.9213	-1.1953	-0.345665066770555
34.349	-1.3018	-5.8695	-0.0117293769862093
33.373	-6.1595	-5.613	0.40519294474165
36.107	-8.3833	-3.8955	1.645
33.708	-6.1344	-5.2625	0.430814704848678
25.941	-0.49807	1.7601	-0.797690928232483
24.148	-11.976	-3.5319	1.645
35.762	-2.4738	-4.9674	-0.156700229960031
34.387	-0.70831	-5.5504	-0.761546150142517
37.663	-3.1052	-2.6371	-0.435216619911761
37.474	-3.0541	-2.0965	-0.206289399403155
33.383	-10.034	-3.4276	0.102484660030979
28.812	1.5111	-0.18542	-0.34098139350424
36.922	-5.6457	-4.9601	0.305252730525444
37.488	-6.6095	-1.1444	-0.514792256395173
28.073	-11.668	-3.1194	1.645
36.91	-3.242	-1.1441	-0.637364176965697
36.175	-7.537	-1.5303	-0.0883668543225188
36.358	-0.97953	-2.8211	0.134046726051001
36.017	-3.9337	-0.15164	-1.23731239396911
38.576	-4.8825	-2.3728	-1.645
37.872	-5.7018	-1.026	-0.981053003270761
36.697	-2.4607	-4.6981	-0.0997764083684262
36.349	-7.9935	-1.5244	0.431627512655153
37.175	-3.326	-4.0231	-0.312804236619905
36.928	-3.1836	-4.6119	-0.338850584540187
37.756	-7.1614	-3.4233	0.40076419886596
37.301	-2.9975	-4.1287	-0.851598542117491
30.193	1.1488	-0.66419	-0.311012112784039
28.46	2.2846	-2.1237	-0.945375454696658
24.401	-1.0807	0.94528	-0.573827503258824
27.402	2.3625	-0.79184	-1.15809430096426
37.872	-6.6212	-3.506	0.544773533506825
29.53	-11.489	-3.1516	1.32552604771625
27.857	-1.7479	0.28644	-1.03280821051905
35.484	-8.9282	-1.9391	1.645
27.673	-11.413	-4.0307	1.645
36.204	-0.51726	-2.602	-0.675876167958269
28.13	-0.42296	-6.6429	-1.2262703576289
29.047	-11.285	-3.5116	1.4514332368095
37.948	-3.335	-3.8358	-0.957449176310118
36.671	-6.1766	-4.2952	0.344310466017157
36.841	-6.0594	-5.141	0.535647484106885
36.965	-4.6772	-4.0313	-0.0646216701594976
36.056	-7.7506	-4.4819	1.645
33.524	-0.99915	-6.1235	-0.208587230920047
35.209	-2.4738	-5.3197	0.328306718685962
27.447	-11.476	-3.9333	1.645
36.676	-4.9225	-0.54227	-0.999928957825116
36.187	-1.3059	-1.2429	-0.867949287102202
29.373	-1.8565	0.38733	-0.864105679709902
29.141	-10.738	-4.3405	1.645
37.819	-3.8939	-4.081	0.0223651290379551
35.461	-6.7856	0.21	-0.296816678438774
33.537	-8.6364	-4.1537	1.09930274810092
35.576	-2.7145	-1.1661	-0.822079704433949
36.729	-7.5145	-3.1312	0.372487168031136
36.088	-6.6977	-0.52185	-1.13682057939796
32.739	0.91199	-2.6954	-0.9965179441195
37.836	-4.3579	-3.3202	0.216028343263015
36.018	-6.3323	-1.1371	0.0294705594197794
37.469	-3.0494	-4.2007	-0.727666783996728
35.606	-2.0846	-5.5897	-0.0707661965893984
35.933	-6.8829	-0.44488	0.0407355259693323
35.493	-9.2462	-3.3582	1.645
37.53	-4.251	-3.1865	0.181731003356333
30.092	-11.065	-3.1338	1.1762403081757
32.99	-8.9546	-0.21807	0.139719915699989
37.519	-7.3869	-2.6661	1.05519367382636
37.079	-6.2808	-0.77346	0.00556303037595923
36.022	-6.828	-0.57731	-0.64113045130889
37.918	-7.0786	-3.0856	0.498732498147591
28.343	-11.733	-3.5872	1.645
37.494	-5.8069	-1.0089	-0.754189899726182
34.273	-0.69818	-5.6839	-0.56211513151563
26.188	-1.2389	0.73822	-0.414606505165233
29.477	-10.678	-4.2809	1.645
29.977	-11.456	-3.3584	1.23976029364718
36.939	-3.7073	-4.6069	-0.718543633558586
37.59	-3.4846	-3.6459	-0.472276688426109
28.11	-1.8263	0.47221	-0.0423425808647524
35.99	-2.0913	-5.2288	-0.574206011062661
31.074	0.26967	-6.3372	-0.136598259984741
37.27	-6.4269	-1.0324	-0.61281081610329
34.091	-7.9047	-4.067	1.33787296018726
36.52	-7.3394	-3.0192	0.805464902101656
37.4	-6.6576	-3.761	0.260497923810186
29.113	-0.98121	-6.9442	-0.546761962671784
37.029	-4.7412	-3.0954	0.580246391261043
33.037	0.75239	-2.4438	-0.702535791514899
22.655	-11.631	-3.7513	1.00790690527667
37.766	-3.2181	-1.9562	-0.258044494019061
37.838	-3.7151	-3.567	-0.535597007895176
37.285	-3.4399	-4.4883	-0.676265575405289
27.184	-1.4529	0.40133	-1.05562481507542
38.26	-5.4613	-2.6107	-0.502300829237758
35.989	-1.6761	-5.1643	-0.993105738765812
37.247	-5.6924	-4.4819	0.495942479571046
34.351	-9.3416	-4.3517	0.907630828523692
32.942	-10.187	-3.8424	1.645
36.258	-3.1272	-2.1291	-0.410915525292009
37.522	-6.8014	-1.605	-1.39630997293843
34.875	-7.5634	-0.67985	-1.30043888577165
36.805	-6.8704	-0.46855	-1.28075111377942
36.438	-5.6209	-1.0791	-0.527664057784676
36.039	-7.5015	-0.37316	-0.422336392101554
35.992	-6.343	-0.027214	0.0891187520642248
38.018	-4.0021	-3.4175	-0.767184200524505
36.085	-8.2433	-1.0166	0.314051445266782
38.197	-3.1683	-2.8039	-0.488433901085806
37.221	-6.2661	-0.70586	-0.704174174719196
24.495	-0.80438	1.506	-0.022117026877904
19.894	-12.408	-3.0023	1.645
32.857	-1.747	1.0811	-1.36835316977552
38.182	-4.7359	-4.0348	0.76796595616404
32.564	-8.7826	-4.3392	1.645
33.424	-10.297	-2.9498	0.153942068351117
37.001	-1.8216	-3.9956	0.0923224636633114
32.612	-9.982	-3.3678	1.24058734102728
26.104	2.9775	0.38525	-1.09282196791897
35.856	-6.2175	-4.9262	0.696616797499798
34.29	-0.70505	-5.4116	-0.478129291111377
35.119	-8.7121	-3.9509	1.6124934587858
32.294	1.3388	-1.5872	-0.80146365511807
26.933	2.2884	0.38868	-1.07397451491673
27.989	0.13398	0.8053	-0.283040184782362
37.348	-6.549	-3.1685	0.831670719341777
34.481	-0.83471	-4.8208	-0.392193141182782
36.976	-6.7599	-1.9741	0.417773631449397
36.879	-7.3031	-1.1171	-0.37971484901194
37.988	-3.183	-3.7179	-0.356022682594895
37.929	-6.679	-1.6821	-0.574995464540288
35.328	-8.9384	-1.7754	1.17102677428061
34.271	-9.6149	-3.6763	0.657967134843569
33.023	-9.9253	-4.2566	1.18950842950111
36.927	-6.6277	-0.54409	-0.671867382470007
37.587	-7.0356	-2.9008	-0.182408346638293
36.719	-7.5573	-3.667	1.645
37.13	-6.6506	-0.87502	-0.689956325462413
33.331	-10.091	-3.2853	-0.187145176236314
36.513	-6.807	-1.1852	-0.684857886628558
28.452	-0.64826	-6.6807	-0.678128769181051
35.608	-8.7425	-3.6319	0.246327694806032
36.084	-6.9266	-1.1155	-1.57655487860686
34.803	-1.1978	-5.5854	-0.377141612344125
30.623	-10.628	-2.3359	1.52068540111762
34.746	-0.83355	-5.3832	-0.877574944915347
37.674	-6.0117	-3.9316	0.661312357237117
35.239	-7.2057	-0.80222	-0.96756967353849
30.909	-10.532	-3.6165	0.813173539411254
34.081	-0.19025	-0.19369	-0.564740328763958
36.16	-6.2388	-4.6065	0.85325733837563
34.061	-9.7107	-2.6267	0.0483011771890302
28.401	-0.6673	-6.6758	-0.77602497567209
34.108	-1.3907	0.43458	-1.43353953243512
36.911	-4.0324	-0.88935	-0.957494995816783
36.133	-7.4211	-1.9201	-0.43758674274456
35.653	-7.9359	-0.91161	-0.467233260512339
27.563	-1.7829	0.9933	-0.40526040656194
35.686	-6.1698	-4.8122	0.589400192522102
35.599	-6.05	-5.0311	0.671274309018166
33.647	-9.5361	-2.9473	1.17996816176965
37.439	-7.1052	-1.3532	-0.322828188532353
23.069	-0.86413	1.3787	-0.161229507487673
37.717	-5.9636	-3.8253	0.617755835827772
37.26	-1.8777	-3.7953	-0.224086255883805
37.331	-2.3602	-3.1346	0.447276343411786
29.747	1.7848	-0.64182	-0.856623563164729
31.26	-1.5383	-6.2118	-0.123215335624953
28.79	-0.60836	-6.4231	-1.14563956667697
28.577	-1.9917	0.59004	-0.584938043187647
36.944	-6.5048	0.15745	-1.22417424990896
27.399	1.8644	0.060854	-1.12609560878789
34.571	-8.8569	-2.5749	0.878982584961755
37.024	-6.2246	-3.3113	0.848445283148141
37.905	-5.2701	-3.6581	1.25896192589643
37.467	-3.1874	-2.2578	-0.373465432474585
35.937	-7.7764	-1.2843	-0.553465480033718
37.269	-6.4643	-1.3187	-0.327894482435216
35.22	-2.8647	-5.4605	-0.17422077366094
36.327	-3.639	-5.216	-0.153389510050287
37.298	-5.8161	-0.65225	-0.46526808023109
37.658	-4.6228	-3.5033	1.645
33.532	-9.5404	-3.8361	0.458539424731779
38.11	-4.4154	-1.7878	-1.45627134168955
33.965	0.34185	-2.8306	-0.301112300791068
18.681	-11.853	-3.5342	1.645
37.578	-6.9156	-1.9975	-0.0855324041906279
22.178	3.5218	0.97528	-0.951789455993221
34.324	-1.491	-0.028499	-1.62303470607669
27.877	-10.224	-4.2064	1.645
35.796	-7.3764	-0.93857	-0.264679160885816
36.21	-7.1793	-0.91817	-0.751251973242856
33.756	0.78472	-3.7174	-0.644827800004197
34.832	-1.3266	-5.3939	-0.845017177468598
36.693	-6.5135	-1.0092	0.650080885879625
37.262	-3.681	-4.3805	-0.539202787310005
37.664	-2.5775	-2.7475	-0.822329450075937
33.114	-0.44001	-5.9828	-0.257562211518262
35.83	-8.0329	-0.94709	0.0269798055910282
37.168	-2.8936	-4.4433	-0.0581325496458652
37.252	-3.2123	-4.5515	-0.0953758056683768
37.485	-6.3438	-1.5371	-0.215542334142654
36.79	-1.1179	-1.9369	-0.991266353064307
36.986	-3.4192	-4.8641	-0.205051079577988
28.187	-2.0153	0.64751	-0.0836101291544997
36.115	-2.5821	-0.79798	-0.743653021903092
32.441	-8.4786	-4.6004	1.645
32.516	-10.186	-4.2238	1.12929758636533
34.865	-8.7229	-3.4379	1.44844116457793
37.744	-4.8284	-2.8158	0.569606351693397
36.311	-6.2684	-0.71261	0.476095041788378
37.547	-3.1049	-3.4645	-1.23885299465728
38.079	-6.2421	-1.3115	-0.987558712987425
37.974	-3.6555	-3.1281	-0.737189228142423
28.696	-0.68077	-6.8741	-0.539283965854944
30.852	1.7849	-1.8279	-1.09923606398724
34.821	-6.2335	-5.3327	0.212024568849637
14.631	-11.506	-3.6427	1.58579317486353
34.669	-0.46744	-3.1166	-0.165128054375192
37.859	-5.8203	-2.0456	-1.35351260565934
36.787	-5.5935	-0.20183	-0.970867216784724
36.693	-3.4679	-1.3316	-1.11166036668041
24.838	-11.328	-3.8629	1.54282087203492
35.763	-0.51963	-3.4807	0.615077233797483
35.201	-6.4466	-4.6978	1.24013574134495
32.044	-10.644	-3.7583	1.645
36.194	-6.8002	-1.6144	-1.16866341311594
36.007	-6.7848	-4.2244	1.1508353393348
35.927	-7.6408	-0.39627	-0.275666020717043
35.868	-8.013	-3.1225	-0.366511229590412
36.808	-7.1617	-1.0805	-1.21723206995517
36.946	-7.765	-1.2246	-0.666598353343787
36.325	-6.6188	-4.8643	0.829109710764993
35.549	-6.4596	-0.15332	-0.784524359039277
30.435	-2.0178	-5.0573	-0.0463799915886298
36.901	-2.8551	-4.7309	-0.808261438491176
37.149	-6.3657	-1.3475	-0.809899951455681
36.787	-3.2912	-4.7881	-0.310763666137232
37.496	-2.7345	-3.0657	-0.73107465267906
32.833	-9.925	-3.8629	1.645
37.75	-6.5893	-1.4592	-0.176935336440325
36.038	-0.75241	-2.4819	-0.354401132828061
28.133	-11.456	-3.6026	1.45052527521386
30.447	1.4981	0.012136	-0.566065069965527
37.759	-5.8941	-2.4694	-0.654687403661829
36.523	-6.9224	-0.55317	-1.645
37.667	-3.3869	-1.5302	-0.317830824515939
35.259	-0.56743	-3.8436	0.578418700790975
21.996	-12.117	-3.2949	1.645
36.696	-3.7296	-4.7045	-0.595419789280807
36.844	-2.8627	-4.1771	0.0153616763285215
35.141	-7.3093	-1.8385	-0.37939609998368
37.236	-5.8353	-2.0778	0.198037183026423
27.895	2.1727	-0.70999	-0.661167448377587
35.937	-7.577	-0.66075	-0.697393310569642
36.415	-3.3798	-0.64911	-1.19922004819454
37.914	-4.9455	-1.6546	-0.720281759756975
37.81	-6.0972	-2.6215	0.0597500776995867
36.059	-6.6724	0.099282	-0.463535681178285
33.831	-0.82131	-5.9073	0.0345762310706398
37.488	-4.8809	-1.9614	-0.423649642003521
34.309	-1.5814	-3.0886	0.109706968078113
16.546	-12.122	-3.0507	1.645
26.475	2.8001	-0.13414	-0.864779196449574
36.584	-3.2355	-4.7375	-0.0612569552613112
36.968	-3.0594	-1.5917	-0.357354083979071
36.022	-5.6927	-0.69924	0.925726169682797
22.905	-1.2773	1.3333	-0.500729960641063
36.937	-6.6664	-1.0888	0.0109812956877919
38.435	-6.2835	-2.839	-0.040366380358199
35.405	-0.70375	-4.8046	-0.491276074029687
36.121	-2.9466	-5.1363	-0.223403985194502
36.896	-1.6696	-2.1151	-0.51670259514685
27.474	-0.29098	-6.7196	-0.641137768320576
34.672	-9.018	-2.7887	1.11224876682463
36.78	-7.3321	-1.024	-0.792256538080236
31.309	1.3203	-2.1248	-1.02050040803473
34.816	-1.9829	-0.24815	-0.909715461831791
31.034	2.13	-1.503	0.0068548522365165
38.1	-4.3733	-2.6288	0.147907897062099
33.506	-8.587	-3.743	0.578901843262687
36.038	-5.389	-5.311	0.103513522029207
34.702	-1.6396	-3.8829	-0.404740094403443
32.373	0.99622	-2.1654	-0.540728914541857
35.958	-2.3821	-5.0615	-0.2764240501471
37.447	-2.7711	-3.2962	-0.453965177999672
34.224	-1.4421	-5.2872	-0.243856261546675
25.823	2.7506	-0.30933	-1.31792040801415
36.853	-6.3522	-2.1496	0.932454444753554
34.92	-2.181	-0.95545	-1.03980515010709
31.384	-10.126	-3.673	1.39392899121698
36.331	-7.1059	-0.41523	0.553849804975668
29.704	-11.031	-4.1478	1.645
35.609	-7.1077	-0.68315	-0.318879095172752
35.818	-1.2328	-4.9674	-0.517592369943539
35.623	-7.3392	-1.1323	-0.498140784706515
32.987	0.16537	-5.4076	0.320066799485512
36.38	-3.1166	-4.3906	-0.325611314124772
36.763	-2.5223	-2.4664	-0.0559644342204983
30.806	-9.287	-3.5933	1.645
31.819	0.77723	-1.5751	-0.517185297704417
34.867	-2.1455	-5.957	0.322954076007456
36.432	-2.9785	-1.8557	-0.400260154639186
37.33	-2.1802	-2.9054	-0.597752668004762
35.886	-6.8034	-0.66589	-0.718833476228321
34.169	-2.2291	-0.29475	-1.07617193202026
27.676	-0.63697	-6.9622	-0.636646407886809
36.642	-7.6993	-2.0698	-0.367441314954445
36.441	-7.3309	-1.0821	-0.26936153044447
36.404	-0.77396	-3.045	-1.30302792358944
32.197	1.205	-4.1368	-1.18685514946951
33.119	-10.31	-2.9906	0.045274302148939
37.344	-5.4244	-3.918	0.762515069722658
30.026	1.6761	-1.1057	-0.584088127873679
37.878	-4.0903	-2.2179	0.0503313520354896
37.108	-2.6266	-1.3105	-0.303643299028449
36.482	-1.3979	-3.6565	0.215326591606262
31.452	-9.1478	-3.2273	1.645
35.595	-7.1083	-1.4836	-0.116638133959569
37.93	-4.6532	-1.5629	-1.61763047250606
28.339	-11.288	-3.7747	1.36018589337786
34.572	-0.91389	-5.3163	-0.834404784108169
27.025	-1.1452	0.8769	-0.596589224241759
34.079	-9.9018	-3.0968	0.902019560647771
35.222	-7.552	-0.12993	-0.805878947713132
37.707	-3.9647	-4.055	0.323732780271441
37.055	-7.808	-1.365	-1.11741080193454
37.028	-8.0319	-2.3737	0.0786825664013576
37.484	-2.9589	-2.2054	-0.133061305155161
36.636	-1.8449	-4.6217	1.32378349920149
24.255	-1.0753	1.209	-0.273205581683899
37.908	-5.4849	-2.8675	1.2448354377747
28.144	-11.285	-3.6351	1.31237204021712
36.304	-3.0943	-4.7781	0.459414711701086
36.383	-6.8969	0.11651	-0.650622099237911
36.032	-2.4254	-5.2954	-0.673695925041039
37.693	-6.9362	-2.1968	0.427819563330404
35.196	-7.2738	-0.20346	-0.93037351075274
36.191	-1.9754	-1.1911	-0.626684957946783
35.949	-7.0988	0.036498	-0.389130944044244
32.924	-0.29634	0.38633	-0.843529254052451
36.636	-8.1869	-3.6598	1.645
35.702	-1.5553	-5.3066	-0.413299703396952
37.827	-3.3669	-2.5679	-0.0603027615761967
34.952	-6.4194	-5.1862	0.710908342886786
25.703	0.22142	-6.7138	-0.284045155269361
37.718	-6.805	-2.3753	0.432332510913796
20.57	-11.951	-3.571	1.645
33.204	0.41913	-3.6203	-1.01010619225638
36.349	-7.4662	-1.0629	-0.66201850022133
32.301	0.83282	-1.4899	-0.272025063042108
36.889	-6.3605	-0.64418	-0.532132769519758
37.364	-6.6113	-2.4395	0.381524299436968
36.557	-6.012	0.058335	-1.60898265745631
34.899	-8.9036	-2.1978	0.812991837190281
34.392	-0.67005	-5.3893	0.0809682392453957
36.058	-0.71232	-3.8443	-0.651192096351884
35.914	-2.1429	-5.1293	-0.381904129087401
38.175	-6.4615	-2.3743	-0.305051971652136
37.269	-6.594	-4.1428	0.665945209819572
36.296	-3.9297	-1.4904	-0.800181542322683
34.929	-9.3154	-3.3453	0.863467748343748
33.624	-9.7678	-3.2114	0.44511573466324
35.452	-7.5059	-1.1164	-0.312508108171953
36.034	-7.7111	-0.66814	-0.603682210930656
37.161	-2.9571	-4.3767	-0.0207731575831842
35.801	-6.039	-0.10692	-0.794396563569003
38.018	-6.5426	-1.8973	-0.501464136724884
37.065	-2.8718	-1.9238	0.108789515514054
37.741	-3.5231	-1.6764	-0.267862102170268
36.429	-1.94	-1.5444	-0.356938326325826
38.124	-5.9004	-1.833	-0.557341265306329
37.088	-2.7651	-4.3048	-0.327263878198307
37.718	-6.2576	-0.89144	-0.441450927064417
32.946	-10.118	-3.8613	1.645
38.042	-4.4673	-2.5642	-0.642475452661454
35.311	-1.2939	-5.3454	-0.505857728210828
36.716	-1.7406	-3.0904	-0.499427517048262
37.657	-5.2865	-0.77623	-1.23980342490299
28.415	-1.9853	0.6287	-0.0747918209984172
35.913	-2.1991	-5.1813	0.208560660788426
37.832	-5.746	-1.2789	-0.359965451741812
37.809	-7.1081	-3.5919	1.57002229217605
37.022	-7.8526	-1.9066	0.464526195941636
35.963	-2.9456	-4.6888	0.382922878261206
29.139	-10.899	-4.2139	1.645
38.328	-5.5245	-1.6957	-1.36850660763083
35.913	-3.5353	-0.26692	-0.969588865797998
36.624	-2.5872	-4.7152	0.424446652681801
35.732	-7.4659	-0.892	-0.849054366820585
37.405	-2.8884	-4.2719	-1.05344739581991
27.224	-11.557	-2.9923	1.58069289779444
34.219	-0.7002	-5.219	-0.870045699252233
36.409	-6.4671	-0.54685	0.180971002513908
29.133	0.029435	-6.8166	-1.13262730153534
34.285	-0.88002	-5.7289	-0.284226707143016
35.879	-1.4706	-5.0897	-0.992327601211064
33.331	-0.8698	-4.6621	-0.488496136898028
28.562	-11.373	-3.9338	1.645
34.954	-8.59	-1.2637	0.399251438720711
12.655	-12.024	-3.1062	1.645
33.259	-0.86748	-5.1327	-0.361532670247347
38.313	-5.8634	-3.2643	-0.790533089694822
36.875	-2.9204	-4.2667	-1.28382311426824
36.875	-6.5702	-0.73131	-0.893752197589738
32.785	0.6827	-1.7577	-0.167386864149718
36.807	-2.7145	-1.7884	-0.00900816130848111
36.197	-2.5887	-0.88178	-1.2867304772618
37.29	-3.1505	-4.2486	-0.820070191794174
33.099	0.48603	-1.4884	-0.12662894911947
34.092	-8.9227	-4.1576	1.645
37.012	-7.5666	-2.4787	1.14332667575868
36.947	-6.3535	-1.4057	0.253589486733169
24.144	-11.871	-4.1725	1.645
37.294	-5.8666	-0.45628	-0.428625073978035
38.453	-6.2205	-2.5167	-0.392923511889157
38.205	-3.7763	-2.7418	-0.463081200726712
29.42	-11.225	-3.3753	1.645
37.148	-5.3387	-0.68234	-0.194090401211322
26.075	-11.349	-3.6326	0.884135300586569
34.237	-0.72906	-5.5845	-0.288991086023082
35.409	-7.9537	-0.78786	0.24367281199388
36.261	-5.9674	-0.39885	-0.648437432607607
35.769	-1.1302	-4.9338	-0.512800800452123
34.05	-7.3166	-5.0561	1.645
33.716	-7.4941	-2.944	0.251669444755613
36.741	-6.3389	-1.159	-0.563937584950206
36.513	-7.4862	-2.793	1.35688165216441
36.212	-4.2356	-0.11937	-0.686621777353335
30.542	1.6715	-0.25718	-0.861997679720283
37.523	-5.7548	-4.5898	0.372459105416492
28.667	1.635	-0.37636	-1.00428361666761
37.356	-5.2576	-1.0494	-0.726191432840935
36.478	-7.7756	-0.57777	-0.705443604070105
37.883	-3.842	-3.38	-0.362827168946543
35.131	-9.2436	-3.3567	1.645
37.587	-5.2175	-1.004	-0.434756172699806
36.221	-2.9564	-0.61513	-1.174669949053
38.637	-6.5948	-1.8103	0.245304458388751
36.956	-3.2025	-4.4751	-0.534281602193745
29.985	-11.016	-3.6217	0.660864710414207
31.672	-6.1599	-5.747	1.31757328127547
36.491	-1.3732	-4.2775	-0.945860376464282
37.131	-4.5617	-0.87893	-0.739664813257085
31.827	0.24387	-1.1057	-0.502281200870805
36.602	-7.2462	-0.74841	-1.00623077616692
35.527	-1.6899	-5.4983	-0.694994618065107
28.143	-0.79826	-6.7107	-0.816732695639696
36.361	-7.4636	-0.51885	-0.321834365600191
36.981	-6.59	-0.49138	-1.3736070474565
37.82	-7.0502	-1.9993	-0.250955330859632
36.574	-8.6753	-3.4189	1.645
37.993	-6.6047	-0.58157	-0.910423893101847
36.619	-3.3442	-5.008	0.201311473772962
37.163	-4.0055	-1.8496	-0.510864703354161
27.841	-0.46924	-6.7153	-0.454059984530621
33.362	0.38835	-1.7634	-0.517701670265949
38.275	-5.2304	-2.3682	-0.218205549835846
36.744	-6.6862	-0.47204	-1.13208516444685
29.038	-11.463	-3.3336	1.645
32	-9.0904	-4.758	1.645
34.952	-1.4921	-5.7799	-0.146062690870572
35.586	-6.7863	-0.30952	-0.189720431165409
29.473	-2.0004	1.2233	0.176745027563178
36.946	-7.1431	-0.98937	-0.702665836575857
35.2	-1.6433	-5.5416	0.0787691317008738
38.265	-6.0586	-2.7998	-0.497299690896919
33.966	-0.18969	-0.95979	0.292217295751859
37.105	-2.5879	-1.2599	-0.348251731583032
37.342	-6.7824	-1.0638	0.0903583537992935
36.545	-7.0306	-0.54223	-0.848765997944824
35.679	-7.0002	-1.2115	-0.0702452194419329
35.984	-1.9774	-4.2136	-0.0620719618989416
35.308	-9.5027	-2.4343	1.15485509179124
33.845	-9.7813	-3.7695	0.457607209915831
33.349	-0.35116	-2.0425	-0.169616122551549
27.568	-0.41487	-6.818	0.014483590563034
33.366	-9.9976	-3.4617	0.490474326161987
19.483	-12.108	-3.7965	1.19328493903082
37.162	-5.5491	-4.7764	0.298937454065657
35.769	-6.9619	-0.47515	-0.80615942896236
35.88	-8.2388	-4.4135	1.54526370896588
35.04	-7.5716	-1.0808	-1.01865677822539
35.22	-1.6653	-1.0212	-0.409079079242871
36.935	-5.5179	-1.3782	-0.908548099434429
35.664	-1.6218	-5.105	-0.932225196620262
26.332	2.8248	-0.26543	-0.791619193510585
38.305	-4.7921	-2.3396	-0.701950532985073
37.264	-6.0234	-0.95589	-1.17330204262893
24.961	-12.173	-3.2356	1.645
36.493	-3.2037	-1.737	-0.28837644833394
37.016	-2.6871	-3.6991	-0.420896115489177
35.521	-7.0953	-0.81215	-1.05648020060809
37.573	-6.2663	-0.94834	-0.854403460838858
36.713	-2.7918	-3.6785	-0.55573813314502
37.267	-2.9412	-1.1413	-0.510454948270259
36.105	-7.5793	-1.0388	-0.415642257985178
36.149	-3.6882	-0.088772	-0.566245484436777
29.561	-2.1923	-0.92529	-1.34439485460433
28.421	-10.501	-3.8962	1.645
37.543	-6.6177	-3.9242	0.338095427213945
36.013	-5.2962	-5.2194	0.43347588081584
31.616	-10.133	-3.0478	1.645
26.865	-11.889	-3.6093	1.35404914890512
34.944	-1.8333	-5.6746	-0.496192285789404
33.974	-0.2086	-5.4289	-0.354664672414111
27.421	-11.915	-3.1716	0.87643558648436
24.068	-11.949	-3.7635	1.55939784229602
36.904	-2.4271	-4.0264	-0.114793586783554
32.829	-2.2829	-5.3286	0.810665364131196
36.607	-2.9684	-1.1872	0.0383180069199037
36.922	-6.114	-0.78434	0.48771554881965
37.221	-6.042	-1.2144	-0.594256849652773
35.954	-7.1988	-1.5628	-0.249090063155773
35.692	-8.8069	-1.7571	1.33106566567255
37.491	-6.0219	-1.2997	-0.0941967190863603
35.9	-7.2416	-0.67509	-0.500709584835538
36.618	-7.6655	-0.98104	-0.0360323479382617
29.945	-1.3699	-6.7296	-0.29854776947287
32.161	0.91575	-1.7862	-0.0902060722965037
37.605	-6.5111	-0.87244	-0.574071379705627
35.517	-6.5056	-0.50915	-0.425454429482036
32.059	1.3109	-2.4168	-1.30722866625559
29.196	-10.899	-4.0629	0.280381958313832
24.476	-1.1701	0.93116	-0.199011379680711
36.747	-2.8716	-4.7368	-0.00693641590458228
38.014	-3.428	-3.3169	-0.715260560311464
36.001	-6.2461	-0.9769	-1.23591391205182
36.332	-6.6978	-0.47076	-0.996439233563714
38.3	-5.7317	-1.6831	-1.15204952427252
29.979	-11.824	-2.9049	1.14425237610485
37.151	-6.3028	-0.5405	-1.14565759042504
36.12	-6.1442	-0.35725	-0.115972830436872
36.271	-7.3453	-1.3238	0.0983489835883351
36.488	-6.1858	-3.8549	0.877521507367965
35.366	-1.8119	-5.5672	-0.222773797993654
36.371	-1.3748	-4.149	-0.356731959347694
31.428	1.6486	-2.2588	-0.963001718674862
30.715	1.0071	-0.9415	-0.568831641305464
37.231	-3.9099	-4.7721	-0.394583808831092
34.721	-8.3715	-4.579	1.645
36.514	-8.5327	-2.2652	0.930803433208762
36.083	-2.6015	-0.39972	-1.38617422099482
35.498	-8.087	-2.6598	0.779273655835686
30.178	1.4558	-0.55411	-0.0205192468859159
33.074	-10.314	-3.0415	0.143271332270671
34.568	-8.0682	-4.3868	1.645
36.881	-6.9741	-1.2878	-0.511043993371349
31.206	-10.908	-3.2517	1.2756348930171
20.185	-12.42	-3.592	1.18283890351449
37.199	-1.6237	-2.4917	-0.759139254730062
36.947	-7.3373	-1.2444	-0.594030597198075
33.778	0.11392	-0.5513	-0.0240133824903341
36.98	-3.2319	-1.217	-0.841833265115572
36.125	-7.0592	-0.43751	-0.828727930049005
30.989	1.3364	-1.2695	-0.754429133464073
37.721	-2.718	-3.5393	-0.60588497305655
36.492	-7.4624	-0.46387	-1.27411112441401
35.897	-8.9728	-2.3728	1.645
36.92	-3.6492	-4.6394	-0.670054781071006
36.993	-4.0546	-1.8566	-0.544102247569985
34.583	-9.2741	-3.2361	0.987284640007381
34.344	-1.2254	-5.6987	0.0626857837339921
35.742	-8.0212	-3.8443	1.645
37.001	-2.4226	-2.9225	-0.393590588082196
35.171	-6.1369	-1.2886	-1.38246163927246
37.028	-3.37	-4.176	0.221039567429718
33.298	0.35184	-3.695	-0.356856104281887
30.361	0.79431	-0.83387	1.14933472099461
35.436	-6.7361	-0.95815	-0.479887711939641
37.41	-6.4188	-0.83121	-0.189386241342548
36.383	-1.4084	-1.6501	-0.365998957934913
28.632	2.1882	-0.58482	-0.590476661118826
34.186	-2.9176	0.81454	-1.30481287268516
36.195	-4.2493	-5.2274	-0.356923010538839
26.47	-1.2093	0.66759	-0.915136693283189
36.233	-7.5856	-0.90686	-1.07052276644552
36.421	-8.4179	-2.0881	0.234093233358346
37.469	-3.1858	-2.9957	-0.737169891965127
35.257	-2.0901	-4.006	-0.106934711561742
36.163	-7.092	-0.771	-0.454553031525856
37.734	-5.9544	-4.0513	-0.270082228167614
37.902	-5.9908	-2.0936	-0.3229521777645
37.448	-6.4351	-3.4083	0.843166434030541
36.099	-7.3386	-0.73775	-0.462432080238502
38.19	-5.2303	-3.4668	-0.0312867388335695
32.123	0.60269	-0.86491	-0.476699630418671
32.053	1.3059	-1.5197	-0.428455937406829
36.699	-4.6467	0.089536	-0.496242922735454
27.83	-11.511	-3.6894	1.645
35.927	-2.6184	-5.194	0.354508834895386
36.378	-8.7082	-2.2334	1.58990976316456
37.434	-4.6484	-2.4277	0.552088497059461
36.422	-2.8263	-5.0446	-0.165635559038407
37.128	-7.3771	-0.91807	-0.752572357598221
36.806	-7.1946	-1.9069	0.887671050996338
34.659	-0.55942	-4.4261	-0.0779464220353209
36.328	-7.1272	-0.93379	-0.715145238724764
36.281	-2.7152	-5.341	-0.274208851173595
37.412	-6.2447	-2.696	0.361947818904545
35.967	-2.729	-0.69909	-0.608909401132417
36.783	-8.0664	-2.712	1.11511206442139
36.508	-6.9874	-0.76697	-0.80747869676124
37.295	-4.7406	-4.9434	-0.355156528857449
37.907	-5.6622	-1.514	-0.504533491731133
36.54	-2.6445	-3.9797	0.588446193015418
34.705	-0.88028	-5.109	-0.800962400343405
35.571	-0.535	-3.7779	0.806488280483966
36.023	-3.1128	-0.9772	-0.71643340674214
36.969	-6.9389	-2.1567	0.749351817617725
30.821	-10.653	-3.8519	1.645
34.81	-1.815	-0.71735	-0.781113166848088
37.007	-3.2381	-4.6457	0.120025593972992
22.98	3.3486	0.063496	-0.858478500572994
32.159	-10.433	-3.0039	1.645
37.195	-6.8729	-0.94274	-0.87874432240319
34.005	-0.32428	-5.4688	-0.891872589100739
37.776	-3.2527	-3.708	-0.831587912197497
25.345	2.9604	0.81839	-0.590640658808798
37.704	-6.9036	-3.5007	1.24089668644998
25.232	-11.836	-3.4376	1.645
35.212	-2.5121	-5.7232	-0.75153887985981
38.366	-5.4234	-2.4492	-1.11927668059837
29.989	-1.4419	-6.6104	0.242036829176297
37.702	-3.2554	-2.2478	0.102580038028801
36.695	-8.3244	-3.4796	1.48009497211806
22.216	-0.28528	1.8218	-1.22741539854643
27.938	-0.14693	-6.4389	-0.675097785999591
37.215	-2.1692	-3.2804	-0.0796307640672855
24.948	-1.1145	1.1193	-0.68320703325724
35.868	-5.9551	-0.76246	-0.825992371198129
28.015	-11.269	-3.5031	1.61246572994251
36.415	-2.8229	-5.3315	-0.0705836229187544
36.026	-2.1342	-5.1439	0.197854082605025
36.861	-6.3361	-0.60656	-1.18840769555981
34.486	-9.5717	-3.7802	1.01813593779778
22.352	3.0673	1.2586	-1.04066213852507
35.219	-2.1202	-1.3575	-1.02505084415525
36.39	-6.9544	-0.46647	-0.651027288944578
32.516	-0.5129	-6.2823	-0.0912523958333834
37.032	-6.1426	-0.88556	-0.483230890512891
28.289	2.0839	-1.1024	-0.0479702163834769
33.548	-1.5978	0.067007	-0.746619332431623
35.336	-1.5855	-5.3664	-0.244320958327499
35.391	-7.7354	-2.7639	0.0505065159263235
36.84	-7.9578	-3.3052	0.753531471380871
37.095	-3.2146	-1.7715	-0.768255188916239
33.859	-9.2605	-2.5721	0.758288014610918
35.877	-8.4213	-3.4308	0.86386819151747
34.549	-0.84299	-5.6394	-0.558911998936084
36.996	-7.5551	-2.6668	1.30166353984873
34.832	-7.3907	0.24362	-0.355586682974769
33.235	-10.72	-2.9872	-0.480124885800347
37.307	-6.0201	-1.5607	-0.564935366529005
37.418	-2.9354	-2.5082	-0.747065136297915
34.343	-1.6947	-5.9695	0.157769884189369
35.852	-6.3953	-0.66102	-0.0658448107355977
23.219	-11.625	-3.7246	1.40853759414562
25.658	-11.743	-4.0632	1.645
36.408	-7.0685	-0.74929	0.312963437565276
34.872	-9.2335	-3.1798	1.14607426855224
32.521	-10.366	-3.3013	0.44326504724005
35.301	-7.1362	-0.87532	-0.956286680743707
36.981	-7.338	-4.1057	1.38137221941204
36.532	-2.2219	-4.9142	0.464304388191316
36.587	-6.9588	-0.9185	-0.960678189398384
37.804	-3.758	-2.5106	0.536115404786459
37.188	-3.3266	-4.129	-0.83630457516851
36.601	-3.3263	-0.83788	-0.69516782815028
20.494	-12.103	-3.3423	1.645
37.343	-6.62	-3.3463	0.980252171254425
34.74	-1.4122	-5.6472	-0.0917638213306329
33.679	-0.86234	-0.17042	-1.23519587592182
36.655	-3.0677	-4.4207	-0.979705089020628
34.85	-8.5722	-4.0191	0.91050395858419
30.867	-10.809	-3.5384	1.49152838863368
37.307	-3.9139	-4.5918	-0.435906654103197
36.667	-6.7386	-0.78268	-1.20805609711217
31.457	-0.30158	-6.5963	0.0998556076773097
35.913	-7.6121	-0.87189	-0.531829050585845
36.13	-2.8164	-5.1146	-0.0374958574714309
35.209	-0.0088546	-1.6024	-0.0166556625388148
37.083	-6.3311	-0.76982	-0.113813718497586
36.223	-7.7271	-1.0545	-0.843201833521764
30.474	-10.434	-3.6727	1.645
35.745	-6.4161	-0.72233	-1.42425473136379
34.25	-0.42419	-5.4538	-0.974457145839939
35.158	-7.4175	-0.57039	-0.639256225136569
37.835	-4.0336	-3.727	-0.0190042077767014
29.205	-1.0063	-6.6398	-0.790288504546281
35.456	-3.3218	0.088323	-0.94459640326107
29.803	-10.77	-3.5859	0.818901270084296
37.4	-5.3887	-1.203	-0.774130498525843
38.39	-4.8164	-3.1837	-0.446046314420272
28.169	-10.539	-4.4468	1.645
37.101	-6.2474	-1.5272	-0.730295644905508
36.103	-2.9353	-0.50444	-0.785562965913557
33.597	-0.56617	-5.3621	-0.66507313554121
34.55	-8.264	-2.9045	-0.00840716195524351
35.071	-9.1648	-1.7033	1.46055357205618
37.21	-4.2579	-4.7383	-0.30696874152323
35.826	-8.9178	-2.6398	0.980445487210637
29.572	-9.596	-4.4341	1.645
38.35	-4.2938	-3.138	-0.123431989473661
33.688	-2.6749	1.0381	-1.35962627493401
36.474	-2.0151	-4.8982	0.517574750171339
36.528	-6.7207	-0.3798	-0.771902661587378
33.424	-10.084	-3.4669	1.23273412942198
35.861	-2.605	-5.277	0.675296583452113
34.46	-9.1908	-4.2253	1.645
38.32	-4.8525	-3.1108	-0.286414784004691
37.496	-3.2443	-4.1554	0.154255112369436
26.909	2.6637	0.026832	-0.859151482955875
23.052	-12.064	-3.317	1.645
37.644	-6.4692	-2.6675	0.780189571507807
36.848	-6.5595	-2.1398	1.08827122665935
29.035	1.6447	-0.066406	-0.648932074212491
35.626	-7.5125	-0.57968	-0.508369508562554
37.322	-7.6218	-1.4826	-0.684337531888794
35.285	-8.2893	-0.64382	-0.201338169727701
20.084	-12.312	-3.48	1.645
28.865	1.751	-0.48839	-0.083347498314794
29.709	-10.969	-3.9119	0.707257646824032
37.772	-3.5059	-3.3861	-0.905591020624677
36.942	-6.4637	-0.66239	-0.860798231998386
33.758	0.38343	-3.2386	-0.198118751529804
36.282	-1.236	-3.9953	-0.224070603805743
36.872	-6.6326	-0.5159	-0.832037447703983
27.991	-1.7102	0.46544	-0.457669274694743
34.467	-0.7789	-5.5486	-0.536238754506181
28.91	-10.416	-4.3339	1.645
36.451	-2.0925	-4.9467	-0.0971269439920046
29.772	1.7553	-0.20628	-0.60707690827898
37.46	-4.4038	-1.0835	-1.53563421143081
30.47	-9.6622	-4.3325	1.645
31.478	0.98321	-0.87069	-0.755898437387114
36.431	-1.4634	-3.8262	-0.0781939394479674
36	-9.0717	-3.5695	1.645
37.711	-5.9719	-3.357	0.0160223743589722
27.558	-11.495	-3.2371	1.08608228374676
24.502	-11.889	-4.0808	1.645
36.522	-7.3306	-1.1206	-0.424888561165202
34.234	-9.0501	-4.1876	1.05267591540717
34.039	-8.7942	-4.1058	0.807922498161849
36.049	-2.8343	-0.31658	-1.22739012809484
35.726	-3.108	-0.29894	-0.712393357659072
37.247	-6.3258	-0.74275	0.182601972104351
36.663	-8.0185	-1.3392	-0.184851393990172
36.819	-2.209	-4.6629	-0.272490728305602
36.367	-7.0131	-1.7098	1.48374644585559
37.603	-3.5366	-2.3554	-0.44452395567147
37.32	-2.9559	-2.0473	0.596733285226955
36.358	-3.1915	-4.9347	0.380983460048324
18.772	-12.196	-3.1299	1.645
32.75	-10.422	-2.8005	-0.171464402570013
36.785	-1.4031	-3.5604	-0.0807322498228063
35.477	-1.5291	-5.0441	-0.229177599850127
28.024	-11.618	-3.2678	1.645
38.028	-3.372	-3.8422	-0.763316845418945
35.983	-6.7157	-0.25748	-0.764162219076895
37.675	-7.2641	-2.5191	-0.129001714392961
38.285	-6.068	-1.6478	-1.09471221768365
37.648	-2.9954	-2.6871	-0.232133538954789
36.758	-6.2914	-0.49534	-0.32331279551764
37.3	-4.165	-1.6175	-0.552180985106754
27.805	2.13	0.2655	-0.698958173162145
33.741	-1.9733	-5.4226	0.691691550945266
36.11	-7.4497	-1.499	0.605826334154579
37.13	-3.482	-3.5833	-0.602842601947885
37.065	-7.2034	-1.1197	-0.207162325304711
35.676	-1.5634	-5.343	-0.474629658852851
25.634	-1.2253	0.94194	-0.0985487931132186
36.345	-2.7504	-1.3676	-0.350461610389177
35.006	-5.2704	-0.66318	-0.131775650169416
21.515	-0.82075	1.3352	-0.875093185241429
36.934	-7.1197	-1.3898	0.212272120646964
35.563	-2.7773	-0.24283	-1.46692475804093
37.173	-2.6245	-3.9132	0.751095877380564
36.387	-2.0945	-4.6511	-0.399176562386824
35.784	-2.114	-0.96068	-0.809443718942698
37.664	-3.9756	-1.3644	-0.259220857051696
33.453	-9.9212	-3.2833	1.03960973758219
28.418	-11.12	-3.9506	1.645
35.617	-3.9137	0.42156	-1.27249291300593
35.863	-2.4069	-2.5622	0.0440341428252639
35.028	-7.1752	-0.66195	-0.84241507387421
35.812	-5.4805	-0.52955	-0.364441040392124
35.948	-1.8128	-5.129	-0.526381952319257
36.383	-2.5713	-5.1106	-0.193575764220926
37.161	-6.9458	-4.105	0.440664950275458
33.48	-0.64767	-5.7709	0.674472405160458
36.767	-7.3284	-1.2693	0.0800720086712474
34.688	-1.4445	-4.5017	0.354608164864835
35.727	-1.6297	-5.1851	-0.674052879359737
27.955	2.3396	-0.87238	-0.533962309907328
33.377	-10.479	-2.644	0.330913546750774
32.498	-1.6331	0.075498	-0.803791008031622
37.362	-2.3661	-4.0574	0.389783344167523
37.957	-5.771	-1.0749	-0.791051566563546
36.775	-7.7189	-0.67347	-0.441831502169085
37.412	-4.5111	-2.4789	0.0110511133949144
36.828	-7.5118	-1.7764	-0.219908460105672
34.807	-9.2413	-0.70097	0.173729389830377
37.16	-6.5484	-1.2193	-0.0402303982527061
36.12	-6.8519	-0.23334	-0.346414740075324
38.418	-4.7373	-1.7362	-0.649294043116802
33.209	-1.3065	0.58739	-1.29954062281026
36.674	-2.2954	-4.338	0.187140462222493
36.732	-2.5374	-4.5019	0.769985037017817
37.642	-6.2693	-1.2363	-0.469230897638938
34.288	-1.2429	-5.9811	-0.14560222486971
34.357	-6.5455	-4.6842	1.3199288270063
33.459	-6.2113	-5.0877	0.804775208582058
34.398	-1.8175	-6.1834	0.00324312281652086
28.402	1.6858	-0.84161	-1.34639480605927
36.054	-8.1439	-2.2738	0.902523131070425
36.711	-5.4696	-0.059321	-1.05321146898106
36.851	-6.8	-1.1773	0.19657029270316
38.242	-5.918	-2.1091	-0.280847649492186
37.137	-3.3898	-4.8805	-0.0955449346010384
37.779	-6.3044	-1.8107	-0.399442365895411
34.925	-1.4506	-5.7603	-0.38685230351383
36.307	-6.6518	-5.0565	1.33510550109025
37.216	-7.7869	-1.3901	-0.448824994775732
34.201	-6.8832	-5.1613	1.645
37.024	-5.0281	-5.0016	-0.0838765211339704
31.076	-10.596	-3.1788	1.63598412491857
37.732	-3.9914	-1.8724	-0.707020355556753
28.05	2.1178	-0.84351	-0.958439229465479
29.068	1.9082	-0.13313	-0.354983880905877
38.105	-6.1144	-1.8308	0.0256958705607682
31.208	-10.341	-3.9103	1.645
37.164	-3.1932	-4.4762	0.438686315904634
35.947	-7.6318	-0.92707	0.0840218332029725
26.384	-11.718	-3.1602	1.645
17.539	-12.176	-3.6076	1.645
27.847	-1.0006	-6.7591	-0.965454891885539
28.06	-11.31	-4.1272	1.645
26.252	2.4373	0.2568	-1.57345245985799
36.415	-1.8489	-3.4901	-0.612669592516908
36.414	-6.6305	-0.54073	-0.594158401887663
36.926	-6.1455	-1.226	0.272687754251194
37.013	-1.3675	-2.5758	-0.821293310704315
31.516	-1.6663	-1.0651	-0.645420946386297
23.685	-0.6064	0.95115	-0.423729652342567
27.546	2.3168	-0.11179	-0.74742284024894
36.582	-3.2051	-5.0006	-0.466757579233279
37.103	-6.8195	-0.88503	-1.29942069381437
36.399	-7.0935	-1.8265	0.473992724888293
35.481	-2.2084	-0.77026	-1.00969749786357
27.377	2.5778	-0.06166	-0.623668613905291
29.712	-0.9678	-6.7499	-0.368140948970725
37.899	-7.3266	-2.9614	0.735277120510937
36.681	-7.6883	-1.3233	-0.584331909691608
36.539	-6.8839	-1.4043	-0.743367573090602
36.927	-2.4784	-4.6331	1.64150557950706
37.289	-5.8562	-1.1742	-0.52762757915212
36.35	-1.06	-3.5694	0.342935499360955
36.839	-2.8458	-4.6107	-0.0611127202051982
34.409	-9.3628	-3.4874	0.252476993992713
21.749	-12.082	-3.1072	1.645
36.479	-2.3034	-4.7111	0.595497577402517
35.35	-9.2134	-2.9742	1.645
37.069	-7.3037	-1.1191	-1.01962951284207
37.293	-2.0806	-4.0461	0.158204719883506
37.112	-7.3561	-1.2594	-0.110652556490644
35.298	-7.0473	-0.77197	-1.1610140125762
34.237	-8.2289	-3.8283	0.889987000348984
38.056	-5.1676	-2.5888	1.13659251924194
35.642	-2.2581	-5.5624	-0.190539381269759
37.132	-6.4566	-0.84542	-0.258105172015429
33.381	-2.7503	-0.92077	-0.782794153273909
36.842	-7.1254	-1.1484	-0.622829051001882
36.903	-6.0825	-1.1782	0.276810199253121
36.19	-1.7172	-3.5639	-0.649188523437808
34.92	-2.2908	-0.34357	-1.16660644529356
38.043	-4.5569	-3.3936	1.51193906508401
35.541	-0.99494	-3.919	-0.658936355939313
37.769	-5.0176	-1.871	-0.855005662199795
35.269	-8.6907	-0.96378	0.583968250066119
36.885	-8.2585	-1.4113	-0.332599475918955
34.961	-9.0902	-2.5955	0.616492414740659
36.838	-3.1052	-0.58324	-0.914701428656397
27.664	-10.9	-3.9195	1.34773115922637
23.422	-0.66444	0.89025	-0.854883274379155
29.878	1.9333	-3.6835	-0.496611728879021
38.515	-5.1784	-2.2231	-0.596882028680096
38.137	-5.8416	-1.5113	-0.617139037123589
37.654	-2.3191	-2.4915	-0.644554783429549
35.139	-7.3104	-0.6746	-0.906457738154312
29.667	-0.36181	-6.2471	-0.53067503259096
34.572	-9.5317	-2.8881	1.00454943627957
36.627	-2.2565	-4.6513	0.465427024163945
38.041	-6.1191	-1.0396	-0.671237096869362
35.898	-7.0416	-0.93679	0.399103520290376
33.998	-7.9864	-0.16569	-0.741070990236133
35.179	-4.4275	-0.35156	-0.0957989409143646
35.475	-6.9959	-0.76676	-1.04046757944114
32.07	1.4293	-2.3833	-0.481651534046851
35.045	-8.4451	-3.0206	0.452096663702658
36.626	-6.7312	-0.7282	-1.18256521064635
28.783	-1.1034	-6.5278	-1.02125905629908
35.933	-8.4365	-1.8553	0.691716902682343
32.506	-10.224	-2.3987	-0.310875379097733
34.744	-7.6455	-4.2175	-0.0382952835038111
35.716	-8.4489	-2.1184	1.04305797477745
31.72	-0.96702	0.3544	-1.21805825208513
36.751	-6.7733	-0.83624	-1.48529679107073
26.305	2.5123	-0.34699	-0.0825002568317474
37.254	-3.0555	-4.385	0.0874064046292594
34.17	-1.3725	0.13005	-1.51754861051022
36.772	-2.0808	-3.8427	0.348877286304005
28.764	-0.51537	-6.6424	-1.26010843843669
38.014	-5.9577	-1.8809	-0.214236958828037
34.574	-3.6874	0.49795	-1.41709850747565
36.293	-1.505	-4.5643	-1.00207294874226
36.234	-7.6629	-0.97961	-0.508763173102194
34.65	-7.5723	-2.293	0.875177563369489
36.083	-8.5847	-3.8822	1.37260802291973
27.103	-1.7895	0.51807	-0.870995006693954
36.16	-3.0067	-5.1595	-0.674396241218943
33.832	-9.4165	-3.2844	0.72972889694805
35.349	-1.7696	-4.8635	-1.3891408107331
37.166	-4.2299	-4.5378	0.499226689236252
34.808	-9.1052	-3.57	1.17360351920341
35.873	-6.1718	0.076158	0.0801740443785276
35.622	-2.128	-5.639	-0.746084865690407
37.437	-6.1818	-4.1612	0.764729135461161
36.152	-7.3342	-0.95071	-0.533754465579137
35.261	-1.5128	-5.0484	-0.974435762769029
33.824	-9.9319	-3.7705	1.39221388076067
35.159	-5.0452	-1.1061	-0.218252919269205
30.039	-10.6	-3.9322	1.645
30.135	-9.1454	-4.2499	0.805729044459046
29.138	-11.188	-3.8476	1.645
35.92	-6.9901	-0.49628	-0.25197900244376
31.224	0.17342	-5.7504	-0.0194578203751395
35.622	-3.6657	-1.0615	-0.819953081323046
37.487	-6.2291	-1.7669	-0.501251180279492
35.929	-8.1243	-1.4357	-0.529740357367822
33.353	-0.15211	-5.6436	-0.316820253522899
34.134	-10.156	-2.7773	0.506244406356864
35.54	-1.4891	-4.931	-0.494964330070897
34.026	-9.7903	-3.2879	0.222270916102193
36.626	-5.7911	-1.2278	-0.294130565639425
24.178	-11.704	-3.6301	1.645
37.404	-5.4861	-1.3972	-0.333253875155964
33.892	-0.68384	-5.8885	0.134686623606816
24.368	3.7988	0.25655	-0.753845370762009
25.316	0.0397	0.96357	-0.509822552777467
36.37	-2.9592	-4.9675	-0.891856942642106
36.177	-2.5183	-1.6875	-0.122958493397414
34.494	-0.21675	-1.9609	0.342589676307029
36.989	-2.1522	-4.4694	1.08921309952107
29.538	-10.738	-4.0519	1.645
37.198	-6.5255	-1.0386	-0.498981053553538
36.164	-7.808	-2.0116	0.135544683110334
26.615	-11.683	-3.4185	1.17063684500419
35.959	-8.016	-1.3819	0.0991213500576819
37.27	-6.2276	-1.1357	0.199156497991226
36.454	-6.533	0.32032	-0.98106769928747
36.452	-2.8956	-0.53636	-1.04531031287083
33.279	-10.124	-3.4263	0.483409528517495
26.736	2.6919	-0.6298	-0.524905767615434
37.768	-2.7583	-2.6984	-0.492241272645051
35.59	-2.7801	-5.4654	0.11657472527239
37.579	-7.1001	-2.0947	-0.886906224398231
36.093	-8.6628	-3.2445	1.645
33.734	-9.5652	-3.4776	1.03700057294207
38.216	-4.6273	-2.5373	-0.299011156523658
27.089	-11.553	-3.8875	1.4877094208862
32.801	-10.494	-2.9191	1.4613959517813
38.241	-4.5629	-4.0563	1.19717473041582
37.785	-3.759	-1.4766	-0.284285904063241
38.276	-5.2348	-2.0977	-0.200639606401205
37.742	-3.366	-3.0438	-0.241200177814235
27.815	-0.57083	-6.707	-0.197305454990276
28.23	-0.50422	-6.5389	-1.48497135088284
29.63	-0.92416	-6.7941	-0.231097460050598
33.189	-2.0783	0.76822	-1.52074470260914
34.078	-0.040589	-5.3448	-0.558601734862166
36.923	-2.6406	-4.693	-0.80110259330264
30.923	-10.273	-3.951	1.645
33.454	-0.75361	-5.856	-0.987015875184079
37.946	-3.4073	-2.4633	0.119671181499846
24.271	-12.112	-3.4109	1.645
36.432	-7.4201	-0.80639	-0.659326249784983
35.365	-1.0409	-4.4356	-0.0902713119873344
36.627	-4.0545	-5.0559	-0.603045273166509
36.92	-5.8143	-0.62305	-0.647361928361202
36.617	-3.1258	-4.9507	-0.173408902215801
35.936	-1.5523	-5.1143	-1.05808318472433
22.13	-12.369	-2.9595	1.645
35.285	-7.5377	0.066807	-0.89561306914889
34.246	-1.9271	-6.1455	0.420824207291724
35.563	-0.78294	-4.4159	-0.337805034732556
37.246	-2.3567	-4.2847	0.34087899062395
36.836	-2.003	-4.5542	0.218487531036679
35.681	-7.0142	0.034118	-0.423534011255786
28.476	2.3052	-0.21928	-0.780617646962682
36.702	-4.5632	-0.72328	-1.645
35.022	-2.2931	-0.30106	-0.297700692264766
36.997	-2.8596	-4.6194	0.489887801319987
31.828	1.1086	-2.2523	-0.0556258208366529
35.129	-7.3311	-0.43908	-1.17448230283859
35.687	-2.4359	-5.3201	-0.0256769427666451
26.988	-0.92323	0.91876	-0.754759991246575
31.846	-3.3065	-0.63738	-0.447742482224329
33.401	-1.0653	-5.7202	-0.253423007869954
36.04	-6.7814	-0.20054	-0.332774618029806
34.114	-0.95412	-5.5611	0.214405481223751
36.599	-6.6278	-0.62335	-0.810160844534269
37.135	-6.6056	-1.2216	-0.433272215478166
38.176	-5.8106	-2.8118	0.603508999427031
37.58	-4.0989	-3.3811	0.273822211261852
35.637	-6.7245	-0.37612	0.0135716209989514
35.282	-0.54191	-4.5888	-0.20565217209269
35.082	-1.3413	-5.5522	-0.300054223978305
35.866	-8.262	-4.0059	1.09570514052315
37.104	-7.4099	-0.84084	-0.496692552456803
35.513	-9.1151	-3.2543	1.645
36.187	-7.133	-0.64214	-0.285511593714731
35.107	-0.70271	-4.7009	0.137597539879081
37.184	-1.7013	-2.732	-0.923724976496079
37.267	-6.9481	-1.9059	0.0550648734190831
32.963	-0.82231	0.13576	-0.820834376571744
35.467	-1.2018	-5.1814	-0.444981207409465
19.144	-11.629	-3.5846	1.645
35.444	-3.6749	-0.45329	-0.130364002589997
33.256	-0.209	-5.6186	-0.00297697654745613
38.277	-5.7043	-2.5148	-0.0792981184073855
35.262	-6.5396	-0.11959	-1.01409577061045
36.147	-2.2079	-4.9607	0.35395442393702
25.063	2.6942	0.50611	-0.950145736274595
35.954	-7.1833	-0.97152	-0.327144934639978
31.359	1.133	-1.4757	-0.312005090164879
36.883	-3.2841	-4.7561	0.0314174631070325
37.07	-3.5895	-4.5398	-0.0549986289986846
29.455	1.4441	-0.33154	-0.00867461991405796
30.771	-10.607	-3.8479	1.645
35.249	-6.5454	-5.549	-0.00309036728370895
37.709	-3.0288	-3.4199	-0.824077695013083
36.433	-4.7672	-1.4114	-1.23312434840324
27.534	-0.34665	-6.4868	-0.290708112487043
36.086	-7.7136	-1.5338	-0.59734919064696
38.056	-6.0844	-2.1369	-0.234826859107891
34.733	-2.7372	-1.1845	-0.265965194195609
34.09	-1.9336	-5.9096	0.368553642144266
30.214	-10.125	-4.3742	1.645
36.733	-2.908	-4.739	-0.17282981942338
32.649	-1.5728	0.16861	-0.820384146356943
35.94	-8.616	-2.4003	-0.2628161504348
38.211	-6.7695	-2.7243	0.411112361368915
34.473	-6.0424	-5.0366	0.98870749451133
36.627	-6.1571	-0.69163	-0.759065010415404
36.064	-7.1385	-1.2273	-0.667284109316077
28.21	-11.078	-3.6007	1.24460956133152
33.526	-9.8154	-3.646	0.534828755521455
37.809	-4.4404	-2.6843	-0.305834793352078
36.294	-2.8729	-4.9081	0.339077963916269
36.932	-2.2441	-4.676	0.204459534452486
34.882	-7.8087	-4.7386	0.70404068573074
36.476	-7.382	-1.0621	-1.08803513671284
37.275	-3.0113	-4.2995	-0.16110221539597
37.16	-7.4515	-1.5202	-0.148201713150503
29.493	-2.0896	-0.37662	-1.20580339500319
36.008	-4.144	0.37998	-1.16325908481774
33.871	-0.68123	-5.6772	-0.264403966227114
26.97	-0.27744	-6.7405	-1.13428690965574
34.878	-7.421	-4.5206	1.645
36.796	-7.0838	-1.2456	-0.254238083415317
36.362	-7.0014	-1.1047	-0.620198087477476
20.626	-11.99	-3.1838	1.51729976143089
37.31	-7.5264	-2.6178	0.947165587110953
30.671	-0.85242	-6.8893	0.455605599697098
16.859	-12.177	-3.2421	1.645
36.905	-4.2578	-0.4808	-1.47163567056037
35.511	-1.8353	-5.3157	-0.516897605513341
21.085	3.772	0.79139	-0.638334877316817
37.367	-3.737	-1.2535	-0.164720630554621
36.651	-7.5829	-1.2475	-0.93541854501687
35.014	-8.2377	-0.58041	-0.229763609061317
36.616	-6.8313	-0.47681	-1.645
36.201	-2.0957	-4.461	1.20307799606282
36.759	-7.1446	-0.57465	-1.29381480720386
35.043	-1.2339	-5.4064	-0.424113141647493
36.334	-6.388	-0.29077	-0.261495279583728
35.239	-3.0074	-0.11223	-1.34916692015275
33.832	-8.7472	-3.3011	1.06326030526891
29.377	1.7668	-0.97623	-0.409894123802161
36.531	-6.2769	-0.45093	-0.260157958140156
35.735	-6.5504	-5.0381	1.23916799240848
36.185	-8.2947	-3.287	1.30201991918476
30.382	1.5907	-0.49021	-0.989078612610534
36.292	-7.3381	-2.103	-0.752198912248709
30.558	0.84485	-0.90212	-1.02338666133496
