30.252	-10.709	-4.2735	1.4141518784282
37.784	-3.0457	-3.1938	0.414858838859353
35.233	-1.7225	-5.4094	-0.680399892979044
36.304	-5.6636	-0.46282	-0.537372640972382
34.958	-1.4558	-5.6443	-0.522007121085085
35.711	-7.1492	-0.48083	0.186732808796093
35.577	-2.1617	-5.7207	0.585458565622758
30.384	-1.1125	-6.3906	-1.19808314553258
35.662	-6.8765	-0.14067	-0.335124463070564
37.208	-4.7836	-0.79393	-0.592864928634288
35.031	-0.73919	-5.3013	1.40059054112325
30.639	-1.4277	-6.4224	-0.493715443061817
30.396	1.5929	-2.7118	-1.52226761224268
37.36	-1.9229	-3.4248	-0.755840501373486
38.053	-4.9272	-3.8114	0.556220622430319
25.215	3.2448	-0.1568	-1.57292398555214
37.946	-3.3618	-3.7233	-0.223254382974667
36.345	-3.4584	-0.40195	0.153788937669725
29.468	1.8323	-1.3242	-1.3971514869524
35.221	-8.5458	-1.1697	0.427169062095731
37.076	-4.767	-1.1442	-0.800108512290258
38.1	-6.0953	-1.2467	-0.928517090975414
37.421	-4.2265	-4.3602	0.685708885039735
37.609	-6.1563	-1.2378	-0.72759114150082
29.628	1.4832	-0.091737	-0.721765997255577
30.886	-9.9839	-3.954	1.19547162015105
36.237	-7.9567	-0.56517	-0.647867137965606
38.043	-6.8756	-1.8666	0.253956974721812
37.508	-3.0489	-2.1855	-1.23228847853495
38.329	-4.7319	-3.6869	1.06744853302726
34.7	-1.2137	-5.6412	-0.173526106270222
38.1	-3.8544	-2.0497	-1.02665552497058
35.969	-7.2747	-0.90899	0.27194968408183
27.088	0.10397	-6.6888	0.653427437290965
37.973	-4.0567	-3.8317	1.38552080250642
27.649	-11.462	-3.5438	1.03230960669816
35.681	-8.7417	-2.8366	-0.313835070398075
27.506	2.6504	-0.70193	-0.964849961659987
29.352	-10.501	-3.6657	0.375329169830657
36.904	-6.9214	-1.6942	0.902453460878606
35.473	-9.362	-2.7353	1.00752674438585
36.27	-3.1772	-4.7845	-0.0340932764138793
28.019	-0.25125	-6.6692	0.745848467892549
33.485	-9.167	-3.831	1.57157886593625
34.236	-10.016	-2.8261	-1.12326914049708
33.449	-0.6842	-5.706	-0.264298145928385
36.817	-3.992	-1.0023	-1.20707830467838
36.439	-2.5243	-2.1194	-0.532811449990266
34.364	-0.084456	-4.3062	0.669337537842744
35.596	-0.68966	-4.4515	0.971402876762767
36.24	-2.3286	-1.4169	-0.362183817033519
36.865	-7.6925	-1.6333	-0.0478373953009865
37.22	-6.5674	-1.1292	0.654826668388952
37.897	-4.8967	-1.5729	-0.519381784231763
35.228	-2.001	-3.9949	0.496136752771391
33.384	-0.71081	-6.05	-0.23829796461663
36.605	-7.0821	-2.621	0.956312629909362
34.196	-9.5363	-3.2052	0.148594258436835
30.378	-9.9318	-4.0164	0.676558263383876
35.451	-2.0421	-5.2604	-1.24924849236946
37.029	-6.5279	-1.0449	0.488901758513688
36.22	-7.0306	-1.8249	0.630104935503889
35.361	-7.6139	-0.68234	0.21821831187683
37.68	-3.1829	-3.9933	-0.938171849132703
34.157	-1.6204	0.0068926	-1.25240276891522
37.485	-7.2194	-1.5734	-0.415591938312577
36.966	-5.8746	-2.2644	-0.592843666393856
36.318	-6.8931	-3.2431	0.170694815225975
34.278	-8.7974	-3.7387	0.956713255889509
31.307	-10.824	-3.7747	1.645
37.731	-4.9146	-1.0312	-0.709807410473935
23.754	-11.761	-3.3614	1.645
36.647	-7.5774	-0.80506	-0.0189030576142544
37.798	-6.4612	-2.1662	-0.0543063377258363
37.754	-3.583	-4.2792	0.803660804076293
35.975	-7.482	-0.79263	-0.121372607359596
37.505	-6.6685	-2.6847	-0.275842260666694
35.53	-1.198	-4.9193	0.527056957368769
37.23	-3.1353	-2.1204	-0.692424143802404
36.382	-2.1964	-0.9519	0.929750822243199
24.761	3.1961	0.59405	-1.40860318808616
33.85	-8.5339	-4.1833	1.645
31.588	-10.845	-3.7152	1.645
34.348	-1.5875	-5.124	0.294386001849863
35.855	-8.5351	-4.1011	1.56716064359216
35.188	-7.5203	-0.50527	-0.60278653941387
29.408	-0.87213	-6.5897	0.548444099069852
29.318	-10.906	-4.083	1.645
36.734	-4.8522	-4.9762	-0.674256593135566
36.425	-0.63911	-3.5397	0.459198003700744
35.68	-4.0853	-5.459	-0.296715318136677
37.21	-7.0648	-0.9211	-0.642369034011677
35.97	-1.7404	-1.3486	-0.143298275242358
36.73	-2.8421	-4.3338	-0.320174301242176
35.127	-8.9068	-3.2601	0.31805559428385
34.516	-1.442	0.39769	-1.18324317940966
26.621	-0.41676	-6.7491	-0.242976127061132
33.447	-0.099584	0.24688	-0.336017856751955
35.417	-9.3933	-3.2228	0.761249353694284
37.061	-6.5184	-1.2337	-0.415412397465335
36.761	-4.0431	-2.5386	-0.63331917634566
36.51	-6.2637	-0.54518	-0.656328111913491
36.466	-7.3544	-0.70317	-0.703292989861908
28.861	-2.2487	0.5869	1.56404025311124
37.211	-6.4572	-0.88182	0.0965717427215641
37.444	-6.7964	-3.6172	1.4684917746619
36.601	-7.2495	-1.0362	-0.252068110027317
27.931	-0.28496	-6.5634	0.338794410900937
31.618	-10.13	-4.2517	1.645
36.223	-7.4272	-1.0084	-0.476039151940425
29.629	-10.882	-3.5421	0.669482217939424
29.947	-10.855	-3.69	0.698521778879773
37.298	-6.2867	-4.72	0.500703754559419
38.155	-4.6891	-2.4946	-0.921455037727401
29.457	-8.1844	-4.6495	1.11814949894367
37.961	-6.4367	-2.1714	0.408445209627958
24.995	-12.011	-3.4335	1.645
37.283	-5.6156	0.019012	0.206874309279102
36.059	-5.4499	-1.2052	-0.814923479489902
27.944	-0.12737	-6.92	-0.457570800269986
33.895	-8.0079	0.42918	-0.286910126580626
34.547	-9.2514	-3.6529	0.851499403776969
27.474	2.3031	-0.87242	-1.07261276722243
36.897	-3.6054	-4.7352	-0.120798635622954
34.858	-0.90232	-5.1763	-0.233702571958519
27.282	1.8772	0.36123	-1.645
26.937	-11.434	-4.0353	1.55103185806711
34.051	-7.057	-4.9855	0.137176149593202
36.385	-6.6891	-0.91737	-0.834561945295355
36.707	-6.8401	-1.3848	-0.970376747302127
36.43	-6.2279	-0.72841	-1.40490883739215
37.485	-6.1472	-1.8209	-0.0195286328962099
37.336	-4.2892	-1.3951	-1.51133766815098
36.534	-2.8847	-3.859	0.549448905145591
36.765	-2.6537	-0.90358	-0.161960014959664
38.365	-5.7093	-3.163	0.376967290029626
26.795	-1.38	0.76789	-0.91582424716342
37.736	-7.0645	-2.0451	-0.0171063051161133
27.947	-11.622	-3.3485	1.55072465170711
29.441	-2.4441	0.42788	-0.448458392444761
34.545	-0.57259	-5.36	-0.328246879394168
37.192	-7.2199	-0.97104	-0.220548532046976
35.643	-1.0173	-4.7475	0.500645457203091
29.467	-10.775	-3.9691	1.645
36.573	-8.3132	-1.1099	-0.204914840959965
36.38	-6.6055	-0.06572	-0.162189171537465
36.872	-7.3054	-1.1125	-0.249035136289944
31.012	0.82625	-1.0063	-0.822545633498327
33.073	-10.383	-3.0347	0.478354713971627
33.721	-9.813	-3.1666	-0.677002511783065
36.514	-2.8311	-4.6458	1.57142225419635
26.728	-2.4993	0.37058	-1.58355950602864
35.137	-7.474	-0.47603	-0.797461684054568
33.092	-2.3509	-0.10809	-0.998559164645833
30.162	1.0924	-0.59141	0.306837398880634
35.653	-8.8056	-2.0148	1.645
37.55	-2.3992	-4.0514	-0.639128571455644
28.167	2.2203	-0.26485	-0.62870903429743
37.262	-7.6743	-2.5575	-0.495207582601187
28.68	-0.5989	-6.5866	-0.217328079896496
36.82	-6.8749	-0.3813	-1.08462318448916
37.969	-4.1044	-3.9668	0.969079295144696
27.04	-0.27364	-6.8262	-0.825410520995796
35.876	-2.8084	-4.9303	0.703826634089791
36.613	-7.1136	-0.79163	-1.10368000611876
29.461	-1.419	0.7187	-0.77236392319079
33.343	-10.105	-3.3928	0.696196632426885
35.407	-6.9301	-1.0617	1.14254944510473
36.67	-6.252	-0.26205	-0.0473066468294697
36.115	-6.9508	-0.31193	0.239925604747662
30.193	1.2549	-0.92182	-0.283845870773261
36.741	-6.2321	-0.25214	-0.204574097325958
35.394	-6.7244	-4.8998	-0.582077285492896
35.901	-7.5783	-1.5121	0.120865050996285
36.212	-2.8864	-4.4424	1.44649646473109
36.519	-6.8297	-1.8835	0.9246353175958
36.757	-4.3829	-1.9128	-0.196169911962204
37.299	-4.6356	-4.2258	1.59951741232005
36.961	-6.9266	-1.1732	-0.0634402702269607
35.464	-9.2253	-3.2972	0.527263833349346
35.372	-7.55	0.094466	-0.452719946911724
37.434	-3.8318	-1.858	-1.05893954236136
37.432	-2.5769	-3.2596	-0.143495857344822
35.832	-1.7551	-5.3572	0.340548315686883
34.841	-1.1825	-5.6789	0.154247109726218
35.748	-1.2876	-4.9432	-0.381044355563248
37.279	-7.3662	-1.4602	0.0132937483646051
33.607	-1.7542	0.66326	-1.25985069642141
36.366	-7.7739	-1.273	-0.757451531028932
29.524	1.8227	-0.21233	-0.879722112466327
24.281	-0.95431	1.6062	-1.645
37.71	-3.7762	-3.6003	0.588428012390362
37.127	-6.706	-1.4274	-0.49868806187569
37.568	-3.1113	-4.1591	-0.820837319691246
36.105	-7.3621	-0.27467	0.455228809755789
36.68	-3.1089	-0.80076	-0.599650854983387
37.185	-5.435	-1.2468	-0.195121596504862
35.352	-7.529	-3.7597	1.04299756929204
37.144	-2.5994	-2.8073	-0.343319060437925
36.629	-7.321	-0.79914	-0.884778832440357
29.709	-1.2098	-6.7267	-1.10989234440911
28.639	-1.7463	0.11451	-0.566832246190778
33.884	-9.4559	-2.2002	-0.957456943162697
29.769	-1.6298	0.65782	-0.513823977510627
37.081	-2.2684	-3.7777	-0.552710937987731
36.206	-7.2978	-1.6692	0.28289641636943
25.402	-11.378	-4.1255	0.575677912031219
37.885	-6.1483	-4.0581	0.220817248107637
31.038	-10.399	-3.8462	1.645
36.67	-6.0862	-0.60603	-0.776657217429148
34.412	-0.72442	-5.3799	0.338928024446668
29.81	-10.35	-3.8864	1.645
33.106	-8.9881	-4.6548	1.38802910252109
29.473	-0.48085	-6.5681	0.291121103342925
35.74	-1.5646	-5.2828	0.147800003010973
37.574	-2.8168	-1.8882	-0.632273225174274
32.89	0.72047	-2.1587	-0.670236658381614
36.778	-6.6332	-1.1096	-1.05056014740067
37.034	-3.681	-5.0419	-1.25324899136596
27.479	-1.1421	0.8687	-0.823816664826357
35.114	-8.5241	-4.0748	0.602275682107572
35.997	-3.0534	-4.6892	0.882836026944891
36.301	-1.469	-4.8456	-1.18467249863751
33.033	0.14127	-0.89016	-0.419088891763547
35.769	-1.0613	-4.7791	0.241091107127588
24.668	-11.654	-3.2159	1.0025927352117
28.566	2.1575	-0.46418	-1.04313151521275
18.476	-11.922	-3.6567	1.645
31.902	-10.188	-3.1425	1.645
35.592	-6.7005	-0.93449	-0.586254997213685
34.055	0.053927	-3.4849	0.628447909567562
29.642	-1.2463	-6.7948	-1.07487947159182
37.359	-2.1066	-3.8716	-0.266404885650346
28.656	-0.89458	-6.9293	-0.50752983635088
37.672	-6.7785	-0.78609	-0.241175517620135
35.668	-7.5501	-1.0858	0.380988873075883
36.261	-6.8152	-1.5389	-0.378840713621683
36.834	-6.7319	-1.2722	-0.0448492628685792
36.996	-7.5969	-1.0678	-0.182138638142635
30.542	-6.0829	-5.3952	-0.443541146100257
35.304	-0.72865	-1.7241	1.02800049839511
32.167	-10.434	-3.3169	0.285411922729362
37.241	-6.6798	-1.5083	0.404731302762336
37.692	-3.8642	-3.9815	1.23982991817448
36.295	-7.3641	-1.1927	-1.35121769842736
36.177	-1.3727	-4.7834	-1.10247728433361
35.221	-1.4667	-5.6054	-0.258034723633746
36.195	-3.0407	-2.149	-0.615329391456776
20.821	-12.156	-3.2601	1.645
28.31	-11.059	-4.4058	1.645
37.112	-7.4161	-1.9881	-0.0486178982688055
35.304	-6.792	-4.5462	-0.00922921591562022
31.554	1.5166	-0.70294	-0.52838835654906
35.332	-3.4379	0.25797	0.0906421753118967
33.492	-9.8817	-3.9009	0.793936673878063
37.411	-6.3305	-1.4893	-0.431471072331745
35.78	-6.7263	-1.6317	-0.843825930475721
33.448	-0.77411	0.15523	-0.522097707360633
35.375	-5.2242	-0.81239	-0.921701074298205
33.301	-0.8584	-6.2191	-0.297126800095785
33.996	-0.50546	-3.2843	1.645
36.135	-7.0239	-0.50614	0.182514346701169
35.965	-2.0548	-5.2201	0.317738311327643
36.394	-6.1789	-1.2919	-0.930821855230931
37.406	-4.8724	-2.8986	-0.116091606901993
36.04	-7.8278	-3.3901	0.556355955988039
36.003	-7.4847	-0.98669	-0.16188962866252
37.505	-3.3844	-3.665	0.135054761021193
38.095	-4.4114	-3.0289	-0.501874507245081
28.845	-0.3391	-6.3215	-0.437913840453128
31.873	1.1603	-1.4668	-1.01392882927852
37.224	-5.958	-1.089	-0.360459359405341
37.745	-6.0125	-2.6235	-0.670785798934346
32.761	-10.279	-3.5803	1.4733894923342
35.146	-6.8688	-1.1453	0.22414319162824
22.237	-11.81	-3.5527	1.645
36.309	-1.0166	-2.6914	-0.170206863712725
32.789	-9.4975	-3.0511	-0.502655213987367
38.051	-7.0224	-2.7249	0.59902990279543
37.117	-7.0294	-1.3152	-0.516713149936666
29.757	-0.67542	-6.5392	-0.0143211940791551
37.809	-6.3381	-1.42	-0.253142269220187
37.268	-4.9914	-0.25184	-0.348166255449848
37.709	-3.5095	-2.5169	-1.20079655206936
29.359	-1.6151	0.50232	-0.846859008726048
35.72	-8.5251	-3.5035	1.645
35.965	-1.3746	-5.0021	0.32934371764507
36.316	-4.3292	-0.2157	-0.373491019553048
32.677	-8.7274	-4.1685	0.883976286731326
38.36	-5.3256	-2.9136	-0.592382289353562
36.221	-7.3412	-4.4751	0.911855469118164
34.415	-6.8325	0.075148	-0.634606093702215
28.368	-0.59665	-6.7559	0.126892299733515
36.759	-3.5836	-0.81804	-1.37705337830014
34.095	-9.7839	-3.228	0.478981533132295
37.368	-6.4768	-2.9922	0.0328763265523295
37.332	-7.2515	-3.8961	0.406827714250149
35.258	-5.3219	-5.4431	-0.308255546112539
36.321	-3.9637	-0.27042	-0.533717972438499
36.03	-6.7396	-2.2656	0.31522398378746
36.297	-6.6218	-1.3064	-0.870088030313952
36.623	-2.2417	-4.4946	-0.454221068756217
30.035	-10.734	-3.8263	1.645
36.66	-6.6386	-0.37036	-0.23764690124753
21.515	-0.27706	1.74	-1.645
33.103	-10.306	-3.7632	1.645
36.952	-8.0395	-3.7747	1.01097294874378
22.571	-0.57713	1.5151	-1.645
37.393	-3.4946	-4.3244	0.170234370012168
29.076	-11.036	-4.0158	1.26852719391559
27.77	-11.555	-3.6482	1.645
37.578	-3.8494	-4.4812	0.17832715084516
37.42	-3.8425	-1.2864	-0.476980786170953
26.936	-1.6129	1.3973	-1.22733627812033
36.112	-7.3194	-0.71772	-0.055214458625913
35.791	-7.0583	-0.31701	0.128558105960512
30.4	-10.876	-4.4696	1.645
35.159	-1.6508	-5.7185	-0.0464936340377563
36.861	-1.5517	-4.234	-0.778648110563966
26.877	2.3493	0.26303	-0.977362822032039
20.474	-12.495	-3.206	1.645
27.177	-2.3797	0.14023	-1.42866991610938
37.496	-2.3662	-2.2257	1.31885985903147
34.893	-8.2576	-0.2879	0.0295096116467558
26.716	-11.636	-3.9302	1.645
34.889	-7.5416	-4.5362	-0.0683156152211247
36.442	-8.308	-1.1302	0.179613205388491
35.773	-7.8802	-0.81617	-0.355129554584235
37.317	-6.8573	-3.3818	0.174288451014921
36.102	-3.0749	-5.1304	-0.395574841850009
37.105	-2.5589	-3.5756	-0.844933518495377
25.809	-11.625	-3.7767	1.645
31.857	1.6245	-3.1076	-0.252843062271231
26.788	-1.3344	0.7076	-1.19010031201047
37.049	-6.6954	-1.5441	-0.0386247753393846
30.72	1.4517	-0.34053	-0.209484703026403
27.045	2.3681	0.63953	-0.921368219518654
20.617	-0.3175	1.6639	-1.645
37.887	-5.396	-1.5637	-0.474047497055123
37.858	-5.3791	-3.9756	1.05057594040425
37.652	-4.4151	-4.0434	1.28666937222162
29.685	-10.994	-2.7076	0.847466643845131
33.751	-10.254	-2.9882	-0.5770429176545
33.908	-0.57427	-1.1263	-1.28185797355564
36.426	-7.9875	-4.213	1.30292817938404
33.919	-7.0507	-5.0645	-0.296795010892915
37.54	-3.8517	-4.3804	0.0370783100439604
35.577	-1.6453	-5.4049	0.323335317093204
38.032	-3.8433	-2.5224	-0.975633504417457
26.259	-0.18253	-7.0548	-0.32471050553734
35.993	-7.0808	-1.3785	-0.653523590859931
34.187	-1.4715	-5.6999	0.461767868671569
38.371	-4.863	-2.051	-0.821672808816075
36.918	-7.5758	-1.5006	0.0558829181635061
36.473	-1.6404	-4.767	-1.645
28.657	-0.49517	-6.6234	0.466015003254369
36.394	-7.593	-0.62675	-0.535899050547011
36.478	-7.1979	-2.0881	-0.759544471686843
35.184	-9.2901	-3.1965	0.0879879857455808
33.753	-9.4761	-3.5559	1.09039320897475
38.074	-4.3028	-2.4632	-0.304605201876794
36.292	-2.6554	-4.4174	0.180018605635455
37.272	-6.8375	-1.1314	-0.0392319519704888
33.715	-9.6432	-2.123	-0.538529732293013
35.237	-0.69076	-4.8874	-0.147554713192729
24.414	-12.142	-3.2013	1.645
37.569	-6.5148	-1.4642	0.312415022018724
36.96	-6.9343	-1.0159	-0.149672572342713
37.294	-1.9809	-3.4145	0.165546355285014
37.737	-6.611	-1.2513	0.00482014588489905
37.08	-2.6979	-1.4846	-0.166517694856928
37.508	-7.0244	-1.8393	-0.416074587297769
37.038	-4.3294	-1.0892	-0.884543201839507
34.492	-7.3364	0.24994	-0.764401511321628
27.619	-11.723	-3.0238	1.645
37.109	-7.0105	-0.90472	-0.893697179862696
33.954	-0.85081	-5.874	-0.392505828299976
25.499	-1.9116	0.89186	-1.645
33.203	-10.02	-3.7952	0.796909639752802
36.949	-4.5689	-2.2549	-0.335560987661388
38.43	-6.1105	-2.4777	-0.0136989721227682
36.281	-7.2612	-1.4428	0.579291703836361
36.205	-2.6511	-0.80731	-0.416951322411912
31.294	-7.8077	-4.7166	1.29151842728735
28.036	-0.32208	-6.6729	-0.434781869491019
37.033	-2.5461	-1.0928	-0.131953176843183
33.627	-10.262	-3.7998	0.0671350962184028
28.89	2.0927	-0.92713	-1.26469252519039
36.811	-6.4165	0.35144	-0.187585659439789
37.011	-5.9559	-0.4383	0.0852534470774336
38.201	-3.9247	-2.182	-1.34192535499152
36.854	-3.5895	-4.6313	-1.20118039821658
37.373	-6.9962	-0.69014	-0.316562830607844
38.149	-5.5533	-1.2842	-1.36401480155495
36.144	-2.2189	-1.1147	0.116065628848358
35.14	-0.37334	-2.7565	0.355212972458879
36.902	-7.0363	-0.65284	-0.618623805398993
36.446	-6.3734	-4.8093	1.07773169690142
36.044	-8.7182	-2.4083	0.731311455943697
34.719	-9.8405	-3.3063	1.39853850541089
36.437	-3.6993	-4.3082	-0.536261292512822
34.532	-1.6199	-5.9276	-0.307208072908284
24.371	-1.4143	1.2245	-1.645
27.162	-11.286	-4.1317	1.645
35.233	-8.8871	-3.1131	1.645
34.886	-6.2481	-5.5571	0.18065059911491
34.45	-9.2067	-3.1109	0.122251147517829
35.822	-6.391	-2.1782	-0.426654405438127
35.733	-1.9219	-0.14499	-0.328285231058765
35.874	-8.6177	-1.8043	-0.0681665240801957
34.192	-8.3314	-3.5638	0.971633837187927
37.948	-6.3604	-1.6608	0.520619120465939
35.228	-8.4952	-3.2171	0.953965210409406
34.806	-6.9562	-0.62806	-0.14759102612075
26.345	-1.1055	0.5634	-0.982424218325317
25.296	-0.72466	1.6146	-1.645
37.422	-3.4628	-2.3274	-0.159238015572046
28.048	-11.488	-4.1721	1.645
37.105	-3.6061	-4.5524	-0.0838984822603467
36.419	-6.6899	-0.5559	-1.01104162032749
35.34	-2.5809	-4.242	1.59055366304453
33.407	-9.7397	-3.9947	1.18924215177324
32.896	-9.6574	-3.1526	0.264282579414326
36.359	-7.4549	-1.0004	-0.928033710924612
35.12	-1.2742	-2.8903	1.18873766560113
37.498	-3.5547	-4.4466	-0.164268659069294
36.054	-7.6498	-0.76852	-0.44364321419336
37.167	-6.6659	-1.13	-0.0192379554099279
37.129	-4.2692	-2.0975	-0.644774586053885
36.978	-1.6567	-1.9199	1.11683781029209
29.606	1.5715	-0.54431	-0.92077796546699
33.643	-1.3637	-2.5897	-1.02549629329521
34.789	-7.3388	-0.54573	-0.300405302035163
28.725	1.7036	-0.72164	-1.60920463858641
24.712	2.8802	0.58317	-1.24555216176164
36.593	-5.8661	-0.6886	-1.11401304419829
36.284	-1.8405	-5.0251	-0.262463098162476
29.893	-1.3723	-6.5831	-1.54654362179667
36.546	-7.4554	-1.1895	-0.231047867259638
35.946	-6.5489	-1.2203	-1.52214918820632
36.537	-6.8783	-1.0337	-0.901533603084698
20.317	-12.541	-3.2969	1.645
34.361	-1.276	-5.9627	0.800417276455021
37.923	-3.705	-3.5402	0.708853541695927
37.259	-3.0075	-4.4835	0.0911904274533334
37.096	-3.0514	-4.6541	0.0220309698046906
34.849	-9.695	-3.414	1.40250431832862
38.398	-5.8134	-1.1318	-0.326581624664169
24.003	0.13853	1.4663	-1.645
37.122	-3.4666	-4.8168	-0.77002465993891
36.732	-7.2218	-0.73825	-1.20627344636852
33.778	-8.1256	-0.58235	0.0494147155160019
31.849	-10.422	-3.1593	0.670861196368513
37.14	-3.9296	-2.3872	-1.42115237941471
36.72	-6.1892	-0.64828	-1.12314314099351
36.229	-7.0194	-0.57746	-1.4004267495049
31.782	-10.612	-2.5976	0.971163623754786
33.339	-3.0923	-1.8954	-0.929680568774038
31.845	1.0033	-1.1008	-0.910343551386232
34.623	-7.9058	-0.21977	-0.565753715599756
36.82	-6.9642	-1.231	0.190042397085584
38.141	-4.2786	-2.7783	-0.899500461784772
36.231	-6.2373	-5.1256	-0.312942453709576
36.289	-2.5821	-5.4333	0.0428686477230329
37.38	-3.0814	-1.6637	-0.187534592920865
35.425	-1.3523	-5.359	0.0536921347310028
35.754	-8.7903	-3.0805	0.860845495337995
36.588	-2.8971	-0.65573	-0.727156578214847
28.461	0.98628	0.17033	-1.22019298130512
36.185	-1.9151	-5.1717	-0.253520205899755
36.577	-3.213	-5.146	-0.618262345073338
36.786	-8.3038	-2.0017	-0.359308800248362
37.997	-4.8692	-1.9471	-0.75155675278199
37.103	-6.7509	-1.4273	-0.407287261922287
38.09	-4.6696	-3.7878	1.46711136946782
25.277	-1.3055	1.488	-1.645
36.099	-2.2894	-4.5739	0.853000729757438
31.698	-1.481	-6.3148	-0.75134058126073
37.265	-6.8089	-1.3866	-0.18966650357724
32.951	-2.1329	0.73755	-0.676571815830986
35.127	-9.5065	-3.6642	1.645
36.16	-6.4134	-0.87063	-1.33926620646144
37.729	-4.9993	-4.3855	1.35533909469495
32.13	-10.432	-3.3767	0.679858786222978
37.573	-3.3045	-2.1576	0.308686894421733
37.755	-3.5724	-3.9847	0.677519925585803
37.348	-6.6439	-1.5268	-0.0485930971830344
37.925	-7.2268	-2.1791	0.589351060142913
36.177	-1.8567	-5.0243	-1.47576343013251
37.795	-6.7263	-1.3088	0.660566712441597
31.65	0.84958	-1.5053	-0.523745102923999
36.07	-7.6448	-1.1824	0.175432730881347
22.184	-12.39	-2.6067	1.645
30.247	-10.532	-3.9948	1.645
37.393	-6.592	-1.4972	0.572874566074347
37.554	-2.4907	-3.7862	-0.124028282210759
37.201	-7.6178	-1.6684	0.254033913975589
30.283	-1.7556	-6.5862	-0.770173582505024
25.356	-12.145	-2.9767	1.645
35.172	-5.0249	-0.59907	-0.872187952058742
37.305	-7.1596	-1.4898	0.0420269533613335
35.947	-3.498	-4.6138	0.608665563046188
33.207	-10.28	-2.8261	-0.501952485454676
28.016	2.2856	-0.45016	-0.94851730240345
22.195	-0.52443	1.9394	-1.645
35.802	-9.2502	-3.1529	1.0521549865949
36.956	-7.4289	-1.0991	0.493159745701436
38.171	-4.4907	-2.327	-1.396221077959
36.092	-7.0394	-3.7643	1.645
26.98	-11.301	-3.1408	1.645
35.669	-5.378	-5.4118	-0.203782324438037
34.864	-0.4048	-2.0771	-0.033591621945128
36.613	-7.0288	-0.34779	-0.666882520951358
31.329	-9.8618	-4.0712	0.89365363761654
36.769	-3.844	-5.1959	-1.34337562016184
30.827	-10.451	-4.0079	0.959798827200242
37.061	-7.7577	-3.156	-0.038955557794248
34.483	-1.1037	-5.7561	-0.0178190043971976
35.73	-7.9709	-0.66978	0.606685249886265
26.612	-11.577	-3.6266	1.645
36.745	-7.1831	-2.3689	0.86301555901668
31.359	1.2267	-0.79001	-0.949242098223178
34.084	-5.1555	-0.37926	-0.00621328727912849
38.29	-5.6387	-2.4153	-0.261035772613994
22.106	0.18732	1.8667	-1.645
35.735	-6.692	-0.29731	-0.559245226612597
17.095	-12.321	-2.8753	1.645
36.501	-6.4825	-0.69156	-0.921081812583609
26.577	2.4753	-0.54886	-1.14810148066434
37.219	-2.0424	-2.5208	-0.192507666674774
36.172	-0.92643	-4.2247	-0.458185185619556
37.095	-4.2397	-4.9509	-0.283922809828789
33.674	-1.1195	0.1615	-0.256935667877445
36.517	-7.0275	-0.29672	-1.41508012018229
31.972	-10.291	-4.3015	1.645
37.138	-4.5323	-4.5154	0.914004190210476
32.883	-8.6579	-4.8132	1.645
33.946	0.48495	-2.0193	-1.11238675598043
33.226	-8.1007	-3.0252	0.108818182198803
36.037	-8.4397	-2.6454	-0.0630101362111045
32.196	-1.6907	0.61627	-0.407280428921875
27.763	-0.19828	-6.7383	-1.0243981146304
36.339	-6.8364	-0.98471	-0.790423650603293
32.65	-0.74971	-6.2361	-1.47190776459387
36.261	-2.6379	-4.6789	0.185061447270487
35.636	-9.2272	-3.3149	1.21735049440195
37.07	-2.1273	-3.4271	-0.580677925902476
36.04	-8.1498	-3.5092	1.645
37.255	-6.7602	-0.97143	0.35787330251299
33.652	-9.6058	-2.9365	-0.706448305964312
35.983	-8.1255	-2.4158	0.287649103863164
34.944	-8.9841	-4.1297	1.645
33.04	0.80558	-4.2231	-0.502544462056182
37.059	-7.1464	-0.47755	-1.32448276208266
35.629	-9.285	-3.1762	0.380708869310211
37.101	-2.5892	-4.5559	-0.888583202351171
33.365	0.518	-1.5642	-1.06378796594485
37.799	-3.4383	-3.9197	0.317236989186718
37.502	-6.2755	-1.1577	0.701362232058752
37.352	-7.3788	-1.6396	0.285324006010163
34.537	-0.89781	-0.21511	-1.22635435233629
34.933	-9.2861	-1.8374	0.0320024567162268
34.882	-6.9392	-0.59267	0.176029447513035
28.051	-11.463	-3.9954	1.645
38.583	-5.346	-2.3082	-0.678994298098752
35.765	-2.3939	-5.2168	0.622856866430977
35.587	-2.51	-0.4416	-0.509267813590875
37.18	-7.2877	-2.0295	0.0640815858409681
36.955	-6.6936	-0.62468	-0.641300288455396
33.145	0.72644	-3.0346	-0.383028703205503
36.358	-1.9963	-3.3979	-0.353151587917433
35.264	-7.1588	-0.50919	-0.332744386572519
34.658	-0.62976	-5.3143	1.645
36.36	-2.2355	-0.98092	0.413571652707436
36.834	-7.6649	-2.6837	-0.415395296401384
21.132	-1.0722	1.3773	-1.645
13.152	-11.939	-3.2046	1.645
36.426	-6.7145	-0.56541	-0.701102599176453
36.807	-6.8513	-1.4331	0.451595808637734
36.444	-7.3508	-0.80357	-1.14089923139473
35.638	-1.1759	-3.9446	-0.434584001060468
27.737	-11.284	-3.2202	1.645
36.113	-7.5229	-1.1566	-0.128611169736837
34.689	-0.28268	-3.6521	0.0862484450203351
37.379	-3.6702	-0.92475	-1.19997942454579
38.099	-4.1749	-2.0066	-0.369002684104073
38.276	-3.9029	-2.2387	-1.11323698129731
35.502	-5.9782	-1.6541	-0.829142872250816
36.584	-6.9242	-0.77023	-0.700901371508029
35.672	-1.7917	-5.3377	-0.225525224459713
36.752	-3.5477	-2.6273	-0.868996090988098
34.205	-9.6351	-2.6179	-0.37436477768857
36.673	-7.7313	-1.7312	-0.0458883020991367
34.93	-7.4385	0.28604	-0.760880567145225
36.492	-7.1408	-1.0361	-0.122774795423975
37.788	-4.174	-1.7582	-0.35066695438391
36.965	-3.0487	-1.9398	-0.928227015809678
38.23	-4.9132	-3.4835	1.15191655458539
36.663	-3.1631	-0.3802	0.148772930757363
33.099	0.055081	-5.2592	-0.557196077906251
31.239	-10.563	-3.4322	1.645
35.881	-1.4853	-5.1216	-0.326693648405983
33.57	-8.7984	-2.8098	0.487035930603667
37.128	-7.3755	-1.516	0.254758034443913
33.552	-9.7298	-1.7604	-1.13021535111983
35.169	-9.4052	-2.0994	-0.0560595801838005
33.728	-7.5046	-4.2941	1.29052368061921
31.148	1.1191	-1.7657	-1.25169275877408
36.1	-5.7452	-0.9397	-1.05173338989663
14.2	-12.25	-2.7913	1.645
33.449	-0.70302	-0.86649	-0.638201051109266
36.735	-2.0513	-4.5974	-1.15668992127776
37.97	-6.9158	-1.8538	-0.04359899545378
37.271	-6.6982	-1.6293	0.42658436306646
36.379	-3.7123	-1.4074	-0.471088161245514
24.282	-11.844	-3.4144	1.645
36.613	-3.0796	-0.94265	-0.542391534057474
35.771	-6.6465	-1.0204	-0.32644549229847
29.6	1.593	-1.8446	-0.917396672444057
37.883	-2.6633	-2.9858	0.347885333910572
31.258	-10.897	-3.3516	1.63370531584751
28.835	-0.9672	-6.622	-0.408609941770962
26.632	-11.363	-3.9523	1.645
34.045	-9.3825	-2.7884	0.418143964477167
36.668	-5.7643	-0.36006	-0.993181881385574
33.156	0.051677	-0.95287	-0.97626674772407
33.764	-0.71277	-5.7633	-0.810111805403629
35.295	-7.3557	-2.6164	1.24299192644117
34.803	-7.3818	-0.18694	-0.737544532589342
34.462	-9.6263	-2.7398	-0.899093826870844
35.186	-7.3743	-0.73991	-0.341451663937314
36.568	-6.7341	-0.43936	-0.47161781362591
37.311	-7.1319	-2.484	-0.502211818897343
24.603	3.0977	0.72789	-1.5180655738212
30.903	0.73487	-0.78254	-1.18465143445862
36.998	-6.8792	-0.55387	-1.32562800969319
33.493	-0.10664	-5.5756	-1.39246348456562
38.411	-5.9434	-2.5654	-0.14719426270925
23.875	-11.581	-3.7265	1.645
31.882	0.099737	0.85538	-0.298870597060702
31.935	-9.6442	-3.1092	1.53356892540154
26.959	-11.641	-3.4896	1.56577240044587
27.536	2.4938	-0.31686	-0.244457689777705
37.244	-6.5933	-1.2809	0.457753123480965
29.127	1.8274	-0.60295	-0.343512599896309
37.126	-1.7498	-4.0023	-1.47484936026133
37.964	-6.7002	-1.5893	0.06205739804908
29.648	-0.84476	0.71673	-1.02497998448975
37.316	-6.1483	-0.43037	0.384094235289173
37.077	-7.9142	-1.4075	0.0716192446180451
33.288	-0.28058	-5.9272	-0.648400607744781
35.647	-8.0758	-4.3618	1.3060911341997
36.307	-7.1819	-0.72469	-0.430642798852812
37.012	-7.3768	-2.6185	-0.309694240684771
29.6	-10.915	-3.8914	1.645
37.241	-3.7254	-1.2785	-1.23812637857889
36.381	-6.3235	-0.97449	-1.24721490239877
38.228	-5.9979	-2.4075	-0.216826518364007
29.683	2.3099	-1.5653	-0.789790947095734
36.092	-3.3609	-0.37577	-0.345403630737712
36.459	-2.2777	-4.9212	0.414049171802924
26.628	-11.465	-3.5706	1.645
37.597	-4.7139	-4.268	1.46750692432366
37.638	-2.9456	-1.7393	-0.703508776824337
36.825	-5.2081	-2.5948	-0.574545695845385
37.001	-3.1956	-1.9825	-0.711254426701957
35.376	-7.6203	-0.86273	0.593045302829443
29.737	-10.997	-3.7093	1.03541644928
36.646	-6.9621	-4.4572	0.761152966450333
35.599	-6.7579	-0.15719	-0.800241569419051
31.82	-1.1205	-6.6025	-0.954728453199481
36.406	-3.0178	-1.5552	-0.518845216716676
33.897	-9.3231	-3.4479	0.864276009467957
32.105	-1.7627	-0.10838	-1.21367266264811
36.277	-7.249	-0.71106	-0.404517215670566
36.737	-5.862	-0.77037	0.100427093620393
36.388	-6.8777	-0.40505	-0.715551788316162
37.261	-2.7718	-4.19	-0.686297391518449
31.621	1.471	-2.1952	-1.37225870384436
37.684	-3.9188	-3.9944	0.914577392458275
24.924	3.2424	0.63254	-1.58801593158156
35.866	-3.3966	-1.9231	-1.06871666604725
27.767	2.2237	-0.43318	-0.844145884869552
35.011	-9.3326	-3.6961	1.645
36.754	-3.0007	-4.6999	0.0680871970644824
28.246	-11.364	-3.9274	1.645
28.058	-0.40419	-6.5521	-0.399381709052463
36.427	-6.7942	-0.72939	-1.36330233166176
38.176	-3.9397	-2.3623	-1.05319601472865
31.848	-10.514	-3.7276	1.57421293877964
32.421	-9.9028	-3.8736	0.693468052660098
37.445	-4.4388	-3.7318	1.37122790869815
35.951	-1.7764	-5.2628	-0.333437425765796
35.052	-2.3438	-0.25459	-0.451017937179394
37.046	-6.6266	-1.4054	-0.0510884630689139
35.805	-0.27107	-3.7675	0.258062158487025
37.018	-2.1404	-3.4635	-1.17884956061086
29.485	-11.04	-4.0291	1.645
34.963	-0.91573	-4.2992	0.351751009933054
35	-8.9277	-3.0689	0.474019674405157
37.03	-6.9054	-0.89318	0.323574939032815
36.998	-6.6701	-0.68066	-0.499946407227072
28.959	-10.732	-3.9835	1.37767565294685
28.796	2.6423	-1.0447	-0.617625079250143
35.607	-1.8209	-5.5017	-0.0524042282441765
29.049	2.1374	-1.2587	-0.739809815088274
36.564	-7.3469	-0.8169	-0.56242362067999
37.58	-5.6603	-2.0723	0.423845674631437
31.865	0.77388	-1.3397	-0.726341206540062
29.143	-1.0016	-6.5471	0.319153572952664
27.258	0.22043	-6.3336	0.71273156553192
35.159	-8.7272	-4.1003	0.947563778783061
35.815	-7.8946	-0.37288	0.397570339917439
37.493	-3.1652	-4.0554	0.55270047441485
36.963	-3.5361	-2.5995	-0.315882048954332
37.393	-5.8686	-0.98026	-0.199010681178545
37.813	-3.2192	-2.0258	-1.25745369627559
37.005	-7.4155	-1.2923	-0.0627248426352457
36.678	-7.6703	-1.4146	0.87039060408573
36.409	-6.576	-1.957	-0.600359567909277
36.077	-2.6253	-4.9514	0.287175618200241
36.243	-3.5794	-0.21717	-0.822426352651099
36.026	-6.626	-0.1023	-0.775008974196992
36.241	-3.1487	-1.2023	-0.775776206244789
26.151	2.5267	-0.32816	-1.39799411951448
37.961	-4.5137	-3.6152	0.729085360269325
34.751	-2.076	-4.7894	0.239256597324144
35.408	-1.3801	-5.2085	1.03072806927154
31.983	-8.192	0.43924	-0.184131941987171
37.348	-4.3808	-3.4643	-0.209256113405657
25.224	-11.867	-3.7074	1.30682204732638
29.185	-1.0694	-6.7569	-0.778966608692251
34.119	-1.5572	-3.3554	1.10561099533242
35.665	-1.1446	-3.4708	0.118998831295003
37.853	-6.0901	-2.2477	0.956108081441296
36.103	-2.9022	-4.7952	-1.18975071882953
36.835	-3.5596	-0.94827	-1.0712336863962
36.17	-7.445	-0.85062	-1.1444998756243
26.906	2.3831	-0.26394	-1.08245050338456
36.06	-7.5642	-0.4854	-0.481125338432343
37.14	-4.964	-4.1295	1.62124820327087
36.254	-2.536	-4.605	0.562541171026703
37.401	-2.788	-4.0256	-0.871554762789611
36.424	-7.281	-0.91605	-0.802407997303017
35.811	-7.1054	-0.26252	-0.732797702760866
35.131	-7.9391	-1.5386	0.490068112158512
36.196	-2.2167	-5.2777	0.726270161943021
35.143	-3.4181	-0.3143	0.160512584818469
35.111	-2.7285	-5.6907	0.57525576838145
38.008	-3.2008	-3.5752	-0.191694116527504
35.136	-0.6424	-1.0237	-0.958636909170185
35.689	-6.7757	-2.8578	1.2285412379934
29.713	-1.3836	0.57155	-0.846490966276037
30.906	-10.083	-3.4443	1.645
34.883	-4.4287	-1.5223	-0.417429773345824
38.086	-4.8205	-3.8928	1.645
37.501	-3.63	-3.2459	-0.0551680470036468
35.843	-6.6108	-1.5401	-0.620700179658074
31.505	-10.677	-3.5357	1.13275742151007
37.16	-6.6232	-0.7396	-0.646640122935049
36.42	-7.2465	-0.79641	-0.548376477481774
31.917	-9.7447	-4.6294	1.645
37.031	-6.9763	-1.0374	0.266733573082002
38.265	-5.2641	-1.6418	-0.066536787953631
37.023	-7.7618	-3.0738	-0.344827005700659
35.848	-8.0086	-0.74692	0.703806707384971
37.359	-3.4721	-4.3656	1.1837180313192
37.919	-4.1884	-3.3612	0.00653955121892049
31.151	-10.386	-3.707	1.645
37.056	-2.086	-4.1943	-1.55534528285785
38.006	-4.5622	-1.6132	-0.259406035286401
36.625	-3.1859	-5.035	-0.656842561952067
22.994	0.17768	1.5887	-1.645
37.974	-3.5713	-2.2629	-0.453676083957991
35.991	-7.1105	-0.27884	-0.167857883640141
34.046	-7.7115	-0.99998	0.280562873520598
28.049	-10.987	-4.007	1.645
24.626	2.8702	0.65734	-1.12086160348329
35.883	-6.8386	-4.8344	1.12947851950249
36.537	-6.301	-1.1695	-0.203163657620969
36.684	-6.916	-0.54257	-0.684234812585898
36.131	-6.7703	-0.6249	-0.892106253601141
36.721	-7.1728	-1.6014	-0.34621821287839
36.291	-3.2826	-5.4975	-0.130856416025485
37.998	-6.5588	-1.1578	-1.08326787395098
37.407	-3.279	-1.2402	-0.833755067309684
34.719	-0.76652	-0.38087	-0.927993814462676
24.667	-11.97	-3.4268	1.645
36.562	-7.8558	-2.4601	0.69121487974873
34.523	-6.4037	-5.2684	-0.646629349240649
36.344	-2.7243	-5.0541	-0.112648644199159
28.704	-1.2358	0.73461	-1.04919666292948
35.112	-8.381	-1.5627	0.432398931017721
36.561	-8.08	-2.507	-0.0976508239613114
29.101	1.8205	-1.2912	-1.42781566243432
35.878	-8.1252	-1.6888	1.10288070604992
33.057	0.84632	-2.7147	0.397911848925129
33.546	-0.34527	-5.445	-0.656146809192245
31.882	-0.57295	-5.8092	-0.414975762040284
24.91	-11.954	-3.5912	1.645
38.382	-5.4187	-2.2298	-0.375301041187501
35.342	-0.84757	-4.9727	0.307137238385714
34.619	-5.6944	-5.4814	-0.534231233407214
36.436	-7.5013	-0.96146	-0.345529688188384
37.02	-3.3083	-1.0167	0.383666102619308
34.806	-8.8901	-2.973	-0.00202766868229701
34.347	-0.98887	-5.2431	-0.458536606818618
32.922	-10.36	-3.0592	1.07968276764287
37.436	-2.0099	-3.387	-0.0713025764988585
27.802	-0.52154	-6.6001	-0.285987452789649
36.324	-7.7981	-3.4379	0.588999649169971
33.436	-1.2899	-6.2745	-0.350232740451674
33.177	-9.7487	-2.9992	-0.286925206683104
27.274	2.4161	-0.10539	-0.917683873728186
25.93	-1.2025	0.87789	-1.645
36.272	-2.8487	-4.1937	0.58512914632299
37.157	-2.2965	-4.1908	-1.23112850226046
30.682	1.0168	-1.2092	-1.25540531447345
34.541	-2.8555	-1.6681	-1.07257149523797
33.291	0.40457	-1.8331	-0.417057192744748
37.406	-4.0066	-3.9598	0.458943527049679
24.997	-0.66669	1.1359	-1.645
36.12	-6.4143	-1.0835	-0.890426580430306
34.659	-1.9863	-5.9829	0.642346722738559
36.488	-7.3251	-2.3262	1.645
27.032	-11.414	-3.9168	1.45741328159594
33.231	0.16905	-5.6528	0.0913915036639293
35.542	-6.5946	-1.1652	0.579965399318474
36.53	-7.222	-1.5122	0.648839288197503
35.769	-1.7993	-5.2612	0.139350732592226
35.546	-8.9878	-2.0374	-0.319021978189203
36.791	-7.3313	-1.4707	-0.262360166057972
29.891	1.399	-0.59674	-0.826637349951928
35.835	-5.3318	-5.5868	-0.128375910915697
28.257	-0.68969	-6.8239	-0.356571123474343
37.377	-6.8635	-1.8859	-0.540376518396808
27.464	-11.751	-2.8039	1.48482325789429
28.168	-0.41404	-6.7192	-0.033451602583973
37.75	-4.869	-1.3026	-0.405121789670474
35.944	-7.7459	-1.3209	-1.33457030807706
38.082	-5.3314	-2.1137	0.154741930853536
33.007	0.29962	-0.29684	-0.913274908027157
38.541	-5.8464	-3.3132	-1.23629104629449
36.802	-7.1285	-0.91854	-0.45093395356813
37.28	-2.8613	-4.4514	-1.14377549162582
27.788	-0.7983	-6.5807	1.645
29.504	-10.993	-3.853	0.449264591164492
30.43	-10.246	-3.9492	1.645
35.675	-7.1694	-0.86933	-1.14974985598969
37.326	-5.6839	-4.4112	0.829333777576884
36.829	-3.054	-4.6771	-0.836337757309655
37.127	-7.6054	-3.972	0.350476895193719
32.465	0.75286	-1.4389	-1.16030859579978
33.046	-8.5364	-0.65937	-0.442577629123955
32.73	-10.178	-2.8586	0.134783712255107
34.579	-9.3204	-3.3467	0.261186325775874
33.708	-1.6614	0.33322	-1.1962127502849
37.264	-6.7331	-1.3042	0.089914406251918
33.378	-9.128	-3.986	1.41322056536983
36.682	-6.2436	-0.22291	0.0902957246303032
30.821	-10.162	-3.2975	1.07425022385449
36.51	-8.369	-3.6788	0.707805572205332
24.884	-12.03	-3.7199	1.645
35.633	-2.7754	-0.42644	0.0734649727922421
36.718	-6.6751	-0.98773	-0.30254590883706
35.556	-2.9167	-0.96308	-1.24569422095415
27.416	-11.642	-3.608	1.645
35.042	-7.5012	-4.9165	0.611754112126747
37.034	-2.7736	-2.7544	0.597837936298916
37.879	-3.3745	-3.9897	-0.0981839699724285
28.693	1.9418	-0.84665	-1.645
36.863	-4.6665	-0.57369	0.311126701304859
37.196	-2.9731	-1.8959	0.316461128832209
28.874	-11.12	-4.0281	1.645
37.449	-6.7361	-1.3597	-0.047413875881893
35.503	-6.2815	0.51715	-0.0282240109828646
24.869	-11.715	-3.337	1.46124866538797
37.136	-6.9179	-0.88602	-0.320395623212199
37.548	-3.7864	-2.5541	-0.0538514959883656
36.034	-7.4432	-0.97491	-0.813655924177559
37.937	-4.7004	-4.0766	1.645
35.013	-1.0942	-0.74452	-1.26250485722032
37.172	-5.7699	-2.3884	0.749476964591285
37.69	-2.9721	-2.3396	-1.09169648655856
36.99	-7.0988	-1.0916	-0.398064504154825
32.325	-6.7771	-5.2843	0.84612026058208
36.596	-8.2474	-2.108	0.336510663707571
34.624	-9.1756	-3.8766	1.645
36.626	-3.6918	-0.73483	-0.727879827178115
36.301	-7.5684	-2.2311	0.626499405018527
35.615	-2.2489	-4.7724	1.0185760058668
37.742	-5.3859	-2.9074	0.426049539290554
36.329	-1.779	-4.8389	-0.718458492382037
33.853	-7.9412	-4.2012	0.547353762890007
36.495	-7.6701	-0.95526	-0.334129622441558
32.664	-10.854	-2.59	0.400497783777151
34.45	-0.82641	-5.3395	0.617618777377206
31.683	-1.2044	1.0754	-1.1445344932829
36.139	-7.2369	-0.64364	0.0412140784640448
37.14	-3.0531	-2.5682	-0.501902332979373
37.645	-3.0373	-2.7639	-0.608674789347531
33.42	-1.847	-0.09335	-0.922468693122196
25.808	2.4843	0.20229	-1.645
36.558	-3.477	-0.7264	-0.823222920777465
37.076	-2.1343	-2.4981	0.191228204958145
37.295	-3.7665	-1.2328	-1.38638230651404
36.868	-7.3659	-3.4925	0.996916837455629
25.14	-11.017	-4.1427	0.818648129009002
37.662	-2.5526	-3.9957	-0.627877216566539
37.251	-3.3098	-4.4526	-0.959376331966311
38.169	-4.0381	-2.3338	-1.2395103117099
32.388	-10.109	-3.1943	-0.0253219141464528
34.469	-3.1586	0.16337	-0.536598712832
36.915	-7.9132	-1.4713	0.265695179296719
28.759	-11.084	-4.2342	1.645
29.454	-1.0348	-6.7118	-0.45863328195184
36.981	-6.4968	-1.3048	-0.292738747176744
23.9	3.4724	0.17699	-1.32367871257568
36.503	-3.0435	-4.7703	-0.0244709345222083
31.809	-9.8667	-4.0254	1.645
36.414	-2.6558	-5.1461	-0.0049729328923749
37.586	-5.8647	-1.1041	-0.197337591566979
35.487	-7.1229	-0.32773	-0.345151910083518
27.695	2.5926	-0.75992	-1.26619108605512
36.496	-7.1131	-0.84695	-0.0616046627848796
36.57	-1.9504	-4.6956	-1.19274637011539
37.89	-3.3009	-2.8666	-0.321369133711647
35.773	-3.3263	-5.1052	-0.152538924408631
36.89	-5.1349	-4.9182	-0.106620100325306
36.339	-7.668	-3.0652	0.0283652195484203
37.425	-4.7946	-3.5831	1.10705564937793
36.89	-7.2192	-1.1222	0.141027921172145
36.973	-4.4217	-0.99545	-0.966530309994593
18.117	-12.427	-2.7497	1.645
28.914	1.9943	-0.15523	-0.972569083080203
35.884	-6.3224	-0.51641	-0.848492740362129
22.895	-11.764	-3.655	1.645
29.674	1.9213	-1.1953	-1.41366981512722
34.349	-1.3018	-5.8695	0.26547568640388
33.373	-6.1595	-5.613	-0.69386883506629
36.107	-8.3833	-3.8955	0.53110582103433
33.708	-6.1344	-5.2625	-0.753190580278685
25.941	-0.49807	1.7601	-1.04146802416931
24.148	-11.976	-3.5319	1.645
35.762	-2.4738	-4.9674	-0.415023712186288
34.387	-0.70831	-5.5504	-0.0881391001444863
37.663	-3.1052	-2.6371	-0.749631899908146
37.474	-3.0541	-2.0965	-1.13154558494349
33.383	-10.034	-3.4276	0.336843895402905
28.812	1.5111	-0.18542	-0.0974454720895508
36.922	-5.6457	-4.9601	0.904101648347543
37.488	-6.6095	-1.1444	-0.151421924162887
28.073	-11.668	-3.1194	1.18129095185023
36.91	-3.242	-1.1441	-0.746010196111673
36.175	-7.537	-1.5303	-0.574190607328294
36.358	-0.97953	-2.8211	0.00954249234783202
36.017	-3.9337	-0.15164	-0.784409644587929
38.576	-4.8825	-2.3728	-1.17540266682593
37.872	-5.7018	-1.026	-0.286952737555058
36.697	-2.4607	-4.6981	-0.585305657732422
36.349	-7.9935	-1.5244	0.36523884798553
37.175	-3.326	-4.0231	-0.823715567216612
36.928	-3.1836	-4.6119	-0.763365793317748
37.756	-7.1614	-3.4233	0.394552381323188
37.301	-2.9975	-4.1287	-0.778723877072703
30.193	1.1488	-0.66419	-0.481380753591735
28.46	2.2846	-2.1237	-1.17069277798701
24.401	-1.0807	0.94528	-1.645
27.402	2.3625	-0.79184	-1.33130024109282
37.872	-6.6212	-3.506	1.26225575654204
29.53	-11.489	-3.1516	-0.32454146160553
27.857	-1.7479	0.28644	-0.317786396175494
35.484	-8.9282	-1.9391	0.293799166946401
27.673	-11.413	-4.0307	1.28577140378616
36.204	-0.51726	-2.602	-0.583890574420939
28.13	-0.42296	-6.6429	0.268414605302577
29.047	-11.285	-3.5116	0.881026919814378
37.948	-3.335	-3.8358	-0.000537957433503167
36.671	-6.1766	-4.2952	1.09122248816735
36.841	-6.0594	-5.141	-0.286419090144644
36.965	-4.6772	-4.0313	0.32074364977827
36.056	-7.7506	-4.4819	0.954365140652271
33.524	-0.99915	-6.1235	-0.0336189967911924
35.209	-2.4738	-5.3197	0.435433329763403
27.447	-11.476	-3.9333	1.645
36.676	-4.9225	-0.54227	-0.184971045941823
36.187	-1.3059	-1.2429	0.562641635393153
29.373	-1.8565	0.38733	-0.674224002752641
29.141	-10.738	-4.3405	1.645
37.819	-3.8939	-4.081	1.20882566061676
35.461	-6.7856	0.21	-0.551440320748417
33.537	-8.6364	-4.1537	1.19592380680794
35.576	-2.7145	-1.1661	-0.0687032284351938
36.729	-7.5145	-3.1312	0.278950378228643
36.088	-6.6977	-0.52185	-0.954515050605541
32.739	0.91199	-2.6954	-0.459524266941581
37.836	-4.3579	-3.3202	0.219972744588997
36.018	-6.3323	-1.1371	-0.73455385535291
37.469	-3.0494	-4.2007	-0.55270265774636
35.606	-2.0846	-5.5897	-0.407958610114192
35.933	-6.8829	-0.44488	-0.628448101862891
35.493	-9.2462	-3.3582	1.63229183428552
37.53	-4.251	-3.1865	-0.469310310217552
30.092	-11.065	-3.1338	0.51915558630141
32.99	-8.9546	-0.21807	-0.113677354274686
37.519	-7.3869	-2.6661	-1.02034492838625
37.079	-6.2808	-0.77346	0.458503052274984
36.022	-6.828	-0.57731	-0.605113916031021
37.918	-7.0786	-3.0856	-0.160365830271438
28.343	-11.733	-3.5872	1.645
37.494	-5.8069	-1.0089	-0.183222294997407
34.273	-0.69818	-5.6839	0.0759254242426038
26.188	-1.2389	0.73822	-1.645
29.477	-10.678	-4.2809	1.57257974770276
29.977	-11.456	-3.3584	-0.376413784392047
36.939	-3.7073	-4.6069	-0.461112206750965
37.59	-3.4846	-3.6459	0.666249959176607
28.11	-1.8263	0.47221	-1.0855724049503
35.99	-2.0913	-5.2288	0.744387048672889
31.074	0.26967	-6.3372	-0.689554146235154
37.27	-6.4269	-1.0324	0.789166527648078
34.091	-7.9047	-4.067	1.28912985941415
36.52	-7.3394	-3.0192	0.0119082593219798
37.4	-6.6576	-3.761	1.56625819340988
29.113	-0.98121	-6.9442	-0.528969023843814
37.029	-4.7412	-3.0954	0.101581590803779
33.037	0.75239	-2.4438	-0.283353219674711
22.655	-11.631	-3.7513	1.645
37.766	-3.2181	-1.9562	-0.524118285653771
37.838	-3.7151	-3.567	-0.0967360796227993
37.285	-3.4399	-4.4883	-0.262733992888291
27.184	-1.4529	0.40133	-1.16780481028904
38.26	-5.4613	-2.6107	0.0912469235950894
35.989	-1.6761	-5.1643	-1.17350891318358
37.247	-5.6924	-4.4819	1.30417179096321
34.351	-9.3416	-4.3517	1.55670802390648
32.942	-10.187	-3.8424	1.645
36.258	-3.1272	-2.1291	-0.699782259556423
37.522	-6.8014	-1.605	0.466563726550943
34.875	-7.5634	-0.67985	-0.55913936962855
36.805	-6.8704	-0.46855	-1.50597659228683
36.438	-5.6209	-1.0791	-0.136534080253253
36.039	-7.5015	-0.37316	-0.464851200181417
35.992	-6.343	-0.027214	-0.588245589657838
38.018	-4.0021	-3.4175	-0.122292620712719
36.085	-8.2433	-1.0166	0.0969870279656593
38.197	-3.1683	-2.8039	-1.33075746906582
37.221	-6.2661	-0.70586	-0.244605963739596
24.495	-0.80438	1.506	-1.645
19.894	-12.408	-3.0023	1.645
32.857	-1.747	1.0811	-1.15402165554049
38.182	-4.7359	-4.0348	0.992833647588448
32.564	-8.7826	-4.3392	1.49323551566725
33.424	-10.297	-2.9498	-0.128114778066312
37.001	-1.8216	-3.9956	-0.868957506263372
32.612	-9.982	-3.3678	1.19951171131163
26.104	2.9775	0.38525	-1.263727458568
35.856	-6.2175	-4.9262	-0.18180219257856
34.29	-0.70505	-5.4116	0.0887564115082021
35.119	-8.7121	-3.9509	1.15677370309333
32.294	1.3388	-1.5872	-0.724414272477026
26.933	2.2884	0.38868	-1.45936784513256
27.989	0.13398	0.8053	-0.463689231533594
37.348	-6.549	-3.1685	-0.271343188048898
34.481	-0.83471	-4.8208	0.544996049445398
36.976	-6.7599	-1.9741	0.154442269609692
36.879	-7.3031	-1.1171	-0.0626955757245453
37.988	-3.183	-3.7179	0.196316397322021
37.929	-6.679	-1.6821	0.524643688744924
35.328	-8.9384	-1.7754	0.519047289801565
34.271	-9.6149	-3.6763	0.794208064825713
33.023	-9.9253	-4.2566	1.07988476272256
36.927	-6.6277	-0.54409	-0.561391264388296
37.587	-7.0356	-2.9008	0.43493085210247
36.719	-7.5573	-3.667	1.19218922980479
37.13	-6.6506	-0.87502	0.199000315820755
33.331	-10.091	-3.2853	0.55239151404328
36.513	-6.807	-1.1852	0.23345292048559
28.452	-0.64826	-6.6807	-0.128192561532042
35.608	-8.7425	-3.6319	0.114764235292052
36.084	-6.9266	-1.1155	-0.332125417848685
34.803	-1.1978	-5.5854	0.401424680197943
30.623	-10.628	-2.3359	0.971263756563175
34.746	-0.83355	-5.3832	0.0413373701172296
37.674	-6.0117	-3.9316	-0.146261667570448
35.239	-7.2057	-0.80222	0.557455519976146
30.909	-10.532	-3.6165	1.63741771110332
34.081	-0.19025	-0.19369	-1.10319781710247
36.16	-6.2388	-4.6065	0.0162675452815211
34.061	-9.7107	-2.6267	-0.710015674702281
28.401	-0.6673	-6.6758	-0.403514959509128
34.108	-1.3907	0.43458	-1.39197430797602
36.911	-4.0324	-0.88935	-0.967480380791508
36.133	-7.4211	-1.9201	0.950897705073577
35.653	-7.9359	-0.91161	0.244994456253827
27.563	-1.7829	0.9933	-0.857950414624823
35.686	-6.1698	-4.8122	-0.0880347233023821
35.599	-6.05	-5.0311	-0.535643746920395
33.647	-9.5361	-2.9473	-0.415923923511359
37.439	-7.1052	-1.3532	0.21869633728498
23.069	-0.86413	1.3787	-1.645
37.717	-5.9636	-3.8253	1.10425267053996
37.26	-1.8777	-3.7953	-0.754528390764826
37.331	-2.3602	-3.1346	-0.303166491318829
29.747	1.7848	-0.64182	-0.636476239273885
31.26	-1.5383	-6.2118	-0.0559482253905953
28.79	-0.60836	-6.4231	0.272129550474513
28.577	-1.9917	0.59004	0.320079452080277
36.944	-6.5048	0.15745	-0.185746718005157
27.399	1.8644	0.060854	-1.51897090221465
34.571	-8.8569	-2.5749	0.175881282098857
37.024	-6.2246	-3.3113	0.219071534642916
37.905	-5.2701	-3.6581	0.431213748806987
37.467	-3.1874	-2.2578	-0.717353793939226
35.937	-7.7764	-1.2843	-0.457567598221327
37.269	-6.4643	-1.3187	0.130249393387677
35.22	-2.8647	-5.4605	0.0641087612474612
36.327	-3.639	-5.216	-0.501804639289049
37.298	-5.8161	-0.65225	0.302943093308522
37.658	-4.6228	-3.5033	0.692302038885374
33.532	-9.5404	-3.8361	0.658388394910515
38.11	-4.4154	-1.7878	-1.04597984949685
33.965	0.34185	-2.8306	0.691098569041592
18.681	-11.853	-3.5342	1.645
37.578	-6.9156	-1.9975	-0.374907654847653
22.178	3.5218	0.97528	-1.51972217985227
34.324	-1.491	-0.028499	-0.78820364948168
27.877	-10.224	-4.2064	1.1231960634085
35.796	-7.3764	-0.93857	0.132051226208242
36.21	-7.1793	-0.91817	-0.677050337684497
33.756	0.78472	-3.7174	-0.113216187261953
34.832	-1.3266	-5.3939	0.00789402757262703
36.693	-6.5135	-1.0092	-1.557369541229
37.262	-3.681	-4.3805	-0.371025923414426
37.664	-2.5775	-2.7475	1.27151179831394
33.114	-0.44001	-5.9828	-0.730811414014982
35.83	-8.0329	-0.94709	1.59593193758139
37.168	-2.8936	-4.4433	-0.041242762960672
37.252	-3.2123	-4.5515	-0.823004068765086
37.485	-6.3438	-1.5371	-0.224298338314024
36.79	-1.1179	-1.9369	1.645
36.986	-3.4192	-4.8641	-0.166138340335599
28.187	-2.0153	0.64751	-0.826890181629797
36.115	-2.5821	-0.79798	-0.536457897773505
32.441	-8.4786	-4.6004	0.77239651661545
32.516	-10.186	-4.2238	1.645
34.865	-8.7229	-3.4379	0.287355510616097
37.744	-4.8284	-2.8158	-0.495338521070042
36.311	-6.2684	-0.71261	-1.52862744017104
37.547	-3.1049	-3.4645	-0.24030941052229
38.079	-6.2421	-1.3115	-0.0464001345558309
37.974	-3.6555	-3.1281	-0.813051990606167
28.696	-0.68077	-6.8741	-0.182055667399585
30.852	1.7849	-1.8279	-0.36329378705408
34.821	-6.2335	-5.3327	-0.191576224763367
14.631	-11.506	-3.6427	1.645
34.669	-0.46744	-3.1166	1.27033283684148
37.859	-5.8203	-2.0456	0.761820798490581
36.787	-5.5935	-0.20183	-1.07282452814411
36.693	-3.4679	-1.3316	-1.27078073751054
24.838	-11.328	-3.8629	1.44261501181394
35.763	-0.51963	-3.4807	1.29308036138095
35.201	-6.4466	-4.6978	0.49680709095748
32.044	-10.644	-3.7583	1.645
36.194	-6.8002	-1.6144	0.0484045019916482
36.007	-6.7848	-4.2244	1.645
35.927	-7.6408	-0.39627	0.0987419741836416
35.868	-8.013	-3.1225	0.916996852213481
36.808	-7.1617	-1.0805	-0.368818240066993
36.946	-7.765	-1.2246	0.54536141050227
36.325	-6.6188	-4.8643	0.650664433083117
35.549	-6.4596	-0.15332	-0.749398889888387
30.435	-2.0178	-5.0573	-0.181421790669135
36.901	-2.8551	-4.7309	-0.736548443155781
37.149	-6.3657	-1.3475	-0.722578223313584
36.787	-3.2912	-4.7881	-0.861800911498844
37.496	-2.7345	-3.0657	-0.326270300052202
32.833	-9.925	-3.8629	1.645
37.75	-6.5893	-1.4592	1.1334971495769
36.038	-0.75241	-2.4819	-0.493575306979795
28.133	-11.456	-3.6026	0.899447977892556
30.447	1.4981	0.012136	0.504039169651619
37.759	-5.8941	-2.4694	1.12946580613387
36.523	-6.9224	-0.55317	-0.665012783981964
37.667	-3.3869	-1.5302	-0.831761830649818
35.259	-0.56743	-3.8436	0.673233134795626
21.996	-12.117	-3.2949	1.645
36.696	-3.7296	-4.7045	0.22778960872155
36.844	-2.8627	-4.1771	0.208916304470087
35.141	-7.3093	-1.8385	0.625248233362367
37.236	-5.8353	-2.0778	0.0634994282992895
27.895	2.1727	-0.70999	-1.2992102704316
35.937	-7.577	-0.66075	-0.0188367825746304
36.415	-3.3798	-0.64911	-0.971956329357086
37.914	-4.9455	-1.6546	-0.120381329883873
37.81	-6.0972	-2.6215	0.44202830137613
36.059	-6.6724	0.099282	-0.516108901505502
33.831	-0.82131	-5.9073	-0.641140499027893
37.488	-4.8809	-1.9614	-0.628577072553119
34.309	-1.5814	-3.0886	0.420856637734679
16.546	-12.122	-3.0507	1.645
26.475	2.8001	-0.13414	-1.524611703253
36.584	-3.2355	-4.7375	-0.300012152706888
36.968	-3.0594	-1.5917	-0.626742308063256
36.022	-5.6927	-0.69924	-1.17933921658126
22.905	-1.2773	1.3333	-1.645
36.937	-6.6664	-1.0888	-0.386041051427672
38.435	-6.2835	-2.839	0.680061469366249
35.405	-0.70375	-4.8046	0.702222524646872
36.121	-2.9466	-5.1363	0.701197169894817
36.896	-1.6696	-2.1151	0.369457771332133
27.474	-0.29098	-6.7196	0.0194805676900938
34.672	-9.018	-2.7887	0.388785325707152
36.78	-7.3321	-1.024	-0.887441005380808
31.309	1.3203	-2.1248	-1.35596939438896
34.816	-1.9829	-0.24815	-0.583548282141068
31.034	2.13	-1.503	-1.02540922963342
38.1	-4.3733	-2.6288	-1.14220489433684
33.506	-8.587	-3.743	1.09248374007419
36.038	-5.389	-5.311	-1.09028950097099
34.702	-1.6396	-3.8829	0.44129873929024
32.373	0.99622	-2.1654	-0.328251305967855
35.958	-2.3821	-5.0615	0.46317420474473
37.447	-2.7711	-3.2962	-0.276001249147213
34.224	-1.4421	-5.2872	-0.248714948646773
25.823	2.7506	-0.30933	-1.645
36.853	-6.3522	-2.1496	0.189287185614929
34.92	-2.181	-0.95545	0.0692582374484432
31.384	-10.126	-3.673	1.645
36.331	-7.1059	-0.41523	0.546248514996697
29.704	-11.031	-4.1478	1.03296197788241
35.609	-7.1077	-0.68315	-0.831998119106609
35.818	-1.2328	-4.9674	0.245477143897764
35.623	-7.3392	-1.1323	0.184482136599003
32.987	0.16537	-5.4076	-0.517339588896613
36.38	-3.1166	-4.3906	0.238924439167027
36.763	-2.5223	-2.4664	0.20292559828101
30.806	-9.287	-3.5933	1.645
31.819	0.77723	-1.5751	-0.165911419119069
34.867	-2.1455	-5.957	0.339876275287696
36.432	-2.9785	-1.8557	-0.927059985401546
37.33	-2.1802	-2.9054	0.921917128400096
35.886	-6.8034	-0.66589	0.0131833765578866
34.169	-2.2291	-0.29475	-0.966208113095725
27.676	-0.63697	-6.9622	0.508841921514183
36.642	-7.6993	-2.0698	0.461854610157117
36.441	-7.3309	-1.0821	-0.332424052280349
36.404	-0.77396	-3.045	0.442292152208035
32.197	1.205	-4.1368	-0.432052030515829
33.119	-10.31	-2.9906	-0.00973922366380493
37.344	-5.4244	-3.918	1.16314842003326
30.026	1.6761	-1.1057	-0.0360973565645785
37.878	-4.0903	-2.2179	-1.11641687481504
37.108	-2.6266	-1.3105	0.711281965921445
36.482	-1.3979	-3.6565	-0.493745271840051
31.452	-9.1478	-3.2273	1.52570846506103
35.595	-7.1083	-1.4836	-0.257512090325812
37.93	-4.6532	-1.5629	-0.66903718509909
28.339	-11.288	-3.7747	1.34387333069906
34.572	-0.91389	-5.3163	-0.316392299748886
27.025	-1.1452	0.8769	-0.464039356054891
34.079	-9.9018	-3.0968	-0.375273676093023
35.222	-7.552	-0.12993	0.293396084123298
37.707	-3.9647	-4.055	1.18396253586499
37.055	-7.808	-1.365	0.298070781886999
37.028	-8.0319	-2.3737	-0.0395701993614722
37.484	-2.9589	-2.2054	0.218018330363052
36.636	-1.8449	-4.6217	-1.23617219948804
24.255	-1.0753	1.209	-1.645
37.908	-5.4849	-2.8675	-0.787535552261455
28.144	-11.285	-3.6351	1.14055466937002
36.304	-3.0943	-4.7781	0.374416337724984
36.383	-6.8969	0.11651	-0.287406955853709
36.032	-2.4254	-5.2954	0.549300219925354
37.693	-6.9362	-2.1968	0.368525723037016
35.196	-7.2738	-0.20346	-0.715172845757974
36.191	-1.9754	-1.1911	0.747299077419922
35.949	-7.0988	0.036498	0.101529307381335
32.924	-0.29634	0.38633	-0.138588308289877
36.636	-8.1869	-3.6598	0.844666499274004
35.702	-1.5553	-5.3066	-0.0595172982926758
37.827	-3.3669	-2.5679	-0.479817487766654
34.952	-6.4194	-5.1862	-0.241983789267539
25.703	0.22142	-6.7138	0.205874138646748
37.718	-6.805	-2.3753	0.533242768510201
20.57	-11.951	-3.571	1.645
33.204	0.41913	-3.6203	0.11634968379444
36.349	-7.4662	-1.0629	-0.519127521046365
32.301	0.83282	-1.4899	-0.890535531268517
36.889	-6.3605	-0.64418	-0.232005197770343
37.364	-6.6113	-2.4395	-0.175258286743208
36.557	-6.012	0.058335	-0.217309909412592
34.899	-8.9036	-2.1978	-0.386732590420166
34.392	-0.67005	-5.3893	0.966169740675879
36.058	-0.71232	-3.8443	0.282953195046691
35.914	-2.1429	-5.1293	0.0739521430562277
38.175	-6.4615	-2.3743	1.645
37.269	-6.594	-4.1428	0.179972625689532
36.296	-3.9297	-1.4904	-0.835207854715228
34.929	-9.3154	-3.3453	1.19214119003143
33.624	-9.7678	-3.2114	-0.196429538253078
35.452	-7.5059	-1.1164	-0.0719901078360715
36.034	-7.7111	-0.66814	-0.505649283845396
37.161	-2.9571	-4.3767	-0.393750908318693
35.801	-6.039	-0.10692	-0.486993335180786
38.018	-6.5426	-1.8973	1.27668878515032
37.065	-2.8718	-1.9238	-0.213466560288849
37.741	-3.5231	-1.6764	-0.908101303679025
36.429	-1.94	-1.5444	-0.340246699593102
38.124	-5.9004	-1.833	1.0871977184462
37.088	-2.7651	-4.3048	-1.38068708343894
37.718	-6.2576	-0.89144	0.909943733441851
32.946	-10.118	-3.8613	0.93849695955467
38.042	-4.4673	-2.5642	-0.183704134454412
35.311	-1.2939	-5.3454	0.120974625943481
36.716	-1.7406	-3.0904	-0.770142681564044
37.657	-5.2865	-0.77623	-0.91591727673123
28.415	-1.9853	0.6287	0.100637181766203
35.913	-2.1991	-5.1813	0.39054611940273
37.832	-5.746	-1.2789	0.514524703640344
37.809	-7.1081	-3.5919	0.622827713529836
37.022	-7.8526	-1.9066	0.183557722707448
35.963	-2.9456	-4.6888	0.101811389933276
29.139	-10.899	-4.2139	1.23003028219925
38.328	-5.5245	-1.6957	-0.481166538434425
35.913	-3.5353	-0.26692	-0.480050672994757
36.624	-2.5872	-4.7152	0.110714529900917
35.732	-7.4659	-0.892	0.404069333469189
37.405	-2.8884	-4.2719	-0.804724414967896
27.224	-11.557	-2.9923	1.42519775683867
34.219	-0.7002	-5.219	-0.00572588114811499
36.409	-6.4671	-0.54685	-0.586732254874653
29.133	0.029435	-6.8166	-0.245256967613717
34.285	-0.88002	-5.7289	-0.582472591331603
35.879	-1.4706	-5.0897	-0.355222803954486
33.331	-0.8698	-4.6621	-0.201942692846194
28.562	-11.373	-3.9338	1.11574053632289
34.954	-8.59	-1.2637	1.02368410327586
12.655	-12.024	-3.1062	1.645
33.259	-0.86748	-5.1327	0.170283593756816
38.313	-5.8634	-3.2643	-1.27504780558901
36.875	-2.9204	-4.2667	-0.711047628997856
36.875	-6.5702	-0.73131	0.508916430505674
32.785	0.6827	-1.7577	-0.425519542248737
36.807	-2.7145	-1.7884	-1.20475505526006
36.197	-2.5887	-0.88178	-0.222911578081266
37.29	-3.1505	-4.2486	-0.749264596873215
33.099	0.48603	-1.4884	-0.494598346050934
34.092	-8.9227	-4.1576	1.645
37.012	-7.5666	-2.4787	0.424881408952893
36.947	-6.3535	-1.4057	-0.742176605933068
24.144	-11.871	-4.1725	1.16072724900189
37.294	-5.8666	-0.45628	0.366246934281941
38.453	-6.2205	-2.5167	0.402296830886539
38.205	-3.7763	-2.7418	-1.49321908471455
29.42	-11.225	-3.3753	0.179540965653921
37.148	-5.3387	-0.68234	-0.848559832307061
26.075	-11.349	-3.6326	1.645
34.237	-0.72906	-5.5845	-0.440465332252325
35.409	-7.9537	-0.78786	0.0904489282211661
36.261	-5.9674	-0.39885	-0.800820552715943
35.769	-1.1302	-4.9338	-0.354301230826454
34.05	-7.3166	-5.0561	-0.461623515223813
33.716	-7.4941	-2.944	1.645
36.741	-6.3389	-1.159	-0.353876652584515
36.513	-7.4862	-2.793	0.701891527244475
36.212	-4.2356	-0.11937	-0.720758092694655
30.542	1.6715	-0.25718	0.0942084434053503
37.523	-5.7548	-4.5898	0.674585755991829
28.667	1.635	-0.37636	-0.0319594023182614
37.356	-5.2576	-1.0494	-0.398271321728382
36.478	-7.7756	-0.57777	-1.06270597608972
37.883	-3.842	-3.38	-0.118473301365495
35.131	-9.2436	-3.3567	1.01575874490273
37.587	-5.2175	-1.004	0.388729821100294
36.221	-2.9564	-0.61513	-0.55572957482977
38.637	-6.5948	-1.8103	0.0516473650050176
36.956	-3.2025	-4.4751	0.531889415300496
29.985	-11.016	-3.6217	0.358422547065721
31.672	-6.1599	-5.747	-0.228820625145662
36.491	-1.3732	-4.2775	-0.800614507745396
37.131	-4.5617	-0.87893	-1.14695139603183
31.827	0.24387	-1.1057	-0.110504863361424
36.602	-7.2462	-0.74841	-1.42122260376085
35.527	-1.6899	-5.4983	-0.00811527724713024
28.143	-0.79826	-6.7107	-0.620885667274559
36.361	-7.4636	-0.51885	-0.656536865682494
36.981	-6.59	-0.49138	-0.654070388638268
37.82	-7.0502	-1.9993	-0.518676745853409
36.574	-8.6753	-3.4189	1.645
37.993	-6.6047	-0.58157	-0.456186157786232
36.619	-3.3442	-5.008	0.343360397257007
37.163	-4.0055	-1.8496	-1.19419293718064
27.841	-0.46924	-6.7153	-0.795048890584486
33.362	0.38835	-1.7634	0.00588092803102647
38.275	-5.2304	-2.3682	-0.2614994615591
36.744	-6.6862	-0.47204	-0.274404991381992
29.038	-11.463	-3.3336	1.41332143513256
32	-9.0904	-4.758	1.50492990562599
34.952	-1.4921	-5.7799	-0.961968811893032
35.586	-6.7863	-0.30952	-0.935015014423685
29.473	-2.0004	1.2233	-0.0181353373973777
36.946	-7.1431	-0.98937	-0.318825365378713
35.2	-1.6433	-5.5416	-0.455522509516256
38.265	-6.0586	-2.7998	0.357843418290305
33.966	-0.18969	-0.95979	-1.03553059440931
37.105	-2.5879	-1.2599	0.487755177219541
37.342	-6.7824	-1.0638	0.544518462481234
36.545	-7.0306	-0.54223	-0.625081513375348
35.679	-7.0002	-1.2115	-1.09713060843489
35.984	-1.9774	-4.2136	-1.55361218975881
35.308	-9.5027	-2.4343	-0.192228684151954
33.845	-9.7813	-3.7695	0.462370626735545
33.349	-0.35116	-2.0425	-0.343460373840336
27.568	-0.41487	-6.818	-0.430847072794414
33.366	-9.9976	-3.4617	0.274490946323986
19.483	-12.108	-3.7965	1.645
37.162	-5.5491	-4.7764	0.364961576404005
35.769	-6.9619	-0.47515	-1.37246325308886
35.88	-8.2388	-4.4135	1.645
35.04	-7.5716	-1.0808	0.482992285570605
35.22	-1.6653	-1.0212	-0.713531666534821
36.935	-5.5179	-1.3782	-0.621354400658019
35.664	-1.6218	-5.105	-0.0962604911589975
26.332	2.8248	-0.26543	-1.64042485920193
38.305	-4.7921	-2.3396	-0.47191588957433
37.264	-6.0234	-0.95589	0.109984872846389
24.961	-12.173	-3.2356	1.2113812180313
36.493	-3.2037	-1.737	-0.659500723563421
37.016	-2.6871	-3.6991	0.120772493313172
35.521	-7.0953	-0.81215	-0.11183563347165
37.573	-6.2663	-0.94834	0.0614464459932678
36.713	-2.7918	-3.6785	1.04852815060914
37.267	-2.9412	-1.1413	-1.48645917850954
36.105	-7.5793	-1.0388	-0.107491361262166
36.149	-3.6882	-0.088772	0.34336476184856
29.561	-2.1923	-0.92529	-0.955917978549294
28.421	-10.501	-3.8962	1.55882905377726
37.543	-6.6177	-3.9242	0.668997922506219
36.013	-5.2962	-5.2194	-0.702755888094052
31.616	-10.133	-3.0478	0.41830572514117
26.865	-11.889	-3.6093	1.02187549216317
34.944	-1.8333	-5.6746	-0.630066686833239
33.974	-0.2086	-5.4289	0.33771115657084
27.421	-11.915	-3.1716	1.49848758571114
24.068	-11.949	-3.7635	1.645
36.904	-2.4271	-4.0264	-0.277092981695829
32.829	-2.2829	-5.3286	0.728549982026177
36.607	-2.9684	-1.1872	-0.594932228038327
36.922	-6.114	-0.78434	-0.962234626263643
37.221	-6.042	-1.2144	0.90009289849177
35.954	-7.1988	-1.5628	0.0198143576641976
35.692	-8.8069	-1.7571	1.645
37.491	-6.0219	-1.2997	0.401854852368711
35.9	-7.2416	-0.67509	0.159827651602486
36.618	-7.6655	-0.98104	-0.199450652497453
29.945	-1.3699	-6.7296	-1.39616914978915
32.161	0.91575	-1.7862	-0.44643000072349
37.605	-6.5111	-0.87244	0.50317578640708
35.517	-6.5056	-0.50915	-0.65164840694477
32.059	1.3109	-2.4168	-0.565720589800693
29.196	-10.899	-4.0629	0.782719395906942
24.476	-1.1701	0.93116	-1.645
36.747	-2.8716	-4.7368	0.366750256512036
38.014	-3.428	-3.3169	-1.1087644697739
36.001	-6.2461	-0.9769	-0.758507447998431
36.332	-6.6978	-0.47076	-1.17050728192657
38.3	-5.7317	-1.6831	0.0103114437198371
29.979	-11.824	-2.9049	1.14097042617065
37.151	-6.3028	-0.5405	-0.338659622986618
36.12	-6.1442	-0.35725	-0.859640447662671
36.271	-7.3453	-1.3238	-0.637998779149763
36.488	-6.1858	-3.8549	0.666951115685689
35.366	-1.8119	-5.5672	0.369568839573555
36.371	-1.3748	-4.149	-0.568423325506193
31.428	1.6486	-2.2588	-0.851736031483347
30.715	1.0071	-0.9415	-0.494756928450975
37.231	-3.9099	-4.7721	-0.294079249171906
34.721	-8.3715	-4.579	1.39819315625077
36.514	-8.5327	-2.2652	0.788498452917713
36.083	-2.6015	-0.39972	0.0396981090328701
35.498	-8.087	-2.6598	0.842399270242034
30.178	1.4558	-0.55411	-0.0207202283721718
33.074	-10.314	-3.0415	-0.073253110510246
34.568	-8.0682	-4.3868	1.645
36.881	-6.9741	-1.2878	-0.533428206495337
31.206	-10.908	-3.2517	0.713547834854531
20.185	-12.42	-3.592	1.645
37.199	-1.6237	-2.4917	0.128422443062144
36.947	-7.3373	-1.2444	-0.214261872760392
33.778	0.11392	-0.5513	-0.668510795746487
36.98	-3.2319	-1.217	-0.773790603998877
36.125	-7.0592	-0.43751	-0.31739753409915
30.989	1.3364	-1.2695	-0.269330162357681
37.721	-2.718	-3.5393	0.396256373094385
36.492	-7.4624	-0.46387	-1.24342603625451
35.897	-8.9728	-2.3728	1.07333920898892
36.92	-3.6492	-4.6394	-0.87798919304174
36.993	-4.0546	-1.8566	-1.13651106750524
34.583	-9.2741	-3.2361	0.878366808214376
34.344	-1.2254	-5.6987	-0.926255375986529
35.742	-8.0212	-3.8443	-0.199353188755602
37.001	-2.4226	-2.9225	0.823575977970574
35.171	-6.1369	-1.2886	0.160461576975954
37.028	-3.37	-4.176	-0.915670507214448
33.298	0.35184	-3.695	0.849491205719087
30.361	0.79431	-0.83387	-0.907933705566418
35.436	-6.7361	-0.95815	0.0276448530395475
37.41	-6.4188	-0.83121	0.41919127908897
36.383	-1.4084	-1.6501	0.337517151098734
28.632	2.1882	-0.58482	-0.939614940344728
34.186	-2.9176	0.81454	-0.566891728931468
36.195	-4.2493	-5.2274	-0.48235316704386
26.47	-1.2093	0.66759	-1.57701523435363
36.233	-7.5856	-0.90686	-0.608922543816286
36.421	-8.4179	-2.0881	0.205495385890252
37.469	-3.1858	-2.9957	-0.927714102585556
35.257	-2.0901	-4.006	0.0623651677106784
36.163	-7.092	-0.771	-1.16797397951806
37.734	-5.9544	-4.0513	0.307478377435303
37.902	-5.9908	-2.0936	-0.243379194182496
37.448	-6.4351	-3.4083	0.585670383228484
36.099	-7.3386	-0.73775	-0.782389129083099
38.19	-5.2303	-3.4668	-0.435309949816138
32.123	0.60269	-0.86491	-0.00819532715500822
32.053	1.3059	-1.5197	-0.387500251946699
36.699	-4.6467	0.089536	0.136730551344492
27.83	-11.511	-3.6894	0.533302955630775
35.927	-2.6184	-5.194	1.21784532127646
36.378	-8.7082	-2.2334	0.23050845367596
37.434	-4.6484	-2.4277	-0.584066794082284
36.422	-2.8263	-5.0446	0.0329027808200878
37.128	-7.3771	-0.91807	-0.0781019152029602
36.806	-7.1946	-1.9069	0.64359696762687
34.659	-0.55942	-4.4261	1.32402269292844
36.328	-7.1272	-0.93379	-0.966657501816915
36.281	-2.7152	-5.341	-0.264226001032474
37.412	-6.2447	-2.696	0.434938191108354
35.967	-2.729	-0.69909	-1.03259892544253
36.783	-8.0664	-2.712	-0.0437932406905451
36.508	-6.9874	-0.76697	-0.85412239268109
37.295	-4.7406	-4.9434	-0.299173085052254
37.907	-5.6622	-1.514	-0.440890487510978
36.54	-2.6445	-3.9797	0.343414159465975
34.705	-0.88028	-5.109	-0.170192074877838
35.571	-0.535	-3.7779	0.825953411004695
36.023	-3.1128	-0.9772	-0.347546697727213
36.969	-6.9389	-2.1567	-0.266786683757377
30.821	-10.653	-3.8519	1.645
34.81	-1.815	-0.71735	0.000365598597960184
37.007	-3.2381	-4.6457	-0.567577459856127
22.98	3.3486	0.063496	-1.40908920625298
32.159	-10.433	-3.0039	1.645
37.195	-6.8729	-0.94274	0.104454824877086
34.005	-0.32428	-5.4688	-1.19503168256911
37.776	-3.2527	-3.708	-0.632723974435184
25.345	2.9604	0.81839	-1.30527454427086
37.704	-6.9036	-3.5007	1.36903906608913
25.232	-11.836	-3.4376	1.645
35.212	-2.5121	-5.7232	0.731776319051789
38.366	-5.4234	-2.4492	-1.09244135319316
29.989	-1.4419	-6.6104	-0.957347936303181
37.702	-3.2554	-2.2478	-0.242769156408474
36.695	-8.3244	-3.4796	1.12746740390211
22.216	-0.28528	1.8218	-1.645
27.938	-0.14693	-6.4389	-0.638008859602477
37.215	-2.1692	-3.2804	0.459305805644715
24.948	-1.1145	1.1193	-1.645
35.868	-5.9551	-0.76246	-0.456842029751434
28.015	-11.269	-3.5031	1.19186938380337
36.415	-2.8229	-5.3315	0.639518012044171
36.026	-2.1342	-5.1439	0.187025979314932
36.861	-6.3361	-0.60656	-0.211670561452993
34.486	-9.5717	-3.7802	1.44309089420656
22.352	3.0673	1.2586	-1.50937975231822
35.219	-2.1202	-1.3575	-0.754253326002159
36.39	-6.9544	-0.46647	0.621026545203574
32.516	-0.5129	-6.2823	-1.26158988786455
37.032	-6.1426	-0.88556	-0.0601323567494105
28.289	2.0839	-1.1024	-1.32751523167412
33.548	-1.5978	0.067007	-0.846365377504662
35.336	-1.5855	-5.3664	0.118312024828302
35.391	-7.7354	-2.7639	0.906213802932436
36.84	-7.9578	-3.3052	0.524138700546771
37.095	-3.2146	-1.7715	-0.204195503449857
33.859	-9.2605	-2.5721	-0.588363718461739
35.877	-8.4213	-3.4308	0.651714487183344
34.549	-0.84299	-5.6394	-0.145044725549102
36.996	-7.5551	-2.6668	0.0387425114479203
34.832	-7.3907	0.24362	-0.432036726894637
33.235	-10.72	-2.9872	0.0968246317416321
37.307	-6.0201	-1.5607	-0.0597204717551485
37.418	-2.9354	-2.5082	-0.537769587708716
34.343	-1.6947	-5.9695	-1.05852914088878
35.852	-6.3953	-0.66102	-0.591643178631942
23.219	-11.625	-3.7246	1.645
25.658	-11.743	-4.0632	1.645
36.408	-7.0685	-0.74929	-0.336555618089686
34.872	-9.2335	-3.1798	0.165932810811158
32.521	-10.366	-3.3013	1.30980812998173
35.301	-7.1362	-0.87532	0.208164756784731
36.981	-7.338	-4.1057	1.645
36.532	-2.2219	-4.9142	0.621135633762197
36.587	-6.9588	-0.9185	-1.03672148959749
37.804	-3.758	-2.5106	-1.52050397240864
37.188	-3.3266	-4.129	0.499448249011843
36.601	-3.3263	-0.83788	-0.184591868339662
20.494	-12.103	-3.3423	1.645
37.343	-6.62	-3.3463	0.175458331818484
34.74	-1.4122	-5.6472	0.00632246395049611
33.679	-0.86234	-0.17042	-0.357102218744026
36.655	-3.0677	-4.4207	-0.282535418716999
34.85	-8.5722	-4.0191	0.787035004406438
30.867	-10.809	-3.5384	1.28628592505557
37.307	-3.9139	-4.5918	-0.215570570991811
36.667	-6.7386	-0.78268	-1.645
31.457	-0.30158	-6.5963	-0.452344355191218
35.913	-7.6121	-0.87189	0.118751760738866
36.13	-2.8164	-5.1146	0.381869321298235
35.209	-0.0088546	-1.6024	0.169169392360072
37.083	-6.3311	-0.76982	0.0944117442110647
36.223	-7.7271	-1.0545	-0.261281031893007
30.474	-10.434	-3.6727	1.16836788528898
35.745	-6.4161	-0.72233	-1.03285782708229
34.25	-0.42419	-5.4538	0.237197781578883
35.158	-7.4175	-0.57039	-0.315398402952131
37.835	-4.0336	-3.727	0.999430172737889
29.205	-1.0063	-6.6398	-0.550576009611404
35.456	-3.3218	0.088323	-0.936152359669821
29.803	-10.77	-3.5859	1.645
37.4	-5.3887	-1.203	-0.638238364449816
38.39	-4.8164	-3.1837	-0.852092266792192
28.169	-10.539	-4.4468	1.50526627731074
37.101	-6.2474	-1.5272	-0.870283761513675
36.103	-2.9353	-0.50444	-0.203119011798777
33.597	-0.56617	-5.3621	-0.324714836218462
34.55	-8.264	-2.9045	0.323233923423819
35.071	-9.1648	-1.7033	0.981117820513281
37.21	-4.2579	-4.7383	-0.38304381612692
35.826	-8.9178	-2.6398	0.100062939097976
29.572	-9.596	-4.4341	1.645
38.35	-4.2938	-3.138	-0.464270069177652
33.688	-2.6749	1.0381	-1.54655055228319
36.474	-2.0151	-4.8982	0.516963463885925
36.528	-6.7207	-0.3798	-0.590705370272129
33.424	-10.084	-3.4669	0.151456109706683
35.861	-2.605	-5.277	0.417115602333527
34.46	-9.1908	-4.2253	1.645
38.32	-4.8525	-3.1108	-0.936533762935388
37.496	-3.2443	-4.1554	-0.179202586935055
26.909	2.6637	0.026832	-1.38307604995586
23.052	-12.064	-3.317	1.645
37.644	-6.4692	-2.6675	-0.556337171980579
36.848	-6.5595	-2.1398	-0.0801662905872693
29.035	1.6447	-0.066406	0.801866516406885
35.626	-7.5125	-0.57968	0.300856903543819
37.322	-7.6218	-1.4826	-0.465308825698181
35.285	-8.2893	-0.64382	-0.127880940284009
20.084	-12.312	-3.48	1.645
28.865	1.751	-0.48839	-0.529644223018288
29.709	-10.969	-3.9119	0.555966038173835
37.772	-3.5059	-3.3861	-0.325211725899947
36.942	-6.4637	-0.66239	-0.956409195578412
33.758	0.38343	-3.2386	-0.352748619614964
36.282	-1.236	-3.9953	-0.361115530562908
36.872	-6.6326	-0.5159	-0.144241103544202
27.991	-1.7102	0.46544	-1.5332413688113
34.467	-0.7789	-5.5486	-0.242252364215225
28.91	-10.416	-4.3339	0.772052303767695
36.451	-2.0925	-4.9467	-0.0673095415626967
29.772	1.7553	-0.20628	-0.802377502478864
37.46	-4.4038	-1.0835	-0.576813868946883
30.47	-9.6622	-4.3325	1.645
31.478	0.98321	-0.87069	-0.457744953465393
36.431	-1.4634	-3.8262	-1.1440983040403
36	-9.0717	-3.5695	0.978532701695098
37.711	-5.9719	-3.357	-0.199657015860679
27.558	-11.495	-3.2371	1.645
24.502	-11.889	-4.0808	1.645
36.522	-7.3306	-1.1206	0.397402128089606
34.234	-9.0501	-4.1876	1.645
34.039	-8.7942	-4.1058	1.23853755796708
36.049	-2.8343	-0.31658	-0.64545200281721
35.726	-3.108	-0.29894	-0.626251894661544
37.247	-6.3258	-0.74275	0.00010859152099353
36.663	-8.0185	-1.3392	-0.0118069472763966
36.819	-2.209	-4.6629	-0.686445278602017
36.367	-7.0131	-1.7098	0.321169307279899
37.603	-3.5366	-2.3554	-1.07902531089186
37.32	-2.9559	-2.0473	-0.901073284669625
36.358	-3.1915	-4.9347	-0.509546906902809
18.772	-12.196	-3.1299	1.645
32.75	-10.422	-2.8005	0.371105371933437
36.785	-1.4031	-3.5604	-0.784054592589696
35.477	-1.5291	-5.0441	0.0719535470698542
28.024	-11.618	-3.2678	1.48994452840976
38.028	-3.372	-3.8422	-0.0336836681513194
35.983	-6.7157	-0.25748	-0.832869962764925
37.675	-7.2641	-2.5191	-0.336534076213173
38.285	-6.068	-1.6478	0.420421190314573
37.648	-2.9954	-2.6871	-0.597798859424764
36.758	-6.2914	-0.49534	-0.41668614760316
37.3	-4.165	-1.6175	-0.970105652235463
27.805	2.13	0.2655	-1.31546269526069
33.741	-1.9733	-5.4226	0.214742039497683
36.11	-7.4497	-1.499	-0.69349750530385
37.13	-3.482	-3.5833	-0.691534714374137
37.065	-7.2034	-1.1197	-0.0193347614620155
35.676	-1.5634	-5.343	-0.407136931015071
25.634	-1.2253	0.94194	-1.645
36.345	-2.7504	-1.3676	0.568654617775446
35.006	-5.2704	-0.66318	-0.938832982348923
21.515	-0.82075	1.3352	-1.645
36.934	-7.1197	-1.3898	-0.305684948810824
35.563	-2.7773	-0.24283	-0.185310274799821
37.173	-2.6245	-3.9132	-0.240463507020111
36.387	-2.0945	-4.6511	0.633561077258793
35.784	-2.114	-0.96068	0.605473938795587
37.664	-3.9756	-1.3644	-0.451095155324985
33.453	-9.9212	-3.2833	-0.101418468174494
28.418	-11.12	-3.9506	1.645
35.617	-3.9137	0.42156	-0.484650421336486
35.863	-2.4069	-2.5622	0.6232756590936
35.028	-7.1752	-0.66195	-0.0213545497756647
35.812	-5.4805	-0.52955	-0.681359605771501
35.948	-1.8128	-5.129	-0.232200981682777
36.383	-2.5713	-5.1106	-0.12344622642724
37.161	-6.9458	-4.105	1.58286777009213
33.48	-0.64767	-5.7709	0.388331505993752
36.767	-7.3284	-1.2693	-0.168491734135177
34.688	-1.4445	-4.5017	-0.557841995028524
35.727	-1.6297	-5.1851	-0.438732267936129
27.955	2.3396	-0.87238	-0.864542431752109
33.377	-10.479	-2.644	-0.608459924993712
32.498	-1.6331	0.075498	-1.32262118215597
37.362	-2.3661	-4.0574	-0.1782183183633
37.957	-5.771	-1.0749	-0.377254762222472
36.775	-7.7189	-0.67347	-1.06486369022892
37.412	-4.5111	-2.4789	-0.923446074210492
36.828	-7.5118	-1.7764	0.589120321860453
34.807	-9.2413	-0.70097	1.23727163467161
37.16	-6.5484	-1.2193	0.470143697506497
36.12	-6.8519	-0.23334	-0.986403374613445
38.418	-4.7373	-1.7362	-0.750308887210812
33.209	-1.3065	0.58739	-0.946250505005469
36.674	-2.2954	-4.338	0.493047388629123
36.732	-2.5374	-4.5019	0.118547112218117
37.642	-6.2693	-1.2363	0.462058284950852
34.288	-1.2429	-5.9811	-0.386047022482373
34.357	-6.5455	-4.6842	0.287269622931726
33.459	-6.2113	-5.0877	-0.330408579521567
34.398	-1.8175	-6.1834	-1.08170005931974
28.402	1.6858	-0.84161	-0.42213299941623
36.054	-8.1439	-2.2738	1.645
36.711	-5.4696	-0.059321	-0.468525914019783
36.851	-6.8	-1.1773	-0.908453494726677
38.242	-5.918	-2.1091	0.0963668869073474
37.137	-3.3898	-4.8805	-1.2782509695504
37.779	-6.3044	-1.8107	-0.110479790817909
34.925	-1.4506	-5.7603	-0.0124762444308412
36.307	-6.6518	-5.0565	1.24382162558303
37.216	-7.7869	-1.3901	-0.457811323855702
34.201	-6.8832	-5.1613	-0.470030854184037
37.024	-5.0281	-5.0016	0.288924487115314
31.076	-10.596	-3.1788	1.645
37.732	-3.9914	-1.8724	-0.817198195702561
28.05	2.1178	-0.84351	-1.1781787962518
29.068	1.9082	-0.13313	-0.618042449012062
38.105	-6.1144	-1.8308	1.03508907754203
31.208	-10.341	-3.9103	1.645
37.164	-3.1932	-4.4762	-0.554372076618756
35.947	-7.6318	-0.92707	-0.418914367533136
26.384	-11.718	-3.1602	1.58468077837247
17.539	-12.176	-3.6076	1.645
27.847	-1.0006	-6.7591	0.462355039552702
28.06	-11.31	-4.1272	1.645
26.252	2.4373	0.2568	-1.645
36.415	-1.8489	-3.4901	-1.28431477093721
36.414	-6.6305	-0.54073	-1.04797282387576
36.926	-6.1455	-1.226	-1.20669699624324
37.013	-1.3675	-2.5758	0.0718533139601688
31.516	-1.6663	-1.0651	-0.59438523758397
23.685	-0.6064	0.95115	-1.645
27.546	2.3168	-0.11179	-1.54674235126558
36.582	-3.2051	-5.0006	-0.513920328714643
37.103	-6.8195	-0.88503	0.35162435993346
36.399	-7.0935	-1.8265	1.00717166049278
35.481	-2.2084	-0.77026	-0.695120898484438
27.377	2.5778	-0.06166	-1.03040500889543
29.712	-0.9678	-6.7499	-0.2783858290932
37.899	-7.3266	-2.9614	0.759761628614736
36.681	-7.6883	-1.3233	0.753998086500704
36.539	-6.8839	-1.4043	0.201893300564123
36.927	-2.4784	-4.6331	-0.194531862073
37.289	-5.8562	-1.1742	0.293554559443529
36.35	-1.06	-3.5694	-1.27151654072054
36.839	-2.8458	-4.6107	-0.0034126998859458
34.409	-9.3628	-3.4874	0.00286569640475515
21.749	-12.082	-3.1072	1.645
36.479	-2.3034	-4.7111	1.62588858055229
35.35	-9.2134	-2.9742	-0.180204412944921
37.069	-7.3037	-1.1191	0.0495879827161036
37.293	-2.0806	-4.0461	-1.32429357664423
37.112	-7.3561	-1.2594	0.148447970572261
35.298	-7.0473	-0.77197	0.880674598309527
34.237	-8.2289	-3.8283	0.924943027651032
38.056	-5.1676	-2.5888	0.311514667549702
35.642	-2.2581	-5.5624	-0.0825881617729
37.132	-6.4566	-0.84542	-0.207218151957311
33.381	-2.7503	-0.92077	-0.884110378617194
36.842	-7.1254	-1.1484	-0.970188513842538
36.903	-6.0825	-1.1782	-1.0262658870817
36.19	-1.7172	-3.5639	-1.18999197069514
34.92	-2.2908	-0.34357	-0.14830764923123
38.043	-4.5569	-3.3936	-0.12811644440075
35.541	-0.99494	-3.919	-0.106322058134262
37.769	-5.0176	-1.871	0.268784685671301
35.269	-8.6907	-0.96378	0.827530664787887
36.885	-8.2585	-1.4113	-0.0468790046958519
34.961	-9.0902	-2.5955	-0.436620200283714
36.838	-3.1052	-0.58324	-1.0224887582789
27.664	-10.9	-3.9195	1.18384867592409
23.422	-0.66444	0.89025	-1.645
29.878	1.9333	-3.6835	-1.2713315334621
38.515	-5.1784	-2.2231	-0.414539564102895
38.137	-5.8416	-1.5113	-0.189805907700347
37.654	-2.3191	-2.4915	0.191537710020476
35.139	-7.3104	-0.6746	-0.220690518598271
29.667	-0.36181	-6.2471	0.112330888180619
34.572	-9.5317	-2.8881	-0.888911139895426
36.627	-2.2565	-4.6513	-0.0733601030902215
38.041	-6.1191	-1.0396	0.345348698184147
35.898	-7.0416	-0.93679	-1.16886155367598
33.998	-7.9864	-0.16569	-0.41013800059468
35.179	-4.4275	-0.35156	-0.788981986773164
35.475	-6.9959	-0.76676	-0.185458393618618
32.07	1.4293	-2.3833	-0.98682906637384
35.045	-8.4451	-3.0206	0.183351909760336
36.626	-6.7312	-0.7282	-1.36112827704214
28.783	-1.1034	-6.5278	-0.698649930804145
35.933	-8.4365	-1.8553	0.734478167313909
32.506	-10.224	-2.3987	-0.0599437918655097
34.744	-7.6455	-4.2175	1.645
35.716	-8.4489	-2.1184	0.096324519294311
31.72	-0.96702	0.3544	-0.501944000427578
36.751	-6.7733	-0.83624	-1.04184326688799
26.305	2.5123	-0.34699	-1.53638251996845
37.254	-3.0555	-4.385	-0.0595001953694062
34.17	-1.3725	0.13005	-0.876846801614536
36.772	-2.0808	-3.8427	-0.870740203127511
28.764	-0.51537	-6.6424	-0.793756604992967
38.014	-5.9577	-1.8809	0.538088558370353
34.574	-3.6874	0.49795	-0.0420601260081628
36.293	-1.505	-4.5643	-0.0972298602863444
36.234	-7.6629	-0.97961	0.0500727974544347
34.65	-7.5723	-2.293	0.248829440560376
36.083	-8.5847	-3.8822	0.236329365499866
27.103	-1.7895	0.51807	-1.44148558182381
36.16	-3.0067	-5.1595	0.461938088495521
33.832	-9.4165	-3.2844	0.162467998226899
35.349	-1.7696	-4.8635	-0.96301386848525
37.166	-4.2299	-4.5378	-0.889015399955432
34.808	-9.1052	-3.57	1.645
35.873	-6.1718	0.076158	-0.424609681528936
35.622	-2.128	-5.639	1.645
37.437	-6.1818	-4.1612	0.186393094141371
36.152	-7.3342	-0.95071	-0.694169621984948
35.261	-1.5128	-5.0484	-0.45623152005319
33.824	-9.9319	-3.7705	1.645
35.159	-5.0452	-1.1061	-1.06291903914974
30.039	-10.6	-3.9322	1.645
30.135	-9.1454	-4.2499	0.79662716453079
29.138	-11.188	-3.8476	1.64177825996766
35.92	-6.9901	-0.49628	-0.428255419260317
31.224	0.17342	-5.7504	-0.641317727111463
35.622	-3.6657	-1.0615	-0.560235372881757
37.487	-6.2291	-1.7669	0.756194929279972
35.929	-8.1243	-1.4357	0.231007598250605
33.353	-0.15211	-5.6436	-1.08192693854521
34.134	-10.156	-2.7773	-0.348956584199515
35.54	-1.4891	-4.931	-0.185793122416849
34.026	-9.7903	-3.2879	-0.648972917262125
36.626	-5.7911	-1.2278	-1.36497228659163
24.178	-11.704	-3.6301	1.645
37.404	-5.4861	-1.3972	-0.352921250417234
33.892	-0.68384	-5.8885	-0.0160896534393246
24.368	3.7988	0.25655	-1.54002899576917
25.316	0.0397	0.96357	-1.44407522289656
36.37	-2.9592	-4.9675	-0.0416264720945916
36.177	-2.5183	-1.6875	0.051152374359426
34.494	-0.21675	-1.9609	-0.78647761943611
36.989	-2.1522	-4.4694	-1.07182025228688
29.538	-10.738	-4.0519	1.645
37.198	-6.5255	-1.0386	0.026531306092091
36.164	-7.808	-2.0116	0.951203168259599
26.615	-11.683	-3.4185	1.22371010388331
35.959	-8.016	-1.3819	0.338321289533729
37.27	-6.2276	-1.1357	0.402989747638718
36.454	-6.533	0.32032	0.168556067139138
36.452	-2.8956	-0.53636	1.01828442918794
33.279	-10.124	-3.4263	0.572998794136989
26.736	2.6919	-0.6298	-1.40039223354299
37.768	-2.7583	-2.6984	0.159098412887685
35.59	-2.7801	-5.4654	-0.0987108256645751
37.579	-7.1001	-2.0947	0.364663373713246
36.093	-8.6628	-3.2445	1.2467623731553
33.734	-9.5652	-3.4776	0.153810717090909
38.216	-4.6273	-2.5373	-0.0325680108681009
27.089	-11.553	-3.8875	1.645
32.801	-10.494	-2.9191	1.2962910098309
38.241	-4.5629	-4.0563	1.51324378230021
37.785	-3.759	-1.4766	-1.24814740349342
38.276	-5.2348	-2.0977	-1.02613479187054
37.742	-3.366	-3.0438	-0.701190220225663
27.815	-0.57083	-6.707	-0.691671481473461
28.23	-0.50422	-6.5389	-0.298048655349969
29.63	-0.92416	-6.7941	-0.551789904166377
33.189	-2.0783	0.76822	-0.767000262464818
34.078	-0.040589	-5.3448	-0.706242349141909
36.923	-2.6406	-4.693	-1.25152985441591
30.923	-10.273	-3.951	1.645
33.454	-0.75361	-5.856	-0.591055829909305
37.946	-3.4073	-2.4633	-0.860051535558905
24.271	-12.112	-3.4109	1.645
36.432	-7.4201	-0.80639	-1.15237685562342
35.365	-1.0409	-4.4356	0.0211628766411102
36.627	-4.0545	-5.0559	-1.26264968507799
36.92	-5.8143	-0.62305	-0.918452708179976
36.617	-3.1258	-4.9507	0.0792290150602877
35.936	-1.5523	-5.1143	-0.345631227273738
22.13	-12.369	-2.9595	1.645
35.285	-7.5377	0.066807	-0.582201454415819
34.246	-1.9271	-6.1455	-0.700872052548754
35.563	-0.78294	-4.4159	0.67940646530507
37.246	-2.3567	-4.2847	-0.638833322754765
36.836	-2.003	-4.5542	-1.30612189708865
35.681	-7.0142	0.034118	-1.0101331722399
28.476	2.3052	-0.21928	-0.441677962065061
36.702	-4.5632	-0.72328	-0.21921308519722
35.022	-2.2931	-0.30106	-0.116024584651467
36.997	-2.8596	-4.6194	-0.176486258996495
31.828	1.1086	-2.2523	-1.02380740624772
35.129	-7.3311	-0.43908	-0.489106151000907
35.687	-2.4359	-5.3201	0.822932618214279
26.988	-0.92323	0.91876	-0.144285116511212
31.846	-3.3065	-0.63738	-0.427492358419616
33.401	-1.0653	-5.7202	-0.0942085492692347
36.04	-6.7814	-0.20054	-0.229662483862007
34.114	-0.95412	-5.5611	0.119375759412182
36.599	-6.6278	-0.62335	-0.850835840619632
37.135	-6.6056	-1.2216	1.645
38.176	-5.8106	-2.8118	0.279912772061317
37.58	-4.0989	-3.3811	0.0611966719050932
35.637	-6.7245	-0.37612	-0.196008058792502
35.282	-0.54191	-4.5888	1.30285965328785
35.082	-1.3413	-5.5522	0.524848657465447
35.866	-8.262	-4.0059	1.645
37.104	-7.4099	-0.84084	-0.694704291703172
35.513	-9.1151	-3.2543	0.271571534305969
36.187	-7.133	-0.64214	-0.417989028967471
35.107	-0.70271	-4.7009	0.430740315451435
37.184	-1.7013	-2.732	0.281971785897688
37.267	-6.9481	-1.9059	-0.874497968748841
32.963	-0.82231	0.13576	-0.458367183980766
35.467	-1.2018	-5.1814	0.29692322630748
19.144	-11.629	-3.5846	1.645
35.444	-3.6749	-0.45329	-1.40698088513639
33.256	-0.209	-5.6186	-1.06478701320574
38.277	-5.7043	-2.5148	-0.440750855392085
35.262	-6.5396	-0.11959	-0.789818422591834
36.147	-2.2079	-4.9607	0.87209096914534
25.063	2.6942	0.50611	-1.37695623030082
35.954	-7.1833	-0.97152	-0.57375402412791
31.359	1.133	-1.4757	-1.63737971777221
36.883	-3.2841	-4.7561	-1.29986421936912
37.07	-3.5895	-4.5398	-0.321983442001092
29.455	1.4441	-0.33154	-0.718604228569507
30.771	-10.607	-3.8479	1.645
35.249	-6.5454	-5.549	-0.156016002289788
37.709	-3.0288	-3.4199	-0.185709658678423
36.433	-4.7672	-1.4114	-0.85232277427658
27.534	-0.34665	-6.4868	-0.681562609533465
36.086	-7.7136	-1.5338	-0.00759892473173022
38.056	-6.0844	-2.1369	1.27531464386416
34.733	-2.7372	-1.1845	-0.180676844128139
34.09	-1.9336	-5.9096	0.0283005341446076
30.214	-10.125	-4.3742	1.08699717263262
36.733	-2.908	-4.739	0.0591463284037583
32.649	-1.5728	0.16861	0.274400759037723
35.94	-8.616	-2.4003	-0.77575713233351
38.211	-6.7695	-2.7243	0.990971961167156
34.473	-6.0424	-5.0366	-0.447948004714427
36.627	-6.1571	-0.69163	-0.851151622949682
36.064	-7.1385	-1.2273	-0.569417965475251
28.21	-11.078	-3.6007	0.744341558538097
33.526	-9.8154	-3.646	0.567056269413815
37.809	-4.4404	-2.6843	-0.60894258308654
36.294	-2.8729	-4.9081	0.432376008356031
36.932	-2.2441	-4.676	-1.12865776066048
34.882	-7.8087	-4.7386	0.602185620336445
36.476	-7.382	-1.0621	-0.963806500876327
37.275	-3.0113	-4.2995	-0.7778274073282
37.16	-7.4515	-1.5202	-0.118303196092321
29.493	-2.0896	-0.37662	-0.729036016805375
36.008	-4.144	0.37998	0.694186783489935
33.871	-0.68123	-5.6772	0.203448076069713
26.97	-0.27744	-6.7405	-0.493777597651947
34.878	-7.421	-4.5206	0.526992080570628
36.796	-7.0838	-1.2456	-0.444097170387266
36.362	-7.0014	-1.1047	0.0143251907893179
20.626	-11.99	-3.1838	1.645
37.31	-7.5264	-2.6178	-0.848076428542576
30.671	-0.85242	-6.8893	-0.280357838655617
16.859	-12.177	-3.2421	1.645
36.905	-4.2578	-0.4808	-0.460635184266233
35.511	-1.8353	-5.3157	0.0470904015118709
21.085	3.772	0.79139	-1.21995851460762
37.367	-3.737	-1.2535	-0.468178255081388
36.651	-7.5829	-1.2475	0.369279422727075
35.014	-8.2377	-0.58041	0.869787459297561
36.616	-6.8313	-0.47681	-0.584350497060435
36.201	-2.0957	-4.461	1.645
36.759	-7.1446	-0.57465	-0.381171955161392
35.043	-1.2339	-5.4064	-0.611146998992887
36.334	-6.388	-0.29077	-0.587177365179303
35.239	-3.0074	-0.11223	-1.42659522409313
33.832	-8.7472	-3.3011	0.315555213289234
29.377	1.7668	-0.97623	-0.761197857108488
36.531	-6.2769	-0.45093	-0.727054237701323
35.735	-6.5504	-5.0381	-0.188307931162401
36.185	-8.2947	-3.287	1.033401821767
30.382	1.5907	-0.49021	1.645
36.292	-7.3381	-2.103	0.413203431872736
30.558	0.84485	-0.90212	-0.348389250324952
