30.252	-10.709	-4.2735	-1.47519338564017
37.784	-3.0457	-3.1938	1.645
35.233	-1.7225	-5.4094	1.645
36.304	-5.6636	-0.46282	-1.24106458872252
34.958	-1.4558	-5.6443	1.05825405801834
35.711	-7.1492	-0.48083	0.403726906938004
35.577	-2.1617	-5.7207	1.23088240213057
30.384	-1.1125	-6.3906	1.62072825516593
35.662	-6.8765	-0.14067	-0.938718378439721
37.208	-4.7836	-0.79393	1.24162665788496
35.031	-0.73919	-5.3013	0.249049323301079
30.639	-1.4277	-6.4224	1.645
30.396	1.5929	-2.7118	-0.410390370395071
37.36	-1.9229	-3.4248	0.146455253544665
38.053	-4.9272	-3.8114	1.52921898927863
25.215	3.2448	-0.1568	0.507804632029552
37.946	-3.3618	-3.7233	0.0582796907600103
36.345	-3.4584	-0.40195	0.567966938771858
29.468	1.8323	-1.3242	-1.54237429068271
35.221	-8.5458	-1.1697	-0.587858356290924
37.076	-4.767	-1.1442	0.84968708558195
38.1	-6.0953	-1.2467	1.44902337569026
37.421	-4.2265	-4.3602	1.645
37.609	-6.1563	-1.2378	0.387633685828104
29.628	1.4832	-0.091737	-0.705752485717311
30.886	-9.9839	-3.954	-1.4349406752782
36.237	-7.9567	-0.56517	-1.01019298236691
38.043	-6.8756	-1.8666	-0.0911840967983507
37.508	-3.0489	-2.1855	0.774334639353529
38.329	-4.7319	-3.6869	0.669463559745235
34.7	-1.2137	-5.6412	0.420042573877681
38.1	-3.8544	-2.0497	0.0673360970941417
35.969	-7.2747	-0.90899	0.679326807114763
27.088	0.10397	-6.6888	1.645
37.973	-4.0567	-3.8317	1.49475359693365
27.649	-11.462	-3.5438	-0.604321581448866
35.681	-8.7417	-2.8366	-0.442636886478911
27.506	2.6504	-0.70193	-1.28035050361636
29.352	-10.501	-3.6657	0.186137650531052
36.904	-6.9214	-1.6942	-0.956920031994956
35.473	-9.362	-2.7353	0.191226268497867
36.27	-3.1772	-4.7845	0.603701533853559
28.019	-0.25125	-6.6692	1.27357770826061
33.485	-9.167	-3.831	-1.01536687279166
34.236	-10.016	-2.8261	-0.0616033480071305
33.449	-0.6842	-5.706	-0.406589777504836
36.817	-3.992	-1.0023	0.866630421285915
36.439	-2.5243	-2.1194	1.645
34.364	-0.084456	-4.3062	0.966653582686225
35.596	-0.68966	-4.4515	0.881850377226771
36.24	-2.3286	-1.4169	0.0905429099757905
36.865	-7.6925	-1.6333	-0.835155576839705
37.22	-6.5674	-1.1292	-1.645
37.897	-4.8967	-1.5729	0.0405724703228427
35.228	-2.001	-3.9949	1.645
33.384	-0.71081	-6.05	1.43988567412864
36.605	-7.0821	-2.621	-0.0816380999124303
34.196	-9.5363	-3.2052	-1.48105976897953
30.378	-9.9318	-4.0164	-0.745054834082048
35.451	-2.0421	-5.2604	0.841548734943058
37.029	-6.5279	-1.0449	-0.994074371676056
36.22	-7.0306	-1.8249	0.556671347840001
35.361	-7.6139	-0.68234	-0.612392759611098
37.68	-3.1829	-3.9933	-0.101785137434348
34.157	-1.6204	0.0068926	0.638543623279977
37.485	-7.2194	-1.5734	0.117831447083317
36.966	-5.8746	-2.2644	-0.967487877020456
36.318	-6.8931	-3.2431	-0.216137139157048
34.278	-8.7974	-3.7387	-1.645
31.307	-10.824	-3.7747	-0.069494580006291
37.731	-4.9146	-1.0312	0.975937314394082
23.754	-11.761	-3.3614	-0.910580092104939
36.647	-7.5774	-0.80506	-1.25806087448215
37.798	-6.4612	-2.1662	-1.40257330483987
37.754	-3.583	-4.2792	0.43213308426139
35.975	-7.482	-0.79263	-0.766818666563106
37.505	-6.6685	-2.6847	-1.09007651647625
35.53	-1.198	-4.9193	-0.0673338022572492
37.23	-3.1353	-2.1204	-0.0629100611282411
36.382	-2.1964	-0.9519	0.0908364616709612
24.761	3.1961	0.59405	-0.0725444746160943
33.85	-8.5339	-4.1833	-0.938918432976189
31.588	-10.845	-3.7152	-0.871738580100355
34.348	-1.5875	-5.124	1.645
35.855	-8.5351	-4.1011	-1.18861227971891
35.188	-7.5203	-0.50527	-1.27297567300935
29.408	-0.87213	-6.5897	0.312740725803964
29.318	-10.906	-4.083	-1.20436746625902
36.734	-4.8522	-4.9762	1.59740229265714
36.425	-0.63911	-3.5397	0.235360741588578
35.68	-4.0853	-5.459	0.70619659936475
37.21	-7.0648	-0.9211	-1.39624647447679
35.97	-1.7404	-1.3486	0.990048516937009
36.73	-2.8421	-4.3338	0.348709573303078
35.127	-8.9068	-3.2601	-1.34868746811451
34.516	-1.442	0.39769	1.17185523967428
26.621	-0.41676	-6.7491	1.645
33.447	-0.099584	0.24688	0.203434920725481
35.417	-9.3933	-3.2228	-0.190601398417493
37.061	-6.5184	-1.2337	-0.918758746876383
36.761	-4.0431	-2.5386	0.00997432334969831
36.51	-6.2637	-0.54518	-0.340741144108188
36.466	-7.3544	-0.70317	-1.06653274477431
28.861	-2.2487	0.5869	0.673161408670106
37.211	-6.4572	-0.88182	-1.00585478419588
37.444	-6.7964	-3.6172	-1.0445161542261
36.601	-7.2495	-1.0362	-1.39416693383854
27.931	-0.28496	-6.5634	1.645
31.618	-10.13	-4.2517	-1.13624735437069
36.223	-7.4272	-1.0084	-0.50376176081836
29.629	-10.882	-3.5421	-0.783416058297468
29.947	-10.855	-3.69	-0.221182226684958
37.298	-6.2867	-4.72	-1.3931665998321
38.155	-4.6891	-2.4946	1.34812484637572
29.457	-8.1844	-4.6495	-1.07039669583315
37.961	-6.4367	-2.1714	-0.153646334665583
24.995	-12.011	-3.4335	-1.31993032719839
37.283	-5.6156	0.019012	-1.37747401503865
36.059	-5.4499	-1.2052	-0.0230001263734816
27.944	-0.12737	-6.92	0.697137823462275
33.895	-8.0079	0.42918	-0.301169208390643
34.547	-9.2514	-3.6529	-1.00624020902924
27.474	2.3031	-0.87242	-0.305448493867853
36.897	-3.6054	-4.7352	1.06070172450192
34.858	-0.90232	-5.1763	1.645
27.282	1.8772	0.36123	-0.47479854345421
26.937	-11.434	-4.0353	-1.48210030305185
34.051	-7.057	-4.9855	-0.391915951900078
36.385	-6.6891	-0.91737	-0.0998152316204973
36.707	-6.8401	-1.3848	-0.307753171476488
36.43	-6.2279	-0.72841	-0.371124127147361
37.485	-6.1472	-1.8209	-0.466999861250601
37.336	-4.2892	-1.3951	-0.0896710819761118
36.534	-2.8847	-3.859	0.0108164229125563
36.765	-2.6537	-0.90358	0.904870031053749
38.365	-5.7093	-3.163	0.361258078602338
26.795	-1.38	0.76789	0.365361680556303
37.736	-7.0645	-2.0451	-1.07566977152789
27.947	-11.622	-3.3485	-0.815037148921031
29.441	-2.4441	0.42788	0.87896686069809
34.545	-0.57259	-5.36	0.606996592111066
37.192	-7.2199	-0.97104	0.683020207298979
35.643	-1.0173	-4.7475	0.557898357911508
29.467	-10.775	-3.9691	-0.667553131935212
36.573	-8.3132	-1.1099	-0.104918183644635
36.38	-6.6055	-0.06572	-1.14800086909979
36.872	-7.3054	-1.1125	-1.09577473179586
31.012	0.82625	-1.0063	-0.202199026413884
33.073	-10.383	-3.0347	-1.59773702437518
33.721	-9.813	-3.1666	-0.111531194314608
36.514	-2.8311	-4.6458	0.612502115207735
26.728	-2.4993	0.37058	1.645
35.137	-7.474	-0.47603	-0.309271112844305
33.092	-2.3509	-0.10809	1.62779187904184
30.162	1.0924	-0.59141	0.636997734282787
35.653	-8.8056	-2.0148	0.257341123581511
37.55	-2.3992	-4.0514	-0.464734937780441
28.167	2.2203	-0.26485	-0.558354006914385
37.262	-7.6743	-2.5575	-1.32844520671284
28.68	-0.5989	-6.5866	0.585122992868014
36.82	-6.8749	-0.3813	-0.543426087216843
37.969	-4.1044	-3.9668	-0.0643875317334021
27.04	-0.27364	-6.8262	1.645
35.876	-2.8084	-4.9303	0.700724381652595
36.613	-7.1136	-0.79163	-0.307360191929898
29.461	-1.419	0.7187	1.645
33.343	-10.105	-3.3928	-1.57754275726931
35.407	-6.9301	-1.0617	-0.388684956223008
36.67	-6.252	-0.26205	-1.46326449086188
36.115	-6.9508	-0.31193	-0.647975023131405
30.193	1.2549	-0.92182	-1.19753583135437
36.741	-6.2321	-0.25214	-1.645
35.394	-6.7244	-4.8998	-0.0824986802195548
35.901	-7.5783	-1.5121	-0.331288739410341
36.212	-2.8864	-4.4424	0.253805643008073
36.519	-6.8297	-1.8835	1.18091282992859
36.757	-4.3829	-1.9128	0.0170590564337053
37.299	-4.6356	-4.2258	0.356291836814997
36.961	-6.9266	-1.1732	-0.942300145050269
35.464	-9.2253	-3.2972	-0.794383134815461
35.372	-7.55	0.094466	0.613920894432509
37.434	-3.8318	-1.858	0.867094670209598
37.432	-2.5769	-3.2596	0.563852904823228
35.832	-1.7551	-5.3572	-0.30609389991288
34.841	-1.1825	-5.6789	1.25502785936669
35.748	-1.2876	-4.9432	1.52154023072352
37.279	-7.3662	-1.4602	-0.937912761415925
33.607	-1.7542	0.66326	1.27714401056462
36.366	-7.7739	-1.273	-0.331923905855468
29.524	1.8227	-0.21233	-0.183110041647084
24.281	-0.95431	1.6062	-0.813061626584894
37.71	-3.7762	-3.6003	1.63333481532387
37.127	-6.706	-1.4274	-0.275351043431082
37.568	-3.1113	-4.1591	0.151933249567046
36.105	-7.3621	-0.27467	-0.778170929294435
36.68	-3.1089	-0.80076	-0.214370779463224
37.185	-5.435	-1.2468	-0.152507773647463
35.352	-7.529	-3.7597	0.246067082168615
37.144	-2.5994	-2.8073	1.42574476689995
36.629	-7.321	-0.79914	0.563802569677106
29.709	-1.2098	-6.7267	1.27196816784431
28.639	-1.7463	0.11451	0.0103386532414158
33.884	-9.4559	-2.2002	-0.410025859634833
29.769	-1.6298	0.65782	-0.429637314249318
37.081	-2.2684	-3.7777	-0.141443378567708
36.206	-7.2978	-1.6692	-0.684742633775066
25.402	-11.378	-4.1255	-1.645
37.885	-6.1483	-4.0581	-1.38616548272789
31.038	-10.399	-3.8462	-0.492472173702465
36.67	-6.0862	-0.60603	-1.61211851241691
34.412	-0.72442	-5.3799	0.0962351110125318
29.81	-10.35	-3.8864	-0.575461916394002
33.106	-8.9881	-4.6548	-1.33901324514075
29.473	-0.48085	-6.5681	1.13649881557186
35.74	-1.5646	-5.2828	1.29291337370919
37.574	-2.8168	-1.8882	0.331718236488702
32.89	0.72047	-2.1587	1.40056865208563
36.778	-6.6332	-1.1096	-1.18990129954283
37.034	-3.681	-5.0419	0.609882296794166
27.479	-1.1421	0.8687	-0.336950369278586
35.114	-8.5241	-4.0748	-1.645
35.997	-3.0534	-4.6892	0.226702109429885
36.301	-1.469	-4.8456	-0.716091299417319
33.033	0.14127	-0.89016	1.09808560048406
35.769	-1.0613	-4.7791	-0.0597490251543613
24.668	-11.654	-3.2159	-1.41403154670386
28.566	2.1575	-0.46418	-0.889242759985932
18.476	-11.922	-3.6567	-0.117202581207166
31.902	-10.188	-3.1425	0.65830554329161
35.592	-6.7005	-0.93449	-0.598832247321663
34.055	0.053927	-3.4849	0.212498382169348
29.642	-1.2463	-6.7948	1.645
37.359	-2.1066	-3.8716	-0.34397026338934
28.656	-0.89458	-6.9293	-0.19652779340838
37.672	-6.7785	-0.78609	-1.645
35.668	-7.5501	-1.0858	0.137884865545979
36.261	-6.8152	-1.5389	-1.1550718361943
36.834	-6.7319	-1.2722	-0.702644238046226
36.996	-7.5969	-1.0678	-0.411112717950679
30.542	-6.0829	-5.3952	0.436947900460261
35.304	-0.72865	-1.7241	-0.6730406542109
32.167	-10.434	-3.3169	-0.872718564956482
37.241	-6.6798	-1.5083	-0.0362315473697598
37.692	-3.8642	-3.9815	1.18400840416034
36.295	-7.3641	-1.1927	-0.744517149501468
36.177	-1.3727	-4.7834	-0.55549522055439
35.221	-1.4667	-5.6054	1.30933357267104
36.195	-3.0407	-2.149	0.922371528874969
20.821	-12.156	-3.2601	-0.707152299632599
28.31	-11.059	-4.4058	-1.50751599306172
37.112	-7.4161	-1.9881	-1.645
35.304	-6.792	-4.5462	1.56449699442476
31.554	1.5166	-0.70294	-1.11879678121137
35.332	-3.4379	0.25797	0.608303286840596
33.492	-9.8817	-3.9009	-0.934105634895863
37.411	-6.3305	-1.4893	-0.918128939216572
35.78	-6.7263	-1.6317	-1.31549515690287
33.448	-0.77411	0.15523	1.070199910672
35.375	-5.2242	-0.81239	-1.23908424193509
33.301	-0.8584	-6.2191	1.645
33.996	-0.50546	-3.2843	-0.0337915721806068
36.135	-7.0239	-0.50614	-0.183572924492688
35.965	-2.0548	-5.2201	1.06961881794011
36.394	-6.1789	-1.2919	-0.71970968676861
37.406	-4.8724	-2.8986	0.956927841104267
36.04	-7.8278	-3.3901	0.218102880961536
36.003	-7.4847	-0.98669	-0.561891961709137
37.505	-3.3844	-3.665	0.928617786158178
38.095	-4.4114	-3.0289	1.645
28.845	-0.3391	-6.3215	0.0962847020267297
31.873	1.1603	-1.4668	0.20843363348539
37.224	-5.958	-1.089	-0.958079979356892
37.745	-6.0125	-2.6235	0.241158871475145
32.761	-10.279	-3.5803	-0.138228355622444
35.146	-6.8688	-1.1453	-0.703137326269636
22.237	-11.81	-3.5527	-0.310965957998142
36.309	-1.0166	-2.6914	-1.645
32.789	-9.4975	-3.0511	-0.365361710367006
38.051	-7.0224	-2.7249	-0.687040344309583
37.117	-7.0294	-1.3152	-0.890593679528224
29.757	-0.67542	-6.5392	1.41121324158302
37.809	-6.3381	-1.42	0.919039158098594
37.268	-4.9914	-0.25184	-0.873568851891866
37.709	-3.5095	-2.5169	0.3076923412645
29.359	-1.6151	0.50232	1.0062432127782
35.72	-8.5251	-3.5035	-0.613209263003074
35.965	-1.3746	-5.0021	1.645
36.316	-4.3292	-0.2157	0.0996613865805163
32.677	-8.7274	-4.1685	-1.02020502477671
38.36	-5.3256	-2.9136	1.35416158257965
36.221	-7.3412	-4.4751	0.465192214281362
34.415	-6.8325	0.075148	-0.497617596341819
28.368	-0.59665	-6.7559	0.264325450244934
36.759	-3.5836	-0.81804	0.290351318931886
34.095	-9.7839	-3.228	-0.262036101256821
37.368	-6.4768	-2.9922	-0.560645685696069
37.332	-7.2515	-3.8961	-0.232150476308151
35.258	-5.3219	-5.4431	0.525911917467082
36.321	-3.9637	-0.27042	1.10561861193262
36.03	-6.7396	-2.2656	-1.25408723172293
36.297	-6.6218	-1.3064	-1.60458378201638
36.623	-2.2417	-4.4946	1.61378112334538
30.035	-10.734	-3.8263	-1.57486797910242
36.66	-6.6386	-0.37036	-1.47913647132807
21.515	-0.27706	1.74	-0.159000480544795
33.103	-10.306	-3.7632	-0.337991115134196
36.952	-8.0395	-3.7747	-1.645
22.571	-0.57713	1.5151	-0.0991942570136156
37.393	-3.4946	-4.3244	1.17017364832224
29.076	-11.036	-4.0158	-1.48717868890175
27.77	-11.555	-3.6482	-1.18658131194502
37.578	-3.8494	-4.4812	1.645
37.42	-3.8425	-1.2864	0.240374282587015
26.936	-1.6129	1.3973	-0.551780967338753
36.112	-7.3194	-0.71772	-1.10281006286838
35.791	-7.0583	-0.31701	0.0641988435166023
30.4	-10.876	-4.4696	-1.15291270893213
35.159	-1.6508	-5.7185	0.660979885589773
36.861	-1.5517	-4.234	-0.0519338511782257
26.877	2.3493	0.26303	-0.205870687418821
20.474	-12.495	-3.206	-1.03726619189057
27.177	-2.3797	0.14023	1.5586817320952
37.496	-2.3662	-2.2257	0.468705044085988
34.893	-8.2576	-0.2879	-0.637412296890437
26.716	-11.636	-3.9302	-0.806503003686717
34.889	-7.5416	-4.5362	-1.04224980554311
36.442	-8.308	-1.1302	-0.404283669813638
35.773	-7.8802	-0.81617	-1.1260249676984
37.317	-6.8573	-3.3818	-1.09650820788792
36.102	-3.0749	-5.1304	0.485751150960326
37.105	-2.5589	-3.5756	0.698393933934838
25.809	-11.625	-3.7767	-1.16691522976751
31.857	1.6245	-3.1076	1.06352246065606
26.788	-1.3344	0.7076	0.436065759253935
37.049	-6.6954	-1.5441	-1.645
30.72	1.4517	-0.34053	0.083762798642488
27.045	2.3681	0.63953	-0.793775215317051
20.617	-0.3175	1.6639	0.227302990328816
37.887	-5.396	-1.5637	0.198229030690517
37.858	-5.3791	-3.9756	-0.239120180396949
37.652	-4.4151	-4.0434	0.905461954351627
29.685	-10.994	-2.7076	-0.0707746157710679
33.751	-10.254	-2.9882	-1.17584248622334
33.908	-0.57427	-1.1263	1.55158125484929
36.426	-7.9875	-4.213	-0.896526333243759
33.919	-7.0507	-5.0645	-0.14776736138422
37.54	-3.8517	-4.3804	1.645
35.577	-1.6453	-5.4049	1.645
38.032	-3.8433	-2.5224	1.13556351757116
26.259	-0.18253	-7.0548	1.45121127054788
35.993	-7.0808	-1.3785	1.15959604409786
34.187	-1.4715	-5.6999	1.32033490477356
38.371	-4.863	-2.051	0.826954988884588
36.918	-7.5758	-1.5006	-0.655955077244148
36.473	-1.6404	-4.767	0.217562570398067
28.657	-0.49517	-6.6234	0.840429234635037
36.394	-7.593	-0.62675	-1.645
36.478	-7.1979	-2.0881	-1.24509538413333
35.184	-9.2901	-3.1965	-0.523499394884662
33.753	-9.4761	-3.5559	-0.529246919278252
38.074	-4.3028	-2.4632	0.704134691551689
36.292	-2.6554	-4.4174	0.987347835667101
37.272	-6.8375	-1.1314	-1.20522387618614
33.715	-9.6432	-2.123	-0.269537771317295
35.237	-0.69076	-4.8874	1.35509857317157
24.414	-12.142	-3.2013	-1.645
37.569	-6.5148	-1.4642	0.996730141535824
36.96	-6.9343	-1.0159	-1.645
37.294	-1.9809	-3.4145	-0.410458254239128
37.737	-6.611	-1.2513	-0.540882715192102
37.08	-2.6979	-1.4846	0.788997004253367
37.508	-7.0244	-1.8393	-0.158071684639316
37.038	-4.3294	-1.0892	1.645
34.492	-7.3364	0.24994	-0.877979490391059
27.619	-11.723	-3.0238	-1.0132032507417
37.109	-7.0105	-0.90472	-0.325815474674623
33.954	-0.85081	-5.874	0.229283181021089
25.499	-1.9116	0.89186	-0.0990685557110034
33.203	-10.02	-3.7952	-0.415146765419124
36.949	-4.5689	-2.2549	1.645
38.43	-6.1105	-2.4777	-0.204080168300396
36.281	-7.2612	-1.4428	-1.12813592319831
36.205	-2.6511	-0.80731	0.236047726597444
31.294	-7.8077	-4.7166	-1.37941750878382
28.036	-0.32208	-6.6729	1.56716906876733
37.033	-2.5461	-1.0928	0.494494178487281
33.627	-10.262	-3.7998	-0.760787613696997
28.89	2.0927	-0.92713	-0.937437887901077
36.811	-6.4165	0.35144	-0.508712426932951
37.011	-5.9559	-0.4383	-0.69966702466387
38.201	-3.9247	-2.182	1.31383593622344
36.854	-3.5895	-4.6313	1.645
37.373	-6.9962	-0.69014	-0.400257567518224
38.149	-5.5533	-1.2842	0.545745583028243
36.144	-2.2189	-1.1147	0.864972206886543
35.14	-0.37334	-2.7565	0.0905463286308292
36.902	-7.0363	-0.65284	-1.46913962650492
36.446	-6.3734	-4.8093	-0.131337924138091
36.044	-8.7182	-2.4083	-0.134460090353798
34.719	-9.8405	-3.3063	-0.603282478716113
36.437	-3.6993	-4.3082	1.645
34.532	-1.6199	-5.9276	1.03436605172086
24.371	-1.4143	1.2245	-0.634822784381891
27.162	-11.286	-4.1317	-1.645
35.233	-8.8871	-3.1131	-0.423124977953465
34.886	-6.2481	-5.5571	-0.321823359776676
34.45	-9.2067	-3.1109	-0.926506161136193
35.822	-6.391	-2.1782	-0.561966092654322
35.733	-1.9219	-0.14499	0.207233565701113
35.874	-8.6177	-1.8043	0.700188453562568
34.192	-8.3314	-3.5638	-1.33280127522699
37.948	-6.3604	-1.6608	-0.345914147545724
35.228	-8.4952	-3.2171	0.428614940823571
34.806	-6.9562	-0.62806	-0.118609296676315
26.345	-1.1055	0.5634	0.023278903966353
25.296	-0.72466	1.6146	-1.20147171280992
37.422	-3.4628	-2.3274	0.34635478199937
28.048	-11.488	-4.1721	-0.793629360903602
37.105	-3.6061	-4.5524	0.887538147083972
36.419	-6.6899	-0.5559	-0.437595828662435
35.34	-2.5809	-4.242	0.73496048772551
33.407	-9.7397	-3.9947	-0.521233965656737
32.896	-9.6574	-3.1526	-0.378823206015809
36.359	-7.4549	-1.0004	-0.970974875799863
35.12	-1.2742	-2.8903	-0.73928316243275
37.498	-3.5547	-4.4466	0.683535743114769
36.054	-7.6498	-0.76852	-0.759526018356008
37.167	-6.6659	-1.13	-0.0780724994830631
37.129	-4.2692	-2.0975	0.777853517731103
36.978	-1.6567	-1.9199	1.32964133368161
29.606	1.5715	-0.54431	-0.443189219461534
33.643	-1.3637	-2.5897	0.329738893671841
34.789	-7.3388	-0.54573	-0.222312907601351
28.725	1.7036	-0.72164	-0.336961805915769
24.712	2.8802	0.58317	0.280146590620128
36.593	-5.8661	-0.6886	-0.829573177468419
36.284	-1.8405	-5.0251	0.257331564950263
29.893	-1.3723	-6.5831	0.9470380247787
36.546	-7.4554	-1.1895	0.832772086937973
35.946	-6.5489	-1.2203	-0.705516064073885
36.537	-6.8783	-1.0337	-0.893239554012418
20.317	-12.541	-3.2969	-0.935244588437653
34.361	-1.276	-5.9627	0.760155616352509
37.923	-3.705	-3.5402	1.01517187491231
37.259	-3.0075	-4.4835	0.954584334672983
37.096	-3.0514	-4.6541	0.363980497578499
34.849	-9.695	-3.414	0.160652398168374
38.398	-5.8134	-1.1318	-0.375057813693162
24.003	0.13853	1.4663	-0.769906045323518
37.122	-3.4666	-4.8168	1.645
36.732	-7.2218	-0.73825	-0.852419848150026
33.778	-8.1256	-0.58235	-0.31216671387644
31.849	-10.422	-3.1593	-0.894726035061804
37.14	-3.9296	-2.3872	1.03200975246838
36.72	-6.1892	-0.64828	-0.647998032280281
36.229	-7.0194	-0.57746	-0.0460630197060027
31.782	-10.612	-2.5976	-0.612115155207864
33.339	-3.0923	-1.8954	0.792976657034536
31.845	1.0033	-1.1008	0.254518761781343
34.623	-7.9058	-0.21977	-0.609968916172046
36.82	-6.9642	-1.231	-1.43391529836017
38.141	-4.2786	-2.7783	1.645
36.231	-6.2373	-5.1256	0.21595364149034
36.289	-2.5821	-5.4333	-0.134571111600492
37.38	-3.0814	-1.6637	0.280720974752142
35.425	-1.3523	-5.359	1.645
35.754	-8.7903	-3.0805	-0.877516096022289
36.588	-2.8971	-0.65573	0.533891708262042
28.461	0.98628	0.17033	-0.33428108431457
36.185	-1.9151	-5.1717	0.758601955899451
36.577	-3.213	-5.146	1.645
36.786	-8.3038	-2.0017	-1.54393654466364
37.997	-4.8692	-1.9471	-0.0536227224181552
37.103	-6.7509	-1.4273	-1.22096548260819
38.09	-4.6696	-3.7878	0.106984272706226
25.277	-1.3055	1.488	-0.369664369870672
36.099	-2.2894	-4.5739	0.202328271184034
31.698	-1.481	-6.3148	1.645
37.265	-6.8089	-1.3866	-1.15432979557326
32.951	-2.1329	0.73755	1.54878506716279
35.127	-9.5065	-3.6642	0.869954426291333
36.16	-6.4134	-0.87063	0.475507529990841
37.729	-4.9993	-4.3855	0.29030936165967
32.13	-10.432	-3.3767	-1.16755941733245
37.573	-3.3045	-2.1576	-0.871549067515705
37.755	-3.5724	-3.9847	1.0713158728575
37.348	-6.6439	-1.5268	-0.99641709240707
37.925	-7.2268	-2.1791	-1.02204387639437
36.177	-1.8567	-5.0243	-0.806906705153874
37.795	-6.7263	-1.3088	0.0849012357260217
31.65	0.84958	-1.5053	0.398974084129346
36.07	-7.6448	-1.1824	1.645
22.184	-12.39	-2.6067	-0.238504856896461
30.247	-10.532	-3.9948	-0.421527910681183
37.393	-6.592	-1.4972	-1.03670739483206
37.554	-2.4907	-3.7862	1.645
37.201	-7.6178	-1.6684	-1.51341470146187
30.283	-1.7556	-6.5862	-0.715589772128088
25.356	-12.145	-2.9767	-1.04396534081574
35.172	-5.0249	-0.59907	-1.22123311384919
37.305	-7.1596	-1.4898	0.146226116735735
35.947	-3.498	-4.6138	0.424243306920189
33.207	-10.28	-2.8261	-0.843977022811358
28.016	2.2856	-0.45016	-1.11169055790426
22.195	-0.52443	1.9394	-0.35432370241653
35.802	-9.2502	-3.1529	0.0279292332974302
36.956	-7.4289	-1.0991	-1.55419173590171
38.171	-4.4907	-2.327	1.05958636204872
36.092	-7.0394	-3.7643	-0.691278234343175
26.98	-11.301	-3.1408	-0.451700569445551
35.669	-5.378	-5.4118	0.44267184476912
34.864	-0.4048	-2.0771	-0.800451866643648
36.613	-7.0288	-0.34779	0.170935094042308
31.329	-9.8618	-4.0712	-0.452377767337028
36.769	-3.844	-5.1959	1.05108211859293
30.827	-10.451	-4.0079	-0.544764675906318
37.061	-7.7577	-3.156	-1.54211062051218
34.483	-1.1037	-5.7561	0.234406991614573
35.73	-7.9709	-0.66978	0.159481447691539
26.612	-11.577	-3.6266	-1.08070612630335
36.745	-7.1831	-2.3689	-0.0940090467162191
31.359	1.2267	-0.79001	-0.222875748890411
34.084	-5.1555	-0.37926	-0.656769977131067
38.29	-5.6387	-2.4153	0.648608301442422
22.106	0.18732	1.8667	-0.569709875902206
35.735	-6.692	-0.29731	-0.030110859163081
17.095	-12.321	-2.8753	0.561122949496613
36.501	-6.4825	-0.69156	-0.939608892269606
26.577	2.4753	-0.54886	-0.208641111135107
37.219	-2.0424	-2.5208	0.583690819437142
36.172	-0.92643	-4.2247	-1.15517324747438
37.095	-4.2397	-4.9509	1.49960057368355
33.674	-1.1195	0.1615	1.44964617188934
36.517	-7.0275	-0.29672	-0.985852909040751
31.972	-10.291	-4.3015	-0.373628479515675
37.138	-4.5323	-4.5154	1.645
32.883	-8.6579	-4.8132	-1.31916885342706
33.946	0.48495	-2.0193	0.729514313222003
33.226	-8.1007	-3.0252	-0.257362217802535
36.037	-8.4397	-2.6454	-0.412986874278559
32.196	-1.6907	0.61627	0.504853598825393
27.763	-0.19828	-6.7383	0.976435482000779
36.339	-6.8364	-0.98471	1.04380969556031
32.65	-0.74971	-6.2361	1.645
36.261	-2.6379	-4.6789	0.746918416415343
35.636	-9.2272	-3.3149	-1.05745460789385
37.07	-2.1273	-3.4271	1.15665679245804
36.04	-8.1498	-3.5092	-0.390328817078118
37.255	-6.7602	-0.97143	-0.92082086871547
33.652	-9.6058	-2.9365	-0.271555077079213
35.983	-8.1255	-2.4158	0.300190651350284
34.944	-8.9841	-4.1297	-1.320613251086
33.04	0.80558	-4.2231	0.548914773391474
37.059	-7.1464	-0.47755	-0.959073383292545
35.629	-9.285	-3.1762	-0.434338769560568
37.101	-2.5892	-4.5559	1.645
33.365	0.518	-1.5642	0.425131619603719
37.799	-3.4383	-3.9197	-0.10430829410606
37.502	-6.2755	-1.1577	-0.570605242067717
37.352	-7.3788	-1.6396	-0.634713472823672
34.537	-0.89781	-0.21511	0.450315587193248
34.933	-9.2861	-1.8374	0.718715030325439
34.882	-6.9392	-0.59267	-0.144521731035625
28.051	-11.463	-3.9954	-0.411860615585203
38.583	-5.346	-2.3082	-0.171403406539644
35.765	-2.3939	-5.2168	1.02993543494507
35.587	-2.51	-0.4416	0.306554346051851
37.18	-7.2877	-2.0295	-1.645
36.955	-6.6936	-0.62468	-1.645
33.145	0.72644	-3.0346	1.42932556582321
36.358	-1.9963	-3.3979	0.439055315038209
35.264	-7.1588	-0.50919	-0.788476028579274
34.658	-0.62976	-5.3143	0.273641556397082
36.36	-2.2355	-0.98092	0.255466578401729
36.834	-7.6649	-2.6837	-0.713172302684054
21.132	-1.0722	1.3773	0.546178949027896
13.152	-11.939	-3.2046	-0.446215742458071
36.426	-6.7145	-0.56541	-0.541476000496264
36.807	-6.8513	-1.4331	-1.645
36.444	-7.3508	-0.80357	-0.649707597898406
35.638	-1.1759	-3.9446	0.410135084584967
27.737	-11.284	-3.2202	-0.887315472885095
36.113	-7.5229	-1.1566	-0.59502314103887
34.689	-0.28268	-3.6521	0.797842681937697
37.379	-3.6702	-0.92475	0.267176916735213
38.099	-4.1749	-2.0066	1.645
38.276	-3.9029	-2.2387	1.22378226524238
35.502	-5.9782	-1.6541	-1.54684263877287
36.584	-6.9242	-0.77023	-0.38028786015042
35.672	-1.7917	-5.3377	1.49398781856975
36.752	-3.5477	-2.6273	1.45690959317101
34.205	-9.6351	-2.6179	0.308596428320851
36.673	-7.7313	-1.7312	-1.645
34.93	-7.4385	0.28604	-0.237307442907164
36.492	-7.1408	-1.0361	-0.890908680715844
37.788	-4.174	-1.7582	1.2665447110524
36.965	-3.0487	-1.9398	1.645
38.23	-4.9132	-3.4835	1.14095928579062
36.663	-3.1631	-0.3802	0.33009584875366
33.099	0.055081	-5.2592	0.252575378014391
31.239	-10.563	-3.4322	-0.521331285321742
35.881	-1.4853	-5.1216	0.552141155407673
33.57	-8.7984	-2.8098	-0.472338893504952
37.128	-7.3755	-1.516	-1.645
33.552	-9.7298	-1.7604	0.835427134633817
35.169	-9.4052	-2.0994	1.11720212497741
33.728	-7.5046	-4.2941	-1.28449213778184
31.148	1.1191	-1.7657	0.0460011868472598
36.1	-5.7452	-0.9397	-1.645
14.2	-12.25	-2.7913	-0.820153762025189
33.449	-0.70302	-0.86649	0.911859152823297
36.735	-2.0513	-4.5974	0.649860687066975
37.97	-6.9158	-1.8538	0.876338551549721
37.271	-6.6982	-1.6293	-0.861598925263705
36.379	-3.7123	-1.4074	1.64487151952259
24.282	-11.844	-3.4144	-1.28707967174116
36.613	-3.0796	-0.94265	1.4333298292929
35.771	-6.6465	-1.0204	-0.103030908013419
29.6	1.593	-1.8446	-0.503413325085392
37.883	-2.6633	-2.9858	0.543344855041264
31.258	-10.897	-3.3516	-0.816189128322423
28.835	-0.9672	-6.622	-0.537732938669112
26.632	-11.363	-3.9523	-1.00197055439449
34.045	-9.3825	-2.7884	-0.904518738584378
36.668	-5.7643	-0.36006	-0.989980875311431
33.156	0.051677	-0.95287	0.656176735355627
33.764	-0.71277	-5.7633	0.84553621082515
35.295	-7.3557	-2.6164	0.912955807100558
34.803	-7.3818	-0.18694	0.211678931649144
34.462	-9.6263	-2.7398	0.584673763400707
35.186	-7.3743	-0.73991	-0.465020779531379
36.568	-6.7341	-0.43936	-0.971169425773758
37.311	-7.1319	-2.484	-0.783917048895664
24.603	3.0977	0.72789	-0.0472974759343966
30.903	0.73487	-0.78254	-1.21906437063932
36.998	-6.8792	-0.55387	-0.943168909884882
33.493	-0.10664	-5.5756	0.409496175690527
38.411	-5.9434	-2.5654	0.178775657643337
23.875	-11.581	-3.7265	-1.00198896082485
31.882	0.099737	0.85538	0.393789516662812
31.935	-9.6442	-3.1092	-0.34335186248721
26.959	-11.641	-3.4896	-0.93688659289674
27.536	2.4938	-0.31686	-0.583798820122416
37.244	-6.5933	-1.2809	-1.50402613815753
29.127	1.8274	-0.60295	0.0101289691091515
37.126	-1.7498	-4.0023	0.536691426004368
37.964	-6.7002	-1.5893	0.225600292100207
29.648	-0.84476	0.71673	0.0251673691296264
37.316	-6.1483	-0.43037	-1.40381985021179
37.077	-7.9142	-1.4075	-1.25901436343322
33.288	-0.28058	-5.9272	1.4279313677787
35.647	-8.0758	-4.3618	-1.03920283365576
36.307	-7.1819	-0.72469	1.088703099621
37.012	-7.3768	-2.6185	-0.790757787123879
29.6	-10.915	-3.8914	-0.0552946075303872
37.241	-3.7254	-1.2785	1.42380007037604
36.381	-6.3235	-0.97449	-1.38056694426403
38.228	-5.9979	-2.4075	-0.444437956237135
29.683	2.3099	-1.5653	-0.736759988122818
36.092	-3.3609	-0.37577	0.200359400283845
36.459	-2.2777	-4.9212	0.0926508653346997
26.628	-11.465	-3.5706	-0.850205744229238
37.597	-4.7139	-4.268	0.852924937829572
37.638	-2.9456	-1.7393	1.15916772163322
36.825	-5.2081	-2.5948	-0.708302018451266
37.001	-3.1956	-1.9825	0.945551472657394
35.376	-7.6203	-0.86273	0.0334378280659298
29.737	-10.997	-3.7093	-0.325272237854508
36.646	-6.9621	-4.4572	0.855511180798382
35.599	-6.7579	-0.15719	-1.47512103168014
31.82	-1.1205	-6.6025	0.912900179559609
36.406	-3.0178	-1.5552	1.645
33.897	-9.3231	-3.4479	-0.665955943717089
32.105	-1.7627	-0.10838	0.587376058365574
36.277	-7.249	-0.71106	1.00953170071081
36.737	-5.862	-0.77037	-0.568152982375639
36.388	-6.8777	-0.40505	0.201387658207931
37.261	-2.7718	-4.19	0.363001972659888
31.621	1.471	-2.1952	0.354337165352939
37.684	-3.9188	-3.9944	0.53608538669059
24.924	3.2424	0.63254	-0.544472840265707
35.866	-3.3966	-1.9231	-0.294490824011621
27.767	2.2237	-0.43318	-1.09444156050133
35.011	-9.3326	-3.6961	-1.645
36.754	-3.0007	-4.6999	1.645
28.246	-11.364	-3.9274	-1.37206451262571
28.058	-0.40419	-6.5521	1.38767493915168
36.427	-6.7942	-0.72939	-0.293644558796181
38.176	-3.9397	-2.3623	-0.342249093818793
31.848	-10.514	-3.7276	-0.00322064535740052
32.421	-9.9028	-3.8736	-0.19046509172349
37.445	-4.4388	-3.7318	0.292364735918908
35.951	-1.7764	-5.2628	0.328780091526818
35.052	-2.3438	-0.25459	1.01907510151025
37.046	-6.6266	-1.4054	-0.775414126511762
35.805	-0.27107	-3.7675	0.279556644007987
37.018	-2.1404	-3.4635	-0.344762597521784
29.485	-11.04	-4.0291	-1.35775645795649
34.963	-0.91573	-4.2992	-0.816628613213273
35	-8.9277	-3.0689	-0.017406755707481
37.03	-6.9054	-0.89318	-0.555221289370254
36.998	-6.6701	-0.68066	-0.216482179068853
28.959	-10.732	-3.9835	-0.772434279852917
28.796	2.6423	-1.0447	-0.452452557880904
35.607	-1.8209	-5.5017	1.645
29.049	2.1374	-1.2587	-1.40346336508058
36.564	-7.3469	-0.8169	-1.29590383267653
37.58	-5.6603	-2.0723	-0.428080704399456
31.865	0.77388	-1.3397	-0.617575453275136
29.143	-1.0016	-6.5471	-0.303800067156691
27.258	0.22043	-6.3336	1.645
35.159	-8.7272	-4.1003	-1.47089295631748
35.815	-7.8946	-0.37288	-1.08364720681239
37.493	-3.1652	-4.0554	0.677085534000073
36.963	-3.5361	-2.5995	1.21589007757808
37.393	-5.8686	-0.98026	-0.987589207953827
37.813	-3.2192	-2.0258	0.638719061870812
37.005	-7.4155	-1.2923	-1.5232483439628
36.678	-7.6703	-1.4146	-0.664360155432895
36.409	-6.576	-1.957	-1.54713093670985
36.077	-2.6253	-4.9514	1.00837107565467
36.243	-3.5794	-0.21717	1.04433783982391
36.026	-6.626	-0.1023	0.0183199640533758
36.241	-3.1487	-1.2023	0.570963399673944
26.151	2.5267	-0.32816	-0.0293809127908712
37.961	-4.5137	-3.6152	0.495959523169005
34.751	-2.076	-4.7894	0.936564532881341
35.408	-1.3801	-5.2085	1.50966856730388
31.983	-8.192	0.43924	-0.833154645828697
37.348	-4.3808	-3.4643	1.645
25.224	-11.867	-3.7074	-0.709375598313573
29.185	-1.0694	-6.7569	-0.486650996346178
34.119	-1.5572	-3.3554	0.336490760818928
35.665	-1.1446	-3.4708	-0.366627666572183
37.853	-6.0901	-2.2477	-0.900155802803176
36.103	-2.9022	-4.7952	0.18014062344712
36.835	-3.5596	-0.94827	0.858730876596602
36.17	-7.445	-0.85062	-0.98578916087814
26.906	2.3831	-0.26394	-0.656208706506819
36.06	-7.5642	-0.4854	-1.42779799183083
37.14	-4.964	-4.1295	0.885450532998809
36.254	-2.536	-4.605	1.645
37.401	-2.788	-4.0256	-0.342196211239168
36.424	-7.281	-0.91605	-0.244285216032427
35.811	-7.1054	-0.26252	-0.749427249702942
35.131	-7.9391	-1.5386	0.0642840782466236
36.196	-2.2167	-5.2777	-0.287046089397256
35.143	-3.4181	-0.3143	0.909788323293033
35.111	-2.7285	-5.6907	1.645
38.008	-3.2008	-3.5752	0.115888857466467
35.136	-0.6424	-1.0237	-1.26022163732577
35.689	-6.7757	-2.8578	0.440046560002692
29.713	-1.3836	0.57155	0.270653445009552
30.906	-10.083	-3.4443	-0.413364308822062
34.883	-4.4287	-1.5223	0.025443566501863
38.086	-4.8205	-3.8928	-0.243079655325837
37.501	-3.63	-3.2459	1.36249372011066
35.843	-6.6108	-1.5401	-1.61717204916464
31.505	-10.677	-3.5357	0.209718696638783
37.16	-6.6232	-0.7396	-1.19176239860881
36.42	-7.2465	-0.79641	-0.213328304352419
31.917	-9.7447	-4.6294	-0.781514843666828
37.031	-6.9763	-1.0374	-1.645
38.265	-5.2641	-1.6418	0.560969049825206
37.023	-7.7618	-3.0738	-0.658163298051357
35.848	-8.0086	-0.74692	-1.01643859635289
37.359	-3.4721	-4.3656	1.1496058018096
37.919	-4.1884	-3.3612	1.645
31.151	-10.386	-3.707	-0.498729383514825
37.056	-2.086	-4.1943	0.247301667937404
38.006	-4.5622	-1.6132	1.25388318141117
36.625	-3.1859	-5.035	1.645
22.994	0.17768	1.5887	0.919064982165563
37.974	-3.5713	-2.2629	1.45564984059818
35.991	-7.1105	-0.27884	-0.108392041782414
34.046	-7.7115	-0.99998	-0.491063201363982
28.049	-10.987	-4.007	-1.0691990973673
24.626	2.8702	0.65734	-0.130797466708077
35.883	-6.8386	-4.8344	-0.403513927416954
36.537	-6.301	-1.1695	0.711280097680892
36.684	-6.916	-0.54257	0.478235605810533
36.131	-6.7703	-0.6249	-0.691629014437239
36.721	-7.1728	-1.6014	-0.654588673633957
36.291	-3.2826	-5.4975	0.988487656591415
37.998	-6.5588	-1.1578	-0.429031821159136
37.407	-3.279	-1.2402	0.974112544060528
34.719	-0.76652	-0.38087	0.250071108005539
24.667	-11.97	-3.4268	-0.669836263537057
36.562	-7.8558	-2.4601	0.0706619398927641
34.523	-6.4037	-5.2684	0.242605032957426
36.344	-2.7243	-5.0541	0.250837789840869
28.704	-1.2358	0.73461	1.645
35.112	-8.381	-1.5627	-0.180906355536511
36.561	-8.08	-2.507	-1.23549722622216
29.101	1.8205	-1.2912	-1.645
35.878	-8.1252	-1.6888	-0.304407795773378
33.057	0.84632	-2.7147	0.276425925359092
33.546	-0.34527	-5.445	0.632036175755879
31.882	-0.57295	-5.8092	1.40866189320307
24.91	-11.954	-3.5912	-1.645
38.382	-5.4187	-2.2298	0.502900959532484
35.342	-0.84757	-4.9727	1.25955884300206
34.619	-5.6944	-5.4814	-0.503589779167503
36.436	-7.5013	-0.96146	-1.25765709701696
37.02	-3.3083	-1.0167	1.645
34.806	-8.8901	-2.973	-0.0174888840673311
34.347	-0.98887	-5.2431	-0.0647590144030153
32.922	-10.36	-3.0592	-0.940242188669144
37.436	-2.0099	-3.387	-0.293875476277097
27.802	-0.52154	-6.6001	1.645
36.324	-7.7981	-3.4379	0.711379252105436
33.436	-1.2899	-6.2745	1.0460353067761
33.177	-9.7487	-2.9992	-0.424890681913739
27.274	2.4161	-0.10539	-0.804249715151415
25.93	-1.2025	0.87789	0.55597139392493
36.272	-2.8487	-4.1937	1.03113661941413
37.157	-2.2965	-4.1908	0.673812637724603
30.682	1.0168	-1.2092	-0.990552762458523
34.541	-2.8555	-1.6681	0.410583184590327
33.291	0.40457	-1.8331	0.162050068396571
37.406	-4.0066	-3.9598	1.09832389383349
24.997	-0.66669	1.1359	-0.711599736695023
36.12	-6.4143	-1.0835	-0.717199867505109
34.659	-1.9863	-5.9829	1.57629962996565
36.488	-7.3251	-2.3262	-0.852937013134848
27.032	-11.414	-3.9168	-0.812962605170542
33.231	0.16905	-5.6528	0.866978200547335
35.542	-6.5946	-1.1652	0.148484400080074
36.53	-7.222	-1.5122	-1.02636493810413
35.769	-1.7993	-5.2612	1.10517410097227
35.546	-8.9878	-2.0374	1.138813923952
36.791	-7.3313	-1.4707	-0.00878591928235651
29.891	1.399	-0.59674	-1.39857612086663
35.835	-5.3318	-5.5868	-0.687347456425
28.257	-0.68969	-6.8239	0.161592674635413
37.377	-6.8635	-1.8859	-0.675530504686333
27.464	-11.751	-2.8039	-1.30281667291261
28.168	-0.41404	-6.7192	1.31200905810366
37.75	-4.869	-1.3026	0.579190061386023
35.944	-7.7459	-1.3209	-0.968205860206653
38.082	-5.3314	-2.1137	-0.735746161665003
33.007	0.29962	-0.29684	0.349290540132779
38.541	-5.8464	-3.3132	0.496596076684528
36.802	-7.1285	-0.91854	-0.48986988448406
37.28	-2.8613	-4.4514	-0.416601311650888
27.788	-0.7983	-6.5807	1.645
29.504	-10.993	-3.853	1.37429506046379
30.43	-10.246	-3.9492	-1.645
35.675	-7.1694	-0.86933	-0.184948962188229
37.326	-5.6839	-4.4112	1.01951920153969
36.829	-3.054	-4.6771	0.49999417990751
37.127	-7.6054	-3.972	-1.01591085013656
32.465	0.75286	-1.4389	1.645
33.046	-8.5364	-0.65937	-0.50653221224349
32.73	-10.178	-2.8586	-1.645
34.579	-9.3204	-3.3467	-0.54321560807177
33.708	-1.6614	0.33322	1.645
37.264	-6.7331	-1.3042	-0.840425102179981
33.378	-9.128	-3.986	-0.0378691531829455
36.682	-6.2436	-0.22291	-1.51822023968781
30.821	-10.162	-3.2975	-0.189918080163403
36.51	-8.369	-3.6788	-0.649164281972668
24.884	-12.03	-3.7199	-1.40529196737297
35.633	-2.7754	-0.42644	0.671739438035592
36.718	-6.6751	-0.98773	-1.09977342798704
35.556	-2.9167	-0.96308	0.13380095617687
27.416	-11.642	-3.608	-0.345357595829167
35.042	-7.5012	-4.9165	-0.608784601888883
37.034	-2.7736	-2.7544	1.5871620400996
37.879	-3.3745	-3.9897	0.101271565580169
28.693	1.9418	-0.84665	-1.11809234910832
36.863	-4.6665	-0.57369	-0.0777943462052205
37.196	-2.9731	-1.8959	1.63999215706779
28.874	-11.12	-4.0281	-1.24995972238778
37.449	-6.7361	-1.3597	-1.645
35.503	-6.2815	0.51715	-0.0590849296482691
24.869	-11.715	-3.337	-0.12104151857858
37.136	-6.9179	-0.88602	-0.776874542942723
37.548	-3.7864	-2.5541	1.5607010498162
36.034	-7.4432	-0.97491	-1.12787398632148
37.937	-4.7004	-4.0766	1.0963719069586
35.013	-1.0942	-0.74452	-0.990403631942532
37.172	-5.7699	-2.3884	0.0736234674834946
37.69	-2.9721	-2.3396	0.213093533784766
36.99	-7.0988	-1.0916	-0.593517556537902
32.325	-6.7771	-5.2843	-0.281286625624703
36.596	-8.2474	-2.108	0.345298750797148
34.624	-9.1756	-3.8766	-1.35494697755196
36.626	-3.6918	-0.73483	0.819817560781967
36.301	-7.5684	-2.2311	0.890089644091657
35.615	-2.2489	-4.7724	0.720098023690492
37.742	-5.3859	-2.9074	0.62932373563925
36.329	-1.779	-4.8389	-0.0234265572737936
33.853	-7.9412	-4.2012	-0.871733700851083
36.495	-7.6701	-0.95526	-0.143402482799921
32.664	-10.854	-2.59	-1.645
34.45	-0.82641	-5.3395	-0.510855848475023
31.683	-1.2044	1.0754	1.04818504359358
36.139	-7.2369	-0.64364	-0.550160368846021
37.14	-3.0531	-2.5682	1.645
37.645	-3.0373	-2.7639	1.35554125265166
33.42	-1.847	-0.09335	1.3864285043051
25.808	2.4843	0.20229	0.252863270520867
36.558	-3.477	-0.7264	0.790013625364867
37.076	-2.1343	-2.4981	0.812478730642381
37.295	-3.7665	-1.2328	1.645
36.868	-7.3659	-3.4925	1.52507781597727
25.14	-11.017	-4.1427	-1.08586593760421
37.662	-2.5526	-3.9957	0.0436220484677303
37.251	-3.3098	-4.4526	-0.398821893996601
38.169	-4.0381	-2.3338	0.289929238565166
32.388	-10.109	-3.1943	-1.5899865920853
34.469	-3.1586	0.16337	1.24225560027756
36.915	-7.9132	-1.4713	-1.63942756592636
28.759	-11.084	-4.2342	-0.646701807185361
29.454	-1.0348	-6.7118	1.42933647642313
36.981	-6.4968	-1.3048	-1.36254592272135
23.9	3.4724	0.17699	-0.417520701698566
36.503	-3.0435	-4.7703	0.730554668327562
31.809	-9.8667	-4.0254	-0.596714073467928
36.414	-2.6558	-5.1461	-0.0156635649145338
37.586	-5.8647	-1.1041	0.490768179905069
35.487	-7.1229	-0.32773	-0.709670232812687
27.695	2.5926	-0.75992	-1.21373444059639
36.496	-7.1131	-0.84695	-0.709353258164146
36.57	-1.9504	-4.6956	1.50877496495207
37.89	-3.3009	-2.8666	0.365055874349213
35.773	-3.3263	-5.1052	0.747054508590722
36.89	-5.1349	-4.9182	1.645
36.339	-7.668	-3.0652	-1.645
37.425	-4.7946	-3.5831	1.27429085172485
36.89	-7.2192	-1.1222	-1.14720913934768
36.973	-4.4217	-0.99545	0.194240456410088
18.117	-12.427	-2.7497	-0.0488097027395737
28.914	1.9943	-0.15523	-1.17339646556787
35.884	-6.3224	-0.51641	-0.74501584261524
22.895	-11.764	-3.655	-0.16741085591722
29.674	1.9213	-1.1953	-1.22612120656865
34.349	-1.3018	-5.8695	0.475240286150072
33.373	-6.1595	-5.613	0.114943349823774
36.107	-8.3833	-3.8955	-1.43606906231752
33.708	-6.1344	-5.2625	0.203513137675148
25.941	-0.49807	1.7601	-0.396642533987552
24.148	-11.976	-3.5319	-1.25533897401967
35.762	-2.4738	-4.9674	-0.328948666800445
34.387	-0.70831	-5.5504	0.661688045240659
37.663	-3.1052	-2.6371	1.44423782601576
37.474	-3.0541	-2.0965	1.3963139857774
33.383	-10.034	-3.4276	-0.557640830047989
28.812	1.5111	-0.18542	-0.192164819184328
36.922	-5.6457	-4.9601	-0.312517055303221
37.488	-6.6095	-1.1444	-0.291717698917083
28.073	-11.668	-3.1194	-0.951551928928458
36.91	-3.242	-1.1441	1.5417008778162
36.175	-7.537	-1.5303	0.0193828666970795
36.358	-0.97953	-2.8211	-1.645
36.017	-3.9337	-0.15164	0.996214060799292
38.576	-4.8825	-2.3728	-0.152205944501102
37.872	-5.7018	-1.026	0.55052267382879
36.697	-2.4607	-4.6981	1.31071404987453
36.349	-7.9935	-1.5244	-0.13388081093917
37.175	-3.326	-4.0231	-0.0728108265876379
36.928	-3.1836	-4.6119	0.677120919378037
37.756	-7.1614	-3.4233	-0.0969971121478236
37.301	-2.9975	-4.1287	0.45908213025279
30.193	1.1488	-0.66419	-0.552904230235238
28.46	2.2846	-2.1237	-0.613014728897956
24.401	-1.0807	0.94528	-0.458029953567315
27.402	2.3625	-0.79184	-1.45500395310387
37.872	-6.6212	-3.506	-0.153206353648752
29.53	-11.489	-3.1516	-0.474545377233279
27.857	-1.7479	0.28644	0.520218436280298
35.484	-8.9282	-1.9391	0.634871791189762
27.673	-11.413	-4.0307	-1.57333364006408
36.204	-0.51726	-2.602	-0.926052530948485
28.13	-0.42296	-6.6429	0.965371144654449
29.047	-11.285	-3.5116	-0.437500519251544
37.948	-3.335	-3.8358	0.0444886864955862
36.671	-6.1766	-4.2952	-1.28909305764978
36.841	-6.0594	-5.141	-0.00526997686520928
36.965	-4.6772	-4.0313	1.2056990808817
36.056	-7.7506	-4.4819	-0.197244157797327
33.524	-0.99915	-6.1235	0.552004772691915
35.209	-2.4738	-5.3197	1.645
27.447	-11.476	-3.9333	-0.386485732314546
36.676	-4.9225	-0.54227	-0.392954537435556
36.187	-1.3059	-1.2429	-0.140956730859773
29.373	-1.8565	0.38733	1.32234054527475
29.141	-10.738	-4.3405	-1.32370228756167
37.819	-3.8939	-4.081	0.723375823170017
35.461	-6.7856	0.21	-0.418293857777679
33.537	-8.6364	-4.1537	-0.433561953698037
35.576	-2.7145	-1.1661	0.0594378329975383
36.729	-7.5145	-3.1312	-0.773953161168089
36.088	-6.6977	-0.52185	0.930514910716533
32.739	0.91199	-2.6954	0.14902465822512
37.836	-4.3579	-3.3202	1.645
36.018	-6.3323	-1.1371	-1.645
37.469	-3.0494	-4.2007	0.5129643356568
35.606	-2.0846	-5.5897	0.828263924723015
35.933	-6.8829	-0.44488	-0.633887070227932
35.493	-9.2462	-3.3582	-1.30107162837732
37.53	-4.251	-3.1865	1.645
30.092	-11.065	-3.1338	-0.899604536250925
32.99	-8.9546	-0.21807	-0.351341601930236
37.519	-7.3869	-2.6661	-1.39202741889344
37.079	-6.2808	-0.77346	-0.950081025041704
36.022	-6.828	-0.57731	0.348008198984457
37.918	-7.0786	-3.0856	-0.4654223610941
28.343	-11.733	-3.5872	-1.645
37.494	-5.8069	-1.0089	-0.480246258654624
34.273	-0.69818	-5.6839	0.359496154872319
26.188	-1.2389	0.73822	-0.0643834886986512
29.477	-10.678	-4.2809	-1.38924643680617
29.977	-11.456	-3.3584	-0.515040320141496
36.939	-3.7073	-4.6069	1.645
37.59	-3.4846	-3.6459	0.43799323441563
28.11	-1.8263	0.47221	1.44219247421687
35.99	-2.0913	-5.2288	1.02356348994899
31.074	0.26967	-6.3372	1.645
37.27	-6.4269	-1.0324	-0.310112416621143
34.091	-7.9047	-4.067	-0.544147701868182
36.52	-7.3394	-3.0192	-0.361101197928518
37.4	-6.6576	-3.761	-1.08232979539386
29.113	-0.98121	-6.9442	-0.613218610750772
37.029	-4.7412	-3.0954	0.832058192683743
33.037	0.75239	-2.4438	0.594675487347168
22.655	-11.631	-3.7513	0.221332630768517
37.766	-3.2181	-1.9562	0.518097673815574
37.838	-3.7151	-3.567	-0.416942246323864
37.285	-3.4399	-4.4883	1.04067536036732
27.184	-1.4529	0.40133	0.349294769857387
38.26	-5.4613	-2.6107	0.390740454030724
35.989	-1.6761	-5.1643	1.645
37.247	-5.6924	-4.4819	-0.0758309589877376
34.351	-9.3416	-4.3517	-0.642162344069125
32.942	-10.187	-3.8424	-0.43837165689366
36.258	-3.1272	-2.1291	1.645
37.522	-6.8014	-1.605	-1.645
34.875	-7.5634	-0.67985	-0.664174882554657
36.805	-6.8704	-0.46855	-1.22281730201861
36.438	-5.6209	-1.0791	-0.336189805791789
36.039	-7.5015	-0.37316	-1.15813721101498
35.992	-6.343	-0.027214	-1.22076660709857
38.018	-4.0021	-3.4175	0.928083203467206
36.085	-8.2433	-1.0166	-0.259947681770748
38.197	-3.1683	-2.8039	0.424933515324892
37.221	-6.2661	-0.70586	-1.16487553089707
24.495	-0.80438	1.506	-0.824781787253411
19.894	-12.408	-3.0023	-1.05297210616059
32.857	-1.747	1.0811	1.07634918502825
38.182	-4.7359	-4.0348	1.21289359836137
32.564	-8.7826	-4.3392	-0.298737619331131
33.424	-10.297	-2.9498	-1.35881763940014
37.001	-1.8216	-3.9956	1.24380336842686
32.612	-9.982	-3.3678	-0.799318750962923
26.104	2.9775	0.38525	-0.193802313398914
35.856	-6.2175	-4.9262	0.25629378829433
34.29	-0.70505	-5.4116	-0.0233354566477613
35.119	-8.7121	-3.9509	-1.57389113375234
32.294	1.3388	-1.5872	1.08711914791955
26.933	2.2884	0.38868	-0.227437723937737
27.989	0.13398	0.8053	1.42004347862173
37.348	-6.549	-3.1685	-0.608766944841693
34.481	-0.83471	-4.8208	0.0562494951074801
36.976	-6.7599	-1.9741	-1.07868107664866
36.879	-7.3031	-1.1171	-0.985313296412185
37.988	-3.183	-3.7179	-0.380900003118566
37.929	-6.679	-1.6821	-0.898230658009242
35.328	-8.9384	-1.7754	-0.43525779540004
34.271	-9.6149	-3.6763	-0.470078334403288
33.023	-9.9253	-4.2566	-0.436170081269372
36.927	-6.6277	-0.54409	-0.910692906557201
37.587	-7.0356	-2.9008	-1.08159426625761
36.719	-7.5573	-3.667	-1.21179890203471
37.13	-6.6506	-0.87502	-1.25794153225553
33.331	-10.091	-3.2853	-0.955334155533017
36.513	-6.807	-1.1852	-1.44350853795727
28.452	-0.64826	-6.6807	1.05164614831578
35.608	-8.7425	-3.6319	-1.25815159853965
36.084	-6.9266	-1.1155	0.554514549908797
34.803	-1.1978	-5.5854	0.0891030992099704
30.623	-10.628	-2.3359	-0.792550624128481
34.746	-0.83355	-5.3832	0.428644495497053
37.674	-6.0117	-3.9316	-0.727165186071652
35.239	-7.2057	-0.80222	-0.547171126977308
30.909	-10.532	-3.6165	0.509653597467246
34.081	-0.19025	-0.19369	0.141098720549191
36.16	-6.2388	-4.6065	-0.634319490173663
34.061	-9.7107	-2.6267	-0.476732341063626
28.401	-0.6673	-6.6758	0.385201978693109
34.108	-1.3907	0.43458	1.5088047780574
36.911	-4.0324	-0.88935	1.31848204181675
36.133	-7.4211	-1.9201	-0.212125232788438
35.653	-7.9359	-0.91161	0.319069824073894
27.563	-1.7829	0.9933	-0.0768097039442061
35.686	-6.1698	-4.8122	-0.407816392427844
35.599	-6.05	-5.0311	0.113049313808497
33.647	-9.5361	-2.9473	0.126496209465295
37.439	-7.1052	-1.3532	0.235880039397016
23.069	-0.86413	1.3787	-0.959798348751992
37.717	-5.9636	-3.8253	-1.52538779381469
37.26	-1.8777	-3.7953	-0.994918960321307
37.331	-2.3602	-3.1346	1.40550363005424
29.747	1.7848	-0.64182	-0.736918272676739
31.26	-1.5383	-6.2118	0.677733637528387
28.79	-0.60836	-6.4231	0.775444252320854
28.577	-1.9917	0.59004	0.526491403651823
36.944	-6.5048	0.15745	-0.841274014171858
27.399	1.8644	0.060854	-0.601737557401068
34.571	-8.8569	-2.5749	-0.406480452737592
37.024	-6.2246	-3.3113	0.733438881227703
37.905	-5.2701	-3.6581	0.369003091467101
37.467	-3.1874	-2.2578	1.645
35.937	-7.7764	-1.2843	-0.450334581078777
37.269	-6.4643	-1.3187	-0.970242236558649
35.22	-2.8647	-5.4605	0.483566197827612
36.327	-3.639	-5.216	1.62475160210267
37.298	-5.8161	-0.65225	-1.28017712537909
37.658	-4.6228	-3.5033	1.645
33.532	-9.5404	-3.8361	-0.685393480464345
38.11	-4.4154	-1.7878	-0.524826773720516
33.965	0.34185	-2.8306	0.636699717570306
18.681	-11.853	-3.5342	0.0238007265523873
37.578	-6.9156	-1.9975	-0.124751805126266
22.178	3.5218	0.97528	0.812774194855281
34.324	-1.491	-0.028499	1.35796215938913
27.877	-10.224	-4.2064	-0.659576368624642
35.796	-7.3764	-0.93857	0.320252200864421
36.21	-7.1793	-0.91817	-0.551256561788447
33.756	0.78472	-3.7174	1.4297161721069
34.832	-1.3266	-5.3939	1.58801022252162
36.693	-6.5135	-1.0092	-0.858875389181257
37.262	-3.681	-4.3805	1.61224737051757
37.664	-2.5775	-2.7475	0.095109370058717
33.114	-0.44001	-5.9828	1.3486475996713
35.83	-8.0329	-0.94709	-0.980713037550557
37.168	-2.8936	-4.4433	0.635307355370013
37.252	-3.2123	-4.5515	-0.838501808147076
37.485	-6.3438	-1.5371	-0.968651217978093
36.79	-1.1179	-1.9369	-0.258551495834769
36.986	-3.4192	-4.8641	1.5427875755997
28.187	-2.0153	0.64751	1.645
36.115	-2.5821	-0.79798	0.0764049476767092
32.441	-8.4786	-4.6004	-0.363396556863234
32.516	-10.186	-4.2238	-0.0159581195479113
34.865	-8.7229	-3.4379	-0.231232784543567
37.744	-4.8284	-2.8158	0.555466714625649
36.311	-6.2684	-0.71261	-0.710922590794875
37.547	-3.1049	-3.4645	0.290963771400396
38.079	-6.2421	-1.3115	0.0210839194951502
37.974	-3.6555	-3.1281	1.63279398026618
28.696	-0.68077	-6.8741	0.611892241648641
30.852	1.7849	-1.8279	-0.603042115570011
34.821	-6.2335	-5.3327	-0.0559752141940695
14.631	-11.506	-3.6427	-1.09932159533008
34.669	-0.46744	-3.1166	0.489742384516563
37.859	-5.8203	-2.0456	-0.330022428317039
36.787	-5.5935	-0.20183	-1.645
36.693	-3.4679	-1.3316	-0.64033794396901
24.838	-11.328	-3.8629	-0.926580651879404
35.763	-0.51963	-3.4807	-0.518680157547445
35.201	-6.4466	-4.6978	0.6908559036161
32.044	-10.644	-3.7583	-1.25058577356899
36.194	-6.8002	-1.6144	0.954625567045676
36.007	-6.7848	-4.2244	1.645
35.927	-7.6408	-0.39627	0.704966487887576
35.868	-8.013	-3.1225	-0.732351895628523
36.808	-7.1617	-1.0805	-1.645
36.946	-7.765	-1.2246	-1.645
36.325	-6.6188	-4.8643	-0.168290509123733
35.549	-6.4596	-0.15332	-0.917803062527482
30.435	-2.0178	-5.0573	0.166278260053708
36.901	-2.8551	-4.7309	0.364485067311843
37.149	-6.3657	-1.3475	-1.35527045969617
36.787	-3.2912	-4.7881	0.351415038359887
37.496	-2.7345	-3.0657	0.85376183315193
32.833	-9.925	-3.8629	-0.511970080039131
37.75	-6.5893	-1.4592	-0.502361886565583
36.038	-0.75241	-2.4819	-1.645
28.133	-11.456	-3.6026	-0.902624262521249
30.447	1.4981	0.012136	-0.299516440928071
37.759	-5.8941	-2.4694	-0.188716868623222
36.523	-6.9224	-0.55317	-1.64022578967935
37.667	-3.3869	-1.5302	1.47664483600696
35.259	-0.56743	-3.8436	-0.298408168667747
21.996	-12.117	-3.2949	-0.637465131456975
36.696	-3.7296	-4.7045	1.56812386659788
36.844	-2.8627	-4.1771	0.115798780324208
35.141	-7.3093	-1.8385	0.299271391502691
37.236	-5.8353	-2.0778	-0.583896293763088
27.895	2.1727	-0.70999	-1.5006028799063
35.937	-7.577	-0.66075	0.173191258423392
36.415	-3.3798	-0.64911	1.645
37.914	-4.9455	-1.6546	0.0541549516858109
37.81	-6.0972	-2.6215	-0.104104490088187
36.059	-6.6724	0.099282	-0.962576980894941
33.831	-0.82131	-5.9073	0.716315971125006
37.488	-4.8809	-1.9614	0.769824336094104
34.309	-1.5814	-3.0886	0.941534303797515
16.546	-12.122	-3.0507	-0.314250875333168
26.475	2.8001	-0.13414	-0.205146792816015
36.584	-3.2355	-4.7375	1.645
36.968	-3.0594	-1.5917	1.438790150438
36.022	-5.6927	-0.69924	-1.14763821949262
22.905	-1.2773	1.3333	-0.950217132180279
36.937	-6.6664	-1.0888	-0.939555015824075
38.435	-6.2835	-2.839	0.368774566378523
35.405	-0.70375	-4.8046	1.03528658809859
36.121	-2.9466	-5.1363	1.28777763611673
36.896	-1.6696	-2.1151	1.09416117780645
27.474	-0.29098	-6.7196	1.17404630876335
34.672	-9.018	-2.7887	0.872101825148727
36.78	-7.3321	-1.024	-0.0949235721342213
31.309	1.3203	-2.1248	0.211932170902549
34.816	-1.9829	-0.24815	0.856793198064467
31.034	2.13	-1.503	-0.580207815973346
38.1	-4.3733	-2.6288	1.645
33.506	-8.587	-3.743	-0.582943864189322
36.038	-5.389	-5.311	-0.620378355245575
34.702	-1.6396	-3.8829	1.645
32.373	0.99622	-2.1654	1.0584251749003
35.958	-2.3821	-5.0615	-0.737840152761012
37.447	-2.7711	-3.2962	1.645
34.224	-1.4421	-5.2872	0.466789833944839
25.823	2.7506	-0.30933	-0.135097607446833
36.853	-6.3522	-2.1496	-0.968583283803728
34.92	-2.181	-0.95545	0.794491982114601
31.384	-10.126	-3.673	-0.513837931827672
36.331	-7.1059	-0.41523	-0.595110432758665
29.704	-11.031	-4.1478	-1.28670291084466
35.609	-7.1077	-0.68315	-0.976637636316931
35.818	-1.2328	-4.9674	0.114487773942703
35.623	-7.3392	-1.1323	0.685302540283504
32.987	0.16537	-5.4076	-0.138123841308317
36.38	-3.1166	-4.3906	1.03218608082383
36.763	-2.5223	-2.4664	1.645
30.806	-9.287	-3.5933	-1.645
31.819	0.77723	-1.5751	0.0280489596362924
34.867	-2.1455	-5.957	0.88864451790517
36.432	-2.9785	-1.8557	1.645
37.33	-2.1802	-2.9054	1.645
35.886	-6.8034	-0.66589	-0.708298354916923
34.169	-2.2291	-0.29475	0.0627966157445762
27.676	-0.63697	-6.9622	0.529433400139422
36.642	-7.6993	-2.0698	-1.49453756937027
36.441	-7.3309	-1.0821	0.421776134966023
36.404	-0.77396	-3.045	-1.30322296049914
32.197	1.205	-4.1368	0.570424529393415
33.119	-10.31	-2.9906	-1.09574583259649
37.344	-5.4244	-3.918	0.219769132471816
30.026	1.6761	-1.1057	-1.14148927728887
37.878	-4.0903	-2.2179	0.545447571429112
37.108	-2.6266	-1.3105	0.30475700039094
36.482	-1.3979	-3.6565	-1.04363218322666
31.452	-9.1478	-3.2273	-0.169296288576871
35.595	-7.1083	-1.4836	-0.243524577105709
37.93	-4.6532	-1.5629	0.819596612527303
28.339	-11.288	-3.7747	-0.404798367611946
34.572	-0.91389	-5.3163	-0.206651889611423
27.025	-1.1452	0.8769	-0.119725261000135
34.079	-9.9018	-3.0968	0.119911522607165
35.222	-7.552	-0.12993	-0.560755314924237
37.707	-3.9647	-4.055	0.511505865551783
37.055	-7.808	-1.365	-0.455557953063407
37.028	-8.0319	-2.3737	-0.720648927408471
37.484	-2.9589	-2.2054	0.333461077850972
36.636	-1.8449	-4.6217	0.0899804528668319
24.255	-1.0753	1.209	-0.700407086737413
37.908	-5.4849	-2.8675	0.205940841007551
28.144	-11.285	-3.6351	1.3317347458294
36.304	-3.0943	-4.7781	0.616977334762921
36.383	-6.8969	0.11651	-0.146195292802978
36.032	-2.4254	-5.2954	0.314975629347298
37.693	-6.9362	-2.1968	-1.23614117436015
35.196	-7.2738	-0.20346	-0.0856549893118526
36.191	-1.9754	-1.1911	-0.132577561093677
35.949	-7.0988	0.036498	-0.920134436443333
32.924	-0.29634	0.38633	1.645
36.636	-8.1869	-3.6598	-0.489621027945078
35.702	-1.5553	-5.3066	1.56093016843278
37.827	-3.3669	-2.5679	0.849270160042913
34.952	-6.4194	-5.1862	0.746883503767178
25.703	0.22142	-6.7138	1.39864937827863
37.718	-6.805	-2.3753	-0.955394266862073
20.57	-11.951	-3.571	-1.18940184907271
33.204	0.41913	-3.6203	0.379673732206992
36.349	-7.4662	-1.0629	-0.156593583240007
32.301	0.83282	-1.4899	0.686780964066298
36.889	-6.3605	-0.64418	-0.98162386283578
37.364	-6.6113	-2.4395	-1.200698957054
36.557	-6.012	0.058335	-1.645
34.899	-8.9036	-2.1978	0.928074821837262
34.392	-0.67005	-5.3893	0.208091509967662
36.058	-0.71232	-3.8443	-1.22890050222081
35.914	-2.1429	-5.1293	0.372058299412039
38.175	-6.4615	-2.3743	0.911129191348276
37.269	-6.594	-4.1428	-0.539127743549278
36.296	-3.9297	-1.4904	-0.225065874161475
34.929	-9.3154	-3.3453	-1.06646317659341
33.624	-9.7678	-3.2114	-0.194604112494745
35.452	-7.5059	-1.1164	-0.189304469834399
36.034	-7.7111	-0.66814	-0.603358184131599
37.161	-2.9571	-4.3767	0.671651537135568
35.801	-6.039	-0.10692	-0.797953713411434
38.018	-6.5426	-1.8973	0.348547238496517
37.065	-2.8718	-1.9238	1.645
37.741	-3.5231	-1.6764	1.06539479589003
36.429	-1.94	-1.5444	-0.14978900595285
38.124	-5.9004	-1.833	0.477068055140745
37.088	-2.7651	-4.3048	0.318467378797117
37.718	-6.2576	-0.89144	0.37503235611301
32.946	-10.118	-3.8613	-0.636468844637883
38.042	-4.4673	-2.5642	0.133021543429784
35.311	-1.2939	-5.3454	0.45542221178698
36.716	-1.7406	-3.0904	-0.633633012180071
37.657	-5.2865	-0.77623	0.85280822502304
28.415	-1.9853	0.6287	0.882858276628685
35.913	-2.1991	-5.1813	0.607214765330358
37.832	-5.746	-1.2789	0.592139719628573
37.809	-7.1081	-3.5919	-0.924769790412426
37.022	-7.8526	-1.9066	-1.00951653234132
35.963	-2.9456	-4.6888	0.00791784614312683
29.139	-10.899	-4.2139	-1.57256174428939
38.328	-5.5245	-1.6957	0.117102030457536
35.913	-3.5353	-0.26692	0.773356734766153
36.624	-2.5872	-4.7152	0.165999156860108
35.732	-7.4659	-0.892	0.182317529495037
37.405	-2.8884	-4.2719	0.941597794257172
27.224	-11.557	-2.9923	-1.645
34.219	-0.7002	-5.219	-0.087828106386204
36.409	-6.4671	-0.54685	-1.48023644013436
29.133	0.029435	-6.8166	0.309603030873728
34.285	-0.88002	-5.7289	0.746171850447048
35.879	-1.4706	-5.0897	0.578416080735196
33.331	-0.8698	-4.6621	0.242386888398681
28.562	-11.373	-3.9338	-0.873665968707078
34.954	-8.59	-1.2637	-0.203807593388587
12.655	-12.024	-3.1062	-0.496193895119998
33.259	-0.86748	-5.1327	-0.412074051964598
38.313	-5.8634	-3.2643	-0.0634049353211278
36.875	-2.9204	-4.2667	1.645
36.875	-6.5702	-0.73131	-0.816711370089244
32.785	0.6827	-1.7577	1.12858972428507
36.807	-2.7145	-1.7884	0.239874254217295
36.197	-2.5887	-0.88178	0.349451853871309
37.29	-3.1505	-4.2486	0.682223812099577
33.099	0.48603	-1.4884	0.893483583526856
34.092	-8.9227	-4.1576	-1.06915782639973
37.012	-7.5666	-2.4787	-0.596000475613185
36.947	-6.3535	-1.4057	-1.34793663780363
24.144	-11.871	-4.1725	0.214578063360758
37.294	-5.8666	-0.45628	-0.0221790201351007
38.453	-6.2205	-2.5167	-0.663013084737772
38.205	-3.7763	-2.7418	1.645
29.42	-11.225	-3.3753	-0.811971788194643
37.148	-5.3387	-0.68234	-0.213179552724364
26.075	-11.349	-3.6326	-1.04599693404171
34.237	-0.72906	-5.5845	0.356791596725112
35.409	-7.9537	-0.78786	0.490483588448094
36.261	-5.9674	-0.39885	-1.645
35.769	-1.1302	-4.9338	-0.00613882055349715
34.05	-7.3166	-5.0561	0.584571877115375
33.716	-7.4941	-2.944	0.673459827227268
36.741	-6.3389	-1.159	-1.07165992931735
36.513	-7.4862	-2.793	0.259396791422327
36.212	-4.2356	-0.11937	1.50899266805677
30.542	1.6715	-0.25718	-0.645954153017136
37.523	-5.7548	-4.5898	0.494889014393416
28.667	1.635	-0.37636	-0.415992297751663
37.356	-5.2576	-1.0494	0.677127875381201
36.478	-7.7756	-0.57777	-0.726577720808229
37.883	-3.842	-3.38	0.156263546313033
35.131	-9.2436	-3.3567	0.173955004933046
37.587	-5.2175	-1.004	0.373602333362806
36.221	-2.9564	-0.61513	1.41858348213623
38.637	-6.5948	-1.8103	0.06167620544841
36.956	-3.2025	-4.4751	0.0958367262573325
29.985	-11.016	-3.6217	0.047839948897517
31.672	-6.1599	-5.747	-0.0579116613810538
36.491	-1.3732	-4.2775	0.545630769509249
37.131	-4.5617	-0.87893	1.09630138050132
31.827	0.24387	-1.1057	0.889081401418421
36.602	-7.2462	-0.74841	-0.869443652281195
35.527	-1.6899	-5.4983	1.24391245036465
28.143	-0.79826	-6.7107	1.1705544806932
36.361	-7.4636	-0.51885	-0.788081446971498
36.981	-6.59	-0.49138	-1.36522854649002
37.82	-7.0502	-1.9993	-0.203982159686032
36.574	-8.6753	-3.4189	-1.38502541381418
37.993	-6.6047	-0.58157	-1.645
36.619	-3.3442	-5.008	1.0957343872305
37.163	-4.0055	-1.8496	0.372985074688534
27.841	-0.46924	-6.7153	0.92643159726662
33.362	0.38835	-1.7634	-0.559338858984233
38.275	-5.2304	-2.3682	0.147862828442083
36.744	-6.6862	-0.47204	-1.18714116055359
29.038	-11.463	-3.3336	-0.540104585044409
32	-9.0904	-4.758	-0.220984628024068
34.952	-1.4921	-5.7799	0.382782305929434
35.586	-6.7863	-0.30952	-0.825352234720157
29.473	-2.0004	1.2233	0.108344105347792
36.946	-7.1431	-0.98937	-0.55000830464585
35.2	-1.6433	-5.5416	0.830786161936757
38.265	-6.0586	-2.7998	-0.379666221674187
33.966	-0.18969	-0.95979	1.645
37.105	-2.5879	-1.2599	0.150119949147862
37.342	-6.7824	-1.0638	0.521476688958313
36.545	-7.0306	-0.54223	-0.606299316814936
35.679	-7.0002	-1.2115	-0.420261761814066
35.984	-1.9774	-4.2136	-0.407050248446534
35.308	-9.5027	-2.4343	-0.43149045922421
33.845	-9.7813	-3.7695	-1.56984170087687
33.349	-0.35116	-2.0425	0.302645768575235
27.568	-0.41487	-6.818	1.43280573807869
33.366	-9.9976	-3.4617	-1.46655146115321
19.483	-12.108	-3.7965	-0.0307122046614093
37.162	-5.5491	-4.7764	-0.168678518757702
35.769	-6.9619	-0.47515	-0.947920421595605
35.88	-8.2388	-4.4135	-0.515137688935435
35.04	-7.5716	-1.0808	-0.506189248481634
35.22	-1.6653	-1.0212	-0.907243273031449
36.935	-5.5179	-1.3782	-0.898670755775211
35.664	-1.6218	-5.105	1.57062310313116
26.332	2.8248	-0.26543	-0.271281680928016
38.305	-4.7921	-2.3396	0.851560277740676
37.264	-6.0234	-0.95589	-0.508418651043995
24.961	-12.173	-3.2356	-1.645
36.493	-3.2037	-1.737	-0.244319304252868
37.016	-2.6871	-3.6991	1.645
35.521	-7.0953	-0.81215	-0.726907869705179
37.573	-6.2663	-0.94834	0.551645940545815
36.713	-2.7918	-3.6785	1.645
37.267	-2.9412	-1.1413	0.965805190623479
36.105	-7.5793	-1.0388	-0.467027089013868
36.149	-3.6882	-0.088772	0.663277589568888
29.561	-2.1923	-0.92529	1.645
28.421	-10.501	-3.8962	-1.07293331070035
37.543	-6.6177	-3.9242	-1.45477014035916
36.013	-5.2962	-5.2194	-0.204618996336335
31.616	-10.133	-3.0478	0.640808196285683
26.865	-11.889	-3.6093	-0.919145841807894
34.944	-1.8333	-5.6746	0.511738315755979
33.974	-0.2086	-5.4289	1.02212170801026
27.421	-11.915	-3.1716	-1.01606495974763
24.068	-11.949	-3.7635	-0.722195573593272
36.904	-2.4271	-4.0264	1.645
32.829	-2.2829	-5.3286	1.26613476200378
36.607	-2.9684	-1.1872	0.411588679093789
36.922	-6.114	-0.78434	-0.993939807778142
37.221	-6.042	-1.2144	-1.63260935921604
35.954	-7.1988	-1.5628	-0.757977884399982
35.692	-8.8069	-1.7571	0.524995299847702
37.491	-6.0219	-1.2997	-0.246260639532022
35.9	-7.2416	-0.67509	-0.376183846622597
36.618	-7.6655	-0.98104	-0.137599029790534
29.945	-1.3699	-6.7296	1.09673546493215
32.161	0.91575	-1.7862	0.0760491302976668
37.605	-6.5111	-0.87244	-0.804764157672775
35.517	-6.5056	-0.50915	0.216145103323429
32.059	1.3109	-2.4168	1.28331803882332
29.196	-10.899	-4.0629	0.909579306441674
24.476	-1.1701	0.93116	0.148623425591303
36.747	-2.8716	-4.7368	0.712693710630015
38.014	-3.428	-3.3169	0.5262059837428
36.001	-6.2461	-0.9769	-0.63277188120051
36.332	-6.6978	-0.47076	-0.0512770891506058
38.3	-5.7317	-1.6831	0.104017523104926
29.979	-11.824	-2.9049	-0.678038498826488
37.151	-6.3028	-0.5405	-1.1744978231009
36.12	-6.1442	-0.35725	-0.641404504903932
36.271	-7.3453	-1.3238	-0.845089496566707
36.488	-6.1858	-3.8549	-0.685609517694323
35.366	-1.8119	-5.5672	0.727893120980862
36.371	-1.3748	-4.149	-0.751196952116052
31.428	1.6486	-2.2588	0.466763269957313
30.715	1.0071	-0.9415	-0.756208747800341
37.231	-3.9099	-4.7721	0.688482140137673
34.721	-8.3715	-4.579	-1.645
36.514	-8.5327	-2.2652	-0.596563331860902
36.083	-2.6015	-0.39972	0.0257145509190464
35.498	-8.087	-2.6598	1.15424447765522
30.178	1.4558	-0.55411	-0.597544513709999
33.074	-10.314	-3.0415	-1.61937065506621
34.568	-8.0682	-4.3868	0.0562886760443285
36.881	-6.9741	-1.2878	-1.17986930058526
31.206	-10.908	-3.2517	-0.853959957442991
20.185	-12.42	-3.592	-0.678295228771353
37.199	-1.6237	-2.4917	-0.431963226260158
36.947	-7.3373	-1.2444	-0.715967164298188
33.778	0.11392	-0.5513	-0.0468324954316736
36.98	-3.2319	-1.217	-0.157324418878398
36.125	-7.0592	-0.43751	-1.33114089828034
30.989	1.3364	-1.2695	-0.0558812331944853
37.721	-2.718	-3.5393	1.43337924034575
36.492	-7.4624	-0.46387	-1.426988399974
35.897	-8.9728	-2.3728	0.108234802060833
36.92	-3.6492	-4.6394	1.42588052871276
36.993	-4.0546	-1.8566	-0.243601282040861
34.583	-9.2741	-3.2361	-1.37826865995086
34.344	-1.2254	-5.6987	0.910757509030254
35.742	-8.0212	-3.8443	-1.21785484925724
37.001	-2.4226	-2.9225	0.638056443998669
35.171	-6.1369	-1.2886	-0.758021084340049
37.028	-3.37	-4.176	-0.0604497272238747
33.298	0.35184	-3.695	-0.263662758100092
30.361	0.79431	-0.83387	-0.087914479599953
35.436	-6.7361	-0.95815	-0.477431353327933
37.41	-6.4188	-0.83121	-0.373530281587303
36.383	-1.4084	-1.6501	0.266770458995964
28.632	2.1882	-0.58482	-0.922796176021181
34.186	-2.9176	0.81454	1.645
36.195	-4.2493	-5.2274	1.63581091258249
26.47	-1.2093	0.66759	-0.614419286440663
36.233	-7.5856	-0.90686	0.765578972541061
36.421	-8.4179	-2.0881	-0.217963505051097
37.469	-3.1858	-2.9957	1.01648321707168
35.257	-2.0901	-4.006	0.875485281074129
36.163	-7.092	-0.771	0.0848438852206449
37.734	-5.9544	-4.0513	-0.349567124530686
37.902	-5.9908	-2.0936	-0.650566696681765
37.448	-6.4351	-3.4083	-1.42406334991808
36.099	-7.3386	-0.73775	-0.939628174193924
38.19	-5.2303	-3.4668	1.51077815619504
32.123	0.60269	-0.86491	-0.00608617137961347
32.053	1.3059	-1.5197	0.736354923904358
36.699	-4.6467	0.089536	-1.3114861074512
27.83	-11.511	-3.6894	0.29069585372965
35.927	-2.6184	-5.194	0.568070666463725
36.378	-8.7082	-2.2334	-1.02954294237062
37.434	-4.6484	-2.4277	0.837694405938145
36.422	-2.8263	-5.0446	-0.0573347969450187
37.128	-7.3771	-0.91807	-0.645952906691267
36.806	-7.1946	-1.9069	-0.0346642203166303
34.659	-0.55942	-4.4261	0.821935344470915
36.328	-7.1272	-0.93379	-0.301487683420567
36.281	-2.7152	-5.341	0.111640790791139
37.412	-6.2447	-2.696	-0.798234531551874
35.967	-2.729	-0.69909	-0.668151927436437
36.783	-8.0664	-2.712	-1.22055055048551
36.508	-6.9874	-0.76697	0.632801420771602
37.295	-4.7406	-4.9434	1.645
37.907	-5.6622	-1.514	0.249285092155122
36.54	-2.6445	-3.9797	0.547561390393915
34.705	-0.88028	-5.109	1.645
35.571	-0.535	-3.7779	0.125673628481694
36.023	-3.1128	-0.9772	0.24334984001834
36.969	-6.9389	-2.1567	-0.349097705309837
30.821	-10.653	-3.8519	-1.645
34.81	-1.815	-0.71735	-1.03311006126642
37.007	-3.2381	-4.6457	0.686465854725386
22.98	3.3486	0.063496	0.323920981029918
32.159	-10.433	-3.0039	-0.724119160436267
37.195	-6.8729	-0.94274	-1.51423563000532
34.005	-0.32428	-5.4688	1.1201479024387
37.776	-3.2527	-3.708	0.559440646523702
25.345	2.9604	0.81839	0.222489328009478
37.704	-6.9036	-3.5007	-0.428880947869348
25.232	-11.836	-3.4376	-0.707379202817057
35.212	-2.5121	-5.7232	1.20606030609659
38.366	-5.4234	-2.4492	-0.00588139152160956
29.989	-1.4419	-6.6104	0.787237508844384
37.702	-3.2554	-2.2478	0.599359279470109
36.695	-8.3244	-3.4796	-1.645
22.216	-0.28528	1.8218	0.156402313424154
27.938	-0.14693	-6.4389	0.730086257000534
37.215	-2.1692	-3.2804	1.12043126585826
24.948	-1.1145	1.1193	-0.729379799807299
35.868	-5.9551	-0.76246	-1.29952413356229
28.015	-11.269	-3.5031	0.00861595304086329
36.415	-2.8229	-5.3315	0.804065686309413
36.026	-2.1342	-5.1439	0.0971446816421163
36.861	-6.3361	-0.60656	-1.645
34.486	-9.5717	-3.7802	-1.32698512429271
22.352	3.0673	1.2586	0.256473302462439
35.219	-2.1202	-1.3575	-0.693981603029805
36.39	-6.9544	-0.46647	-0.826045834028478
32.516	-0.5129	-6.2823	0.649966807370799
37.032	-6.1426	-0.88556	-1.05473189275496
28.289	2.0839	-1.1024	-0.951805299872372
33.548	-1.5978	0.067007	0.275845342276253
35.336	-1.5855	-5.3664	0.337218894404133
35.391	-7.7354	-2.7639	-0.729122437356053
36.84	-7.9578	-3.3052	-0.838546850487242
37.095	-3.2146	-1.7715	-0.601890588347587
33.859	-9.2605	-2.5721	-0.204904098769076
35.877	-8.4213	-3.4308	-0.54583385214178
34.549	-0.84299	-5.6394	1.54974980885008
36.996	-7.5551	-2.6668	-1.60014782444893
34.832	-7.3907	0.24362	-0.268628258081759
33.235	-10.72	-2.9872	-1.645
37.307	-6.0201	-1.5607	-1.32116676074671
37.418	-2.9354	-2.5082	0.430982992550496
34.343	-1.6947	-5.9695	1.24927223065604
35.852	-6.3953	-0.66102	-0.389614580054216
23.219	-11.625	-3.7246	-0.695015929543594
25.658	-11.743	-4.0632	-1.645
36.408	-7.0685	-0.74929	0.820768944931335
34.872	-9.2335	-3.1798	-0.378267796098819
32.521	-10.366	-3.3013	-1.15817243014291
35.301	-7.1362	-0.87532	-0.240778775987909
36.981	-7.338	-4.1057	-0.122882652978351
36.532	-2.2219	-4.9142	1.21377071249572
36.587	-6.9588	-0.9185	0.244919345065466
37.804	-3.758	-2.5106	1.03527348731646
37.188	-3.3266	-4.129	1.00155733122287
36.601	-3.3263	-0.83788	0.492699025345861
20.494	-12.103	-3.3423	-0.915448821106713
37.343	-6.62	-3.3463	-0.664119199419245
34.74	-1.4122	-5.6472	0.745793122243227
33.679	-0.86234	-0.17042	0.27989306648345
36.655	-3.0677	-4.4207	1.645
34.85	-8.5722	-4.0191	-1.41053378899436
30.867	-10.809	-3.5384	1.17401673215771
37.307	-3.9139	-4.5918	1.35146171963619
36.667	-6.7386	-0.78268	-0.591006369221639
31.457	-0.30158	-6.5963	1.57855498037069
35.913	-7.6121	-0.87189	-0.623718185260819
36.13	-2.8164	-5.1146	0.631460398605344
35.209	-0.0088546	-1.6024	-1.645
37.083	-6.3311	-0.76982	-0.832122229858408
36.223	-7.7271	-1.0545	0.783228786868566
30.474	-10.434	-3.6727	-0.983021740958175
35.745	-6.4161	-0.72233	-0.791087472732676
34.25	-0.42419	-5.4538	1.19304664976998
35.158	-7.4175	-0.57039	0.0532158740268228
37.835	-4.0336	-3.727	1.645
29.205	-1.0063	-6.6398	-0.401695509555126
35.456	-3.3218	0.088323	1.63876193755333
29.803	-10.77	-3.5859	-0.608878671575723
37.4	-5.3887	-1.203	0.77951425935557
38.39	-4.8164	-3.1837	1.645
28.169	-10.539	-4.4468	-1.27043519539519
37.101	-6.2474	-1.5272	-1.645
36.103	-2.9353	-0.50444	0.744393905659786
33.597	-0.56617	-5.3621	0.297218372775916
34.55	-8.264	-2.9045	1.06278244450648
35.071	-9.1648	-1.7033	-0.400144164402283
37.21	-4.2579	-4.7383	1.22258599910807
35.826	-8.9178	-2.6398	1.11413384550991
29.572	-9.596	-4.4341	-1.11572479404016
38.35	-4.2938	-3.138	1.41731721514142
33.688	-2.6749	1.0381	1.49138119543634
36.474	-2.0151	-4.8982	-1.04389509261
36.528	-6.7207	-0.3798	-0.857907425769858
33.424	-10.084	-3.4669	-0.69570166865576
35.861	-2.605	-5.277	0.131023425985071
34.46	-9.1908	-4.2253	-0.924684053444818
38.32	-4.8525	-3.1108	1.22989221619719
37.496	-3.2443	-4.1554	-0.21391147463902
26.909	2.6637	0.026832	1.13104132553179
23.052	-12.064	-3.317	-0.0350218965433339
37.644	-6.4692	-2.6675	-0.877777591682482
36.848	-6.5595	-2.1398	-1.01034046445961
29.035	1.6447	-0.066406	-0.668571615085323
35.626	-7.5125	-0.57968	-0.775513783587015
37.322	-7.6218	-1.4826	-0.266433624466305
35.285	-8.2893	-0.64382	-0.479556513500715
20.084	-12.312	-3.48	-0.59527427115311
28.865	1.751	-0.48839	0.447503880309158
29.709	-10.969	-3.9119	0.481413736503685
37.772	-3.5059	-3.3861	-0.136998682842361
36.942	-6.4637	-0.66239	-0.190639831984228
33.758	0.38343	-3.2386	0.230901745110144
36.282	-1.236	-3.9953	-1.04228442312727
36.872	-6.6326	-0.5159	-0.991830911319725
27.991	-1.7102	0.46544	1.13202479115922
34.467	-0.7789	-5.5486	0.0577990335490027
28.91	-10.416	-4.3339	-1.645
36.451	-2.0925	-4.9467	-0.346476310578412
29.772	1.7553	-0.20628	-0.0355198970324365
37.46	-4.4038	-1.0835	1.645
30.47	-9.6622	-4.3325	1.40698899994142
31.478	0.98321	-0.87069	0.0248481992325249
36.431	-1.4634	-3.8262	-1.623730912137
36	-9.0717	-3.5695	-0.831840196336167
37.711	-5.9719	-3.357	0.339939288214997
27.558	-11.495	-3.2371	-0.952892408255754
24.502	-11.889	-4.0808	-0.638388258653003
36.522	-7.3306	-1.1206	-1.42614627468444
34.234	-9.0501	-4.1876	-1.35719263108504
34.039	-8.7942	-4.1058	-1.33647798141915
36.049	-2.8343	-0.31658	0.981208730938173
35.726	-3.108	-0.29894	1.14267224021659
37.247	-6.3258	-0.74275	0.248433165180086
36.663	-8.0185	-1.3392	-0.634700573938197
36.819	-2.209	-4.6629	-0.43497881897845
36.367	-7.0131	-1.7098	-0.126826682666079
37.603	-3.5366	-2.3554	0.875175165956801
37.32	-2.9559	-2.0473	1.33765349787993
36.358	-3.1915	-4.9347	1.51240500159075
18.772	-12.196	-3.1299	0.392714960516547
32.75	-10.422	-2.8005	-1.645
36.785	-1.4031	-3.5604	-1.645
35.477	-1.5291	-5.0441	0.563305084840756
28.024	-11.618	-3.2678	-1.03720417901897
38.028	-3.372	-3.8422	-0.304587329485832
35.983	-6.7157	-0.25748	-0.0139914567475862
37.675	-7.2641	-2.5191	-0.243571390861438
38.285	-6.068	-1.6478	0.582060913910758
37.648	-2.9954	-2.6871	0.928341219767388
36.758	-6.2914	-0.49534	-1.10767412301639
37.3	-4.165	-1.6175	0.183483206303066
27.805	2.13	0.2655	-0.316086740563229
33.741	-1.9733	-5.4226	1.645
36.11	-7.4497	-1.499	-0.00920544255003086
37.13	-3.482	-3.5833	-0.63525166970728
37.065	-7.2034	-1.1197	-0.81373914591178
35.676	-1.5634	-5.343	0.970207333944344
25.634	-1.2253	0.94194	0.0984743631303752
36.345	-2.7504	-1.3676	0.764109902825315
35.006	-5.2704	-0.66318	-0.208995440768762
21.515	-0.82075	1.3352	0.700222749174641
36.934	-7.1197	-1.3898	-0.400376371325677
35.563	-2.7773	-0.24283	1.38547789134526
37.173	-2.6245	-3.9132	0.0476059242018602
36.387	-2.0945	-4.6511	0.173070319119609
35.784	-2.114	-0.96068	1.645
37.664	-3.9756	-1.3644	1.645
33.453	-9.9212	-3.2833	-0.310291591075139
28.418	-11.12	-3.9506	-1.25515118979182
35.617	-3.9137	0.42156	1.63372078885402
35.863	-2.4069	-2.5622	1.645
35.028	-7.1752	-0.66195	-0.467962065816742
35.812	-5.4805	-0.52955	-0.720972399285597
35.948	-1.8128	-5.129	0.206224779428881
36.383	-2.5713	-5.1106	-0.0639703243647857
37.161	-6.9458	-4.105	-0.726886262204929
33.48	-0.64767	-5.7709	0.765018946389206
36.767	-7.3284	-1.2693	-0.378093098350462
34.688	-1.4445	-4.5017	0.14644122881964
35.727	-1.6297	-5.1851	0.507344684109757
27.955	2.3396	-0.87238	-1.20478089961645
33.377	-10.479	-2.644	-0.905989452913747
32.498	-1.6331	0.075498	0.920233468289145
37.362	-2.3661	-4.0574	0.103770114629965
37.957	-5.771	-1.0749	0.718209002782698
36.775	-7.7189	-0.67347	-0.872281920301622
37.412	-4.5111	-2.4789	1.46921876280433
36.828	-7.5118	-1.7764	-0.277170673440653
34.807	-9.2413	-0.70097	-0.0654830833664852
37.16	-6.5484	-1.2193	-0.854689318795916
36.12	-6.8519	-0.23334	-0.481732851962133
38.418	-4.7373	-1.7362	0.442735985204841
33.209	-1.3065	0.58739	0.787905303199619
36.674	-2.2954	-4.338	1.13275740603126
36.732	-2.5374	-4.5019	0.343413493409318
37.642	-6.2693	-1.2363	-1.3068046624005
34.288	-1.2429	-5.9811	1.22016901980832
34.357	-6.5455	-4.6842	0.233043556759208
33.459	-6.2113	-5.0877	1.17105480087875
34.398	-1.8175	-6.1834	0.720646548031993
28.402	1.6858	-0.84161	1.50688430719668
36.054	-8.1439	-2.2738	-0.355136992421446
36.711	-5.4696	-0.059321	-0.960213772937404
36.851	-6.8	-1.1773	-0.801506639254756
38.242	-5.918	-2.1091	0.149836911210711
37.137	-3.3898	-4.8805	0.915483800839489
37.779	-6.3044	-1.8107	-0.666216291990273
34.925	-1.4506	-5.7603	0.22715443410692
36.307	-6.6518	-5.0565	0.917328040794355
37.216	-7.7869	-1.3901	-0.342205582383537
34.201	-6.8832	-5.1613	1.09009468711711
37.024	-5.0281	-5.0016	0.846667852059436
31.076	-10.596	-3.1788	-0.559262794087703
37.732	-3.9914	-1.8724	1.645
28.05	2.1178	-0.84351	-1.645
29.068	1.9082	-0.13313	-1.03504636076862
38.105	-6.1144	-1.8308	-0.430367811931658
31.208	-10.341	-3.9103	-1.645
37.164	-3.1932	-4.4762	-0.0483400005984982
35.947	-7.6318	-0.92707	-0.57654322893076
26.384	-11.718	-3.1602	-1.645
17.539	-12.176	-3.6076	-0.373392328861507
27.847	-1.0006	-6.7591	1.645
28.06	-11.31	-4.1272	-0.64120912363585
26.252	2.4373	0.2568	-0.742232083681886
36.415	-1.8489	-3.4901	-1.08666709132172
36.414	-6.6305	-0.54073	-0.586094115413115
36.926	-6.1455	-1.226	-1.53777420918072
37.013	-1.3675	-2.5758	-0.107376018638047
31.516	-1.6663	-1.0651	0.635843726082164
23.685	-0.6064	0.95115	0.498819598729531
27.546	2.3168	-0.11179	-0.368224341053561
36.582	-3.2051	-5.0006	1.41196404546061
37.103	-6.8195	-0.88503	-1.21008998613059
36.399	-7.0935	-1.8265	-0.614499533673007
35.481	-2.2084	-0.77026	0.848505878413379
27.377	2.5778	-0.06166	-0.340929775294276
29.712	-0.9678	-6.7499	0.532622217959223
37.899	-7.3266	-2.9614	-0.60027051630109
36.681	-7.6883	-1.3233	-0.310128135302281
36.539	-6.8839	-1.4043	-1.18874532842685
36.927	-2.4784	-4.6331	0.604181801707029
37.289	-5.8562	-1.1742	-0.611642405079248
36.35	-1.06	-3.5694	0.0427886612530336
36.839	-2.8458	-4.6107	1.20513430812654
34.409	-9.3628	-3.4874	0.220178725249875
21.749	-12.082	-3.1072	-0.760814598060002
36.479	-2.3034	-4.7111	0.106865191107122
35.35	-9.2134	-2.9742	1.53122494119722
37.069	-7.3037	-1.1191	-1.44236207559532
37.293	-2.0806	-4.0461	0.148632466347466
37.112	-7.3561	-1.2594	-0.375229414338151
35.298	-7.0473	-0.77197	-0.955793423515169
34.237	-8.2289	-3.8283	-1.645
38.056	-5.1676	-2.5888	-0.0738072968892179
35.642	-2.2581	-5.5624	0.49271789263822
37.132	-6.4566	-0.84542	-0.960286783337428
33.381	-2.7503	-0.92077	1.645
36.842	-7.1254	-1.1484	-1.645
36.903	-6.0825	-1.1782	-1.40726221517795
36.19	-1.7172	-3.5639	-0.282507247442559
34.92	-2.2908	-0.34357	0.961061147066206
38.043	-4.5569	-3.3936	0.699621528710456
35.541	-0.99494	-3.919	-0.199785238057415
37.769	-5.0176	-1.871	1.02487335547684
35.269	-8.6907	-0.96378	-0.690220365921115
36.885	-8.2585	-1.4113	-1.40346792974463
34.961	-9.0902	-2.5955	1.645
36.838	-3.1052	-0.58324	0.696085087199237
27.664	-10.9	-3.9195	-0.979171473411512
23.422	-0.66444	0.89025	-0.780318417179019
29.878	1.9333	-3.6835	-0.815958628520976
38.515	-5.1784	-2.2231	1.645
38.137	-5.8416	-1.5113	0.0190306440446135
37.654	-2.3191	-2.4915	0.958838481242703
35.139	-7.3104	-0.6746	-0.475689722542654
29.667	-0.36181	-6.2471	1.13746995481968
34.572	-9.5317	-2.8881	0.0961588711545155
36.627	-2.2565	-4.6513	1.645
38.041	-6.1191	-1.0396	0.110561795222678
35.898	-7.0416	-0.93679	-0.426972617298963
33.998	-7.9864	-0.16569	-0.216718784862222
35.179	-4.4275	-0.35156	-0.620476136054689
35.475	-6.9959	-0.76676	0.302399816798346
32.07	1.4293	-2.3833	1.645
35.045	-8.4451	-3.0206	-0.0985879014794241
36.626	-6.7312	-0.7282	0.236145946404568
28.783	-1.1034	-6.5278	0.19989664644432
35.933	-8.4365	-1.8553	0.870514327932531
32.506	-10.224	-2.3987	-1.31076515475947
34.744	-7.6455	-4.2175	-0.537155193691255
35.716	-8.4489	-2.1184	-0.34393134981147
31.72	-0.96702	0.3544	1.645
36.751	-6.7733	-0.83624	0.168592521079903
26.305	2.5123	-0.34699	-0.63441503254421
37.254	-3.0555	-4.385	0.0915190695242438
34.17	-1.3725	0.13005	0.751616419649537
36.772	-2.0808	-3.8427	1.49562874811525
28.764	-0.51537	-6.6424	0.375481654896767
38.014	-5.9577	-1.8809	0.00372083417131562
34.574	-3.6874	0.49795	0.903365997742972
36.293	-1.505	-4.5643	0.686072810239489
36.234	-7.6629	-0.97961	-0.789816987100627
34.65	-7.5723	-2.293	1.645
36.083	-8.5847	-3.8822	-1.42073369233658
27.103	-1.7895	0.51807	1.62845857437787
36.16	-3.0067	-5.1595	0.148312008169581
33.832	-9.4165	-3.2844	-0.796501747119256
35.349	-1.7696	-4.8635	1.42391162007593
37.166	-4.2299	-4.5378	1.645
34.808	-9.1052	-3.57	-1.28847132824253
35.873	-6.1718	0.076158	-1.09678642735351
35.622	-2.128	-5.639	0.296134851839541
37.437	-6.1818	-4.1612	-0.66855080356194
36.152	-7.3342	-0.95071	-0.89746423311686
35.261	-1.5128	-5.0484	0.754076134083182
33.824	-9.9319	-3.7705	-1.00476388429071
35.159	-5.0452	-1.1061	-1.31809593243828
30.039	-10.6	-3.9322	-0.267479606250702
30.135	-9.1454	-4.2499	0.385995172342894
29.138	-11.188	-3.8476	-0.647685703363541
35.92	-6.9901	-0.49628	-0.0228312015855723
31.224	0.17342	-5.7504	1.1763332566422
35.622	-3.6657	-1.0615	-0.142173384393704
37.487	-6.2291	-1.7669	-0.200359368124089
35.929	-8.1243	-1.4357	-0.182340577470862
33.353	-0.15211	-5.6436	0.318263902629385
34.134	-10.156	-2.7773	-0.167475077533398
35.54	-1.4891	-4.931	1.645
34.026	-9.7903	-3.2879	-0.534126216619801
36.626	-5.7911	-1.2278	-0.942200070961164
24.178	-11.704	-3.6301	-1.60166532032837
37.404	-5.4861	-1.3972	0.0944198061200772
33.892	-0.68384	-5.8885	0.719317700444184
24.368	3.7988	0.25655	0.0360550416115628
25.316	0.0397	0.96357	-1.12875378344428
36.37	-2.9592	-4.9675	0.43405471984441
36.177	-2.5183	-1.6875	1.12821666841717
34.494	-0.21675	-1.9609	0.0673477292645564
36.989	-2.1522	-4.4694	0.330610807855407
29.538	-10.738	-4.0519	-0.982464844857265
37.198	-6.5255	-1.0386	-0.649196602400194
36.164	-7.808	-2.0116	-0.427045583365669
26.615	-11.683	-3.4185	-1.11068734332894
35.959	-8.016	-1.3819	-0.720884472125532
37.27	-6.2276	-1.1357	0.631011285258487
36.454	-6.533	0.32032	-1.30371865004161
36.452	-2.8956	-0.53636	0.323866072320554
33.279	-10.124	-3.4263	-1.20606084707481
26.736	2.6919	-0.6298	-0.0252380825632716
37.768	-2.7583	-2.6984	0.481665817041702
35.59	-2.7801	-5.4654	0.619863733301049
37.579	-7.1001	-2.0947	-1.40723775323268
36.093	-8.6628	-3.2445	-0.999688508844736
33.734	-9.5652	-3.4776	-0.796986807103547
38.216	-4.6273	-2.5373	1.645
27.089	-11.553	-3.8875	-1.14382387310411
32.801	-10.494	-2.9191	-1.02366182446752
38.241	-4.5629	-4.0563	0.390714473486679
37.785	-3.759	-1.4766	1.645
38.276	-5.2348	-2.0977	-0.443653642020159
37.742	-3.366	-3.0438	1.645
27.815	-0.57083	-6.707	1.38817255038782
28.23	-0.50422	-6.5389	0.591780715680547
29.63	-0.92416	-6.7941	0.560966502789232
33.189	-2.0783	0.76822	1.645
34.078	-0.040589	-5.3448	0.426249565153416
36.923	-2.6406	-4.693	0.372413891139541
30.923	-10.273	-3.951	-1.10675354219196
33.454	-0.75361	-5.856	-0.443735499316007
37.946	-3.4073	-2.4633	1.11026782653806
24.271	-12.112	-3.4109	-1.19669148176702
36.432	-7.4201	-0.80639	-0.765856907633279
35.365	-1.0409	-4.4356	0.34474298934181
36.627	-4.0545	-5.0559	1.645
36.92	-5.8143	-0.62305	-0.776857569240349
36.617	-3.1258	-4.9507	1.10226014723819
35.936	-1.5523	-5.1143	1.645
22.13	-12.369	-2.9595	-0.531170408599312
35.285	-7.5377	0.066807	-0.618821675513961
34.246	-1.9271	-6.1455	0.524883422011553
35.563	-0.78294	-4.4159	0.753610908701193
37.246	-2.3567	-4.2847	0.673488915225281
36.836	-2.003	-4.5542	-0.344275095738406
35.681	-7.0142	0.034118	-0.453925734354582
28.476	2.3052	-0.21928	-1.34370030441309
36.702	-4.5632	-0.72328	1.19817405141739
35.022	-2.2931	-0.30106	0.576156422546547
36.997	-2.8596	-4.6194	0.676079602827391
31.828	1.1086	-2.2523	0.478751764517531
35.129	-7.3311	-0.43908	-0.389196306485235
35.687	-2.4359	-5.3201	1.25041426822212
26.988	-0.92323	0.91876	-0.336371999353497
31.846	-3.3065	-0.63738	0.374082076165106
33.401	-1.0653	-5.7202	0.183825004192725
36.04	-6.7814	-0.20054	-0.261997810129879
34.114	-0.95412	-5.5611	1.645
36.599	-6.6278	-0.62335	-0.485936708885789
37.135	-6.6056	-1.2216	-1.10567871739959
38.176	-5.8106	-2.8118	-0.107729284195309
37.58	-4.0989	-3.3811	1.645
35.637	-6.7245	-0.37612	-0.669229132031889
35.282	-0.54191	-4.5888	0.57047937816437
35.082	-1.3413	-5.5522	0.470462695302997
35.866	-8.262	-4.0059	-0.339453121741367
37.104	-7.4099	-0.84084	-1.08698590106758
35.513	-9.1151	-3.2543	0.458019461054352
36.187	-7.133	-0.64214	-0.488440469176376
35.107	-0.70271	-4.7009	-0.362215657449769
37.184	-1.7013	-2.732	-0.425943441798058
37.267	-6.9481	-1.9059	-0.397110850922507
32.963	-0.82231	0.13576	1.645
35.467	-1.2018	-5.1814	0.693283056164805
19.144	-11.629	-3.5846	0.315308559217494
35.444	-3.6749	-0.45329	0.830792534474254
33.256	-0.209	-5.6186	0.395177501202008
38.277	-5.7043	-2.5148	0.117749014931971
35.262	-6.5396	-0.11959	-0.0588605033091872
36.147	-2.2079	-4.9607	0.754808714647099
25.063	2.6942	0.50611	1.3973484194357
35.954	-7.1833	-0.97152	-0.822420663321813
31.359	1.133	-1.4757	1.55923131933927
36.883	-3.2841	-4.7561	0.846535009799194
37.07	-3.5895	-4.5398	0.548703848739733
29.455	1.4441	-0.33154	-1.06798750061797
30.771	-10.607	-3.8479	-1.30420630609429
35.249	-6.5454	-5.549	0.00841574597893393
37.709	-3.0288	-3.4199	1.10398525233671
36.433	-4.7672	-1.4114	-0.509081785164422
27.534	-0.34665	-6.4868	0.962053281244291
36.086	-7.7136	-1.5338	-0.507429757193089
38.056	-6.0844	-2.1369	-0.417618804595475
34.733	-2.7372	-1.1845	0.666169956162453
34.09	-1.9336	-5.9096	-0.384605109860487
30.214	-10.125	-4.3742	-1.55296840402889
36.733	-2.908	-4.739	0.35022443649881
32.649	-1.5728	0.16861	0.0295902496106971
35.94	-8.616	-2.4003	-0.22004564340556
38.211	-6.7695	-2.7243	-0.176684093756582
34.473	-6.0424	-5.0366	0.239125949355514
36.627	-6.1571	-0.69163	-1.3262265051917
36.064	-7.1385	-1.2273	-0.193185753499136
28.21	-11.078	-3.6007	-0.492369787836218
33.526	-9.8154	-3.646	-0.629962818305526
37.809	-4.4404	-2.6843	1.645
36.294	-2.8729	-4.9081	0.0154913269088152
36.932	-2.2441	-4.676	1.03975319379318
34.882	-7.8087	-4.7386	-0.914489282912661
36.476	-7.382	-1.0621	-0.849665026325179
37.275	-3.0113	-4.2995	0.418384795680587
37.16	-7.4515	-1.5202	0.164744498096071
29.493	-2.0896	-0.37662	1.645
36.008	-4.144	0.37998	0.463344804509329
33.871	-0.68123	-5.6772	0.587705653615094
26.97	-0.27744	-6.7405	1.13864853249794
34.878	-7.421	-4.5206	-0.667859111541924
36.796	-7.0838	-1.2456	-0.754896941254214
36.362	-7.0014	-1.1047	-0.218646301232387
20.626	-11.99	-3.1838	-0.257534501350076
37.31	-7.5264	-2.6178	-0.511474507126272
30.671	-0.85242	-6.8893	0.197451703569768
16.859	-12.177	-3.2421	-0.247777921603929
36.905	-4.2578	-0.4808	1.41499216617656
35.511	-1.8353	-5.3157	1.645
21.085	3.772	0.79139	-0.00292087512691005
37.367	-3.737	-1.2535	0.847960905978255
36.651	-7.5829	-1.2475	-1.31740905437389
35.014	-8.2377	-0.58041	-0.555881330908216
36.616	-6.8313	-0.47681	-0.151466395278988
36.201	-2.0957	-4.461	0.00774439887828989
36.759	-7.1446	-0.57465	-1.23758507540037
35.043	-1.2339	-5.4064	1.645
36.334	-6.388	-0.29077	-0.744835805446167
35.239	-3.0074	-0.11223	1.645
33.832	-8.7472	-3.3011	0.554000326772275
29.377	1.7668	-0.97623	-0.255847238303491
36.531	-6.2769	-0.45093	-1.51130176198159
35.735	-6.5504	-5.0381	-0.12032593624538
36.185	-8.2947	-3.287	-1.23309327982572
30.382	1.5907	-0.49021	0.0342279034881524
36.292	-7.3381	-2.103	0.00259681625873267
30.558	0.84485	-0.90212	0.124033015026385
