30.252	-10.709	-4.2735	0.40483805534033
37.784	-3.0457	-3.1938	1.645
35.233	-1.7225	-5.4094	0.39167643812638
36.304	-5.6636	-0.46282	0.135720714424188
34.958	-1.4558	-5.6443	0.987306077644215
35.711	-7.1492	-0.48083	-1.31523846468152
35.577	-2.1617	-5.7207	1.32571862890795
30.384	-1.1125	-6.3906	0.886218219082288
35.662	-6.8765	-0.14067	-1.43198137696857
37.208	-4.7836	-0.79393	-0.117168801893677
35.031	-0.73919	-5.3013	0.744092526393981
30.639	-1.4277	-6.4224	0.9215789646228
30.396	1.5929	-2.7118	-0.443074446332908
37.36	-1.9229	-3.4248	-0.372679047872397
38.053	-4.9272	-3.8114	0.853513840900962
25.215	3.2448	-0.1568	-1.36091222661611
37.946	-3.3618	-3.7233	0.730437105435775
36.345	-3.4584	-0.40195	-1.14569212287654
29.468	1.8323	-1.3242	-0.617826231004667
35.221	-8.5458	-1.1697	-0.335063403108294
37.076	-4.767	-1.1442	-0.640025345310203
38.1	-6.0953	-1.2467	0.489445100823579
37.421	-4.2265	-4.3602	0.261796468317749
37.609	-6.1563	-1.2378	0.511516297854991
29.628	1.4832	-0.091737	-0.395016750262723
30.886	-9.9839	-3.954	-0.848772019830934
36.237	-7.9567	-0.56517	-0.577475210911518
38.043	-6.8756	-1.8666	0.000759462812670564
37.508	-3.0489	-2.1855	0.943322745803017
38.329	-4.7319	-3.6869	0.550064553455184
34.7	-1.2137	-5.6412	1.645
38.1	-3.8544	-2.0497	1.645
35.969	-7.2747	-0.90899	-0.618355718957864
27.088	0.10397	-6.6888	0.319876765622188
37.973	-4.0567	-3.8317	0.578816591480417
27.649	-11.462	-3.5438	-0.41796640121321
35.681	-8.7417	-2.8366	-1.23476884033016
27.506	2.6504	-0.70193	-0.707937190419688
29.352	-10.501	-3.6657	1.645
36.904	-6.9214	-1.6942	-0.431851494401826
35.473	-9.362	-2.7353	1.645
36.27	-3.1772	-4.7845	0.123356324962789
28.019	-0.25125	-6.6692	0.284850906470553
33.485	-9.167	-3.831	-0.255012343991405
34.236	-10.016	-2.8261	1.11741241712502
33.449	-0.6842	-5.706	1.56288168858423
36.817	-3.992	-1.0023	-0.847583381801834
36.439	-2.5243	-2.1194	-0.242696979172282
34.364	-0.084456	-4.3062	1.645
35.596	-0.68966	-4.4515	0.758307957092928
36.24	-2.3286	-1.4169	-0.928304007708688
36.865	-7.6925	-1.6333	-0.202343906883303
37.22	-6.5674	-1.1292	-0.697068133291857
37.897	-4.8967	-1.5729	-0.489011294441674
35.228	-2.001	-3.9949	1.4576370691482
33.384	-0.71081	-6.05	1.645
36.605	-7.0821	-2.621	-1.09519423511373
34.196	-9.5363	-3.2052	0.740637424195342
30.378	-9.9318	-4.0164	-0.132338614704576
35.451	-2.0421	-5.2604	-0.133023877235825
37.029	-6.5279	-1.0449	0.125323144944526
36.22	-7.0306	-1.8249	-1.31574926001292
35.361	-7.6139	-0.68234	-0.533007410273093
37.68	-3.1829	-3.9933	0.7561795090014
34.157	-1.6204	0.0068926	0.645340741978456
37.485	-7.2194	-1.5734	1.5293605876133
36.966	-5.8746	-2.2644	-1.22670929335199
36.318	-6.8931	-3.2431	-1.38740644992962
34.278	-8.7974	-3.7387	0.590927833264426
31.307	-10.824	-3.7747	1.50584552219055
37.731	-4.9146	-1.0312	-0.304978016740013
23.754	-11.761	-3.3614	-0.958038864568962
36.647	-7.5774	-0.80506	-0.799991690560595
37.798	-6.4612	-2.1662	-0.457707233024065
37.754	-3.583	-4.2792	-0.486103121832333
35.975	-7.482	-0.79263	-0.112970114864906
37.505	-6.6685	-2.6847	-1.29829358513117
35.53	-1.198	-4.9193	1.33805820827354
37.23	-3.1353	-2.1204	1.01467127687627
36.382	-2.1964	-0.9519	-0.935457243892159
24.761	3.1961	0.59405	-1.09156310334879
33.85	-8.5339	-4.1833	-0.441451914802098
31.588	-10.845	-3.7152	1.45009899716987
34.348	-1.5875	-5.124	1.15197382541389
35.855	-8.5351	-4.1011	0.340316155555284
35.188	-7.5203	-0.50527	-1.39671246433635
29.408	-0.87213	-6.5897	1.15899084166164
29.318	-10.906	-4.083	-0.205558366842546
36.734	-4.8522	-4.9762	-0.244079010736288
36.425	-0.63911	-3.5397	-0.417880232631145
35.68	-4.0853	-5.459	0.409833972593679
37.21	-7.0648	-0.9211	0.627621678037273
35.97	-1.7404	-1.3486	-0.86170541241362
36.73	-2.8421	-4.3338	-0.545700240585617
35.127	-8.9068	-3.2601	0.376816610833598
34.516	-1.442	0.39769	-0.720193889237177
26.621	-0.41676	-6.7491	-0.0644093821771649
33.447	-0.099584	0.24688	0.394953886121183
35.417	-9.3933	-3.2228	-0.108985582242266
37.061	-6.5184	-1.2337	-0.446333011629585
36.761	-4.0431	-2.5386	0.345975486668217
36.51	-6.2637	-0.54518	-0.47180129711069
36.466	-7.3544	-0.70317	-1.1518500201382
28.861	-2.2487	0.5869	1.645
37.211	-6.4572	-0.88182	-0.531041915156326
37.444	-6.7964	-3.6172	1.645
36.601	-7.2495	-1.0362	-0.414062295555274
27.931	-0.28496	-6.5634	-0.376337607470303
31.618	-10.13	-4.2517	0.169770027867275
36.223	-7.4272	-1.0084	-1.40879079340887
29.629	-10.882	-3.5421	0.595869424024306
29.947	-10.855	-3.69	0.168016594937463
37.298	-6.2867	-4.72	1.645
38.155	-4.6891	-2.4946	0.45941984737064
29.457	-8.1844	-4.6495	0.25890615714419
37.961	-6.4367	-2.1714	0.741320693979576
24.995	-12.011	-3.4335	-1.30279739709566
37.283	-5.6156	0.019012	0.326520084251132
36.059	-5.4499	-1.2052	-0.111848539376657
27.944	-0.12737	-6.92	0.150770249769576
33.895	-8.0079	0.42918	-1.36756930513954
34.547	-9.2514	-3.6529	0.285905737324273
27.474	2.3031	-0.87242	0.634539646571126
36.897	-3.6054	-4.7352	-0.306087124232732
34.858	-0.90232	-5.1763	1.47697180587729
27.282	1.8772	0.36123	-0.767391091152329
26.937	-11.434	-4.0353	-0.697368607676562
34.051	-7.057	-4.9855	-0.410833116749313
36.385	-6.6891	-0.91737	-0.784238790321575
36.707	-6.8401	-1.3848	-1.07163126908487
36.43	-6.2279	-0.72841	-1.18614363268871
37.485	-6.1472	-1.8209	-0.865608512114946
37.336	-4.2892	-1.3951	-0.569610470135416
36.534	-2.8847	-3.859	-0.533700762873564
36.765	-2.6537	-0.90358	-0.853941855745057
38.365	-5.7093	-3.163	-0.749185969625765
26.795	-1.38	0.76789	-0.475160979253468
37.736	-7.0645	-2.0451	-0.490799601360651
27.947	-11.622	-3.3485	-0.659923372785444
29.441	-2.4441	0.42788	-0.269432193910391
34.545	-0.57259	-5.36	1.645
37.192	-7.2199	-0.97104	1.23280783926518
35.643	-1.0173	-4.7475	1.26543198040451
29.467	-10.775	-3.9691	-1.645
36.573	-8.3132	-1.1099	-1.19469520360329
36.38	-6.6055	-0.06572	-0.199569241206673
36.872	-7.3054	-1.1125	-0.527783248435068
31.012	0.82625	-1.0063	-1.29582145443883
33.073	-10.383	-3.0347	0.0840179919818826
33.721	-9.813	-3.1666	0.536166450101386
36.514	-2.8311	-4.6458	-0.418292381616066
26.728	-2.4993	0.37058	-1.06922072620087
35.137	-7.474	-0.47603	-1.11923008055888
33.092	-2.3509	-0.10809	0.494743351667328
30.162	1.0924	-0.59141	-0.29583312165352
35.653	-8.8056	-2.0148	-1.11878646770813
37.55	-2.3992	-4.0514	0.994261301792778
28.167	2.2203	-0.26485	-0.898433369306161
37.262	-7.6743	-2.5575	1.54465798269931
28.68	-0.5989	-6.5866	0.532537560906147
36.82	-6.8749	-0.3813	-0.350597118837249
37.969	-4.1044	-3.9668	-0.895898830511646
27.04	-0.27364	-6.8262	0.0896138209562194
35.876	-2.8084	-4.9303	-0.604087534316709
36.613	-7.1136	-0.79163	-1.03248035732944
29.461	-1.419	0.7187	0.236084422045217
33.343	-10.105	-3.3928	-0.57088162208548
35.407	-6.9301	-1.0617	-1.19769985122345
36.67	-6.252	-0.26205	0.301229486198261
36.115	-6.9508	-0.31193	-0.916907882923305
30.193	1.2549	-0.92182	-0.0966731211313324
36.741	-6.2321	-0.25214	0.263291975215686
35.394	-6.7244	-4.8998	0.802902779023429
35.901	-7.5783	-1.5121	-1.645
36.212	-2.8864	-4.4424	0.751486858990951
36.519	-6.8297	-1.8835	-0.820208357914582
36.757	-4.3829	-1.9128	-0.0853708254735503
37.299	-4.6356	-4.2258	0.624002584219213
36.961	-6.9266	-1.1732	-0.857764487997092
35.464	-9.2253	-3.2972	-0.223926790751385
35.372	-7.55	0.094466	-0.108507121764238
37.434	-3.8318	-1.858	1.645
37.432	-2.5769	-3.2596	-0.674378903723022
35.832	-1.7551	-5.3572	0.712767865518857
34.841	-1.1825	-5.6789	1.49276575668205
35.748	-1.2876	-4.9432	1.645
37.279	-7.3662	-1.4602	-0.689711348666679
33.607	-1.7542	0.66326	0.200938911707073
36.366	-7.7739	-1.273	-1.45771870116566
29.524	1.8227	-0.21233	-0.761137214103009
24.281	-0.95431	1.6062	1.645
37.71	-3.7762	-3.6003	1.00772007693537
37.127	-6.706	-1.4274	-0.177819904058547
37.568	-3.1113	-4.1591	0.339251623580014
36.105	-7.3621	-0.27467	-0.340331190216933
36.68	-3.1089	-0.80076	-0.826733004482937
37.185	-5.435	-1.2468	-1.10388604168147
35.352	-7.529	-3.7597	-1.04200123506426
37.144	-2.5994	-2.8073	1.3389475085545
36.629	-7.321	-0.79914	-0.609067028500479
29.709	-1.2098	-6.7267	1.18931932183649
28.639	-1.7463	0.11451	-0.305948730653581
33.884	-9.4559	-2.2002	0.403604157787829
29.769	-1.6298	0.65782	0.30017099049044
37.081	-2.2684	-3.7777	0.0454563162717664
36.206	-7.2978	-1.6692	-0.761207469318012
25.402	-11.378	-4.1255	-1.44309603189469
37.885	-6.1483	-4.0581	0.58951316949111
31.038	-10.399	-3.8462	1.40133387239612
36.67	-6.0862	-0.60603	-0.141921312913504
34.412	-0.72442	-5.3799	1.645
29.81	-10.35	-3.8864	0.687817964518575
33.106	-8.9881	-4.6548	0.671565098612687
29.473	-0.48085	-6.5681	1.30259818411526
35.74	-1.5646	-5.2828	0.723665949355543
37.574	-2.8168	-1.8882	-0.733695389631668
32.89	0.72047	-2.1587	0.36513941998185
36.778	-6.6332	-1.1096	-0.862006620313864
37.034	-3.681	-5.0419	-0.115932133097782
27.479	-1.1421	0.8687	-0.560987607770505
35.114	-8.5241	-4.0748	0.468195791175755
35.997	-3.0534	-4.6892	-0.207357916718452
36.301	-1.469	-4.8456	0.520073058033574
33.033	0.14127	-0.89016	1.11852752393943
35.769	-1.0613	-4.7791	1.06533665286725
24.668	-11.654	-3.2159	-0.943482387809496
28.566	2.1575	-0.46418	-0.161277490872454
18.476	-11.922	-3.6567	-1.2247061227885
31.902	-10.188	-3.1425	1.0363809159179
35.592	-6.7005	-0.93449	-1.19443937116209
34.055	0.053927	-3.4849	-0.0430351089026767
29.642	-1.2463	-6.7948	1.645
37.359	-2.1066	-3.8716	-0.244969549103498
28.656	-0.89458	-6.9293	0.619236142701251
37.672	-6.7785	-0.78609	-1.06896320383665
35.668	-7.5501	-1.0858	-1.02509675262285
36.261	-6.8152	-1.5389	-1.1051173774105
36.834	-6.7319	-1.2722	-0.820715131893454
36.996	-7.5969	-1.0678	-0.196235168727212
30.542	-6.0829	-5.3952	1.39173245933364
35.304	-0.72865	-1.7241	-0.973013309286786
32.167	-10.434	-3.3169	1.3047806112761
37.241	-6.6798	-1.5083	-0.556140858673871
37.692	-3.8642	-3.9815	-0.255784637732544
36.295	-7.3641	-1.1927	-1.14208549031647
36.177	-1.3727	-4.7834	-0.251393274689756
35.221	-1.4667	-5.6054	1.5582140745732
36.195	-3.0407	-2.149	0.0856081050489859
20.821	-12.156	-3.2601	-0.649978255382382
28.31	-11.059	-4.4058	-0.487061185147547
37.112	-7.4161	-1.9881	-0.722967461876742
35.304	-6.792	-4.5462	1.18211462661082
31.554	1.5166	-0.70294	-1.07815716418192
35.332	-3.4379	0.25797	-0.079115558901674
33.492	-9.8817	-3.9009	-0.0592120049777432
37.411	-6.3305	-1.4893	-0.481253366247449
35.78	-6.7263	-1.6317	-0.161926490950417
33.448	-0.77411	0.15523	1.645
35.375	-5.2242	-0.81239	-0.835220252850571
33.301	-0.8584	-6.2191	1.645
33.996	-0.50546	-3.2843	-0.108888771572694
36.135	-7.0239	-0.50614	-0.862102523041124
35.965	-2.0548	-5.2201	0.21200949653735
36.394	-6.1789	-1.2919	-0.742287610252838
37.406	-4.8724	-2.8986	0.507930825991625
36.04	-7.8278	-3.3901	-0.4939361331341
36.003	-7.4847	-0.98669	-0.300435654446887
37.505	-3.3844	-3.665	1.5854209098319
38.095	-4.4114	-3.0289	-0.585993245213478
28.845	-0.3391	-6.3215	1.645
31.873	1.1603	-1.4668	-0.208756073332263
37.224	-5.958	-1.089	0.601469542206322
37.745	-6.0125	-2.6235	-1.00320611591811
32.761	-10.279	-3.5803	1.2832036039772
35.146	-6.8688	-1.1453	-1.07287498335636
22.237	-11.81	-3.5527	-0.919729577652022
36.309	-1.0166	-2.6914	-0.425243473087227
32.789	-9.4975	-3.0511	1.60840575682607
38.051	-7.0224	-2.7249	0.362645200897644
37.117	-7.0294	-1.3152	-0.849334145780713
29.757	-0.67542	-6.5392	1.645
37.809	-6.3381	-1.42	0.845918979223849
37.268	-4.9914	-0.25184	-0.263604596703039
37.709	-3.5095	-2.5169	1.645
29.359	-1.6151	0.50232	0.140524389361279
35.72	-8.5251	-3.5035	-1.40501857726538
35.965	-1.3746	-5.0021	1.645
36.316	-4.3292	-0.2157	-0.638244950346928
32.677	-8.7274	-4.1685	0.0197647544541373
38.36	-5.3256	-2.9136	-0.293834896999753
36.221	-7.3412	-4.4751	0.446955740873677
34.415	-6.8325	0.075148	-1.50272119813848
28.368	-0.59665	-6.7559	0.165512254644522
36.759	-3.5836	-0.81804	-1.00537087799821
34.095	-9.7839	-3.228	0.925308499764865
37.368	-6.4768	-2.9922	1.23315929778575
37.332	-7.2515	-3.8961	1.01839690677257
35.258	-5.3219	-5.4431	1.21412060190013
36.321	-3.9637	-0.27042	-0.640308092607189
36.03	-6.7396	-2.2656	-1.0295602820124
36.297	-6.6218	-1.3064	0.0636324030381597
36.623	-2.2417	-4.4946	1.17369260279231
30.035	-10.734	-3.8263	-0.815493161489631
36.66	-6.6386	-0.37036	-0.00767028141920078
21.515	-0.27706	1.74	1.645
33.103	-10.306	-3.7632	-0.297206620849062
36.952	-8.0395	-3.7747	-0.856219802939059
22.571	-0.57713	1.5151	-0.245694604412593
37.393	-3.4946	-4.3244	0.349109329592621
29.076	-11.036	-4.0158	0.416831183985555
27.77	-11.555	-3.6482	-0.934511981769268
37.578	-3.8494	-4.4812	-0.204390583274234
37.42	-3.8425	-1.2864	-0.595126186011679
26.936	-1.6129	1.3973	-0.517940634779708
36.112	-7.3194	-0.71772	0.435667078164831
35.791	-7.0583	-0.31701	-0.780595404788532
30.4	-10.876	-4.4696	0.128949716880812
35.159	-1.6508	-5.7185	1.645
36.861	-1.5517	-4.234	0.0163332219706712
26.877	2.3493	0.26303	-1.02791307574643
20.474	-12.495	-3.206	-0.753473773777557
27.177	-2.3797	0.14023	-1.14356661194689
37.496	-2.3662	-2.2257	-0.503339840648849
34.893	-8.2576	-0.2879	-0.562094360608955
26.716	-11.636	-3.9302	-0.744811954415371
34.889	-7.5416	-4.5362	-0.460797472289898
36.442	-8.308	-1.1302	-1.45910176973898
35.773	-7.8802	-0.81617	-1.3506034610954
37.317	-6.8573	-3.3818	-0.534523605889559
36.102	-3.0749	-5.1304	0.334777901125699
37.105	-2.5589	-3.5756	-0.47377198477274
25.809	-11.625	-3.7767	-1.46919755221468
31.857	1.6245	-3.1076	0.408177086075255
26.788	-1.3344	0.7076	-0.490784541001465
37.049	-6.6954	-1.5441	-0.768734342719324
30.72	1.4517	-0.34053	-0.861676546049053
27.045	2.3681	0.63953	-0.58284803135332
20.617	-0.3175	1.6639	1.645
37.887	-5.396	-1.5637	-0.289850558237722
37.858	-5.3791	-3.9756	0.912944267363708
37.652	-4.4151	-4.0434	-0.259628285491138
29.685	-10.994	-2.7076	0.185538564051411
33.751	-10.254	-2.9882	0.276339753422461
33.908	-0.57427	-1.1263	-0.33525923966216
36.426	-7.9875	-4.213	0.943301352748691
33.919	-7.0507	-5.0645	0.0457731080164467
37.54	-3.8517	-4.3804	0.396327800831939
35.577	-1.6453	-5.4049	0.381745272482875
38.032	-3.8433	-2.5224	0.711451565187095
26.259	-0.18253	-7.0548	0.15368571407339
35.993	-7.0808	-1.3785	-0.466332410457429
34.187	-1.4715	-5.6999	1.38900919964998
38.371	-4.863	-2.051	-0.732376843848842
36.918	-7.5758	-1.5006	-0.503237765497221
36.473	-1.6404	-4.767	-0.0639177258516607
28.657	-0.49517	-6.6234	0.326763025046685
36.394	-7.593	-0.62675	-1.49274898179937
36.478	-7.1979	-2.0881	-1.04714651322067
35.184	-9.2901	-3.1965	0.771289748246023
33.753	-9.4761	-3.5559	1.645
38.074	-4.3028	-2.4632	0.387217812536458
36.292	-2.6554	-4.4174	-0.727730839223524
37.272	-6.8375	-1.1314	-0.353263495322006
33.715	-9.6432	-2.123	-0.546218318650206
35.237	-0.69076	-4.8874	1.645
24.414	-12.142	-3.2013	-0.533956801082656
37.569	-6.5148	-1.4642	0.666514762181024
36.96	-6.9343	-1.0159	0.0510532197060463
37.294	-1.9809	-3.4145	-0.903480682530031
37.737	-6.611	-1.2513	-0.397807967643556
37.08	-2.6979	-1.4846	-1.24495227699363
37.508	-7.0244	-1.8393	-0.555635836265386
37.038	-4.3294	-1.0892	-0.614089717986707
34.492	-7.3364	0.24994	-1.56843120804068
27.619	-11.723	-3.0238	-0.605849099347507
37.109	-7.0105	-0.90472	0.0952593594973205
33.954	-0.85081	-5.874	1.09910926609256
25.499	-1.9116	0.89186	0.0575354345187854
33.203	-10.02	-3.7952	0.853807164158638
36.949	-4.5689	-2.2549	0.873202014048251
38.43	-6.1105	-2.4777	-0.686052699947881
36.281	-7.2612	-1.4428	-1.06964354940396
36.205	-2.6511	-0.80731	-0.414097487791916
31.294	-7.8077	-4.7166	0.710739973192571
28.036	-0.32208	-6.6729	-0.116149689119254
37.033	-2.5461	-1.0928	-1.17539356339471
33.627	-10.262	-3.7998	-1.3606893370511
28.89	2.0927	-0.92713	-0.832554860679126
36.811	-6.4165	0.35144	-0.101283624809768
37.011	-5.9559	-0.4383	0.234297955667006
38.201	-3.9247	-2.182	0.620748775381175
36.854	-3.5895	-4.6313	-0.691648413832972
37.373	-6.9962	-0.69014	0.753034638625387
38.149	-5.5533	-1.2842	0.590782757518245
36.144	-2.2189	-1.1147	-0.79827901812082
35.14	-0.37334	-2.7565	-0.702672736755975
36.902	-7.0363	-0.65284	0.362720152212298
36.446	-6.3734	-4.8093	0.959876991167783
36.044	-8.7182	-2.4083	-1.24586017959735
34.719	-9.8405	-3.3063	1.645
36.437	-3.6993	-4.3082	0.744844002809458
34.532	-1.6199	-5.9276	0.879646405726095
24.371	-1.4143	1.2245	1.645
27.162	-11.286	-4.1317	-0.994075130265853
35.233	-8.8871	-3.1131	-0.481872113522495
34.886	-6.2481	-5.5571	1.03491885104531
34.45	-9.2067	-3.1109	0.373433186671199
35.822	-6.391	-2.1782	-0.892746185630988
35.733	-1.9219	-0.14499	-0.729227279619615
35.874	-8.6177	-1.8043	-0.872421944902705
34.192	-8.3314	-3.5638	0.3349394363177
37.948	-6.3604	-1.6608	-0.560673383645239
35.228	-8.4952	-3.2171	-0.673602339146025
34.806	-6.9562	-0.62806	-1.42777440144081
26.345	-1.1055	0.5634	0.543832285259773
25.296	-0.72466	1.6146	0.412761722401521
37.422	-3.4628	-2.3274	1.34434976556509
28.048	-11.488	-4.1721	0.0201773853977005
37.105	-3.6061	-4.5524	0.363583060064461
36.419	-6.6899	-0.5559	-0.76572500458255
35.34	-2.5809	-4.242	-0.320121961675901
33.407	-9.7397	-3.9947	0.477175019009776
32.896	-9.6574	-3.1526	1.645
36.359	-7.4549	-1.0004	-1.57907810003846
35.12	-1.2742	-2.8903	0.59623365881738
37.498	-3.5547	-4.4466	-0.311613751143638
36.054	-7.6498	-0.76852	0.107260033454899
37.167	-6.6659	-1.13	0.535977208877844
37.129	-4.2692	-2.0975	0.329648303340208
36.978	-1.6567	-1.9199	-1.11292209972207
29.606	1.5715	-0.54431	-0.601843021307892
33.643	-1.3637	-2.5897	-0.268769025089978
34.789	-7.3388	-0.54573	-1.19645048158941
28.725	1.7036	-0.72164	-0.256623294844484
24.712	2.8802	0.58317	-1.23804859659009
36.593	-5.8661	-0.6886	0.205373636935122
36.284	-1.8405	-5.0251	-0.666440107575228
29.893	-1.3723	-6.5831	1.02605586789751
36.546	-7.4554	-1.1895	-0.611428883564465
35.946	-6.5489	-1.2203	-0.52662679935807
36.537	-6.8783	-1.0337	-0.543833173339329
20.317	-12.541	-3.2969	-0.490360744805064
34.361	-1.276	-5.9627	1.645
37.923	-3.705	-3.5402	0.474724461023446
37.259	-3.0075	-4.4835	1.62426253394683
37.096	-3.0514	-4.6541	0.439997867996058
34.849	-9.695	-3.414	1.35359343993559
38.398	-5.8134	-1.1318	-0.306184002161422
24.003	0.13853	1.4663	0.569973374132495
37.122	-3.4666	-4.8168	1.645
36.732	-7.2218	-0.73825	-0.388132555080302
33.778	-8.1256	-0.58235	-1.22945548215949
31.849	-10.422	-3.1593	0.917605940241072
37.14	-3.9296	-2.3872	0.234518947754825
36.72	-6.1892	-0.64828	-0.668301869294336
36.229	-7.0194	-0.57746	-1.05733322054576
31.782	-10.612	-2.5976	1.43758439606307
33.339	-3.0923	-1.8954	1.645
31.845	1.0033	-1.1008	-0.905489776440878
34.623	-7.9058	-0.21977	-1.42733455381938
36.82	-6.9642	-1.231	-0.0465838143190797
38.141	-4.2786	-2.7783	0.330197078284279
36.231	-6.2373	-5.1256	1.645
36.289	-2.5821	-5.4333	0.63672993568715
37.38	-3.0814	-1.6637	-0.637103634926991
35.425	-1.3523	-5.359	1.645
35.754	-8.7903	-3.0805	-1.51421035272608
36.588	-2.8971	-0.65573	-1.15379820468385
28.461	0.98628	0.17033	-0.113786135554978
36.185	-1.9151	-5.1717	-0.0143677486464484
36.577	-3.213	-5.146	-0.0845935369849316
36.786	-8.3038	-2.0017	0.020046038252053
37.997	-4.8692	-1.9471	-0.237471979865209
37.103	-6.7509	-1.4273	-0.86551077016893
38.09	-4.6696	-3.7878	1.645
25.277	-1.3055	1.488	0.649763329138988
36.099	-2.2894	-4.5739	0.999310541045274
31.698	-1.481	-6.3148	1.645
37.265	-6.8089	-1.3866	-0.168217664411887
32.951	-2.1329	0.73755	0.72938893093783
35.127	-9.5065	-3.6642	1.645
36.16	-6.4134	-0.87063	-0.669277058265277
37.729	-4.9993	-4.3855	-0.20221538653677
32.13	-10.432	-3.3767	1.3236746910756
37.573	-3.3045	-2.1576	0.493379641084393
37.755	-3.5724	-3.9847	1.18426188273533
37.348	-6.6439	-1.5268	-0.793523967825292
37.925	-7.2268	-2.1791	-0.538837055129001
36.177	-1.8567	-5.0243	0.0705070913018391
37.795	-6.7263	-1.3088	0.531053522893052
31.65	0.84958	-1.5053	-1.21578813891754
36.07	-7.6448	-1.1824	-0.822101170971381
22.184	-12.39	-2.6067	-0.811613656257128
30.247	-10.532	-3.9948	-1.48608587055804
37.393	-6.592	-1.4972	-0.988222589756594
37.554	-2.4907	-3.7862	1.645
37.201	-7.6178	-1.6684	0.384945597655263
30.283	-1.7556	-6.5862	0.996444824781989
25.356	-12.145	-2.9767	-0.356319703800892
35.172	-5.0249	-0.59907	-0.561029079972946
37.305	-7.1596	-1.4898	-0.174017910940894
35.947	-3.498	-4.6138	0.96785876638345
33.207	-10.28	-2.8261	-0.668306148755427
28.016	2.2856	-0.45016	-0.739450755094007
22.195	-0.52443	1.9394	0.334946228556965
35.802	-9.2502	-3.1529	0.494546724970012
36.956	-7.4289	-1.0991	0.085848920754373
38.171	-4.4907	-2.327	0.308890690156195
36.092	-7.0394	-3.7643	-1.06035260916455
26.98	-11.301	-3.1408	-0.894490312622832
35.669	-5.378	-5.4118	1.645
34.864	-0.4048	-2.0771	0.00164456696756065
36.613	-7.0288	-0.34779	-0.446157703411356
31.329	-9.8618	-4.0712	0.496275305441257
36.769	-3.844	-5.1959	-0.475100074908311
30.827	-10.451	-4.0079	1.645
37.061	-7.7577	-3.156	-0.589023967657635
34.483	-1.1037	-5.7561	1.59463747900547
35.73	-7.9709	-0.66978	-0.761463381007888
26.612	-11.577	-3.6266	-1.05158556044352
36.745	-7.1831	-2.3689	-0.548211013149708
31.359	1.2267	-0.79001	-1.40169232143079
34.084	-5.1555	-0.37926	-0.62200883838766
38.29	-5.6387	-2.4153	-0.211995568874793
22.106	0.18732	1.8667	0.165096152146448
35.735	-6.692	-0.29731	-0.900517182425898
17.095	-12.321	-2.8753	-0.651688988659716
36.501	-6.4825	-0.69156	-0.675900714830423
26.577	2.4753	-0.54886	-1.347084400697
37.219	-2.0424	-2.5208	-1.01997934565107
36.172	-0.92643	-4.2247	-0.0886496450290225
37.095	-4.2397	-4.9509	0.775310785733523
33.674	-1.1195	0.1615	0.230279802983731
36.517	-7.0275	-0.29672	-0.700692631029504
31.972	-10.291	-4.3015	0.798979517911426
37.138	-4.5323	-4.5154	0.432389698760366
32.883	-8.6579	-4.8132	0.682471037608408
33.946	0.48495	-2.0193	0.118712797901585
33.226	-8.1007	-3.0252	-0.0529147256308012
36.037	-8.4397	-2.6454	-0.212757270332402
32.196	-1.6907	0.61627	0.519815284163376
27.763	-0.19828	-6.7383	-0.483385221308996
36.339	-6.8364	-0.98471	-0.432908995483898
32.65	-0.74971	-6.2361	1.645
36.261	-2.6379	-4.6789	-0.801256786070678
35.636	-9.2272	-3.3149	-0.447319616270137
37.07	-2.1273	-3.4271	0.546329059365222
36.04	-8.1498	-3.5092	-0.436324492953213
37.255	-6.7602	-0.97143	0.281086157229119
33.652	-9.6058	-2.9365	-0.105330881398486
35.983	-8.1255	-2.4158	-1.26374910848528
34.944	-8.9841	-4.1297	0.313975174151841
33.04	0.80558	-4.2231	1.07298889809489
37.059	-7.1464	-0.47755	-0.827531680530037
35.629	-9.285	-3.1762	0.779567211595373
37.101	-2.5892	-4.5559	-0.172423246516794
33.365	0.518	-1.5642	0.0884845103948158
37.799	-3.4383	-3.9197	0.554094802332612
37.502	-6.2755	-1.1577	0.778687154236805
37.352	-7.3788	-1.6396	-0.443104676972657
34.537	-0.89781	-0.21511	0.48710051204822
34.933	-9.2861	-1.8374	-0.611130403038003
34.882	-6.9392	-0.59267	-1.29112434719756
28.051	-11.463	-3.9954	1.645
38.583	-5.346	-2.3082	-0.242976519085196
35.765	-2.3939	-5.2168	0.354555324756879
35.587	-2.51	-0.4416	-0.773477987362088
37.18	-7.2877	-2.0295	-0.392770434538454
36.955	-6.6936	-0.62468	-0.00572920416384074
33.145	0.72644	-3.0346	0.0950962398444636
36.358	-1.9963	-3.3979	-0.49356768079273
35.264	-7.1588	-0.50919	-1.32528381076184
34.658	-0.62976	-5.3143	1.645
36.36	-2.2355	-0.98092	0.00577397282766822
36.834	-7.6649	-2.6837	-0.89551162552084
21.132	-1.0722	1.3773	1.645
13.152	-11.939	-3.2046	-0.931551326878802
36.426	-6.7145	-0.56541	-0.835178142257143
36.807	-6.8513	-1.4331	-0.981353471167287
36.444	-7.3508	-0.80357	-0.933864609130117
35.638	-1.1759	-3.9446	0.119462027679996
27.737	-11.284	-3.2202	-0.688057382335182
36.113	-7.5229	-1.1566	-1.24100953037043
34.689	-0.28268	-3.6521	0.522989968996401
37.379	-3.6702	-0.92475	-0.512804221927251
38.099	-4.1749	-2.0066	-0.336295700227495
38.276	-3.9029	-2.2387	1.41624770672877
35.502	-5.9782	-1.6541	-0.744397532542218
36.584	-6.9242	-0.77023	-0.65220843789391
35.672	-1.7917	-5.3377	1.25930806143532
36.752	-3.5477	-2.6273	1.645
34.205	-9.6351	-2.6179	-0.0228582612668906
36.673	-7.7313	-1.7312	0.274687214175564
34.93	-7.4385	0.28604	-1.44969353412979
36.492	-7.1408	-1.0361	-0.950323166734427
37.788	-4.174	-1.7582	-0.432826429431565
36.965	-3.0487	-1.9398	1.42591707395511
38.23	-4.9132	-3.4835	-0.0343615574086399
36.663	-3.1631	-0.3802	-1.4052351023185
33.099	0.055081	-5.2592	0.874685675645277
31.239	-10.563	-3.4322	1.06328781543201
35.881	-1.4853	-5.1216	1.215986297463
33.57	-8.7984	-2.8098	1.645
37.128	-7.3755	-1.516	0.185976662859813
33.552	-9.7298	-1.7604	0.564095813416638
35.169	-9.4052	-2.0994	0.862666380737915
33.728	-7.5046	-4.2941	0.72033834440588
31.148	1.1191	-1.7657	-0.782535507990232
36.1	-5.7452	-0.9397	-0.478443689586665
14.2	-12.25	-2.7913	-0.929640680442658
33.449	-0.70302	-0.86649	-0.444986018479393
36.735	-2.0513	-4.5974	-0.117946288568209
37.97	-6.9158	-1.8538	-0.303991722345301
37.271	-6.6982	-1.6293	0.315302371643643
36.379	-3.7123	-1.4074	-0.60378301846616
24.282	-11.844	-3.4144	-1.00587294738428
36.613	-3.0796	-0.94265	-0.412157322763579
35.771	-6.6465	-1.0204	-0.849238246471392
29.6	1.593	-1.8446	-0.391477736930106
37.883	-2.6633	-2.9858	0.166782420174127
31.258	-10.897	-3.3516	0.684872224035162
28.835	-0.9672	-6.622	0.242352986304787
26.632	-11.363	-3.9523	-0.668798866972389
34.045	-9.3825	-2.7884	1.14259994459352
36.668	-5.7643	-0.36006	-0.196727336270733
33.156	0.051677	-0.95287	0.274267993361905
33.764	-0.71277	-5.7633	1.645
35.295	-7.3557	-2.6164	-0.172831921273559
34.803	-7.3818	-0.18694	-1.34960912654957
34.462	-9.6263	-2.7398	-0.490720734851207
35.186	-7.3743	-0.73991	-1.43776531755118
36.568	-6.7341	-0.43936	-0.137149226714887
37.311	-7.1319	-2.484	-0.775449995402105
24.603	3.0977	0.72789	-1.18804658865735
30.903	0.73487	-0.78254	-1.25589268259443
36.998	-6.8792	-0.55387	-0.309443334239823
33.493	-0.10664	-5.5756	1.50083082989428
38.411	-5.9434	-2.5654	-0.693409253937126
23.875	-11.581	-3.7265	-0.631962527240365
31.882	0.099737	0.85538	-0.355464483441068
31.935	-9.6442	-3.1092	1.2174367350454
26.959	-11.641	-3.4896	-1.5012145145009
27.536	2.4938	-0.31686	-0.805725765913009
37.244	-6.5933	-1.2809	-0.358187649577425
29.127	1.8274	-0.60295	-0.687247044042095
37.126	-1.7498	-4.0023	-0.71054263589803
37.964	-6.7002	-1.5893	-0.365941642796812
29.648	-0.84476	0.71673	-0.296548173281044
37.316	-6.1483	-0.43037	0.621865363618315
37.077	-7.9142	-1.4075	-0.235607177561132
33.288	-0.28058	-5.9272	1.4917230878329
35.647	-8.0758	-4.3618	-1.22182125872752
36.307	-7.1819	-0.72469	-0.465902045086689
37.012	-7.3768	-2.6185	-0.518289073952595
29.6	-10.915	-3.8914	-1.12937032316389
37.241	-3.7254	-1.2785	-0.722160975235487
36.381	-6.3235	-0.97449	-0.856049519206637
38.228	-5.9979	-2.4075	-1.21330480092749
29.683	2.3099	-1.5653	-0.540018092049381
36.092	-3.3609	-0.37577	-0.582697395081637
36.459	-2.2777	-4.9212	-0.360814798584927
26.628	-11.465	-3.5706	-1.4222269400794
37.597	-4.7139	-4.268	1.13952911816078
37.638	-2.9456	-1.7393	-0.180339379222852
36.825	-5.2081	-2.5948	-0.933846558384108
37.001	-3.1956	-1.9825	1.59496153614799
35.376	-7.6203	-0.86273	-1.08397703932957
29.737	-10.997	-3.7093	1.645
36.646	-6.9621	-4.4572	1.22028641169929
35.599	-6.7579	-0.15719	-1.32646362766092
31.82	-1.1205	-6.6025	1.38495935497848
36.406	-3.0178	-1.5552	-0.316291950536215
33.897	-9.3231	-3.4479	0.607380958358824
32.105	-1.7627	-0.10838	1.645
36.277	-7.249	-0.71106	0.84071751699342
36.737	-5.862	-0.77037	-0.114287565070907
36.388	-6.8777	-0.40505	-0.629884030913629
37.261	-2.7718	-4.19	0.998600081123433
31.621	1.471	-2.1952	-0.564231681836554
37.684	-3.9188	-3.9944	0.0886685871929465
24.924	3.2424	0.63254	-1.26921614738
35.866	-3.3966	-1.9231	-0.0519008023551015
27.767	2.2237	-0.43318	-0.795711377990828
35.011	-9.3326	-3.6961	1.57621487032154
36.754	-3.0007	-4.6999	1.19429200873531
28.246	-11.364	-3.9274	-0.552385433580675
28.058	-0.40419	-6.5521	0.15331062159961
36.427	-6.7942	-0.72939	-0.387903868054679
38.176	-3.9397	-2.3623	1.0737048689138
31.848	-10.514	-3.7276	-0.0367514995072006
32.421	-9.9028	-3.8736	1.6360652497605
37.445	-4.4388	-3.7318	-0.270486123885092
35.951	-1.7764	-5.2628	0.194509854338905
35.052	-2.3438	-0.25459	-0.499009860346531
37.046	-6.6266	-1.4054	-0.686519435964096
35.805	-0.27107	-3.7675	1.0642050376013
37.018	-2.1404	-3.4635	-0.554864487119534
29.485	-11.04	-4.0291	-1.48191827980048
34.963	-0.91573	-4.2992	0.395130965191619
35	-8.9277	-3.0689	0.586729442020648
37.03	-6.9054	-0.89318	0.902372951132211
36.998	-6.6701	-0.68066	0.0226049127408938
28.959	-10.732	-3.9835	0.436239976859097
28.796	2.6423	-1.0447	-0.297135376950183
35.607	-1.8209	-5.5017	1.21655693105576
29.049	2.1374	-1.2587	-0.886884876688204
36.564	-7.3469	-0.8169	-1.1965076183788
37.58	-5.6603	-2.0723	-0.62060418884983
31.865	0.77388	-1.3397	-1.23173612728729
29.143	-1.0016	-6.5471	0.671238702486756
27.258	0.22043	-6.3336	0.524962810017198
35.159	-8.7272	-4.1003	0.0405156253878813
35.815	-7.8946	-0.37288	1.645
37.493	-3.1652	-4.0554	1.645
36.963	-3.5361	-2.5995	1.63661252732158
37.393	-5.8686	-0.98026	-0.0497807260937514
37.813	-3.2192	-2.0258	0.478892662107223
37.005	-7.4155	-1.2923	-0.728357841665294
36.678	-7.6703	-1.4146	-1.10895218083229
36.409	-6.576	-1.957	-0.726755161060072
36.077	-2.6253	-4.9514	-0.348969064023956
36.243	-3.5794	-0.21717	-0.399343620687905
36.026	-6.626	-0.1023	-1.10733672262778
36.241	-3.1487	-1.2023	-0.835676064346101
26.151	2.5267	-0.32816	-0.797937455063072
37.961	-4.5137	-3.6152	0.959372017246933
34.751	-2.076	-4.7894	0.506471674592883
35.408	-1.3801	-5.2085	1.645
31.983	-8.192	0.43924	-1.36220683642667
37.348	-4.3808	-3.4643	1.59351456471189
25.224	-11.867	-3.7074	-1.42056892880425
29.185	-1.0694	-6.7569	1.645
34.119	-1.5572	-3.3554	-0.850970664410486
35.665	-1.1446	-3.4708	-0.455905437080462
37.853	-6.0901	-2.2477	-0.576183710812209
36.103	-2.9022	-4.7952	-0.710576617243949
36.835	-3.5596	-0.94827	-0.844513035409304
36.17	-7.445	-0.85062	-1.30033942705524
26.906	2.3831	-0.26394	-1.23411454916379
36.06	-7.5642	-0.4854	0.211913480249184
37.14	-4.964	-4.1295	1.52461309417672
36.254	-2.536	-4.605	-0.200756184531085
37.401	-2.788	-4.0256	0.806952498014797
36.424	-7.281	-0.91605	-1.53309340816247
35.811	-7.1054	-0.26252	-1.26332402014149
35.131	-7.9391	-1.5386	-1.16630552436807
36.196	-2.2167	-5.2777	-0.163172243710044
35.143	-3.4181	-0.3143	-0.365276310929041
35.111	-2.7285	-5.6907	0.417530934766922
38.008	-3.2008	-3.5752	-0.251020348492586
35.136	-0.6424	-1.0237	-0.726157666942282
35.689	-6.7757	-2.8578	-1.11626346094716
29.713	-1.3836	0.57155	0.515543377793515
30.906	-10.083	-3.4443	1.645
34.883	-4.4287	-1.5223	-0.200468777571813
38.086	-4.8205	-3.8928	0.782841784891318
37.501	-3.63	-3.2459	1.2277780386677
35.843	-6.6108	-1.5401	-0.318635540053495
31.505	-10.677	-3.5357	1.14474908970835
37.16	-6.6232	-0.7396	0.270378902147024
36.42	-7.2465	-0.79641	-0.534212119106667
31.917	-9.7447	-4.6294	0.765276863268741
37.031	-6.9763	-1.0374	-0.218336321742679
38.265	-5.2641	-1.6418	0.201848802485487
37.023	-7.7618	-3.0738	-0.691071257269198
35.848	-8.0086	-0.74692	-0.959330407312014
37.359	-3.4721	-4.3656	1.645
37.919	-4.1884	-3.3612	0.456791994700028
31.151	-10.386	-3.707	1.07443428481048
37.056	-2.086	-4.1943	-0.509350573336864
38.006	-4.5622	-1.6132	-0.033240629919494
36.625	-3.1859	-5.035	-0.0903254195656243
22.994	0.17768	1.5887	-0.291249021736198
37.974	-3.5713	-2.2629	0.743900865789114
35.991	-7.1105	-0.27884	0.0141877796028794
34.046	-7.7115	-0.99998	-1.22762048324084
28.049	-10.987	-4.007	-0.986156800589389
24.626	2.8702	0.65734	-1.16257450447037
35.883	-6.8386	-4.8344	0.505327679450036
36.537	-6.301	-1.1695	0.675821298529616
36.684	-6.916	-0.54257	-0.658586484534301
36.131	-6.7703	-0.6249	-0.869170800654624
36.721	-7.1728	-1.6014	-0.855460958544568
36.291	-3.2826	-5.4975	1.11199400026179
37.998	-6.5588	-1.1578	-0.263133983975715
37.407	-3.279	-1.2402	-0.414162182773348
34.719	-0.76652	-0.38087	0.834657427942116
24.667	-11.97	-3.4268	-0.513311570136895
36.562	-7.8558	-2.4601	-0.809269512452238
34.523	-6.4037	-5.2684	-0.0307022096672024
36.344	-2.7243	-5.0541	0.44579780468586
28.704	-1.2358	0.73461	-0.357918146505631
35.112	-8.381	-1.5627	-1.15334199034
36.561	-8.08	-2.507	-1.3627946494102
29.101	1.8205	-1.2912	-1.08071126231245
35.878	-8.1252	-1.6888	-0.595941998394439
33.057	0.84632	-2.7147	1.19020937678125
33.546	-0.34527	-5.445	1.25785393593109
31.882	-0.57295	-5.8092	1.57554004684548
24.91	-11.954	-3.5912	-0.607431048056475
38.382	-5.4187	-2.2298	-0.475989959637017
35.342	-0.84757	-4.9727	1.645
34.619	-5.6944	-5.4814	-0.296207936255466
36.436	-7.5013	-0.96146	-0.952482509899436
37.02	-3.3083	-1.0167	-0.313192768987986
34.806	-8.8901	-2.973	0.323795597829537
34.347	-0.98887	-5.2431	1.03305554033198
32.922	-10.36	-3.0592	-0.0280299638244515
37.436	-2.0099	-3.387	0.903401909678371
27.802	-0.52154	-6.6001	-0.265605504724295
36.324	-7.7981	-3.4379	-1.2179047176422
33.436	-1.2899	-6.2745	1.645
33.177	-9.7487	-2.9992	1.645
27.274	2.4161	-0.10539	-1.00129462845951
25.93	-1.2025	0.87789	0.245909196839014
36.272	-2.8487	-4.1937	-0.542735872974909
37.157	-2.2965	-4.1908	0.0825109062136754
30.682	1.0168	-1.2092	-1.17365283918807
34.541	-2.8555	-1.6681	-0.874508205063231
33.291	0.40457	-1.8331	0.345724441267968
37.406	-4.0066	-3.9598	-0.62308636768982
24.997	-0.66669	1.1359	0.641163370930626
36.12	-6.4143	-1.0835	-0.579060956042762
34.659	-1.9863	-5.9829	0.608721426277954
36.488	-7.3251	-2.3262	-0.537013873943817
27.032	-11.414	-3.9168	-1.22436508122697
33.231	0.16905	-5.6528	1.57418805090909
35.542	-6.5946	-1.1652	-0.899223941287635
36.53	-7.222	-1.5122	-0.811059807943803
35.769	-1.7993	-5.2612	-0.020878040098313
35.546	-8.9878	-2.0374	-1.04141520654035
36.791	-7.3313	-1.4707	-0.766736255412052
29.891	1.399	-0.59674	-0.30275840516801
35.835	-5.3318	-5.5868	-0.120568173206469
28.257	-0.68969	-6.8239	0.535435577103488
37.377	-6.8635	-1.8859	-0.525378666386585
27.464	-11.751	-2.8039	-0.290773866258185
28.168	-0.41404	-6.7192	0.275701333311218
37.75	-4.869	-1.3026	-0.72980692195915
35.944	-7.7459	-1.3209	-1.34785224588523
38.082	-5.3314	-2.1137	0.0439940343652234
33.007	0.29962	-0.29684	-0.308550976727023
38.541	-5.8464	-3.3132	-1.1041890145138
36.802	-7.1285	-0.91854	-0.344706762481494
37.28	-2.8613	-4.4514	0.100743097680115
27.788	-0.7983	-6.5807	0.141541941867402
29.504	-10.993	-3.853	1.29056354021387
30.43	-10.246	-3.9492	-1.3472849608079
35.675	-7.1694	-0.86933	-1.45159064093702
37.326	-5.6839	-4.4112	1.645
36.829	-3.054	-4.6771	-0.433458132789807
37.127	-7.6054	-3.972	0.26614650763474
32.465	0.75286	-1.4389	-1.30054311481748
33.046	-8.5364	-0.65937	-1.32300760454461
32.73	-10.178	-2.8586	0.182603935966629
34.579	-9.3204	-3.3467	0.0479369980054837
33.708	-1.6614	0.33322	-0.752579766826809
37.264	-6.7331	-1.3042	-0.976120868386586
33.378	-9.128	-3.986	0.137274552051803
36.682	-6.2436	-0.22291	0.0964113556871345
30.821	-10.162	-3.2975	0.445406660687491
36.51	-8.369	-3.6788	-0.509275753214643
24.884	-12.03	-3.7199	-0.886100143442698
35.633	-2.7754	-0.42644	-0.873535712266098
36.718	-6.6751	-0.98773	-0.738515728025918
35.556	-2.9167	-0.96308	-0.490687899290389
27.416	-11.642	-3.608	-0.500706600264028
35.042	-7.5012	-4.9165	0.625758879943602
37.034	-2.7736	-2.7544	1.35378741565688
37.879	-3.3745	-3.9897	0.0129988888279902
28.693	1.9418	-0.84665	-1.17539795074237
36.863	-4.6665	-0.57369	-0.377850020968501
37.196	-2.9731	-1.8959	-0.185260940735154
28.874	-11.12	-4.0281	-1.57151476671964
37.449	-6.7361	-1.3597	-0.952203184325722
35.503	-6.2815	0.51715	-0.296246283524212
24.869	-11.715	-3.337	-1.08188083986997
37.136	-6.9179	-0.88602	0.252818835319134
37.548	-3.7864	-2.5541	1.645
36.034	-7.4432	-0.97491	-1.5685322937615
37.937	-4.7004	-4.0766	0.348619125105787
35.013	-1.0942	-0.74452	-1.18249482029595
37.172	-5.7699	-2.3884	-0.804708724855474
37.69	-2.9721	-2.3396	1.37035743745757
36.99	-7.0988	-1.0916	-0.282209073892378
32.325	-6.7771	-5.2843	1.01093001021939
36.596	-8.2474	-2.108	-1.08078674194432
34.624	-9.1756	-3.8766	0.793380822229981
36.626	-3.6918	-0.73483	-1.12058719649835
36.301	-7.5684	-2.2311	-1.08274592512159
35.615	-2.2489	-4.7724	0.290427460727518
37.742	-5.3859	-2.9074	1.62829283904746
36.329	-1.779	-4.8389	0.274434925861071
33.853	-7.9412	-4.2012	0.26966128944416
36.495	-7.6701	-0.95526	-0.975796122336909
32.664	-10.854	-2.59	1.645
34.45	-0.82641	-5.3395	1.21796727898115
31.683	-1.2044	1.0754	0.0111934017659968
36.139	-7.2369	-0.64364	0.31664135877182
37.14	-3.0531	-2.5682	1.645
37.645	-3.0373	-2.7639	0.132052985197284
33.42	-1.847	-0.09335	0.676242695243844
25.808	2.4843	0.20229	-1.44506676887165
36.558	-3.477	-0.7264	-1.48957045361127
37.076	-2.1343	-2.4981	-0.681627135623597
37.295	-3.7665	-1.2328	-0.58001560166696
36.868	-7.3659	-3.4925	1.03867684702636
25.14	-11.017	-4.1427	-1.10048616983797
37.662	-2.5526	-3.9957	0.554532415661799
37.251	-3.3098	-4.4526	0.111884977659937
38.169	-4.0381	-2.3338	0.879035289226675
32.388	-10.109	-3.1943	1.50035864831589
34.469	-3.1586	0.16337	-1.0471186568571
36.915	-7.9132	-1.4713	-0.673862948994369
28.759	-11.084	-4.2342	-1.645
29.454	-1.0348	-6.7118	1.35269859237323
36.981	-6.4968	-1.3048	-0.014825105692121
23.9	3.4724	0.17699	-1.47784346946669
36.503	-3.0435	-4.7703	-0.628445119669261
31.809	-9.8667	-4.0254	-0.572420588143921
36.414	-2.6558	-5.1461	0.437785752767393
37.586	-5.8647	-1.1041	-0.531083654127036
35.487	-7.1229	-0.32773	-1.13332277964451
27.695	2.5926	-0.75992	-0.724808708534643
36.496	-7.1131	-0.84695	-0.769554568056864
36.57	-1.9504	-4.6956	-0.168243246209515
37.89	-3.3009	-2.8666	0.575446915547594
35.773	-3.3263	-5.1052	0.222941771537775
36.89	-5.1349	-4.9182	-0.158595923750172
36.339	-7.668	-3.0652	-1.20211290109796
37.425	-4.7946	-3.5831	1.10122592438653
36.89	-7.2192	-1.1222	-0.886506317447713
36.973	-4.4217	-0.99545	-0.831157435329471
18.117	-12.427	-2.7497	-1.1222580731755
28.914	1.9943	-0.15523	-0.493537999430525
35.884	-6.3224	-0.51641	-0.899082156071577
22.895	-11.764	-3.655	-0.77028251869468
29.674	1.9213	-1.1953	-0.838670409602471
34.349	-1.3018	-5.8695	1.645
33.373	-6.1595	-5.613	-0.418195424812692
36.107	-8.3833	-3.8955	-0.522386848567452
33.708	-6.1344	-5.2625	-0.0388449886051302
25.941	-0.49807	1.7601	0.258362456949625
24.148	-11.976	-3.5319	-0.241774261559716
35.762	-2.4738	-4.9674	0.373968190261402
34.387	-0.70831	-5.5504	1.645
37.663	-3.1052	-2.6371	0.410463433119559
37.474	-3.0541	-2.0965	0.0717845886507884
33.383	-10.034	-3.4276	-0.00319746912065178
28.812	1.5111	-0.18542	-0.786106562751183
36.922	-5.6457	-4.9601	0.76173165302548
37.488	-6.6095	-1.1444	-0.244164288014419
28.073	-11.668	-3.1194	-0.219778918544378
36.91	-3.242	-1.1441	-0.913530605722275
36.175	-7.537	-1.5303	-1.03290101795933
36.358	-0.97953	-2.8211	-0.640471145572068
36.017	-3.9337	-0.15164	-0.746599555129086
38.576	-4.8825	-2.3728	0.215330786041512
37.872	-5.7018	-1.026	0.48449965477396
36.697	-2.4607	-4.6981	-0.344601945230539
36.349	-7.9935	-1.5244	-1.01744041517738
37.175	-3.326	-4.0231	0.0424160011387684
36.928	-3.1836	-4.6119	-0.361018868264949
37.756	-7.1614	-3.4233	0.490443008053263
37.301	-2.9975	-4.1287	0.200249229123632
30.193	1.1488	-0.66419	-0.382568656291066
28.46	2.2846	-2.1237	-0.327664279996318
24.401	-1.0807	0.94528	1.03156734876056
27.402	2.3625	-0.79184	-0.412536892211684
37.872	-6.6212	-3.506	1.61486666722908
29.53	-11.489	-3.1516	0.942658938730886
27.857	-1.7479	0.28644	-0.561762252053147
35.484	-8.9282	-1.9391	-0.950074800034367
27.673	-11.413	-4.0307	-1.00588529660193
36.204	-0.51726	-2.602	-0.692191653999793
28.13	-0.42296	-6.6429	-0.0964600922147581
29.047	-11.285	-3.5116	-0.377791741899904
37.948	-3.335	-3.8358	0.686106630830045
36.671	-6.1766	-4.2952	0.324520621852812
36.841	-6.0594	-5.141	1.645
36.965	-4.6772	-4.0313	0.268079121374664
36.056	-7.7506	-4.4819	-0.0607253130341328
33.524	-0.99915	-6.1235	0.808150343944021
35.209	-2.4738	-5.3197	-0.119427330148114
27.447	-11.476	-3.9333	-1.2799695321958
36.676	-4.9225	-0.54227	-0.144640446454705
36.187	-1.3059	-1.2429	-0.629917510276924
29.373	-1.8565	0.38733	0.0964048642894744
29.141	-10.738	-4.3405	-1.43919229660853
37.819	-3.8939	-4.081	-0.630499850549343
35.461	-6.7856	0.21	-0.562012394666727
33.537	-8.6364	-4.1537	0.0492965482604789
35.576	-2.7145	-1.1661	-0.749635475466611
36.729	-7.5145	-3.1312	0.275246785021922
36.088	-6.6977	-0.52185	-0.728614714499766
32.739	0.91199	-2.6954	0.0818699850383321
37.836	-4.3579	-3.3202	1.645
36.018	-6.3323	-1.1371	-0.348433616296088
37.469	-3.0494	-4.2007	0.818593040257728
35.606	-2.0846	-5.5897	1.28007396385803
35.933	-6.8829	-0.44488	-0.649117599582507
35.493	-9.2462	-3.3582	-0.356874377609991
37.53	-4.251	-3.1865	1.56012232991621
30.092	-11.065	-3.1338	1.20753549882787
32.99	-8.9546	-0.21807	-1.21958651042115
37.519	-7.3869	-2.6661	0.0289820094121652
37.079	-6.2808	-0.77346	0.511156365223052
36.022	-6.828	-0.57731	-0.258967217597753
37.918	-7.0786	-3.0856	-0.578173789275961
28.343	-11.733	-3.5872	-0.318245119452768
37.494	-5.8069	-1.0089	0.986224997536497
34.273	-0.69818	-5.6839	1.26000679317849
26.188	-1.2389	0.73822	0.310231073647756
29.477	-10.678	-4.2809	-1.645
29.977	-11.456	-3.3584	1.62678811266201
36.939	-3.7073	-4.6069	0.409322705248969
37.59	-3.4846	-3.6459	0.491265087460107
28.11	-1.8263	0.47221	-0.160806732629054
35.99	-2.0913	-5.2288	0.755604814201651
31.074	0.26967	-6.3372	1.645
37.27	-6.4269	-1.0324	0.758205232822688
34.091	-7.9047	-4.067	-0.0994873848128134
36.52	-7.3394	-3.0192	1.645
37.4	-6.6576	-3.761	0.178415242594548
29.113	-0.98121	-6.9442	0.888177854662033
37.029	-4.7412	-3.0954	1.645
33.037	0.75239	-2.4438	0.47264006545875
22.655	-11.631	-3.7513	-0.51356280145317
37.766	-3.2181	-1.9562	0.307028236402979
37.838	-3.7151	-3.567	0.991769156596368
37.285	-3.4399	-4.4883	-0.240293011328882
27.184	-1.4529	0.40133	-0.773915458078168
38.26	-5.4613	-2.6107	0.0385554678039497
35.989	-1.6761	-5.1643	0.0219539826994839
37.247	-5.6924	-4.4819	1.30821753141074
34.351	-9.3416	-4.3517	0.752594503223272
32.942	-10.187	-3.8424	0.208712611558671
36.258	-3.1272	-2.1291	-0.0890879466318567
37.522	-6.8014	-1.605	-1.07621934732387
34.875	-7.5634	-0.67985	-1.48847080860285
36.805	-6.8704	-0.46855	-0.529442420969752
36.438	-5.6209	-1.0791	0.0754235818019707
36.039	-7.5015	-0.37316	-1.00111235127032
35.992	-6.343	-0.027214	-0.315209281859423
38.018	-4.0021	-3.4175	0.738485998861269
36.085	-8.2433	-1.0166	-1.34061632507029
38.197	-3.1683	-2.8039	0.378745384550911
37.221	-6.2661	-0.70586	0.132904336433263
24.495	-0.80438	1.506	1.45857990939584
19.894	-12.408	-3.0023	-0.700308824241438
32.857	-1.747	1.0811	0.261135021709257
38.182	-4.7359	-4.0348	1.645
32.564	-8.7826	-4.3392	1.50611552692145
33.424	-10.297	-2.9498	0.136715049547134
37.001	-1.8216	-3.9956	0.0622341116547784
32.612	-9.982	-3.3678	1.645
26.104	2.9775	0.38525	-1.27372675737399
35.856	-6.2175	-4.9262	0.656498541818291
34.29	-0.70505	-5.4116	1.645
35.119	-8.7121	-3.9509	-0.0794403873939562
32.294	1.3388	-1.5872	0.950992295565024
26.933	2.2884	0.38868	-0.332241999633064
27.989	0.13398	0.8053	1.645
37.348	-6.549	-3.1685	-0.894607225233615
34.481	-0.83471	-4.8208	0.743414415837021
36.976	-6.7599	-1.9741	-0.780658430575807
36.879	-7.3031	-1.1171	-0.336794144728653
37.988	-3.183	-3.7179	0.0965971521135942
37.929	-6.679	-1.6821	0.464583655946734
35.328	-8.9384	-1.7754	-0.892354840154387
34.271	-9.6149	-3.6763	0.384472435809562
33.023	-9.9253	-4.2566	0.616611026310761
36.927	-6.6277	-0.54409	-0.546846535825057
37.587	-7.0356	-2.9008	0.610774822618996
36.719	-7.5573	-3.667	0.936563482040027
37.13	-6.6506	-0.87502	-0.341331127418275
33.331	-10.091	-3.2853	0.331722125070685
36.513	-6.807	-1.1852	-0.257723631229479
28.452	-0.64826	-6.6807	0.392178224030521
35.608	-8.7425	-3.6319	-0.659489188810582
36.084	-6.9266	-1.1155	-0.583719492533359
34.803	-1.1978	-5.5854	1.645
30.623	-10.628	-2.3359	1.645
34.746	-0.83355	-5.3832	1.645
37.674	-6.0117	-3.9316	-0.068989922859848
35.239	-7.2057	-0.80222	-1.42297429975494
30.909	-10.532	-3.6165	0.366453884892642
34.081	-0.19025	-0.19369	0.201352908179633
36.16	-6.2388	-4.6065	1.09729013445536
34.061	-9.7107	-2.6267	-1.03057282381266
28.401	-0.6673	-6.6758	0.786777802059996
34.108	-1.3907	0.43458	0.989302727693084
36.911	-4.0324	-0.88935	-0.72174402795959
36.133	-7.4211	-1.9201	-0.546099145305437
35.653	-7.9359	-0.91161	-1.21690792105887
27.563	-1.7829	0.9933	0.095382989477901
35.686	-6.1698	-4.8122	1.1758110228018
35.599	-6.05	-5.0311	0.087007665389067
33.647	-9.5361	-2.9473	0.193091553295927
37.439	-7.1052	-1.3532	0.0983686211565072
23.069	-0.86413	1.3787	-0.472632988479153
37.717	-5.9636	-3.8253	0.590090933789116
37.26	-1.8777	-3.7953	-0.927810189583828
37.331	-2.3602	-3.1346	1.645
29.747	1.7848	-0.64182	-0.452722002336345
31.26	-1.5383	-6.2118	1.645
28.79	-0.60836	-6.4231	0.975798615100712
28.577	-1.9917	0.59004	0.45183403897485
36.944	-6.5048	0.15745	-0.512742299091725
27.399	1.8644	0.060854	-1.26952598218086
34.571	-8.8569	-2.5749	0.604089857904897
37.024	-6.2246	-3.3113	-0.0662284771780489
37.905	-5.2701	-3.6581	-0.523824641205675
37.467	-3.1874	-2.2578	1.09805391487977
35.937	-7.7764	-1.2843	-1.33418998914987
37.269	-6.4643	-1.3187	-0.332241245612957
35.22	-2.8647	-5.4605	0.33722660153334
36.327	-3.639	-5.216	1.645
37.298	-5.8161	-0.65225	1.29387116525116
37.658	-4.6228	-3.5033	1.20242316952203
33.532	-9.5404	-3.8361	1.645
38.11	-4.4154	-1.7878	0.12957416467826
33.965	0.34185	-2.8306	0.011804231963131
18.681	-11.853	-3.5342	-1.19703596473121
37.578	-6.9156	-1.9975	-0.250248966513524
22.178	3.5218	0.97528	-1.42782978558643
34.324	-1.491	-0.028499	-0.728405015764139
27.877	-10.224	-4.2064	-0.906245771580715
35.796	-7.3764	-0.93857	-1.04044405360292
36.21	-7.1793	-0.91817	-1.12894642461514
33.756	0.78472	-3.7174	-0.348758108670588
34.832	-1.3266	-5.3939	0.0376342224087225
36.693	-6.5135	-1.0092	-0.421862789838647
37.262	-3.681	-4.3805	0.522266534563811
37.664	-2.5775	-2.7475	-0.421450783325008
33.114	-0.44001	-5.9828	0.744751031054786
35.83	-8.0329	-0.94709	-1.04491793806491
37.168	-2.8936	-4.4433	0.0654714680659597
37.252	-3.2123	-4.5515	0.848940080163315
37.485	-6.3438	-1.5371	-0.739794604606151
36.79	-1.1179	-1.9369	-1.10188691512016
36.986	-3.4192	-4.8641	1.17102790219748
28.187	-2.0153	0.64751	0.0688450001920515
36.115	-2.5821	-0.79798	-0.103433560821468
32.441	-8.4786	-4.6004	0.985112466842325
32.516	-10.186	-4.2238	0.830344191054117
34.865	-8.7229	-3.4379	-0.536579632559207
37.744	-4.8284	-2.8158	0.612868464149759
36.311	-6.2684	-0.71261	-0.673859477600268
37.547	-3.1049	-3.4645	1.31106429884564
38.079	-6.2421	-1.3115	-0.268109599562275
37.974	-3.6555	-3.1281	1.6176753239326
28.696	-0.68077	-6.8741	0.463540805480032
30.852	1.7849	-1.8279	0.0291546850452463
34.821	-6.2335	-5.3327	-0.253244028813701
14.631	-11.506	-3.6427	-0.807567441652281
34.669	-0.46744	-3.1166	-0.350891575666066
37.859	-5.8203	-2.0456	-0.00716351633363175
36.787	-5.5935	-0.20183	-0.00537890659869363
36.693	-3.4679	-1.3316	-0.946923531209883
24.838	-11.328	-3.8629	-1.02837216131906
35.763	-0.51963	-3.4807	0.451188362754093
35.201	-6.4466	-4.6978	1.645
32.044	-10.644	-3.7583	0.630099550554483
36.194	-6.8002	-1.6144	-0.745104560899402
36.007	-6.7848	-4.2244	0.494003483162195
35.927	-7.6408	-0.39627	0.592436956646659
35.868	-8.013	-3.1225	-0.426802853838643
36.808	-7.1617	-1.0805	-0.880728337480813
36.946	-7.765	-1.2246	-0.628922602696766
36.325	-6.6188	-4.8643	1.645
35.549	-6.4596	-0.15332	-0.494004936424554
30.435	-2.0178	-5.0573	0.742523888597552
36.901	-2.8551	-4.7309	-0.305755005355175
37.149	-6.3657	-1.3475	-0.761358455365389
36.787	-3.2912	-4.7881	-0.533072818370797
37.496	-2.7345	-3.0657	0.826701880941454
32.833	-9.925	-3.8629	1.11305103609024
37.75	-6.5893	-1.4592	-0.143484777705022
36.038	-0.75241	-2.4819	-1.24050491596058
28.133	-11.456	-3.6026	-0.586806909883979
30.447	1.4981	0.012136	-0.856322112191706
37.759	-5.8941	-2.4694	-0.233733675962959
36.523	-6.9224	-0.55317	-0.376282278591985
37.667	-3.3869	-1.5302	0.744672217679175
35.259	-0.56743	-3.8436	-0.192120124682872
21.996	-12.117	-3.2949	-0.916449977864304
36.696	-3.7296	-4.7045	0.909657153684521
36.844	-2.8627	-4.1771	0.53267896327962
35.141	-7.3093	-1.8385	-1.47718164629632
37.236	-5.8353	-2.0778	-0.460366527413496
27.895	2.1727	-0.70999	-0.934324533201452
35.937	-7.577	-0.66075	0.372272537916858
36.415	-3.3798	-0.64911	-1.08587589677497
37.914	-4.9455	-1.6546	-0.0231487534604727
37.81	-6.0972	-2.6215	-0.147163517794326
36.059	-6.6724	0.099282	-0.0608650382580737
33.831	-0.82131	-5.9073	1.05218064403862
37.488	-4.8809	-1.9614	-0.631983846020082
34.309	-1.5814	-3.0886	-0.627754419982441
16.546	-12.122	-3.0507	-0.80067570021203
26.475	2.8001	-0.13414	-1.13788477402566
36.584	-3.2355	-4.7375	-0.570361014332385
36.968	-3.0594	-1.5917	-0.965990939532001
36.022	-5.6927	-0.69924	-0.722610072854014
22.905	-1.2773	1.3333	-0.0984698756210611
36.937	-6.6664	-1.0888	-0.34082859164014
38.435	-6.2835	-2.839	-0.761954022662563
35.405	-0.70375	-4.8046	1.36854422188334
36.121	-2.9466	-5.1363	-0.113429984798235
36.896	-1.6696	-2.1151	0.0183723708897873
27.474	-0.29098	-6.7196	-0.252053221624035
34.672	-9.018	-2.7887	-0.735640495265848
36.78	-7.3321	-1.024	-0.59418762509237
31.309	1.3203	-2.1248	-0.858498221983345
34.816	-1.9829	-0.24815	-0.116115844292518
31.034	2.13	-1.503	-0.52942617938485
38.1	-4.3733	-2.6288	0.114105710361607
33.506	-8.587	-3.743	0.950656915250153
36.038	-5.389	-5.311	1.63509449897407
34.702	-1.6396	-3.8829	0.722330711172266
32.373	0.99622	-2.1654	0.321515765760334
35.958	-2.3821	-5.0615	-0.492510460586119
37.447	-2.7711	-3.2962	1.43304569218655
34.224	-1.4421	-5.2872	1.2350837712587
25.823	2.7506	-0.30933	-1.3037532247434
36.853	-6.3522	-2.1496	-0.980148045658891
34.92	-2.181	-0.95545	0.416636923560459
31.384	-10.126	-3.673	0.689332968310985
36.331	-7.1059	-0.41523	-0.260937750053944
29.704	-11.031	-4.1478	-0.523370549208318
35.609	-7.1077	-0.68315	-1.31138971473568
35.818	-1.2328	-4.9674	1.645
35.623	-7.3392	-1.1323	-1.4489177571333
32.987	0.16537	-5.4076	0.82241336793679
36.38	-3.1166	-4.3906	0.624227438213437
36.763	-2.5223	-2.4664	1.645
30.806	-9.287	-3.5933	0.0211979549696784
31.819	0.77723	-1.5751	-0.431505659952724
34.867	-2.1455	-5.957	1.645
36.432	-2.9785	-1.8557	0.470997330624254
37.33	-2.1802	-2.9054	0.043038048388007
35.886	-6.8034	-0.66589	-0.907229897725617
34.169	-2.2291	-0.29475	0.307865541626144
27.676	-0.63697	-6.9622	-0.182555927502943
36.642	-7.6993	-2.0698	-1.05894206373666
36.441	-7.3309	-1.0821	-0.642012979526435
36.404	-0.77396	-3.045	-0.631550143410911
32.197	1.205	-4.1368	1.33798057475238
33.119	-10.31	-2.9906	-1.00635719250079
37.344	-5.4244	-3.918	1.36495193209859
30.026	1.6761	-1.1057	-0.405627677770033
37.878	-4.0903	-2.2179	0.873005867204418
37.108	-2.6266	-1.3105	-0.719647292857682
36.482	-1.3979	-3.6565	-0.200073710850877
31.452	-9.1478	-3.2273	-0.668612114211625
35.595	-7.1083	-1.4836	-1.08014606488502
37.93	-4.6532	-1.5629	0.881445264255635
28.339	-11.288	-3.7747	0.408409180767001
34.572	-0.91389	-5.3163	1.11617618403719
27.025	-1.1452	0.8769	-0.339403626306411
34.079	-9.9018	-3.0968	0.150167936481981
35.222	-7.552	-0.12993	-0.970947572213392
37.707	-3.9647	-4.055	0.0378608086554118
37.055	-7.808	-1.365	-0.107182080438581
37.028	-8.0319	-2.3737	1.645
37.484	-2.9589	-2.2054	0.419093116208963
36.636	-1.8449	-4.6217	-0.070414681753453
24.255	-1.0753	1.209	1.645
37.908	-5.4849	-2.8675	-0.830726658412146
28.144	-11.285	-3.6351	0.229956497938275
36.304	-3.0943	-4.7781	0.180347832054989
36.383	-6.8969	0.11651	-0.690534460046562
36.032	-2.4254	-5.2954	0.153805091790928
37.693	-6.9362	-2.1968	0.0449762903729139
35.196	-7.2738	-0.20346	-1.36293511649303
36.191	-1.9754	-1.1911	-0.23855512039109
35.949	-7.0988	0.036498	-0.733883794119933
32.924	-0.29634	0.38633	0.539266477025507
36.636	-8.1869	-3.6598	0.13480232434266
35.702	-1.5553	-5.3066	0.336890790728822
37.827	-3.3669	-2.5679	1.645
34.952	-6.4194	-5.1862	1.5838837414259
25.703	0.22142	-6.7138	0.206769121182762
37.718	-6.805	-2.3753	-0.651037419032698
20.57	-11.951	-3.571	-1.0810386012514
33.204	0.41913	-3.6203	0.0768518899178341
36.349	-7.4662	-1.0629	-1.13857991964502
32.301	0.83282	-1.4899	-1.44109492632671
36.889	-6.3605	-0.64418	0.0759400438225048
37.364	-6.6113	-2.4395	-1.39801403738891
36.557	-6.012	0.058335	-0.134171277720187
34.899	-8.9036	-2.1978	-0.429681566836651
34.392	-0.67005	-5.3893	0.901589932717222
36.058	-0.71232	-3.8443	1.645
35.914	-2.1429	-5.1293	-0.299949477140437
38.175	-6.4615	-2.3743	0.962706141159749
37.269	-6.594	-4.1428	1.3986265777466
36.296	-3.9297	-1.4904	-0.475981884183534
34.929	-9.3154	-3.3453	0.188654265252097
33.624	-9.7678	-3.2114	0.385630799918285
35.452	-7.5059	-1.1164	-0.897085655620528
36.034	-7.7111	-0.66814	-0.736540269710095
37.161	-2.9571	-4.3767	-0.373340077575873
35.801	-6.039	-0.10692	-0.237059128829691
38.018	-6.5426	-1.8973	-0.125471895064651
37.065	-2.8718	-1.9238	-0.286060260753091
37.741	-3.5231	-1.6764	-0.213371376558947
36.429	-1.94	-1.5444	-1.25113268815168
38.124	-5.9004	-1.833	-0.853522656921482
37.088	-2.7651	-4.3048	-0.824646104002355
37.718	-6.2576	-0.89144	0.480400422971068
32.946	-10.118	-3.8613	1.22707081642812
38.042	-4.4673	-2.5642	1.24928932788849
35.311	-1.2939	-5.3454	1.645
36.716	-1.7406	-3.0904	-0.82474803018265
37.657	-5.2865	-0.77623	-0.702730804190272
28.415	-1.9853	0.6287	0.52987013265604
35.913	-2.1991	-5.1813	0.367963380839896
37.832	-5.746	-1.2789	-0.557822195660155
37.809	-7.1081	-3.5919	0.0674235828234312
37.022	-7.8526	-1.9066	-0.737812631746557
35.963	-2.9456	-4.6888	0.149453294252897
29.139	-10.899	-4.2139	-1.37694515245921
38.328	-5.5245	-1.6957	-0.33229536175989
35.913	-3.5353	-0.26692	-0.682455546076232
36.624	-2.5872	-4.7152	-0.25017137252127
35.732	-7.4659	-0.892	0.130322495558432
37.405	-2.8884	-4.2719	0.43591781402933
27.224	-11.557	-2.9923	-1.645
34.219	-0.7002	-5.219	0.696561245835624
36.409	-6.4671	-0.54685	-1.0170679034379
29.133	0.029435	-6.8166	0.481355121572071
34.285	-0.88002	-5.7289	1.645
35.879	-1.4706	-5.0897	1.47901168643901
33.331	-0.8698	-4.6621	1.645
28.562	-11.373	-3.9338	1.01127269731184
34.954	-8.59	-1.2637	-0.960524390630467
12.655	-12.024	-3.1062	-1.02773181079551
33.259	-0.86748	-5.1327	0.47125251010945
38.313	-5.8634	-3.2643	-1.28711243749533
36.875	-2.9204	-4.2667	1.58950484676669
36.875	-6.5702	-0.73131	0.14767529752105
32.785	0.6827	-1.7577	0.0461120676988561
36.807	-2.7145	-1.7884	0.762095903803607
36.197	-2.5887	-0.88178	-0.24834725693146
37.29	-3.1505	-4.2486	0.234086834868347
33.099	0.48603	-1.4884	-0.577004301104747
34.092	-8.9227	-4.1576	1.02109091072503
37.012	-7.5666	-2.4787	-0.304578616921916
36.947	-6.3535	-1.4057	-0.917820880764404
24.144	-11.871	-4.1725	-0.756159837978766
37.294	-5.8666	-0.45628	0.285134609558414
38.453	-6.2205	-2.5167	-0.552022824269189
38.205	-3.7763	-2.7418	0.886805982089219
29.42	-11.225	-3.3753	-0.336295183438918
37.148	-5.3387	-0.68234	-0.632389771466638
26.075	-11.349	-3.6326	-1.645
34.237	-0.72906	-5.5845	1.645
35.409	-7.9537	-0.78786	-0.478282167295887
36.261	-5.9674	-0.39885	0.0162560555254353
35.769	-1.1302	-4.9338	1.04927899147427
34.05	-7.3166	-5.0561	0.214855562789674
33.716	-7.4941	-2.944	-0.822286064077856
36.741	-6.3389	-1.159	0.104580245184203
36.513	-7.4862	-2.793	-1.51937081730062
36.212	-4.2356	-0.11937	0.168809454157211
30.542	1.6715	-0.25718	-1.04034045324075
37.523	-5.7548	-4.5898	1.645
28.667	1.635	-0.37636	-0.89951707370773
37.356	-5.2576	-1.0494	0.869544147241505
36.478	-7.7756	-0.57777	-1.645
37.883	-3.842	-3.38	-0.177706397225097
35.131	-9.2436	-3.3567	-0.184867746792364
37.587	-5.2175	-1.004	-0.0646477081607496
36.221	-2.9564	-0.61513	-1.02264503469537
38.637	-6.5948	-1.8103	0.285591319513868
36.956	-3.2025	-4.4751	0.284133266357085
29.985	-11.016	-3.6217	1.60919568695467
31.672	-6.1599	-5.747	0.928389916228293
36.491	-1.3732	-4.2775	-0.23786960929892
37.131	-4.5617	-0.87893	-0.157926453513112
31.827	0.24387	-1.1057	-1.01737878596848
36.602	-7.2462	-0.74841	-1.20338267807966
35.527	-1.6899	-5.4983	0.834762796840108
28.143	-0.79826	-6.7107	1.645
36.361	-7.4636	-0.51885	-0.906840859325567
36.981	-6.59	-0.49138	-0.592375778402303
37.82	-7.0502	-1.9993	-0.501059458344172
36.574	-8.6753	-3.4189	-1.14197549572636
37.993	-6.6047	-0.58157	0.93046935982542
36.619	-3.3442	-5.008	-0.156976228089716
37.163	-4.0055	-1.8496	0.518637139791825
27.841	-0.46924	-6.7153	-0.12541703237996
33.362	0.38835	-1.7634	-0.447039585478882
38.275	-5.2304	-2.3682	0.462484843727098
36.744	-6.6862	-0.47204	-0.286911433248187
29.038	-11.463	-3.3336	0.630381950614217
32	-9.0904	-4.758	0.632949562764593
34.952	-1.4921	-5.7799	0.864806537570658
35.586	-6.7863	-0.30952	-1.47737710875019
29.473	-2.0004	1.2233	0.688943072325913
36.946	-7.1431	-0.98937	-0.44934722207485
35.2	-1.6433	-5.5416	0.865660782377664
38.265	-6.0586	-2.7998	-1.00229876863532
33.966	-0.18969	-0.95979	1.49658535312614
37.105	-2.5879	-1.2599	-0.930838756264916
37.342	-6.7824	-1.0638	0.435680968390575
36.545	-7.0306	-0.54223	-0.753935156918356
35.679	-7.0002	-1.2115	-0.925379122317449
35.984	-1.9774	-4.2136	-0.415382342031228
35.308	-9.5027	-2.4343	-0.114986843238441
33.845	-9.7813	-3.7695	0.283824821870989
33.349	-0.35116	-2.0425	-0.86784884057679
27.568	-0.41487	-6.818	0.576781608942527
33.366	-9.9976	-3.4617	-0.0577752812361416
19.483	-12.108	-3.7965	-1.27669238804774
37.162	-5.5491	-4.7764	0.414631650935134
35.769	-6.9619	-0.47515	-0.96189619592559
35.88	-8.2388	-4.4135	-0.625819625045856
35.04	-7.5716	-1.0808	-1.14758734070317
35.22	-1.6653	-1.0212	-1.645
36.935	-5.5179	-1.3782	-1.11633539467874
35.664	-1.6218	-5.105	1.23775405884613
26.332	2.8248	-0.26543	-1.32207887685404
38.305	-4.7921	-2.3396	0.104854576849632
37.264	-6.0234	-0.95589	-0.823411819670495
24.961	-12.173	-3.2356	-1.17649379367782
36.493	-3.2037	-1.737	-0.0192404376037915
37.016	-2.6871	-3.6991	1.645
35.521	-7.0953	-0.81215	-1.03402904527477
37.573	-6.2663	-0.94834	1.645
36.713	-2.7918	-3.6785	1.645
37.267	-2.9412	-1.1413	-1.06529117673607
36.105	-7.5793	-1.0388	-0.461304419508732
36.149	-3.6882	-0.088772	-0.0645655731472643
29.561	-2.1923	-0.92529	-0.895966746870219
28.421	-10.501	-3.8962	-0.772091892879569
37.543	-6.6177	-3.9242	0.882690919407321
36.013	-5.2962	-5.2194	1.645
31.616	-10.133	-3.0478	1.645
26.865	-11.889	-3.6093	-1.09964024453107
34.944	-1.8333	-5.6746	1.645
33.974	-0.2086	-5.4289	0.722335544065702
27.421	-11.915	-3.1716	-1.25222964179061
24.068	-11.949	-3.7635	-0.878342941206667
36.904	-2.4271	-4.0264	0.319658649235286
32.829	-2.2829	-5.3286	1.41639008547088
36.607	-2.9684	-1.1872	-0.698248427524207
36.922	-6.114	-0.78434	0.113141008370691
37.221	-6.042	-1.2144	-0.22457060856868
35.954	-7.1988	-1.5628	-1.39345973766542
35.692	-8.8069	-1.7571	-1.04134811912664
37.491	-6.0219	-1.2997	0.0959337002607821
35.9	-7.2416	-0.67509	-1.02894847505069
36.618	-7.6655	-0.98104	-0.693794819054477
29.945	-1.3699	-6.7296	0.748454013381265
32.161	0.91575	-1.7862	-0.980629549737201
37.605	-6.5111	-0.87244	0.724535286567446
35.517	-6.5056	-0.50915	-0.714270550217046
32.059	1.3109	-2.4168	0.0752598447375426
29.196	-10.899	-4.0629	1.37471283215136
24.476	-1.1701	0.93116	0.990055625672691
36.747	-2.8716	-4.7368	0.242387974343744
38.014	-3.428	-3.3169	1.24568804298595
36.001	-6.2461	-0.9769	-0.612837724365539
36.332	-6.6978	-0.47076	-0.459749573052634
38.3	-5.7317	-1.6831	-0.646307893219933
29.979	-11.824	-2.9049	0.612360977933864
37.151	-6.3028	-0.5405	0.433783301737066
36.12	-6.1442	-0.35725	-0.794453249453276
36.271	-7.3453	-1.3238	-1.58931417063055
36.488	-6.1858	-3.8549	0.31439200197819
35.366	-1.8119	-5.5672	1.25617845214343
36.371	-1.3748	-4.149	-0.39105234133074
31.428	1.6486	-2.2588	-0.829681332843452
30.715	1.0071	-0.9415	-1.30969599027559
37.231	-3.9099	-4.7721	0.425051467964596
34.721	-8.3715	-4.579	0.905220441163283
36.514	-8.5327	-2.2652	-1.04482005130189
36.083	-2.6015	-0.39972	-0.324143777382404
35.498	-8.087	-2.6598	-1.06664973773301
30.178	1.4558	-0.55411	-0.604542379156758
33.074	-10.314	-3.0415	-0.867872886125059
34.568	-8.0682	-4.3868	-0.260509028322764
36.881	-6.9741	-1.2878	-0.378063096211262
31.206	-10.908	-3.2517	-0.0631988337924094
20.185	-12.42	-3.592	-0.722944305203225
37.199	-1.6237	-2.4917	-1.08282686842099
36.947	-7.3373	-1.2444	-0.644542943678436
33.778	0.11392	-0.5513	-0.442231755850499
36.98	-3.2319	-1.217	-0.934752606767427
36.125	-7.0592	-0.43751	-0.144567672343231
30.989	1.3364	-1.2695	-0.565217327216393
37.721	-2.718	-3.5393	1.645
36.492	-7.4624	-0.46387	-0.745470692049889
35.897	-8.9728	-2.3728	-0.885944993164206
36.92	-3.6492	-4.6394	0.433183096518514
36.993	-4.0546	-1.8566	-0.232859329346754
34.583	-9.2741	-3.2361	-0.00236349224898167
34.344	-1.2254	-5.6987	1.50256124357329
35.742	-8.0212	-3.8443	-0.240330425385508
37.001	-2.4226	-2.9225	1.645
35.171	-6.1369	-1.2886	-0.864189407269549
37.028	-3.37	-4.176	1.16614244422637
33.298	0.35184	-3.695	0.0606289839497538
30.361	0.79431	-0.83387	-0.272853922602825
35.436	-6.7361	-0.95815	-1.12286254708909
37.41	-6.4188	-0.83121	-0.294446897148641
36.383	-1.4084	-1.6501	-0.654956838523518
28.632	2.1882	-0.58482	-0.80441211861045
34.186	-2.9176	0.81454	-0.96401511322724
36.195	-4.2493	-5.2274	-0.445010109156236
26.47	-1.2093	0.66759	-0.248073565634552
36.233	-7.5856	-0.90686	-0.186436948472949
36.421	-8.4179	-2.0881	-1.18228256086982
37.469	-3.1858	-2.9957	0.503259723156173
35.257	-2.0901	-4.006	0.90008750529371
36.163	-7.092	-0.771	-0.917509386365522
37.734	-5.9544	-4.0513	0.82507153684147
37.902	-5.9908	-2.0936	-0.751075220432282
37.448	-6.4351	-3.4083	-0.828763614401024
36.099	-7.3386	-0.73775	-1.05833133274722
38.19	-5.2303	-3.4668	-0.528626895418393
32.123	0.60269	-0.86491	-1.05454638127372
32.053	1.3059	-1.5197	-0.0990099999117023
36.699	-4.6467	0.089536	-0.479847854137588
27.83	-11.511	-3.6894	0.104296757136266
35.927	-2.6184	-5.194	0.661964371659912
36.378	-8.7082	-2.2334	-0.919576728745877
37.434	-4.6484	-2.4277	1.01757349244662
36.422	-2.8263	-5.0446	0.567355182173262
37.128	-7.3771	-0.91807	0.345227212994994
36.806	-7.1946	-1.9069	-0.859341928701533
34.659	-0.55942	-4.4261	1.53677995722296
36.328	-7.1272	-0.93379	-0.71342738743974
36.281	-2.7152	-5.341	0.309398034984459
37.412	-6.2447	-2.696	-0.327767337828347
35.967	-2.729	-0.69909	-0.776329380644552
36.783	-8.0664	-2.712	-0.76160890940873
36.508	-6.9874	-0.76697	-0.298906286156601
37.295	-4.7406	-4.9434	1.43887814510301
37.907	-5.6622	-1.514	-0.475578430902868
36.54	-2.6445	-3.9797	0.418609531768654
34.705	-0.88028	-5.109	1.60198084397079
35.571	-0.535	-3.7779	0.420458686663995
36.023	-3.1128	-0.9772	-0.808077960563745
36.969	-6.9389	-2.1567	-1.31532529534326
30.821	-10.653	-3.8519	0.0918453924309531
34.81	-1.815	-0.71735	-0.308721324010981
37.007	-3.2381	-4.6457	0.00987624707831986
22.98	3.3486	0.063496	-1.30376509164955
32.159	-10.433	-3.0039	0.0465552877850032
37.195	-6.8729	-0.94274	0.230278482808025
34.005	-0.32428	-5.4688	1.645
37.776	-3.2527	-3.708	0.848356336514243
25.345	2.9604	0.81839	-1.08190006544746
37.704	-6.9036	-3.5007	1.23622647898501
25.232	-11.836	-3.4376	-1.25765663254668
35.212	-2.5121	-5.7232	0.353842553796901
38.366	-5.4234	-2.4492	-0.169816867445048
29.989	-1.4419	-6.6104	0.948235592722664
37.702	-3.2554	-2.2478	0.86603115700161
36.695	-8.3244	-3.4796	-0.949697395359093
22.216	-0.28528	1.8218	0.129545106145164
27.938	-0.14693	-6.4389	-0.330711507304493
37.215	-2.1692	-3.2804	-0.125636666216993
24.948	-1.1145	1.1193	0.388815865256595
35.868	-5.9551	-0.76246	-1.3487271255767
28.015	-11.269	-3.5031	-0.446603380899428
36.415	-2.8229	-5.3315	0.344179977793696
36.026	-2.1342	-5.1439	-0.763448450127644
36.861	-6.3361	-0.60656	-0.189262126371358
34.486	-9.5717	-3.7802	0.476703393758639
22.352	3.0673	1.2586	-1.46840909131788
35.219	-2.1202	-1.3575	-1.645
36.39	-6.9544	-0.46647	-0.672471859614013
32.516	-0.5129	-6.2823	1.645
37.032	-6.1426	-0.88556	0.00675738506923999
28.289	2.0839	-1.1024	-0.0990959014948556
33.548	-1.5978	0.067007	0.614824695645052
35.336	-1.5855	-5.3664	1.07823574000524
35.391	-7.7354	-2.7639	-1.38996625380648
36.84	-7.9578	-3.3052	0.334204353618407
37.095	-3.2146	-1.7715	0.962977375755174
33.859	-9.2605	-2.5721	1.645
35.877	-8.4213	-3.4308	-1.33879647697639
34.549	-0.84299	-5.6394	0.757243282643015
36.996	-7.5551	-2.6668	-1.20961745352381
34.832	-7.3907	0.24362	-1.47142930195836
33.235	-10.72	-2.9872	0.752917222450786
37.307	-6.0201	-1.5607	-0.295325327929553
37.418	-2.9354	-2.5082	0.473902902847509
34.343	-1.6947	-5.9695	1.56897372701536
35.852	-6.3953	-0.66102	-0.971748184027855
23.219	-11.625	-3.7246	-0.760688608262069
25.658	-11.743	-4.0632	-1.20005494708721
36.408	-7.0685	-0.74929	-1.09399659050137
34.872	-9.2335	-3.1798	0.357792386833351
32.521	-10.366	-3.3013	-0.141063894111616
35.301	-7.1362	-0.87532	-1.24198267315999
36.981	-7.338	-4.1057	1.43889097915238
36.532	-2.2219	-4.9142	0.0300012541209457
36.587	-6.9588	-0.9185	-0.536145284458185
37.804	-3.758	-2.5106	1.645
37.188	-3.3266	-4.129	0.814250785833207
36.601	-3.3263	-0.83788	-0.319885129228343
20.494	-12.103	-3.3423	-1.07797676540906
37.343	-6.62	-3.3463	-1.20474203528377
34.74	-1.4122	-5.6472	0.900751289054365
33.679	-0.86234	-0.17042	0.326261773246174
36.655	-3.0677	-4.4207	1.60999325510243
34.85	-8.5722	-4.0191	0.370295437227933
30.867	-10.809	-3.5384	1.645
37.307	-3.9139	-4.5918	-0.140800791030158
36.667	-6.7386	-0.78268	-0.322589907435604
31.457	-0.30158	-6.5963	1.645
35.913	-7.6121	-0.87189	-0.27491043590058
36.13	-2.8164	-5.1146	0.0247112591450332
35.209	-0.0088546	-1.6024	-0.208880174025237
37.083	-6.3311	-0.76982	0.323091691908723
36.223	-7.7271	-1.0545	-0.879515100921784
30.474	-10.434	-3.6727	-0.348694453664054
35.745	-6.4161	-0.72233	-1.10982994636005
34.25	-0.42419	-5.4538	1.645
35.158	-7.4175	-0.57039	-1.19661827343523
37.835	-4.0336	-3.727	1.645
29.205	-1.0063	-6.6398	1.08791262321808
35.456	-3.3218	0.088323	-0.609321048785581
29.803	-10.77	-3.5859	1.28851299108194
37.4	-5.3887	-1.203	0.196387459749568
38.39	-4.8164	-3.1837	0.387783844108706
28.169	-10.539	-4.4468	-0.831896231413311
37.101	-6.2474	-1.5272	-0.801969839303154
36.103	-2.9353	-0.50444	-0.777554121321453
33.597	-0.56617	-5.3621	0.851068382306487
34.55	-8.264	-2.9045	-0.38830673145001
35.071	-9.1648	-1.7033	-0.425903171140715
37.21	-4.2579	-4.7383	-0.746502268944142
35.826	-8.9178	-2.6398	-1.07753160830144
29.572	-9.596	-4.4341	-0.357697234425049
38.35	-4.2938	-3.138	0.822775464780734
33.688	-2.6749	1.0381	-0.635406898240787
36.474	-2.0151	-4.8982	0.124550076539227
36.528	-6.7207	-0.3798	-0.164369155727903
33.424	-10.084	-3.4669	0.488839674841287
35.861	-2.605	-5.277	0.750053325507391
34.46	-9.1908	-4.2253	0.657622950276996
38.32	-4.8525	-3.1108	0.438904644230328
37.496	-3.2443	-4.1554	0.866868496803856
26.909	2.6637	0.026832	-0.84522150443327
23.052	-12.064	-3.317	-1.07067985369395
37.644	-6.4692	-2.6675	-0.861856627649927
36.848	-6.5595	-2.1398	-0.515801934014517
29.035	1.6447	-0.066406	-0.834656141052348
35.626	-7.5125	-0.57968	-1.01455834815827
37.322	-7.6218	-1.4826	-0.0296344736465827
35.285	-8.2893	-0.64382	-0.96489942532452
20.084	-12.312	-3.48	-0.925649861648814
28.865	1.751	-0.48839	-0.0523067805070369
29.709	-10.969	-3.9119	1.645
37.772	-3.5059	-3.3861	1.087949251862
36.942	-6.4637	-0.66239	-0.0258450573354706
33.758	0.38343	-3.2386	0.809839296888523
36.282	-1.236	-3.9953	-0.537699014493967
36.872	-6.6326	-0.5159	-0.236572695818182
27.991	-1.7102	0.46544	-0.13794995372718
34.467	-0.7789	-5.5486	1.13682431237152
28.91	-10.416	-4.3339	-1.30310627870033
36.451	-2.0925	-4.9467	-0.376548823401976
29.772	1.7553	-0.20628	0.104866631622187
37.46	-4.4038	-1.0835	-0.670531570106556
30.47	-9.6622	-4.3325	1.4159592510765
31.478	0.98321	-0.87069	-0.979462711903188
36.431	-1.4634	-3.8262	-0.0830839130706523
36	-9.0717	-3.5695	0.0146439943809691
37.711	-5.9719	-3.357	-1.03724850936451
27.558	-11.495	-3.2371	-0.957792472586824
24.502	-11.889	-4.0808	-0.955585457816458
36.522	-7.3306	-1.1206	-0.992793032236257
34.234	-9.0501	-4.1876	1.14761865249932
34.039	-8.7942	-4.1058	-0.174038409294224
36.049	-2.8343	-0.31658	-0.592305668912805
35.726	-3.108	-0.29894	-0.894524293028387
37.247	-6.3258	-0.74275	0.975104635297428
36.663	-8.0185	-1.3392	-1.21535959446743
36.819	-2.209	-4.6629	-0.971058848372067
36.367	-7.0131	-1.7098	-0.700691800254874
37.603	-3.5366	-2.3554	1.57283690757762
37.32	-2.9559	-2.0473	-0.00415820002971575
36.358	-3.1915	-4.9347	-0.433682315741928
18.772	-12.196	-3.1299	-1.07225674414242
32.75	-10.422	-2.8005	-0.205591801645507
36.785	-1.4031	-3.5604	-0.258426062372149
35.477	-1.5291	-5.0441	0.39516867700797
28.024	-11.618	-3.2678	-0.846239997852481
38.028	-3.372	-3.8422	-0.78914745419428
35.983	-6.7157	-0.25748	-1.32289603852179
37.675	-7.2641	-2.5191	0.482958000973429
38.285	-6.068	-1.6478	0.310293070046001
37.648	-2.9954	-2.6871	0.912970017679814
36.758	-6.2914	-0.49534	0.157642421958322
37.3	-4.165	-1.6175	0.133983395484801
27.805	2.13	0.2655	-0.524683751116398
33.741	-1.9733	-5.4226	1.645
36.11	-7.4497	-1.499	-0.750981470321094
37.13	-3.482	-3.5833	1.645
37.065	-7.2034	-1.1197	0.234658278012947
35.676	-1.5634	-5.343	0.922735211523936
25.634	-1.2253	0.94194	-0.150962120717137
36.345	-2.7504	-1.3676	-0.453649096912901
35.006	-5.2704	-0.66318	0.400204937447741
21.515	-0.82075	1.3352	1.645
36.934	-7.1197	-1.3898	-0.755676528878072
35.563	-2.7773	-0.24283	-1.23602540799076
37.173	-2.6245	-3.9132	0.837786474937806
36.387	-2.0945	-4.6511	-0.452406401978675
35.784	-2.114	-0.96068	-0.390010786503552
37.664	-3.9756	-1.3644	1.1084991207747
33.453	-9.9212	-3.2833	1.24666088170973
28.418	-11.12	-3.9506	-1.02531829884215
35.617	-3.9137	0.42156	-1.1128841982435
35.863	-2.4069	-2.5622	1.645
35.028	-7.1752	-0.66195	-1.2708140110094
35.812	-5.4805	-0.52955	-0.666025385277844
35.948	-1.8128	-5.129	0.128321909311786
36.383	-2.5713	-5.1106	1.48903211868021
37.161	-6.9458	-4.105	1.50449905901685
33.48	-0.64767	-5.7709	1.645
36.767	-7.3284	-1.2693	-0.579041846522666
34.688	-1.4445	-4.5017	0.133779279705626
35.727	-1.6297	-5.1851	-0.318942790867216
27.955	2.3396	-0.87238	-0.30999069441773
33.377	-10.479	-2.644	-0.651104756269038
32.498	-1.6331	0.075498	1.645
37.362	-2.3661	-4.0574	0.854392052075165
37.957	-5.771	-1.0749	0.0290361001754789
36.775	-7.7189	-0.67347	-1.19368658070389
37.412	-4.5111	-2.4789	0.0420196378718738
36.828	-7.5118	-1.7764	-0.970817527276576
34.807	-9.2413	-0.70097	-0.514191268694464
37.16	-6.5484	-1.2193	0.00194989946723535
36.12	-6.8519	-0.23334	-1.0390145880856
38.418	-4.7373	-1.7362	0.086128630859261
33.209	-1.3065	0.58739	0.378647769063243
36.674	-2.2954	-4.338	-0.212829790797825
36.732	-2.5374	-4.5019	-0.585608953127389
37.642	-6.2693	-1.2363	-1.12504050678652
34.288	-1.2429	-5.9811	1.645
34.357	-6.5455	-4.6842	-0.542220285358403
33.459	-6.2113	-5.0877	0.182402933761854
34.398	-1.8175	-6.1834	1.645
28.402	1.6858	-0.84161	-0.742554436456122
36.054	-8.1439	-2.2738	-0.302684108986292
36.711	-5.4696	-0.059321	0.310248966586122
36.851	-6.8	-1.1773	-0.743296266637636
38.242	-5.918	-2.1091	-0.309040938169079
37.137	-3.3898	-4.8805	0.386531745415728
37.779	-6.3044	-1.8107	-0.00754389712608006
34.925	-1.4506	-5.7603	1.04024385289476
36.307	-6.6518	-5.0565	1.645
37.216	-7.7869	-1.3901	-0.074783962512203
34.201	-6.8832	-5.1613	-0.468152572932166
37.024	-5.0281	-5.0016	0.0221411325219574
31.076	-10.596	-3.1788	0.766016165346287
37.732	-3.9914	-1.8724	0.745219393613442
28.05	2.1178	-0.84351	-1.44101732832773
29.068	1.9082	-0.13313	-0.184720603985766
38.105	-6.1144	-1.8308	0.263123344704167
31.208	-10.341	-3.9103	-1.33294303319388
37.164	-3.1932	-4.4762	1.08135148738546
35.947	-7.6318	-0.92707	-0.571777412020584
26.384	-11.718	-3.1602	-1.60139310623734
17.539	-12.176	-3.6076	-0.94726355791634
27.847	-1.0006	-6.7591	-0.0653809941422553
28.06	-11.31	-4.1272	-0.868228147957407
26.252	2.4373	0.2568	-1.37803297533967
36.415	-1.8489	-3.4901	-0.339121918039248
36.414	-6.6305	-0.54073	-0.956167995289706
36.926	-6.1455	-1.226	-0.558893977166182
37.013	-1.3675	-2.5758	-0.755162206238919
31.516	-1.6663	-1.0651	1.33756372668069
23.685	-0.6064	0.95115	1.10868333319355
27.546	2.3168	-0.11179	0.0140700896583394
36.582	-3.2051	-5.0006	0.287190860834913
37.103	-6.8195	-0.88503	0.54170150459094
36.399	-7.0935	-1.8265	-0.835952731255021
35.481	-2.2084	-0.77026	-0.73443094984096
27.377	2.5778	-0.06166	-0.918567444952634
29.712	-0.9678	-6.7499	1.32469399058563
37.899	-7.3266	-2.9614	-0.0244809938834907
36.681	-7.6883	-1.3233	0.063697819344205
36.539	-6.8839	-1.4043	-0.64670919156898
36.927	-2.4784	-4.6331	-0.728491943974126
37.289	-5.8562	-1.1742	0.19229551711988
36.35	-1.06	-3.5694	0.217263702217276
36.839	-2.8458	-4.6107	-0.128811313607795
34.409	-9.3628	-3.4874	1.2336082521905
21.749	-12.082	-3.1072	-0.884691619436522
36.479	-2.3034	-4.7111	0.0917796849683523
35.35	-9.2134	-2.9742	0.353576675379931
37.069	-7.3037	-1.1191	-0.568174808730759
37.293	-2.0806	-4.0461	-0.237288131018249
37.112	-7.3561	-1.2594	0.652906945270753
35.298	-7.0473	-0.77197	-1.38309552686747
34.237	-8.2289	-3.8283	-0.10179788084493
38.056	-5.1676	-2.5888	-0.371479232453978
35.642	-2.2581	-5.5624	1.645
37.132	-6.4566	-0.84542	-0.298889096328239
33.381	-2.7503	-0.92077	1.645
36.842	-7.1254	-1.1484	-1.35618806556238
36.903	-6.0825	-1.1782	0.559230740078144
36.19	-1.7172	-3.5639	-0.344371530316176
34.92	-2.2908	-0.34357	-0.769882009663786
38.043	-4.5569	-3.3936	0.0396139130042173
35.541	-0.99494	-3.919	-0.986246888676284
37.769	-5.0176	-1.871	0.327275901335409
35.269	-8.6907	-0.96378	-0.570943983163444
36.885	-8.2585	-1.4113	-1.08088051309812
34.961	-9.0902	-2.5955	-0.766781773198991
36.838	-3.1052	-0.58324	-1.05715011545408
27.664	-10.9	-3.9195	0.293649103814142
23.422	-0.66444	0.89025	-0.341129281668125
29.878	1.9333	-3.6835	-0.726225714556942
38.515	-5.1784	-2.2231	-0.108788525993224
38.137	-5.8416	-1.5113	0.740827888387502
37.654	-2.3191	-2.4915	-1.12515029852347
35.139	-7.3104	-0.6746	-1.15228302833333
29.667	-0.36181	-6.2471	0.242322717409965
34.572	-9.5317	-2.8881	-0.501692198264207
36.627	-2.2565	-4.6513	-0.461233240234491
38.041	-6.1191	-1.0396	-0.668952245945617
35.898	-7.0416	-0.93679	-0.427199019941547
33.998	-7.9864	-0.16569	-1.37180380721502
35.179	-4.4275	-0.35156	-0.143353364576
35.475	-6.9959	-0.76676	-1.12211788493956
32.07	1.4293	-2.3833	-0.772445678933536
35.045	-8.4451	-3.0206	-0.82913550750736
36.626	-6.7312	-0.7282	-0.592386848306113
28.783	-1.1034	-6.5278	0.769793631623864
35.933	-8.4365	-1.8553	-1.04060450084855
32.506	-10.224	-2.3987	0.717516321555752
34.744	-7.6455	-4.2175	-0.399909535646414
35.716	-8.4489	-2.1184	-0.80901812944188
31.72	-0.96702	0.3544	0.787434678853633
36.751	-6.7733	-0.83624	0.0244602818249167
26.305	2.5123	-0.34699	-1.25781842059714
37.254	-3.0555	-4.385	0.788709313150019
34.17	-1.3725	0.13005	-0.557766064866183
36.772	-2.0808	-3.8427	0.210640510017579
28.764	-0.51537	-6.6424	0.288577687758712
38.014	-5.9577	-1.8809	0.368203443860616
34.574	-3.6874	0.49795	-0.890527220914364
36.293	-1.505	-4.5643	0.0723604029104827
36.234	-7.6629	-0.97961	-0.300217299720044
34.65	-7.5723	-2.293	-0.93788061276654
36.083	-8.5847	-3.8822	-0.965669936346872
27.103	-1.7895	0.51807	-0.174249208021745
36.16	-3.0067	-5.1595	0.0386319155371118
33.832	-9.4165	-3.2844	0.553131883780259
35.349	-1.7696	-4.8635	0.562447922767964
37.166	-4.2299	-4.5378	0.907206735015555
34.808	-9.1052	-3.57	1.37013372669282
35.873	-6.1718	0.076158	-0.417030982047013
35.622	-2.128	-5.639	0.447232528774997
37.437	-6.1818	-4.1612	0.561178399261648
36.152	-7.3342	-0.95071	-0.659447152953129
35.261	-1.5128	-5.0484	1.08865686358121
33.824	-9.9319	-3.7705	-0.789474283308098
35.159	-5.0452	-1.1061	-0.819612866765676
30.039	-10.6	-3.9322	-0.21060036844569
30.135	-9.1454	-4.2499	1.38773982760217
29.138	-11.188	-3.8476	-0.491573819253583
35.92	-6.9901	-0.49628	-0.953471919615311
31.224	0.17342	-5.7504	1.28953173726199
35.622	-3.6657	-1.0615	-1.14304776400636
37.487	-6.2291	-1.7669	-0.876542336952451
35.929	-8.1243	-1.4357	-1.14890707244768
33.353	-0.15211	-5.6436	1.645
34.134	-10.156	-2.7773	0.188909880772038
35.54	-1.4891	-4.931	0.152914011522332
34.026	-9.7903	-3.2879	0.52046195758947
36.626	-5.7911	-1.2278	-0.980261664376189
24.178	-11.704	-3.6301	-1.03849795304673
37.404	-5.4861	-1.3972	-0.671379266116864
33.892	-0.68384	-5.8885	1.645
24.368	3.7988	0.25655	-1.34668080532729
25.316	0.0397	0.96357	0.163658352316426
36.37	-2.9592	-4.9675	0.391234507134249
36.177	-2.5183	-1.6875	-0.738853836237275
34.494	-0.21675	-1.9609	-0.105335490858024
36.989	-2.1522	-4.4694	-0.201937913857886
29.538	-10.738	-4.0519	-0.986207117971841
37.198	-6.5255	-1.0386	0.124102242919424
36.164	-7.808	-2.0116	-0.548472798687412
26.615	-11.683	-3.4185	-1.645
35.959	-8.016	-1.3819	-1.2626132405896
37.27	-6.2276	-1.1357	0.102857121328787
36.454	-6.533	0.32032	-0.749597334966232
36.452	-2.8956	-0.53636	-0.825832568472156
33.279	-10.124	-3.4263	-0.247359534881558
26.736	2.6919	-0.6298	-1.27540160055693
37.768	-2.7583	-2.6984	0.340590118225136
35.59	-2.7801	-5.4654	-0.110827368307683
37.579	-7.1001	-2.0947	-0.476215099604563
36.093	-8.6628	-3.2445	0.861423180826606
33.734	-9.5652	-3.4776	1.40788649134131
38.216	-4.6273	-2.5373	0.923675918780661
27.089	-11.553	-3.8875	-1.36246130166277
32.801	-10.494	-2.9191	0.776951928493744
38.241	-4.5629	-4.0563	0.97645077579509
37.785	-3.759	-1.4766	0.791509280210741
38.276	-5.2348	-2.0977	-0.378442636247892
37.742	-3.366	-3.0438	1.645
27.815	-0.57083	-6.707	0.220940946799666
28.23	-0.50422	-6.5389	0.127011754295997
29.63	-0.92416	-6.7941	1.23113931858937
33.189	-2.0783	0.76822	0.0545109073264215
34.078	-0.040589	-5.3448	0.550257036210185
36.923	-2.6406	-4.693	-0.788428911959341
30.923	-10.273	-3.951	-0.609607223603608
33.454	-0.75361	-5.856	1.645
37.946	-3.4073	-2.4633	1.07806809762271
24.271	-12.112	-3.4109	-0.209265264439128
36.432	-7.4201	-0.80639	-1.25242737132237
35.365	-1.0409	-4.4356	-0.00310107657697441
36.627	-4.0545	-5.0559	0.73303335983023
36.92	-5.8143	-0.62305	0.298215272395389
36.617	-3.1258	-4.9507	0.0511496161800297
35.936	-1.5523	-5.1143	0.797432329460895
22.13	-12.369	-2.9595	-0.867653603252725
35.285	-7.5377	0.066807	-0.663468903508123
34.246	-1.9271	-6.1455	0.837432402157802
35.563	-0.78294	-4.4159	0.567052719585724
37.246	-2.3567	-4.2847	-0.266795286666405
36.836	-2.003	-4.5542	-0.0328703136557233
35.681	-7.0142	0.034118	-1.36899251930623
28.476	2.3052	-0.21928	1.645
36.702	-4.5632	-0.72328	-0.310576100850915
35.022	-2.2931	-0.30106	0.524652887476147
36.997	-2.8596	-4.6194	-0.315868768355282
31.828	1.1086	-2.2523	-1.1009538548647
35.129	-7.3311	-0.43908	-1.30729952915673
35.687	-2.4359	-5.3201	0.143353035112055
26.988	-0.92323	0.91876	-0.450205032743494
31.846	-3.3065	-0.63738	1.645
33.401	-1.0653	-5.7202	0.893267864546811
36.04	-6.7814	-0.20054	-0.914770514374315
34.114	-0.95412	-5.5611	0.516727731422016
36.599	-6.6278	-0.62335	-0.700615893494982
37.135	-6.6056	-1.2216	1.02921530119856
38.176	-5.8106	-2.8118	-1.00248343215049
37.58	-4.0989	-3.3811	1.12065142203067
35.637	-6.7245	-0.37612	-1.23879241505562
35.282	-0.54191	-4.5888	1.645
35.082	-1.3413	-5.5522	1.04157254048752
35.866	-8.262	-4.0059	-0.329302479468417
37.104	-7.4099	-0.84084	-0.73827339191765
35.513	-9.1151	-3.2543	-0.61899484615423
36.187	-7.133	-0.64214	-0.0828214994447753
35.107	-0.70271	-4.7009	0.594900387871455
37.184	-1.7013	-2.732	-1.08378629932643
37.267	-6.9481	-1.9059	-0.744205953589347
32.963	-0.82231	0.13576	-0.817279178104051
35.467	-1.2018	-5.1814	1.645
19.144	-11.629	-3.5846	-1.2077774421311
35.444	-3.6749	-0.45329	-0.866286388976067
33.256	-0.209	-5.6186	1.14480954963089
38.277	-5.7043	-2.5148	-1.16553841640562
35.262	-6.5396	-0.11959	-1.07682424840671
36.147	-2.2079	-4.9607	-0.2664165043808
25.063	2.6942	0.50611	-1.20089710189041
35.954	-7.1833	-0.97152	-0.434216364189205
31.359	1.133	-1.4757	-0.820253090491781
36.883	-3.2841	-4.7561	0.307497175538047
37.07	-3.5895	-4.5398	-0.491156328352579
29.455	1.4441	-0.33154	-0.834154856397165
30.771	-10.607	-3.8479	0.661334410761903
35.249	-6.5454	-5.549	0.0776640748561547
37.709	-3.0288	-3.4199	0.770727415658518
36.433	-4.7672	-1.4114	-0.217801580603283
27.534	-0.34665	-6.4868	-0.335192689910624
36.086	-7.7136	-1.5338	-1.57228371749926
38.056	-6.0844	-2.1369	-0.0163707075813105
34.733	-2.7372	-1.1845	-0.934534135678708
34.09	-1.9336	-5.9096	1.645
30.214	-10.125	-4.3742	-1.25300824004536
36.733	-2.908	-4.739	0.569731988422659
32.649	-1.5728	0.16861	1.35630526163128
35.94	-8.616	-2.4003	-1.21406557916098
38.211	-6.7695	-2.7243	0.877141022731266
34.473	-6.0424	-5.0366	1.645
36.627	-6.1571	-0.69163	0.11699550107021
36.064	-7.1385	-1.2273	-0.592035537196578
28.21	-11.078	-3.6007	-0.371435897442577
33.526	-9.8154	-3.646	0.240504078006307
37.809	-4.4404	-2.6843	0.674920914825594
36.294	-2.8729	-4.9081	0.0396743487405156
36.932	-2.2441	-4.676	-0.665894004866038
34.882	-7.8087	-4.7386	-0.208902455634211
36.476	-7.382	-1.0621	-1.2926068250862
37.275	-3.0113	-4.2995	-0.300236761515525
37.16	-7.4515	-1.5202	0.589916556996718
29.493	-2.0896	-0.37662	-0.309192113265677
36.008	-4.144	0.37998	-1.12186457198497
33.871	-0.68123	-5.6772	1.645
26.97	-0.27744	-6.7405	0.333809100064861
34.878	-7.421	-4.5206	0.812708723612602
36.796	-7.0838	-1.2456	-0.684021286054294
36.362	-7.0014	-1.1047	-0.250919955760864
20.626	-11.99	-3.1838	-0.447566199708323
37.31	-7.5264	-2.6178	0.586075584877651
30.671	-0.85242	-6.8893	0.362244521088206
16.859	-12.177	-3.2421	-0.761649665816047
36.905	-4.2578	-0.4808	-1.04810801772289
35.511	-1.8353	-5.3157	1.19943030012037
21.085	3.772	0.79139	-1.327630736741
37.367	-3.737	-1.2535	-0.0820328785912793
36.651	-7.5829	-1.2475	-1.23879962321111
35.014	-8.2377	-0.58041	-0.413481060828526
36.616	-6.8313	-0.47681	-0.628698467897627
36.201	-2.0957	-4.461	-0.246823812121768
36.759	-7.1446	-0.57465	-0.895268865610228
35.043	-1.2339	-5.4064	1.645
36.334	-6.388	-0.29077	-0.827387879781382
35.239	-3.0074	-0.11223	-0.670704629188666
33.832	-8.7472	-3.3011	-0.999896102677697
29.377	1.7668	-0.97623	-0.13062660336492
36.531	-6.2769	-0.45093	-0.417464339082617
35.735	-6.5504	-5.0381	0.868891413715104
36.185	-8.2947	-3.287	-0.507355269481706
30.382	1.5907	-0.49021	-0.817714635528877
36.292	-7.3381	-2.103	-1.37236075604664
30.558	0.84485	-0.90212	0.32726751139299
