30.252	-10.709	-4.2735	-1.21067465463036
37.784	-3.0457	-3.1938	1.645
35.233	-1.7225	-5.4094	1.645
36.304	-5.6636	-0.46282	-0.461243893436338
34.958	-1.4558	-5.6443	1.08490606607429
35.711	-7.1492	-0.48083	-0.4561339434562
35.577	-2.1617	-5.7207	0.205769436547871
30.384	-1.1125	-6.3906	0.70799508601417
35.662	-6.8765	-0.14067	0.152498968724869
37.208	-4.7836	-0.79393	-1.03688140283418
35.031	-0.73919	-5.3013	-0.111504515488843
30.639	-1.4277	-6.4224	0.192741356879871
30.396	1.5929	-2.7118	-1.645
37.36	-1.9229	-3.4248	-0.036883303396315
38.053	-4.9272	-3.8114	0.166501584875986
25.215	3.2448	-0.1568	-1.1824566790192
37.946	-3.3618	-3.7233	1.09758038861143
36.345	-3.4584	-0.40195	-0.313656977734009
29.468	1.8323	-1.3242	-1.645
35.221	-8.5458	-1.1697	1.645
37.076	-4.767	-1.1442	-0.672201366626333
38.1	-6.0953	-1.2467	0.729104878084132
37.421	-4.2265	-4.3602	-0.174260998915072
37.609	-6.1563	-1.2378	0.740717612849836
29.628	1.4832	-0.091737	-1.58759138260424
30.886	-9.9839	-3.954	-0.60981989635164
36.237	-7.9567	-0.56517	-1.01964066697509
38.043	-6.8756	-1.8666	0.891540550674947
37.508	-3.0489	-2.1855	-0.0338154363978306
38.329	-4.7319	-3.6869	0.152871018977853
34.7	-1.2137	-5.6412	0.960877380120255
38.1	-3.8544	-2.0497	-0.216707663033245
35.969	-7.2747	-0.90899	-0.510516927072358
27.088	0.10397	-6.6888	1.645
37.973	-4.0567	-3.8317	0.14518116045264
27.649	-11.462	-3.5438	-0.430653951583162
35.681	-8.7417	-2.8366	0.0185142477194049
27.506	2.6504	-0.70193	-1.645
29.352	-10.501	-3.6657	0.0925219432394682
36.904	-6.9214	-1.6942	-0.775247546637059
35.473	-9.362	-2.7353	1.645
36.27	-3.1772	-4.7845	0.572003887813304
28.019	-0.25125	-6.6692	1.32282378480589
33.485	-9.167	-3.831	-0.230760558821112
34.236	-10.016	-2.8261	0.60553688196298
33.449	-0.6842	-5.706	1.16655267648188
36.817	-3.992	-1.0023	-0.53786366572239
36.439	-2.5243	-2.1194	0.434118994813491
34.364	-0.084456	-4.3062	-0.47300505023928
35.596	-0.68966	-4.4515	-0.671055164945984
36.24	-2.3286	-1.4169	0.246249130123249
36.865	-7.6925	-1.6333	-0.453519197275501
37.22	-6.5674	-1.1292	0.0636744336564783
37.897	-4.8967	-1.5729	-0.0635548614356861
35.228	-2.001	-3.9949	0.609331907526422
33.384	-0.71081	-6.05	1.645
36.605	-7.0821	-2.621	1.645
34.196	-9.5363	-3.2052	-0.558381374971664
30.378	-9.9318	-4.0164	-1.16976926883913
35.451	-2.0421	-5.2604	1.14813633711342
37.029	-6.5279	-1.0449	-0.716719357217008
36.22	-7.0306	-1.8249	-0.00391355710549845
35.361	-7.6139	-0.68234	0.340893529017282
37.68	-3.1829	-3.9933	0.582232335809943
34.157	-1.6204	0.0068926	-0.0390810469676467
37.485	-7.2194	-1.5734	0.330753747159128
36.966	-5.8746	-2.2644	1.645
36.318	-6.8931	-3.2431	-0.405820320378846
34.278	-8.7974	-3.7387	0.571464195978072
31.307	-10.824	-3.7747	0.365212040345172
37.731	-4.9146	-1.0312	0.543156560962912
23.754	-11.761	-3.3614	-0.431224979823858
36.647	-7.5774	-0.80506	-1.645
37.798	-6.4612	-2.1662	0.385310871579258
37.754	-3.583	-4.2792	-0.0969456113967382
35.975	-7.482	-0.79263	-0.489690616889611
37.505	-6.6685	-2.6847	1.13490494423546
35.53	-1.198	-4.9193	0.335442104092636
37.23	-3.1353	-2.1204	-0.43517231502805
36.382	-2.1964	-0.9519	0.21248134598988
24.761	3.1961	0.59405	-0.599053604956168
33.85	-8.5339	-4.1833	-0.443087412122596
31.588	-10.845	-3.7152	0.471978954153547
34.348	-1.5875	-5.124	1.46729985152922
35.855	-8.5351	-4.1011	0.994117682387305
35.188	-7.5203	-0.50527	-0.447859555178005
29.408	-0.87213	-6.5897	0.796804472038375
29.318	-10.906	-4.083	0.564457571378798
36.734	-4.8522	-4.9762	-0.0944297307882436
36.425	-0.63911	-3.5397	-0.84782504628247
35.68	-4.0853	-5.459	0.453521497763903
37.21	-7.0648	-0.9211	-0.451983870512838
35.97	-1.7404	-1.3486	0.372922483083262
36.73	-2.8421	-4.3338	-0.488625036176648
35.127	-8.9068	-3.2601	0.568217903109377
34.516	-1.442	0.39769	-0.449511698627723
26.621	-0.41676	-6.7491	1.645
33.447	-0.099584	0.24688	-0.417135031392303
35.417	-9.3933	-3.2228	-0.268889302163006
37.061	-6.5184	-1.2337	-0.140154236036738
36.761	-4.0431	-2.5386	0.460483558552874
36.51	-6.2637	-0.54518	-0.777314881186727
36.466	-7.3544	-0.70317	-0.654872945852145
28.861	-2.2487	0.5869	0.59677717143689
37.211	-6.4572	-0.88182	0.00657115761084855
37.444	-6.7964	-3.6172	0.450041980130496
36.601	-7.2495	-1.0362	-1.18095890241659
27.931	-0.28496	-6.5634	1.645
31.618	-10.13	-4.2517	-0.161021593434433
36.223	-7.4272	-1.0084	-0.4327823878303
29.629	-10.882	-3.5421	-1.645
29.947	-10.855	-3.69	-0.574019590591203
37.298	-6.2867	-4.72	1.36143295416156
38.155	-4.6891	-2.4946	-0.487217070606004
29.457	-8.1844	-4.6495	0.0201084069235792
37.961	-6.4367	-2.1714	1.30734123073494
24.995	-12.011	-3.4335	-1.645
37.283	-5.6156	0.019012	-0.36073790905355
36.059	-5.4499	-1.2052	-0.627594248597535
27.944	-0.12737	-6.92	1.645
33.895	-8.0079	0.42918	0.350477559541482
34.547	-9.2514	-3.6529	0.178239043975338
27.474	2.3031	-0.87242	-1.645
36.897	-3.6054	-4.7352	-0.17461336203605
34.858	-0.90232	-5.1763	1.645
27.282	1.8772	0.36123	-1.645
26.937	-11.434	-4.0353	-1.645
34.051	-7.057	-4.9855	0.370155932775313
36.385	-6.6891	-0.91737	-0.218977065245925
36.707	-6.8401	-1.3848	-0.269222263543546
36.43	-6.2279	-0.72841	-0.201407201028716
37.485	-6.1472	-1.8209	0.815110037396337
37.336	-4.2892	-1.3951	-1.5114519681554
36.534	-2.8847	-3.859	0.243261358212919
36.765	-2.6537	-0.90358	0.63837157728174
38.365	-5.7093	-3.163	0.128578937581114
26.795	-1.38	0.76789	1.30219492306666
37.736	-7.0645	-2.0451	-0.137470535930526
27.947	-11.622	-3.3485	-0.291315019935691
29.441	-2.4441	0.42788	1.645
34.545	-0.57259	-5.36	0.913180532845855
37.192	-7.2199	-0.97104	-1.20461894906002
35.643	-1.0173	-4.7475	-0.690743466583418
29.467	-10.775	-3.9691	-1.18486155346501
36.573	-8.3132	-1.1099	-0.450114931364508
36.38	-6.6055	-0.06572	-0.739978340076581
36.872	-7.3054	-1.1125	-0.771144028636105
31.012	0.82625	-1.0063	-1.645
33.073	-10.383	-3.0347	-0.477911556536422
33.721	-9.813	-3.1666	-0.91449748085038
36.514	-2.8311	-4.6458	0.194324154032681
26.728	-2.4993	0.37058	-0.173584548597379
35.137	-7.474	-0.47603	0.0777266596590217
33.092	-2.3509	-0.10809	0.742051900083018
30.162	1.0924	-0.59141	-1.645
35.653	-8.8056	-2.0148	0.832569115839592
37.55	-2.3992	-4.0514	0.458280757818017
28.167	2.2203	-0.26485	-1.645
37.262	-7.6743	-2.5575	0.792327147669123
28.68	-0.5989	-6.5866	1.645
36.82	-6.8749	-0.3813	-0.922325092363255
37.969	-4.1044	-3.9668	0.557562645062561
27.04	-0.27364	-6.8262	1.645
35.876	-2.8084	-4.9303	0.913444537254237
36.613	-7.1136	-0.79163	-0.342332261314409
29.461	-1.419	0.7187	0.758554382049118
33.343	-10.105	-3.3928	-0.645363906163656
35.407	-6.9301	-1.0617	-0.720272494599069
36.67	-6.252	-0.26205	-0.299383735461592
36.115	-6.9508	-0.31193	-1.17322268623948
30.193	1.2549	-0.92182	-1.645
36.741	-6.2321	-0.25214	-1.11536617455916
35.394	-6.7244	-4.8998	0.413489854098702
35.901	-7.5783	-1.5121	0.0403069465219515
36.212	-2.8864	-4.4424	0.292447394582134
36.519	-6.8297	-1.8835	0.620255592259164
36.757	-4.3829	-1.9128	-1.1835183226383
37.299	-4.6356	-4.2258	0.639570023189705
36.961	-6.9266	-1.1732	-0.275266104904595
35.464	-9.2253	-3.2972	0.940631587796991
35.372	-7.55	0.094466	0.691107219824222
37.434	-3.8318	-1.858	-0.132885736943018
37.432	-2.5769	-3.2596	0.313117854859458
35.832	-1.7551	-5.3572	-0.122144173361365
34.841	-1.1825	-5.6789	0.886814203199372
35.748	-1.2876	-4.9432	0.0683025408784629
37.279	-7.3662	-1.4602	-0.354961492975567
33.607	-1.7542	0.66326	1.10302074579159
36.366	-7.7739	-1.273	-0.313128503588091
29.524	1.8227	-0.21233	-1.18490702775879
24.281	-0.95431	1.6062	-0.197219725377384
37.71	-3.7762	-3.6003	0.549715902937132
37.127	-6.706	-1.4274	-0.227064299608314
37.568	-3.1113	-4.1591	-0.0582928328773877
36.105	-7.3621	-0.27467	-1.645
36.68	-3.1089	-0.80076	-0.63107162068742
37.185	-5.435	-1.2468	-0.190197946590991
35.352	-7.529	-3.7597	0.662431643436226
37.144	-2.5994	-2.8073	1.08115502383415
36.629	-7.321	-0.79914	-0.691712788954824
29.709	-1.2098	-6.7267	1.645
28.639	-1.7463	0.11451	0.0888465942331718
33.884	-9.4559	-2.2002	-0.648728117322602
29.769	-1.6298	0.65782	-0.190910536724193
37.081	-2.2684	-3.7777	1.37850763900211
36.206	-7.2978	-1.6692	-0.131718465336368
25.402	-11.378	-4.1255	-1.645
37.885	-6.1483	-4.0581	0.798786456231148
31.038	-10.399	-3.8462	-0.309635934865073
36.67	-6.0862	-0.60603	-0.0853926023755987
34.412	-0.72442	-5.3799	0.97166489624629
29.81	-10.35	-3.8864	0.586830168638609
33.106	-8.9881	-4.6548	-0.0408867244693486
29.473	-0.48085	-6.5681	0.952301833817822
35.74	-1.5646	-5.2828	0.766675230043878
37.574	-2.8168	-1.8882	-0.108229683748847
32.89	0.72047	-2.1587	-1.23483422176027
36.778	-6.6332	-1.1096	0.10474807675461
37.034	-3.681	-5.0419	-1.05114312502331
27.479	-1.1421	0.8687	1.43870247313061
35.114	-8.5241	-4.0748	0.280819345037325
35.997	-3.0534	-4.6892	0.400305651020387
36.301	-1.469	-4.8456	0.0305407478896761
33.033	0.14127	-0.89016	-1.49217798945622
35.769	-1.0613	-4.7791	-0.129587640347782
24.668	-11.654	-3.2159	-0.613943821995508
28.566	2.1575	-0.46418	-1.645
18.476	-11.922	-3.6567	-0.175130784663069
31.902	-10.188	-3.1425	-0.985007827163363
35.592	-6.7005	-0.93449	0.487941423212714
34.055	0.053927	-3.4849	-1.26136610655618
29.642	-1.2463	-6.7948	1.645
37.359	-2.1066	-3.8716	0.277742357258625
28.656	-0.89458	-6.9293	1.645
37.672	-6.7785	-0.78609	-0.149390836008772
35.668	-7.5501	-1.0858	-0.371415339466115
36.261	-6.8152	-1.5389	-0.508115259118205
36.834	-6.7319	-1.2722	0.338810328706163
36.996	-7.5969	-1.0678	-0.702458760739725
30.542	-6.0829	-5.3952	0.0629754380142683
35.304	-0.72865	-1.7241	0.0434999955591032
32.167	-10.434	-3.3169	-0.685742051088693
37.241	-6.6798	-1.5083	0.447480445581156
37.692	-3.8642	-3.9815	1.0905661518087
36.295	-7.3641	-1.1927	-0.444499229537116
36.177	-1.3727	-4.7834	-0.588441985919477
35.221	-1.4667	-5.6054	0.335382212674914
36.195	-3.0407	-2.149	0.869694913736681
20.821	-12.156	-3.2601	0.894622017834137
28.31	-11.059	-4.4058	-0.940002420344946
37.112	-7.4161	-1.9881	-0.124524335229315
35.304	-6.792	-4.5462	0.667113578318219
31.554	1.5166	-0.70294	-1.645
35.332	-3.4379	0.25797	0.759879597606422
33.492	-9.8817	-3.9009	-0.256069835396191
37.411	-6.3305	-1.4893	1.645
35.78	-6.7263	-1.6317	0.276519938408864
33.448	-0.77411	0.15523	-0.293762173543757
35.375	-5.2242	-0.81239	0.113165291305456
33.301	-0.8584	-6.2191	1.645
33.996	-0.50546	-3.2843	-0.417621871044515
36.135	-7.0239	-0.50614	-1.0655438775268
35.965	-2.0548	-5.2201	0.534203633762721
36.394	-6.1789	-1.2919	0.05502707497251
37.406	-4.8724	-2.8986	0.113233176435397
36.04	-7.8278	-3.3901	0.111788873209174
36.003	-7.4847	-0.98669	-0.501921346303859
37.505	-3.3844	-3.665	1.645
38.095	-4.4114	-3.0289	0.244345169275981
28.845	-0.3391	-6.3215	0.775320773806817
31.873	1.1603	-1.4668	-1.645
37.224	-5.958	-1.089	0.359903514079402
37.745	-6.0125	-2.6235	0.522162134145476
32.761	-10.279	-3.5803	-0.872367596437016
35.146	-6.8688	-1.1453	0.154165884077729
22.237	-11.81	-3.5527	-0.0563531700495047
36.309	-1.0166	-2.6914	0.321543718525347
32.789	-9.4975	-3.0511	-1.4420070631123
38.051	-7.0224	-2.7249	1.45353787401448
37.117	-7.0294	-1.3152	-0.632743099915117
29.757	-0.67542	-6.5392	1.645
37.809	-6.3381	-1.42	1.12949887630995
37.268	-4.9914	-0.25184	-0.0570091124371826
37.709	-3.5095	-2.5169	0.0502319678463391
29.359	-1.6151	0.50232	1.14142695038536
35.72	-8.5251	-3.5035	-0.0144708869001158
35.965	-1.3746	-5.0021	0.413086152661279
36.316	-4.3292	-0.2157	0.138524736257916
32.677	-8.7274	-4.1685	-1.11949295807714
38.36	-5.3256	-2.9136	0.0816454975374233
36.221	-7.3412	-4.4751	0.128586021090703
34.415	-6.8325	0.075148	0.0467679695080076
28.368	-0.59665	-6.7559	1.60572907128142
36.759	-3.5836	-0.81804	-0.284394474601859
34.095	-9.7839	-3.228	0.424744417493897
37.368	-6.4768	-2.9922	1.33786669025582
37.332	-7.2515	-3.8961	1.09853083923624
35.258	-5.3219	-5.4431	1.01347486846198
36.321	-3.9637	-0.27042	-0.46628284226062
36.03	-6.7396	-2.2656	-0.696957906980569
36.297	-6.6218	-1.3064	-0.528241285430189
36.623	-2.2417	-4.4946	1.08501903248522
30.035	-10.734	-3.8263	-1.645
36.66	-6.6386	-0.37036	-1.16500393890633
21.515	-0.27706	1.74	0.0618926092366032
33.103	-10.306	-3.7632	-1.38461711580916
36.952	-8.0395	-3.7747	1.05068846527931
22.571	-0.57713	1.5151	-0.0299207745545174
37.393	-3.4946	-4.3244	-0.0475592560212662
29.076	-11.036	-4.0158	0.671482060639899
27.77	-11.555	-3.6482	-1.64149793761973
37.578	-3.8494	-4.4812	0.0241742771617993
37.42	-3.8425	-1.2864	-1.54971520917695
26.936	-1.6129	1.3973	0.814437042986007
36.112	-7.3194	-0.71772	-0.54262664371785
35.791	-7.0583	-0.31701	-0.820244791452491
30.4	-10.876	-4.4696	0.926322438603852
35.159	-1.6508	-5.7185	-0.441920664170453
36.861	-1.5517	-4.234	-0.763790383089641
26.877	2.3493	0.26303	-1.36947071881172
20.474	-12.495	-3.206	0.339573066639877
27.177	-2.3797	0.14023	-1.05435536306482
37.496	-2.3662	-2.2257	0.00130409551695385
34.893	-8.2576	-0.2879	0.0602345123569313
26.716	-11.636	-3.9302	-1.645
34.889	-7.5416	-4.5362	0.917314803881211
36.442	-8.308	-1.1302	-0.348180757290558
35.773	-7.8802	-0.81617	-1.13038245129935
37.317	-6.8573	-3.3818	0.756250684563052
36.102	-3.0749	-5.1304	0.91857155127873
37.105	-2.5589	-3.5756	0.261087358083734
25.809	-11.625	-3.7767	-1.645
31.857	1.6245	-3.1076	-1.50506687750145
26.788	-1.3344	0.7076	0.967502165981115
37.049	-6.6954	-1.5441	-0.93512265808136
30.72	1.4517	-0.34053	-1.02186563896999
27.045	2.3681	0.63953	-1.62323963904386
20.617	-0.3175	1.6639	0.166988988212982
37.887	-5.396	-1.5637	0.172747941223003
37.858	-5.3791	-3.9756	0.437678872549621
37.652	-4.4151	-4.0434	0.517837833504381
29.685	-10.994	-2.7076	0.649891671109729
33.751	-10.254	-2.9882	-0.811442261363775
33.908	-0.57427	-1.1263	-0.357423095593597
36.426	-7.9875	-4.213	0.400726071953061
33.919	-7.0507	-5.0645	0.657723798068002
37.54	-3.8517	-4.3804	-0.380962371459225
35.577	-1.6453	-5.4049	1.645
38.032	-3.8433	-2.5224	-0.339660682721726
26.259	-0.18253	-7.0548	1.645
35.993	-7.0808	-1.3785	-1.05690251982251
34.187	-1.4715	-5.6999	1.51330353393084
38.371	-4.863	-2.051	-1.32094635004519
36.918	-7.5758	-1.5006	-0.755478967905209
36.473	-1.6404	-4.767	-0.142108381268763
28.657	-0.49517	-6.6234	1.645
36.394	-7.593	-0.62675	-1.08076442657008
36.478	-7.1979	-2.0881	-0.594042636845929
35.184	-9.2901	-3.1965	0.780851141867469
33.753	-9.4761	-3.5559	-0.546678414224356
38.074	-4.3028	-2.4632	-1.05040302450559
36.292	-2.6554	-4.4174	0.410438003135416
37.272	-6.8375	-1.1314	-0.159662734867458
33.715	-9.6432	-2.123	-0.554750798511494
35.237	-0.69076	-4.8874	0.377956008302215
24.414	-12.142	-3.2013	-0.315630643695036
37.569	-6.5148	-1.4642	-0.885337313523706
36.96	-6.9343	-1.0159	-0.340016123219429
37.294	-1.9809	-3.4145	0.420811629125878
37.737	-6.611	-1.2513	0.187479949021599
37.08	-2.6979	-1.4846	0.0840839608709276
37.508	-7.0244	-1.8393	-0.0228479634226744
37.038	-4.3294	-1.0892	-0.750444594224211
34.492	-7.3364	0.24994	-0.274837680318186
27.619	-11.723	-3.0238	-1.59492659687821
37.109	-7.0105	-0.90472	-0.869909953967439
33.954	-0.85081	-5.874	1.30360424585885
25.499	-1.9116	0.89186	0.146970464451984
33.203	-10.02	-3.7952	-0.371505525238558
36.949	-4.5689	-2.2549	-0.543298459000984
38.43	-6.1105	-2.4777	0.75234034833301
36.281	-7.2612	-1.4428	-0.762810721963362
36.205	-2.6511	-0.80731	0.250013832103189
31.294	-7.8077	-4.7166	-1.21477962550065
28.036	-0.32208	-6.6729	1.645
37.033	-2.5461	-1.0928	1.33114149484612
33.627	-10.262	-3.7998	-0.269711561214828
28.89	2.0927	-0.92713	-1.46823246609165
36.811	-6.4165	0.35144	-0.971236561267725
37.011	-5.9559	-0.4383	0.00162985536510618
38.201	-3.9247	-2.182	0.316775785686657
36.854	-3.5895	-4.6313	-0.606040466632281
37.373	-6.9962	-0.69014	-0.776407426839538
38.149	-5.5533	-1.2842	1.10793828145127
36.144	-2.2189	-1.1147	0.415023324688527
35.14	-0.37334	-2.7565	0.0740752758750386
36.902	-7.0363	-0.65284	0.609264985125951
36.446	-6.3734	-4.8093	1.02659881173845
36.044	-8.7182	-2.4083	0.256891816649618
34.719	-9.8405	-3.3063	1.645
36.437	-3.6993	-4.3082	-0.656741451744507
34.532	-1.6199	-5.9276	1.0603425005489
24.371	-1.4143	1.2245	-0.364770598058755
27.162	-11.286	-4.1317	-1.645
35.233	-8.8871	-3.1131	0.600268753595234
34.886	-6.2481	-5.5571	1.645
34.45	-9.2067	-3.1109	-0.525561315429532
35.822	-6.391	-2.1782	0.451970944263112
35.733	-1.9219	-0.14499	0.0582374165841732
35.874	-8.6177	-1.8043	1.4451845665166
34.192	-8.3314	-3.5638	0.33405009537443
37.948	-6.3604	-1.6608	-0.0931484543244809
35.228	-8.4952	-3.2171	0.197160375466982
34.806	-6.9562	-0.62806	-0.215839138665057
26.345	-1.1055	0.5634	1.30055804071208
25.296	-0.72466	1.6146	0.0039001173896128
37.422	-3.4628	-2.3274	-0.63708552962315
28.048	-11.488	-4.1721	-0.982592286084314
37.105	-3.6061	-4.5524	0.057928120109968
36.419	-6.6899	-0.5559	-1.51405006935269
35.34	-2.5809	-4.242	0.75439377649599
33.407	-9.7397	-3.9947	0.0229091899635914
32.896	-9.6574	-3.1526	-1.02473500435967
36.359	-7.4549	-1.0004	-1.03662866066942
35.12	-1.2742	-2.8903	-0.922828098531252
37.498	-3.5547	-4.4466	0.171235732975902
36.054	-7.6498	-0.76852	-0.918836911796303
37.167	-6.6659	-1.13	-0.964302301238509
37.129	-4.2692	-2.0975	0.203155607960912
36.978	-1.6567	-1.9199	1.16725598444364
29.606	1.5715	-0.54431	-1.24896242792685
33.643	-1.3637	-2.5897	-0.797322818829384
34.789	-7.3388	-0.54573	-0.136525866384635
28.725	1.7036	-0.72164	-1.645
24.712	2.8802	0.58317	-0.558933568707346
36.593	-5.8661	-0.6886	-0.479658313512264
36.284	-1.8405	-5.0251	-0.547239734378834
29.893	-1.3723	-6.5831	1.645
36.546	-7.4554	-1.1895	-0.348974617829778
35.946	-6.5489	-1.2203	-0.392527793416865
36.537	-6.8783	-1.0337	-0.360359825689462
20.317	-12.541	-3.2969	-0.194743584660312
34.361	-1.276	-5.9627	1.645
37.923	-3.705	-3.5402	1.44193225251175
37.259	-3.0075	-4.4835	0.467118336990154
37.096	-3.0514	-4.6541	-0.19039500497037
34.849	-9.695	-3.414	1.645
38.398	-5.8134	-1.1318	0.047597351709298
24.003	0.13853	1.4663	-0.472681502601527
37.122	-3.4666	-4.8168	-1.15857596584587
36.732	-7.2218	-0.73825	-0.900279868482273
33.778	-8.1256	-0.58235	0.325598290189714
31.849	-10.422	-3.1593	-1.0840212197781
37.14	-3.9296	-2.3872	-0.107959894781252
36.72	-6.1892	-0.64828	0.167316224835021
36.229	-7.0194	-0.57746	-0.933375815107905
31.782	-10.612	-2.5976	-0.357466195228189
33.339	-3.0923	-1.8954	0.560826463678382
31.845	1.0033	-1.1008	-1.645
34.623	-7.9058	-0.21977	-0.278002405674141
36.82	-6.9642	-1.231	-0.213843388981217
38.141	-4.2786	-2.7783	-0.822482170431567
36.231	-6.2373	-5.1256	1.61399909368687
36.289	-2.5821	-5.4333	0.150806529431282
37.38	-3.0814	-1.6637	0.390322521315734
35.425	-1.3523	-5.359	-0.672576741999061
35.754	-8.7903	-3.0805	-0.313273576997543
36.588	-2.8971	-0.65573	-0.315472137318151
28.461	0.98628	0.17033	-1.44217470903158
36.185	-1.9151	-5.1717	0.193824715476514
36.577	-3.213	-5.146	-0.315139217163752
36.786	-8.3038	-2.0017	0.698791482387862
37.997	-4.8692	-1.9471	-0.0429663413976551
37.103	-6.7509	-1.4273	0.403164849342471
38.09	-4.6696	-3.7878	0.60668599642578
25.277	-1.3055	1.488	-0.402906580637608
36.099	-2.2894	-4.5739	0.0454624241504523
31.698	-1.481	-6.3148	1.52315106664911
37.265	-6.8089	-1.3866	-0.828373538037106
32.951	-2.1329	0.73755	-0.115029289959863
35.127	-9.5065	-3.6642	1.645
36.16	-6.4134	-0.87063	-0.514213213136297
37.729	-4.9993	-4.3855	1.31489468983372
32.13	-10.432	-3.3767	-0.920725012609659
37.573	-3.3045	-2.1576	-0.527774156860338
37.755	-3.5724	-3.9847	0.999158452696381
37.348	-6.6439	-1.5268	-0.0244787346403711
37.925	-7.2268	-2.1791	1.645
36.177	-1.8567	-5.0243	0.697418641849377
37.795	-6.7263	-1.3088	0.540125938527038
31.65	0.84958	-1.5053	-1.645
36.07	-7.6448	-1.1824	-0.05134937287099
22.184	-12.39	-2.6067	0.0973332585060268
30.247	-10.532	-3.9948	-1.645
37.393	-6.592	-1.4972	-0.515224755711021
37.554	-2.4907	-3.7862	0.813235269832255
37.201	-7.6178	-1.6684	0.17422942068571
30.283	-1.7556	-6.5862	0.635309043549988
25.356	-12.145	-2.9767	-1.08945741144163
35.172	-5.0249	-0.59907	0.526685047418312
37.305	-7.1596	-1.4898	-0.239388314643737
35.947	-3.498	-4.6138	1.25234205076253
33.207	-10.28	-2.8261	0.618801780907511
28.016	2.2856	-0.45016	-1.645
22.195	-0.52443	1.9394	-0.20741530172444
35.802	-9.2502	-3.1529	1.645
36.956	-7.4289	-1.0991	-1.00767655343034
38.171	-4.4907	-2.327	0.0659826395815186
36.092	-7.0394	-3.7643	0.344708772519257
26.98	-11.301	-3.1408	-1.43261838209135
35.669	-5.378	-5.4118	1.42772957176221
34.864	-0.4048	-2.0771	0.0348101048460615
36.613	-7.0288	-0.34779	0.0742353569000271
31.329	-9.8618	-4.0712	-0.202227713043503
36.769	-3.844	-5.1959	-0.165000775162415
30.827	-10.451	-4.0079	0.42515136234573
37.061	-7.7577	-3.156	-0.296413961160784
34.483	-1.1037	-5.7561	0.200693089613562
35.73	-7.9709	-0.66978	0.261493731047579
26.612	-11.577	-3.6266	-1.645
36.745	-7.1831	-2.3689	0.733402091425179
31.359	1.2267	-0.79001	-1.645
34.084	-5.1555	-0.37926	0.480526685634664
38.29	-5.6387	-2.4153	-0.0944025228126279
22.106	0.18732	1.8667	-0.464339975410607
35.735	-6.692	-0.29731	-0.0967341423730635
17.095	-12.321	-2.8753	-0.305773185763772
36.501	-6.4825	-0.69156	-0.772307335041634
26.577	2.4753	-0.54886	-1.22150760508942
37.219	-2.0424	-2.5208	-0.767002903433303
36.172	-0.92643	-4.2247	-0.34414554411607
37.095	-4.2397	-4.9509	-1.00456972167552
33.674	-1.1195	0.1615	0.173221608412009
36.517	-7.0275	-0.29672	-0.484353053891181
31.972	-10.291	-4.3015	-0.988428612638971
37.138	-4.5323	-4.5154	-0.0738383053655731
32.883	-8.6579	-4.8132	-0.797714167250603
33.946	0.48495	-2.0193	-0.848518695064181
33.226	-8.1007	-3.0252	-0.884189151522362
36.037	-8.4397	-2.6454	-0.363094895553755
32.196	-1.6907	0.61627	0.580744155281982
27.763	-0.19828	-6.7383	1.34399556905979
36.339	-6.8364	-0.98471	-0.832730841214618
32.65	-0.74971	-6.2361	1.00553730896566
36.261	-2.6379	-4.6789	1.01620903555689
35.636	-9.2272	-3.3149	0.339255140123762
37.07	-2.1273	-3.4271	0.543139630835234
36.04	-8.1498	-3.5092	-0.458611207353473
37.255	-6.7602	-0.97143	-1.11399240204022
33.652	-9.6058	-2.9365	-0.74059536411464
35.983	-8.1255	-2.4158	0.947515505958177
34.944	-8.9841	-4.1297	1.54146791334501
33.04	0.80558	-4.2231	-0.299078188253349
37.059	-7.1464	-0.47755	-0.397558206032385
35.629	-9.285	-3.1762	1.53593862040292
37.101	-2.5892	-4.5559	0.668869432131866
33.365	0.518	-1.5642	-0.624084856871635
37.799	-3.4383	-3.9197	0.395646336291453
37.502	-6.2755	-1.1577	1.58891261134907
37.352	-7.3788	-1.6396	-0.895761886666371
34.537	-0.89781	-0.21511	-0.216108691503848
34.933	-9.2861	-1.8374	1.43036224285036
34.882	-6.9392	-0.59267	-0.0582903459107839
28.051	-11.463	-3.9954	0.425513012819651
38.583	-5.346	-2.3082	-0.836906378411639
35.765	-2.3939	-5.2168	1.645
35.587	-2.51	-0.4416	-0.205057474593047
37.18	-7.2877	-2.0295	-0.464629801906063
36.955	-6.6936	-0.62468	-0.379700773336926
33.145	0.72644	-3.0346	-1.56085255582796
36.358	-1.9963	-3.3979	-0.164530418057851
35.264	-7.1588	-0.50919	0.277313926769016
34.658	-0.62976	-5.3143	0.409969876193209
36.36	-2.2355	-0.98092	0.342168769382199
36.834	-7.6649	-2.6837	-0.612866656062533
21.132	-1.0722	1.3773	1.2615947889542
13.152	-11.939	-3.2046	-0.308007960841568
36.426	-6.7145	-0.56541	-0.873071411701718
36.807	-6.8513	-1.4331	-1.14593460603007
36.444	-7.3508	-0.80357	-0.876362810474299
35.638	-1.1759	-3.9446	-0.0975298235634198
27.737	-11.284	-3.2202	-1.37675098863967
36.113	-7.5229	-1.1566	-0.785991605484698
34.689	-0.28268	-3.6521	-1.58024942076086
37.379	-3.6702	-0.92475	-1.29938862016084
38.099	-4.1749	-2.0066	0.0910687041527131
38.276	-3.9029	-2.2387	-0.53998967697562
35.502	-5.9782	-1.6541	-0.471721175013393
36.584	-6.9242	-0.77023	-0.46214005031916
35.672	-1.7917	-5.3377	0.352005578342554
36.752	-3.5477	-2.6273	0.609107816296068
34.205	-9.6351	-2.6179	0.167089404595015
36.673	-7.7313	-1.7312	0.473203896286903
34.93	-7.4385	0.28604	0.926259740220598
36.492	-7.1408	-1.0361	-0.197323148852457
37.788	-4.174	-1.7582	0.113690717504014
36.965	-3.0487	-1.9398	1.50697934383357
38.23	-4.9132	-3.4835	0.634560363625688
36.663	-3.1631	-0.3802	0.7750138944813
33.099	0.055081	-5.2592	1.645
31.239	-10.563	-3.4322	-0.736003150962158
35.881	-1.4853	-5.1216	1.34074897646209
33.57	-8.7984	-2.8098	-1.0224340825676
37.128	-7.3755	-1.516	0.508760331386154
33.552	-9.7298	-1.7604	0.142354779260903
35.169	-9.4052	-2.0994	1.4774464064038
33.728	-7.5046	-4.2941	0.464983103799111
31.148	1.1191	-1.7657	-1.60277493073235
36.1	-5.7452	-0.9397	-0.189270095552577
14.2	-12.25	-2.7913	-0.26637475428932
33.449	-0.70302	-0.86649	-0.384992183766055
36.735	-2.0513	-4.5974	-0.534462402222647
37.97	-6.9158	-1.8538	-0.060365753509871
37.271	-6.6982	-1.6293	0.371527172125471
36.379	-3.7123	-1.4074	-0.673548221588666
24.282	-11.844	-3.4144	-0.787373788981802
36.613	-3.0796	-0.94265	-0.424979404559456
35.771	-6.6465	-1.0204	-0.257130717258411
29.6	1.593	-1.8446	-1.32909221519732
37.883	-2.6633	-2.9858	0.927467132691065
31.258	-10.897	-3.3516	0.286210285188136
28.835	-0.9672	-6.622	0.977794370676401
26.632	-11.363	-3.9523	-1.645
34.045	-9.3825	-2.7884	-0.262274634972386
36.668	-5.7643	-0.36006	-0.21382651950541
33.156	0.051677	-0.95287	-1.60632680577161
33.764	-0.71277	-5.7633	1.17719962423525
35.295	-7.3557	-2.6164	0.794337383392751
34.803	-7.3818	-0.18694	0.251665085698826
34.462	-9.6263	-2.7398	-0.367657490661391
35.186	-7.3743	-0.73991	-0.218735215594126
36.568	-6.7341	-0.43936	-1.53498118352515
37.311	-7.1319	-2.484	1.00131379888363
24.603	3.0977	0.72789	-0.0940223699169608
30.903	0.73487	-0.78254	-1.645
36.998	-6.8792	-0.55387	-0.454234445844776
33.493	-0.10664	-5.5756	1.57815134851877
38.411	-5.9434	-2.5654	0.927544747977689
23.875	-11.581	-3.7265	-0.623421765595617
31.882	0.099737	0.85538	-0.685520029148303
31.935	-9.6442	-3.1092	-1.645
26.959	-11.641	-3.4896	-1.645
27.536	2.4938	-0.31686	-1.61179415519982
37.244	-6.5933	-1.2809	-0.457536830296527
29.127	1.8274	-0.60295	-1.53968305121059
37.126	-1.7498	-4.0023	-0.525187653043307
37.964	-6.7002	-1.5893	0.581189761076734
29.648	-0.84476	0.71673	0.640821344392001
37.316	-6.1483	-0.43037	-0.110578302689355
37.077	-7.9142	-1.4075	-0.452327099705193
33.288	-0.28058	-5.9272	1.645
35.647	-8.0758	-4.3618	1.645
36.307	-7.1819	-0.72469	-0.647045327434698
37.012	-7.3768	-2.6185	-0.689547556946178
29.6	-10.915	-3.8914	-0.783266283765976
37.241	-3.7254	-1.2785	-1.63513831667505
36.381	-6.3235	-0.97449	0.000606828281449785
38.228	-5.9979	-2.4075	0.023489562785552
29.683	2.3099	-1.5653	-1.33601861598619
36.092	-3.3609	-0.37577	-0.195508659493112
36.459	-2.2777	-4.9212	0.235513470784851
26.628	-11.465	-3.5706	-1.23119884254063
37.597	-4.7139	-4.268	0.619908079993107
37.638	-2.9456	-1.7393	-0.501896284935376
36.825	-5.2081	-2.5948	-0.603679764098631
37.001	-3.1956	-1.9825	0.251835214705874
35.376	-7.6203	-0.86273	0.51944940935075
29.737	-10.997	-3.7093	0.0745629044030364
36.646	-6.9621	-4.4572	1.55892073409686
35.599	-6.7579	-0.15719	0.321260456469213
31.82	-1.1205	-6.6025	1.21293531922189
36.406	-3.0178	-1.5552	0.413138458963316
33.897	-9.3231	-3.4479	-0.491460838166613
32.105	-1.7627	-0.10838	0.548424558084076
36.277	-7.249	-0.71106	-1.18366844289019
36.737	-5.862	-0.77037	-0.481519791415555
36.388	-6.8777	-0.40505	-0.822584729098043
37.261	-2.7718	-4.19	0.88304398256742
31.621	1.471	-2.1952	-1.645
37.684	-3.9188	-3.9944	0.340460466934392
24.924	3.2424	0.63254	-0.599037802838078
35.866	-3.3966	-1.9231	0.610352873593722
27.767	2.2237	-0.43318	-1.36391912771437
35.011	-9.3326	-3.6961	1.3415852957712
36.754	-3.0007	-4.6999	0.0242170795273667
28.246	-11.364	-3.9274	-1.645
28.058	-0.40419	-6.5521	1.645
36.427	-6.7942	-0.72939	0.0291534999674306
38.176	-3.9397	-2.3623	-0.465886474367888
31.848	-10.514	-3.7276	-0.95774446947839
32.421	-9.9028	-3.8736	-0.810620785089188
37.445	-4.4388	-3.7318	0.106527278056538
35.951	-1.7764	-5.2628	0.498684331393303
35.052	-2.3438	-0.25459	-0.743014066175773
37.046	-6.6266	-1.4054	-0.0242247353167574
35.805	-0.27107	-3.7675	-1.24110991098869
37.018	-2.1404	-3.4635	0.164585773356558
29.485	-11.04	-4.0291	-0.48318728964109
34.963	-0.91573	-4.2992	-0.696963132855569
35	-8.9277	-3.0689	0.119425812204576
37.03	-6.9054	-0.89318	-0.837906222716362
36.998	-6.6701	-0.68066	-0.68880865160146
28.959	-10.732	-3.9835	1.53758413101653
28.796	2.6423	-1.0447	-1.645
35.607	-1.8209	-5.5017	0.865017509574344
29.049	2.1374	-1.2587	-1.645
36.564	-7.3469	-0.8169	-1.36481613810801
37.58	-5.6603	-2.0723	-0.385826920032061
31.865	0.77388	-1.3397	-1.645
29.143	-1.0016	-6.5471	0.858733278266233
27.258	0.22043	-6.3336	1.645
35.159	-8.7272	-4.1003	1.16806964352266
35.815	-7.8946	-0.37288	-1.21142662611042
37.493	-3.1652	-4.0554	1.12259213859871
36.963	-3.5361	-2.5995	1.17170673681843
37.393	-5.8686	-0.98026	-0.260293020229382
37.813	-3.2192	-2.0258	-0.0992618225098345
37.005	-7.4155	-1.2923	-0.908999650121134
36.678	-7.6703	-1.4146	-0.0666039428988676
36.409	-6.576	-1.957	0.37329885745438
36.077	-2.6253	-4.9514	0.772135821493248
36.243	-3.5794	-0.21717	-0.265242621057867
36.026	-6.626	-0.1023	-0.52645073688228
36.241	-3.1487	-1.2023	0.0296294892867788
26.151	2.5267	-0.32816	-0.468319863596428
37.961	-4.5137	-3.6152	1.28333676726397
34.751	-2.076	-4.7894	0.451037044683845
35.408	-1.3801	-5.2085	0.194510881424965
31.983	-8.192	0.43924	-0.146107610481059
37.348	-4.3808	-3.4643	-0.143382253655465
25.224	-11.867	-3.7074	-0.981823296057631
29.185	-1.0694	-6.7569	1.34699226571019
34.119	-1.5572	-3.3554	0.0423404914252905
35.665	-1.1446	-3.4708	-0.579286570942705
37.853	-6.0901	-2.2477	0.0241927067875587
36.103	-2.9022	-4.7952	-0.137338036010294
36.835	-3.5596	-0.94827	0.0619183435125921
36.17	-7.445	-0.85062	-1.05773069917906
26.906	2.3831	-0.26394	-1.16446340076656
36.06	-7.5642	-0.4854	-1.645
37.14	-4.964	-4.1295	0.111312113115909
36.254	-2.536	-4.605	1.645
37.401	-2.788	-4.0256	1.57123626425008
36.424	-7.281	-0.91605	-0.805005914360485
35.811	-7.1054	-0.26252	-1.05984031637378
35.131	-7.9391	-1.5386	0.481807297431909
36.196	-2.2167	-5.2777	0.0857693235857695
35.143	-3.4181	-0.3143	-0.556897224273946
35.111	-2.7285	-5.6907	1.645
38.008	-3.2008	-3.5752	0.23232516993536
35.136	-0.6424	-1.0237	0.292638819371379
35.689	-6.7757	-2.8578	0.867462129517462
29.713	-1.3836	0.57155	0.0435149169623933
30.906	-10.083	-3.4443	0.385103480739373
34.883	-4.4287	-1.5223	0.723433166224827
38.086	-4.8205	-3.8928	0.34092924174726
37.501	-3.63	-3.2459	1.645
35.843	-6.6108	-1.5401	-0.0583811088966538
31.505	-10.677	-3.5357	-0.442467109315151
37.16	-6.6232	-0.7396	0.710608785082604
36.42	-7.2465	-0.79641	-0.297866521198747
31.917	-9.7447	-4.6294	-0.678605147261824
37.031	-6.9763	-1.0374	-0.397390134225658
38.265	-5.2641	-1.6418	-0.18535972225007
37.023	-7.7618	-3.0738	0.660733205560673
35.848	-8.0086	-0.74692	-1.07193006639598
37.359	-3.4721	-4.3656	0.230924333314569
37.919	-4.1884	-3.3612	-0.118671322902848
31.151	-10.386	-3.707	0.0163070997133872
37.056	-2.086	-4.1943	-0.117542234041651
38.006	-4.5622	-1.6132	-0.0789316014423039
36.625	-3.1859	-5.035	-0.319802409620475
22.994	0.17768	1.5887	-0.73097159392078
37.974	-3.5713	-2.2629	1.16332077132141
35.991	-7.1105	-0.27884	-1.24544162393526
34.046	-7.7115	-0.99998	-0.736135669760399
28.049	-10.987	-4.007	-1.645
24.626	2.8702	0.65734	-0.579715092621192
35.883	-6.8386	-4.8344	1.645
36.537	-6.301	-1.1695	-0.606051355269107
36.684	-6.916	-0.54257	-0.823194536073435
36.131	-6.7703	-0.6249	-0.521725751123663
36.721	-7.1728	-1.6014	0.329130478718478
36.291	-3.2826	-5.4975	0.217998087649375
37.998	-6.5588	-1.1578	0.377004441708838
37.407	-3.279	-1.2402	-0.777153539770465
34.719	-0.76652	-0.38087	-0.490872150096524
24.667	-11.97	-3.4268	-0.386747309667993
36.562	-7.8558	-2.4601	-0.589804178863967
34.523	-6.4037	-5.2684	0.606750746320674
36.344	-2.7243	-5.0541	0.936894484620763
28.704	-1.2358	0.73461	1.45210875212973
35.112	-8.381	-1.5627	1.28184286359246
36.561	-8.08	-2.507	-0.790688017474494
29.101	1.8205	-1.2912	-1.645
35.878	-8.1252	-1.6888	1.35359912656232
33.057	0.84632	-2.7147	-1.09919514284779
33.546	-0.34527	-5.445	0.891974268370582
31.882	-0.57295	-5.8092	1.645
24.91	-11.954	-3.5912	-0.836107520297862
38.382	-5.4187	-2.2298	-0.671387271918024
35.342	-0.84757	-4.9727	0.687623398685316
34.619	-5.6944	-5.4814	1.08974080470176
36.436	-7.5013	-0.96146	-0.992186529176298
37.02	-3.3083	-1.0167	0.892291059340797
34.806	-8.8901	-2.973	0.983376846907386
34.347	-0.98887	-5.2431	0.0181315837336225
32.922	-10.36	-3.0592	-1.47176559112939
37.436	-2.0099	-3.387	1.17444933645612
27.802	-0.52154	-6.6001	1.645
36.324	-7.7981	-3.4379	0.179705991094034
33.436	-1.2899	-6.2745	1.44362646367594
33.177	-9.7487	-2.9992	-0.980874667246111
27.274	2.4161	-0.10539	-1.63201223443987
25.93	-1.2025	0.87789	1.61821752479017
36.272	-2.8487	-4.1937	1.08281586450142
37.157	-2.2965	-4.1908	1.02100246504744
30.682	1.0168	-1.2092	-1.645
34.541	-2.8555	-1.6681	0.556936517199094
33.291	0.40457	-1.8331	-0.292009136621581
37.406	-4.0066	-3.9598	0.881837627006563
24.997	-0.66669	1.1359	-0.546187192894625
36.12	-6.4143	-1.0835	-0.581420000932071
34.659	-1.9863	-5.9829	0.621405880827777
36.488	-7.3251	-2.3262	0.965223012232901
27.032	-11.414	-3.9168	-1.645
33.231	0.16905	-5.6528	1.23800480689818
35.542	-6.5946	-1.1652	-0.730909713146556
36.53	-7.222	-1.5122	-0.938117838622828
35.769	-1.7993	-5.2612	0.245491161633917
35.546	-8.9878	-2.0374	-0.415220921487919
36.791	-7.3313	-1.4707	-1.05582815926604
29.891	1.399	-0.59674	-1.44020432285698
35.835	-5.3318	-5.5868	1.02194547133995
28.257	-0.68969	-6.8239	1.645
37.377	-6.8635	-1.8859	0.483146211841087
27.464	-11.751	-2.8039	-1.55173331285314
28.168	-0.41404	-6.7192	1.645
37.75	-4.869	-1.3026	-0.671253083844276
35.944	-7.7459	-1.3209	-0.00537528365788493
38.082	-5.3314	-2.1137	-0.0707770689684688
33.007	0.29962	-0.29684	-1.26037336304051
38.541	-5.8464	-3.3132	-0.0654512165778039
36.802	-7.1285	-0.91854	-1.33819244922123
37.28	-2.8613	-4.4514	0.329063297089165
27.788	-0.7983	-6.5807	1.645
29.504	-10.993	-3.853	0.910541907917318
30.43	-10.246	-3.9492	-1.645
35.675	-7.1694	-0.86933	-0.433834191223714
37.326	-5.6839	-4.4112	1.645
36.829	-3.054	-4.6771	-0.531394030974522
37.127	-7.6054	-3.972	-0.496415342694547
32.465	0.75286	-1.4389	-1.28327269564185
33.046	-8.5364	-0.65937	0.22777861389468
32.73	-10.178	-2.8586	-1.07342492054014
34.579	-9.3204	-3.3467	0.294130642720122
33.708	-1.6614	0.33322	0.344451236950308
37.264	-6.7331	-1.3042	-0.382686954617152
33.378	-9.128	-3.986	0.186751929852952
36.682	-6.2436	-0.22291	-0.789811579013544
30.821	-10.162	-3.2975	0.000239574249112656
36.51	-8.369	-3.6788	-0.202756843653725
24.884	-12.03	-3.7199	-1.11353818238678
35.633	-2.7754	-0.42644	0.282713030060039
36.718	-6.6751	-0.98773	-0.264982318948403
35.556	-2.9167	-0.96308	-0.28431038636383
27.416	-11.642	-3.608	-1.63314617640071
35.042	-7.5012	-4.9165	0.388728779063429
37.034	-2.7736	-2.7544	0.382215934779683
37.879	-3.3745	-3.9897	0.169266024684132
28.693	1.9418	-0.84665	-1.645
36.863	-4.6665	-0.57369	-0.618451098770281
37.196	-2.9731	-1.8959	1.645
28.874	-11.12	-4.0281	-1.52530297505217
37.449	-6.7361	-1.3597	-0.787965559431522
35.503	-6.2815	0.51715	0.040358319036166
24.869	-11.715	-3.337	-1.25293402036625
37.136	-6.9179	-0.88602	-1.13458950408244
37.548	-3.7864	-2.5541	0.529481771107343
36.034	-7.4432	-0.97491	-0.907052052977218
37.937	-4.7004	-4.0766	1.23875006631593
35.013	-1.0942	-0.74452	-0.608721960220349
37.172	-5.7699	-2.3884	0.320165583697811
37.69	-2.9721	-2.3396	0.242213668361325
36.99	-7.0988	-1.0916	-0.908621582494514
32.325	-6.7771	-5.2843	0.380551351088333
36.596	-8.2474	-2.108	0.282673619003002
34.624	-9.1756	-3.8766	0.909484485172477
36.626	-3.6918	-0.73483	-0.758312363410261
36.301	-7.5684	-2.2311	0.103940297673261
35.615	-2.2489	-4.7724	0.473260996236383
37.742	-5.3859	-2.9074	-1.14067713369678
36.329	-1.779	-4.8389	0.00351637138717982
33.853	-7.9412	-4.2012	0.690061897736288
36.495	-7.6701	-0.95526	0.0259585790179159
32.664	-10.854	-2.59	-0.227379787980717
34.45	-0.82641	-5.3395	1.59620055994654
31.683	-1.2044	1.0754	1.645
36.139	-7.2369	-0.64364	-1.64398241427708
37.14	-3.0531	-2.5682	1.645
37.645	-3.0373	-2.7639	-0.515096252611529
33.42	-1.847	-0.09335	0.719528504645672
25.808	2.4843	0.20229	-0.870423409491637
36.558	-3.477	-0.7264	-0.448563704896924
37.076	-2.1343	-2.4981	-0.839341806457716
37.295	-3.7665	-1.2328	-1.43477281591994
36.868	-7.3659	-3.4925	0.0273909081083939
25.14	-11.017	-4.1427	-0.649052981185446
37.662	-2.5526	-3.9957	1.61720562335889
37.251	-3.3098	-4.4526	0.570636628528909
38.169	-4.0381	-2.3338	-0.924244745559218
32.388	-10.109	-3.1943	-0.773976182340794
34.469	-3.1586	0.16337	-1.15053833122958
36.915	-7.9132	-1.4713	-0.5454847203551
28.759	-11.084	-4.2342	-0.969198485694959
29.454	-1.0348	-6.7118	1.645
36.981	-6.4968	-1.3048	0.840178609426162
23.9	3.4724	0.17699	-0.936502008928179
36.503	-3.0435	-4.7703	-0.278968131109648
31.809	-9.8667	-4.0254	-1.36264770949815
36.414	-2.6558	-5.1461	0.586154033527177
37.586	-5.8647	-1.1041	0.907737453028995
35.487	-7.1229	-0.32773	0.174199275286718
27.695	2.5926	-0.75992	-1.36413596084649
36.496	-7.1131	-0.84695	-0.100001149371178
36.57	-1.9504	-4.6956	0.476497842665622
37.89	-3.3009	-2.8666	-0.518969255586445
35.773	-3.3263	-5.1052	0.737633003584488
36.89	-5.1349	-4.9182	0.953771437248521
36.339	-7.668	-3.0652	-0.0805719516260127
37.425	-4.7946	-3.5831	-0.768966682492017
36.89	-7.2192	-1.1222	-1.0338614650621
36.973	-4.4217	-0.99545	-1.21403788913093
18.117	-12.427	-2.7497	-0.0916988912940317
28.914	1.9943	-0.15523	-1.645
35.884	-6.3224	-0.51641	-0.302276328452453
22.895	-11.764	-3.655	-1.11467146098546
29.674	1.9213	-1.1953	-1.645
34.349	-1.3018	-5.8695	0.844252856965017
33.373	-6.1595	-5.613	0.402954840464579
36.107	-8.3833	-3.8955	0.434856161935939
33.708	-6.1344	-5.2625	0.492525263991947
25.941	-0.49807	1.7601	-0.140862658857617
24.148	-11.976	-3.5319	-0.307841689424713
35.762	-2.4738	-4.9674	0.602769841341852
34.387	-0.70831	-5.5504	1.2774571856909
37.663	-3.1052	-2.6371	0.503297939786289
37.474	-3.0541	-2.0965	0.141937728796332
33.383	-10.034	-3.4276	-0.366234242930501
28.812	1.5111	-0.18542	-1.645
36.922	-5.6457	-4.9601	0.459684769768026
37.488	-6.6095	-1.1444	-0.452355724123044
28.073	-11.668	-3.1194	-0.661892773421035
36.91	-3.242	-1.1441	1.15966533243067
36.175	-7.537	-1.5303	0.202476624663131
36.358	-0.97953	-2.8211	0.121949320769879
36.017	-3.9337	-0.15164	-0.756572170235817
38.576	-4.8825	-2.3728	-1.0186289743275
37.872	-5.7018	-1.026	1.12043872962207
36.697	-2.4607	-4.6981	0.986239317064727
36.349	-7.9935	-1.5244	0.853449790774423
37.175	-3.326	-4.0231	0.873180855032452
36.928	-3.1836	-4.6119	-0.405938928019158
37.756	-7.1614	-3.4233	1.31881509649866
37.301	-2.9975	-4.1287	0.664449914734239
30.193	1.1488	-0.66419	-1.49964398830395
28.46	2.2846	-2.1237	-1.645
24.401	-1.0807	0.94528	-0.556563949676687
27.402	2.3625	-0.79184	-1.645
37.872	-6.6212	-3.506	1.28600082609979
29.53	-11.489	-3.1516	-0.631753047665164
27.857	-1.7479	0.28644	0.336200732937811
35.484	-8.9282	-1.9391	1.645
27.673	-11.413	-4.0307	-1.645
36.204	-0.51726	-2.602	0.0493824562079955
28.13	-0.42296	-6.6429	1.645
29.047	-11.285	-3.5116	1.07215978034583
37.948	-3.335	-3.8358	1.645
36.671	-6.1766	-4.2952	1.5245717331732
36.841	-6.0594	-5.141	1.04044128260613
36.965	-4.6772	-4.0313	1.19585722891807
36.056	-7.7506	-4.4819	0.306361329961778
33.524	-0.99915	-6.1235	1.36130949857958
35.209	-2.4738	-5.3197	1.645
27.447	-11.476	-3.9333	-1.645
36.676	-4.9225	-0.54227	-1.14010820380811
36.187	-1.3059	-1.2429	0.83975198398424
29.373	-1.8565	0.38733	0.867159150119492
29.141	-10.738	-4.3405	-1.12369793033205
37.819	-3.8939	-4.081	0.466299302910419
35.461	-6.7856	0.21	-0.843460614358982
33.537	-8.6364	-4.1537	-0.190835995006158
35.576	-2.7145	-1.1661	0.250014943258592
36.729	-7.5145	-3.1312	-0.264895624365734
36.088	-6.6977	-0.52185	-0.887060780956446
32.739	0.91199	-2.6954	-1.645
37.836	-4.3579	-3.3202	-0.448696343375581
36.018	-6.3323	-1.1371	-0.579879691478876
37.469	-3.0494	-4.2007	0.780123462067983
35.606	-2.0846	-5.5897	0.743163229080866
35.933	-6.8829	-0.44488	-0.727521725981286
35.493	-9.2462	-3.3582	0.629494037533578
37.53	-4.251	-3.1865	0.125881344794316
30.092	-11.065	-3.1338	0.633408736435287
32.99	-8.9546	-0.21807	-0.508892853595705
37.519	-7.3869	-2.6661	1.645
37.079	-6.2808	-0.77346	-0.246514738963581
36.022	-6.828	-0.57731	-0.849479960995459
37.918	-7.0786	-3.0856	0.710653372849959
28.343	-11.733	-3.5872	-1.00476841662952
37.494	-5.8069	-1.0089	0.232786831572182
34.273	-0.69818	-5.6839	1.61485580343228
26.188	-1.2389	0.73822	1.00065097512139
29.477	-10.678	-4.2809	-1.50422697380826
29.977	-11.456	-3.3584	-0.302441376885615
36.939	-3.7073	-4.6069	-0.14449466870252
37.59	-3.4846	-3.6459	1.18660881740384
28.11	-1.8263	0.47221	0.209731599220306
35.99	-2.0913	-5.2288	1.12051192681416
31.074	0.26967	-6.3372	1.51718088901265
37.27	-6.4269	-1.0324	-0.0460605674312369
34.091	-7.9047	-4.067	-0.169948597097735
36.52	-7.3394	-3.0192	-0.102209055164014
37.4	-6.6576	-3.761	1.21680513214434
29.113	-0.98121	-6.9442	1.01902926956013
37.029	-4.7412	-3.0954	0.333966090277381
33.037	0.75239	-2.4438	-1.45683679963487
22.655	-11.631	-3.7513	-0.876295575424146
37.766	-3.2181	-1.9562	-0.321515076904426
37.838	-3.7151	-3.567	-0.307826194440529
37.285	-3.4399	-4.4883	-0.762079154706972
27.184	-1.4529	0.40133	0.467168076024611
38.26	-5.4613	-2.6107	0.192889409328296
35.989	-1.6761	-5.1643	0.437541428823405
37.247	-5.6924	-4.4819	1.61136202666058
34.351	-9.3416	-4.3517	1.22283695417952
32.942	-10.187	-3.8424	-0.957584324658628
36.258	-3.1272	-2.1291	1.27891220883861
37.522	-6.8014	-1.605	0.147810850648055
34.875	-7.5634	-0.67985	-1.10081288325634
36.805	-6.8704	-0.46855	-0.717386215702604
36.438	-5.6209	-1.0791	-0.667877738294342
36.039	-7.5015	-0.37316	-0.887830165738152
35.992	-6.343	-0.027214	-0.390595627937215
38.018	-4.0021	-3.4175	0.82266680784471
36.085	-8.2433	-1.0166	1.58840798411064
38.197	-3.1683	-2.8039	-0.939687635130911
37.221	-6.2661	-0.70586	-0.536576230308642
24.495	-0.80438	1.506	-0.580407184110139
19.894	-12.408	-3.0023	-0.0960235689195241
32.857	-1.747	1.0811	0.365169654446099
38.182	-4.7359	-4.0348	0.855265538473974
32.564	-8.7826	-4.3392	-0.660210672695673
33.424	-10.297	-2.9498	-0.710821814505651
37.001	-1.8216	-3.9956	0.0497401993317746
32.612	-9.982	-3.3678	-0.750355926044606
26.104	2.9775	0.38525	-1.35682690184947
35.856	-6.2175	-4.9262	0.833293694475132
34.29	-0.70505	-5.4116	0.579932725923506
35.119	-8.7121	-3.9509	0.37323839437393
32.294	1.3388	-1.5872	-0.906610990121758
26.933	2.2884	0.38868	-1.645
27.989	0.13398	0.8053	1.645
37.348	-6.549	-3.1685	0.798511075889568
34.481	-0.83471	-4.8208	-0.266658310018928
36.976	-6.7599	-1.9741	0.906012748845081
36.879	-7.3031	-1.1171	-1.46216645911032
37.988	-3.183	-3.7179	-0.177319945091162
37.929	-6.679	-1.6821	1.44217712371215
35.328	-8.9384	-1.7754	1.645
34.271	-9.6149	-3.6763	0.930882531735372
33.023	-9.9253	-4.2566	-1.33739762999409
36.927	-6.6277	-0.54409	-0.309151579636163
37.587	-7.0356	-2.9008	0.376402184334921
36.719	-7.5573	-3.667	0.29920438702389
37.13	-6.6506	-0.87502	-0.168132015407342
33.331	-10.091	-3.2853	-0.624153792946705
36.513	-6.807	-1.1852	-0.761216151685398
28.452	-0.64826	-6.6807	1.18224721013943
35.608	-8.7425	-3.6319	-0.16252457284929
36.084	-6.9266	-1.1155	-0.776395687234272
34.803	-1.1978	-5.5854	0.898630515524831
30.623	-10.628	-2.3359	-0.26252624774144
34.746	-0.83355	-5.3832	0.0315709029445899
37.674	-6.0117	-3.9316	1.04344492695684
35.239	-7.2057	-0.80222	-0.383813400180352
30.909	-10.532	-3.6165	-0.226680919335487
34.081	-0.19025	-0.19369	-0.312048009593146
36.16	-6.2388	-4.6065	1.16297310948802
34.061	-9.7107	-2.6267	-0.117020558958219
28.401	-0.6673	-6.6758	1.645
34.108	-1.3907	0.43458	0.292568046501678
36.911	-4.0324	-0.88935	-0.674168247237902
36.133	-7.4211	-1.9201	-0.147657900055199
35.653	-7.9359	-0.91161	-0.203942616831421
27.563	-1.7829	0.9933	0.35833575260903
35.686	-6.1698	-4.8122	1.20165889286804
35.599	-6.05	-5.0311	0.232434498211305
33.647	-9.5361	-2.9473	0.0303844371460717
37.439	-7.1052	-1.3532	-0.0481225074003338
23.069	-0.86413	1.3787	-0.191935086891539
37.717	-5.9636	-3.8253	0.433524134674961
37.26	-1.8777	-3.7953	0.41053609197685
37.331	-2.3602	-3.1346	1.19571879771597
29.747	1.7848	-0.64182	-0.837056570219893
31.26	-1.5383	-6.2118	0.981173405821399
28.79	-0.60836	-6.4231	1.645
28.577	-1.9917	0.59004	0.351080140633117
36.944	-6.5048	0.15745	-1.19417663725632
27.399	1.8644	0.060854	-1.645
34.571	-8.8569	-2.5749	-0.0928885459897298
37.024	-6.2246	-3.3113	1.645
37.905	-5.2701	-3.6581	1.645
37.467	-3.1874	-2.2578	-0.553237048003765
35.937	-7.7764	-1.2843	0.308271806574886
37.269	-6.4643	-1.3187	0.783274254506248
35.22	-2.8647	-5.4605	1.645
36.327	-3.639	-5.216	0.301888268321596
37.298	-5.8161	-0.65225	-0.453344233824207
37.658	-4.6228	-3.5033	0.708215846535506
33.532	-9.5404	-3.8361	-0.306037549097391
38.11	-4.4154	-1.7878	-0.599403283739743
33.965	0.34185	-2.8306	-0.736465507030807
18.681	-11.853	-3.5342	-0.435929658690728
37.578	-6.9156	-1.9975	0.593017459989238
22.178	3.5218	0.97528	-0.416134162230836
34.324	-1.491	-0.028499	0.631277785475457
27.877	-10.224	-4.2064	-1.645
35.796	-7.3764	-0.93857	0.204409041493381
36.21	-7.1793	-0.91817	-1.12534713300559
33.756	0.78472	-3.7174	-0.247160078271991
34.832	-1.3266	-5.3939	1.15168113577243
36.693	-6.5135	-1.0092	0.0470636363691693
37.262	-3.681	-4.3805	0.297275934704452
37.664	-2.5775	-2.7475	0.390448511696767
33.114	-0.44001	-5.9828	1.41630599839172
35.83	-8.0329	-0.94709	0.258216623228436
37.168	-2.8936	-4.4433	-0.502191604515111
37.252	-3.2123	-4.5515	0.141404254861073
37.485	-6.3438	-1.5371	1.03144229703763
36.79	-1.1179	-1.9369	-0.0753708287841014
36.986	-3.4192	-4.8641	0.336287019711715
28.187	-2.0153	0.64751	-0.0669647895345751
36.115	-2.5821	-0.79798	0.029295975831208
32.441	-8.4786	-4.6004	-0.3305759936116
32.516	-10.186	-4.2238	-0.849828221041033
34.865	-8.7229	-3.4379	0.235100588452014
37.744	-4.8284	-2.8158	-0.227312914096463
36.311	-6.2684	-0.71261	-0.0111135369331248
37.547	-3.1049	-3.4645	1.29258653592827
38.079	-6.2421	-1.3115	0.720738268561975
37.974	-3.6555	-3.1281	-0.732208772123524
28.696	-0.68077	-6.8741	1.645
30.852	1.7849	-1.8279	-1.645
34.821	-6.2335	-5.3327	0.447325583014565
14.631	-11.506	-3.6427	-0.370269871831654
34.669	-0.46744	-3.1166	-0.223090719524735
37.859	-5.8203	-2.0456	-0.165015483851134
36.787	-5.5935	-0.20183	-0.895756528643759
36.693	-3.4679	-1.3316	-0.285417265142521
24.838	-11.328	-3.8629	-0.59711456154337
35.763	-0.51963	-3.4807	-0.875644935201648
35.201	-6.4466	-4.6978	1.30557752890172
32.044	-10.644	-3.7583	-1.07530447304669
36.194	-6.8002	-1.6144	-0.618407034684122
36.007	-6.7848	-4.2244	0.762770786261967
35.927	-7.6408	-0.39627	-0.980632747732303
35.868	-8.013	-3.1225	1.4645336973682
36.808	-7.1617	-1.0805	-1.17455022569031
36.946	-7.765	-1.2246	-1.369219882965
36.325	-6.6188	-4.8643	0.866164995487117
35.549	-6.4596	-0.15332	-0.766566319660624
30.435	-2.0178	-5.0573	1.645
36.901	-2.8551	-4.7309	-0.108324740986945
37.149	-6.3657	-1.3475	0.362717233038136
36.787	-3.2912	-4.7881	0.0988705320335915
37.496	-2.7345	-3.0657	0.390134267770904
32.833	-9.925	-3.8629	-1.33730221895524
37.75	-6.5893	-1.4592	0.840567809315855
36.038	-0.75241	-2.4819	-0.00848166084647284
28.133	-11.456	-3.6026	-0.211092047588822
30.447	1.4981	0.012136	-1.48715745924786
37.759	-5.8941	-2.4694	0.522802151195559
36.523	-6.9224	-0.55317	-1.24373684867661
37.667	-3.3869	-1.5302	-1.12070742563731
35.259	-0.56743	-3.8436	-0.904732387857143
21.996	-12.117	-3.2949	0.0101994079130783
36.696	-3.7296	-4.7045	-0.318729999977477
36.844	-2.8627	-4.1771	0.662259434684169
35.141	-7.3093	-1.8385	0.407749962281972
37.236	-5.8353	-2.0778	0.83750514282367
27.895	2.1727	-0.70999	-1.64450552400826
35.937	-7.577	-0.66075	-0.611035235213784
36.415	-3.3798	-0.64911	0.235173689906037
37.914	-4.9455	-1.6546	-0.235640410484691
37.81	-6.0972	-2.6215	0.835007684011472
36.059	-6.6724	0.099282	-0.370192797756901
33.831	-0.82131	-5.9073	1.44503043702657
37.488	-4.8809	-1.9614	-0.822898570597394
34.309	-1.5814	-3.0886	-0.409785741364089
16.546	-12.122	-3.0507	0.330592778841952
26.475	2.8001	-0.13414	-0.0928874556778857
36.584	-3.2355	-4.7375	-0.670778268166166
36.968	-3.0594	-1.5917	0.382590103663763
36.022	-5.6927	-0.69924	0.547414407233086
22.905	-1.2773	1.3333	0.913474854091438
36.937	-6.6664	-1.0888	0.267311941465991
38.435	-6.2835	-2.839	0.37318113752437
35.405	-0.70375	-4.8046	-0.645600289927874
36.121	-2.9466	-5.1363	1.645
36.896	-1.6696	-2.1151	1.17525313528231
27.474	-0.29098	-6.7196	1.56197682775751
34.672	-9.018	-2.7887	0.42090812693954
36.78	-7.3321	-1.024	-1.645
31.309	1.3203	-2.1248	-1.645
34.816	-1.9829	-0.24815	0.213369609125973
31.034	2.13	-1.503	-1.63847556355142
38.1	-4.3733	-2.6288	0.488051024182193
33.506	-8.587	-3.743	-0.723677482614881
36.038	-5.389	-5.311	1.645
34.702	-1.6396	-3.8829	0.269164859636627
32.373	0.99622	-2.1654	-1.34318353065923
35.958	-2.3821	-5.0615	-0.299108555562884
37.447	-2.7711	-3.2962	1.00897918634036
34.224	-1.4421	-5.2872	0.829030581358653
25.823	2.7506	-0.30933	-1.15055043603632
36.853	-6.3522	-2.1496	0.55159778322287
34.92	-2.181	-0.95545	-0.166522599083181
31.384	-10.126	-3.673	-0.46554220364209
36.331	-7.1059	-0.41523	-1.39949287207256
29.704	-11.031	-4.1478	-0.407924563055418
35.609	-7.1077	-0.68315	-0.876543047221698
35.818	-1.2328	-4.9674	0.248101560204045
35.623	-7.3392	-1.1323	0.0388579208657425
32.987	0.16537	-5.4076	1.14275540269158
36.38	-3.1166	-4.3906	1.12386962162062
36.763	-2.5223	-2.4664	0.742313802557587
30.806	-9.287	-3.5933	-0.191206626591333
31.819	0.77723	-1.5751	-1.645
34.867	-2.1455	-5.957	0.835380941424108
36.432	-2.9785	-1.8557	1.17906685295972
37.33	-2.1802	-2.9054	0.245918276138581
35.886	-6.8034	-0.66589	-0.851867090773191
34.169	-2.2291	-0.29475	0.154089048772016
27.676	-0.63697	-6.9622	1.645
36.642	-7.6993	-2.0698	-0.215149110341911
36.441	-7.3309	-1.0821	-0.64994252368018
36.404	-0.77396	-3.045	-0.548204380708472
32.197	1.205	-4.1368	-0.918367094020978
33.119	-10.31	-2.9906	-0.0806762970306309
37.344	-5.4244	-3.918	1.20019526126549
30.026	1.6761	-1.1057	-1.645
37.878	-4.0903	-2.2179	0.46559055745799
37.108	-2.6266	-1.3105	0.579201300940221
36.482	-1.3979	-3.6565	-0.884965317728286
31.452	-9.1478	-3.2273	-1.02802353680754
35.595	-7.1083	-1.4836	0.40233663210509
37.93	-4.6532	-1.5629	0.375049601930291
28.339	-11.288	-3.7747	-0.533419947417977
34.572	-0.91389	-5.3163	1.13998754567445
27.025	-1.1452	0.8769	0.703851638862426
34.079	-9.9018	-3.0968	1.08439686178547
35.222	-7.552	-0.12993	-0.0946462061850711
37.707	-3.9647	-4.055	0.75655042034429
37.055	-7.808	-1.365	-0.609625370878754
37.028	-8.0319	-2.3737	1.645
37.484	-2.9589	-2.2054	0.618041425563718
36.636	-1.8449	-4.6217	-0.21770891364426
24.255	-1.0753	1.209	-0.461646939569255
37.908	-5.4849	-2.8675	-0.284245738717152
28.144	-11.285	-3.6351	-0.490372955234289
36.304	-3.0943	-4.7781	0.600739358565439
36.383	-6.8969	0.11651	-1.45464913869703
36.032	-2.4254	-5.2954	1.05167338272558
37.693	-6.9362	-2.1968	0.546323507255456
35.196	-7.2738	-0.20346	-0.206639778177208
36.191	-1.9754	-1.1911	0.206256919278146
35.949	-7.0988	0.036498	0.0652592254650534
32.924	-0.29634	0.38633	-0.644826229840836
36.636	-8.1869	-3.6598	-0.0169626132008418
35.702	-1.5553	-5.3066	1.18777420237174
37.827	-3.3669	-2.5679	-0.635347509746855
34.952	-6.4194	-5.1862	0.836026235303908
25.703	0.22142	-6.7138	1.645
37.718	-6.805	-2.3753	1.645
20.57	-11.951	-3.571	0.537166864507037
33.204	0.41913	-3.6203	-0.0631596958013652
36.349	-7.4662	-1.0629	-0.64359381357775
32.301	0.83282	-1.4899	-1.645
36.889	-6.3605	-0.64418	0.0817535292034636
37.364	-6.6113	-2.4395	-0.155618633951648
36.557	-6.012	0.058335	-1.00589133820718
34.899	-8.9036	-2.1978	0.655386717175902
34.392	-0.67005	-5.3893	1.19866746265166
36.058	-0.71232	-3.8443	-0.806087796548217
35.914	-2.1429	-5.1293	0.573216682479644
38.175	-6.4615	-2.3743	1.4795739849129
37.269	-6.594	-4.1428	1.645
36.296	-3.9297	-1.4904	-0.691358076545281
34.929	-9.3154	-3.3453	0.35721340247067
33.624	-9.7678	-3.2114	-0.51795315368381
35.452	-7.5059	-1.1164	-0.418631908352317
36.034	-7.7111	-0.66814	-0.349090790099052
37.161	-2.9571	-4.3767	0.189553649235566
35.801	-6.039	-0.10692	-0.223083345962786
38.018	-6.5426	-1.8973	0.789829816979925
37.065	-2.8718	-1.9238	0.524868815180752
37.741	-3.5231	-1.6764	-0.638608847860518
36.429	-1.94	-1.5444	1.02075502105836
38.124	-5.9004	-1.833	-0.29664315453689
37.088	-2.7651	-4.3048	0.583563817935541
37.718	-6.2576	-0.89144	-0.131507683087084
32.946	-10.118	-3.8613	-0.915115254640898
38.042	-4.4673	-2.5642	-0.399851394387882
35.311	-1.2939	-5.3454	0.644654770598915
36.716	-1.7406	-3.0904	-0.843902962418161
37.657	-5.2865	-0.77623	-1.08661518496281
28.415	-1.9853	0.6287	-0.0251281221483408
35.913	-2.1991	-5.1813	0.123456471499248
37.832	-5.746	-1.2789	0.80605840606026
37.809	-7.1081	-3.5919	1.3389609123748
37.022	-7.8526	-1.9066	-0.507550034605136
35.963	-2.9456	-4.6888	1.645
29.139	-10.899	-4.2139	-0.392061328617207
38.328	-5.5245	-1.6957	0.583730421650457
35.913	-3.5353	-0.26692	0.152995092331475
36.624	-2.5872	-4.7152	-0.0413056975784821
35.732	-7.4659	-0.892	-0.561054453453674
37.405	-2.8884	-4.2719	-0.381875167693902
27.224	-11.557	-2.9923	-1.645
34.219	-0.7002	-5.219	-0.0982511216986254
36.409	-6.4671	-0.54685	-0.387162020484891
29.133	0.029435	-6.8166	1.645
34.285	-0.88002	-5.7289	1.645
35.879	-1.4706	-5.0897	0.0435531784626685
33.331	-0.8698	-4.6621	1.03683663291186
28.562	-11.373	-3.9338	-0.857143222518392
34.954	-8.59	-1.2637	1.25538877218201
12.655	-12.024	-3.1062	-0.0159056180471299
33.259	-0.86748	-5.1327	0.605913478208937
38.313	-5.8634	-3.2643	0.0985076780424603
36.875	-2.9204	-4.2667	0.000321600219719227
36.875	-6.5702	-0.73131	-0.598784364734626
32.785	0.6827	-1.7577	-0.618396093263164
36.807	-2.7145	-1.7884	1.645
36.197	-2.5887	-0.88178	1.37832690024071
37.29	-3.1505	-4.2486	1.17074370756021
33.099	0.48603	-1.4884	-0.942613549035317
34.092	-8.9227	-4.1576	0.577564921768476
37.012	-7.5666	-2.4787	0.521995887328558
36.947	-6.3535	-1.4057	0.909420146063766
24.144	-11.871	-4.1725	-0.462973542036193
37.294	-5.8666	-0.45628	0.12882877350462
38.453	-6.2205	-2.5167	0.727181311066006
38.205	-3.7763	-2.7418	-1.2417179034908
29.42	-11.225	-3.3753	0.157065022293751
37.148	-5.3387	-0.68234	-1.31577056481245
26.075	-11.349	-3.6326	-1.645
34.237	-0.72906	-5.5845	1.1738162388701
35.409	-7.9537	-0.78786	-0.146503634557695
36.261	-5.9674	-0.39885	-0.676943565877599
35.769	-1.1302	-4.9338	1.20366012596493
34.05	-7.3166	-5.0561	0.446451493756947
33.716	-7.4941	-2.944	0.0527167378091583
36.741	-6.3389	-1.159	-0.287781662768913
36.513	-7.4862	-2.793	0.849894285001083
36.212	-4.2356	-0.11937	-1.01432138093408
30.542	1.6715	-0.25718	-1.30701836911923
37.523	-5.7548	-4.5898	1.51434475398779
28.667	1.635	-0.37636	-1.645
37.356	-5.2576	-1.0494	-0.116474755250289
36.478	-7.7756	-0.57777	-0.928044685461204
37.883	-3.842	-3.38	0.512691720308189
35.131	-9.2436	-3.3567	0.424326605074365
37.587	-5.2175	-1.004	0.0236937334654429
36.221	-2.9564	-0.61513	-0.00792575696136913
38.637	-6.5948	-1.8103	1.645
36.956	-3.2025	-4.4751	0.144535079730791
29.985	-11.016	-3.6217	0.0617839017157224
31.672	-6.1599	-5.747	0.389410537011619
36.491	-1.3732	-4.2775	-0.64776778871202
37.131	-4.5617	-0.87893	-0.800818595174557
31.827	0.24387	-1.1057	-1.11625811224989
36.602	-7.2462	-0.74841	-1.14395513591372
35.527	-1.6899	-5.4983	0.162136391263441
28.143	-0.79826	-6.7107	0.927729343984696
36.361	-7.4636	-0.51885	-1.28942261039283
36.981	-6.59	-0.49138	-0.931698916319291
37.82	-7.0502	-1.9993	0.434377814860535
36.574	-8.6753	-3.4189	-0.503141364346528
37.993	-6.6047	-0.58157	-0.41727814662262
36.619	-3.3442	-5.008	-0.388159079197739
37.163	-4.0055	-1.8496	-0.367392161239209
27.841	-0.46924	-6.7153	1.645
33.362	0.38835	-1.7634	-1.20349759625878
38.275	-5.2304	-2.3682	-0.521693361862526
36.744	-6.6862	-0.47204	-0.989301474413485
29.038	-11.463	-3.3336	-0.308139141613626
32	-9.0904	-4.758	-0.634485836584377
34.952	-1.4921	-5.7799	1.3583252128076
35.586	-6.7863	-0.30952	-0.0611333837779923
29.473	-2.0004	1.2233	0.924489370154986
36.946	-7.1431	-0.98937	-1.39761779855264
35.2	-1.6433	-5.5416	0.713510244839336
38.265	-6.0586	-2.7998	1.22791704447161
33.966	-0.18969	-0.95979	-0.884010778019615
37.105	-2.5879	-1.2599	1.24668550351861
37.342	-6.7824	-1.0638	-0.257524256792911
36.545	-7.0306	-0.54223	-1.06209581832262
35.679	-7.0002	-1.2115	0.0442041982160354
35.984	-1.9774	-4.2136	-0.113404841316153
35.308	-9.5027	-2.4343	1.19367435921494
33.845	-9.7813	-3.7695	-0.160572540729013
33.349	-0.35116	-2.0425	-1.36319488149975
27.568	-0.41487	-6.818	1.645
33.366	-9.9976	-3.4617	-0.751918301069114
19.483	-12.108	-3.7965	0.026766712532853
37.162	-5.5491	-4.7764	1.20304793713459
35.769	-6.9619	-0.47515	-0.77951269270521
35.88	-8.2388	-4.4135	0.358788279929555
35.04	-7.5716	-1.0808	-0.21575030064003
35.22	-1.6653	-1.0212	0.577492313109357
36.935	-5.5179	-1.3782	-1.33525525222674
35.664	-1.6218	-5.105	-0.162243699269104
26.332	2.8248	-0.26543	-0.464980185458206
38.305	-4.7921	-2.3396	-0.430641665152631
37.264	-6.0234	-0.95589	-0.860754701258608
24.961	-12.173	-3.2356	-1.59714224220387
36.493	-3.2037	-1.737	0.594709023699397
37.016	-2.6871	-3.6991	1.645
35.521	-7.0953	-0.81215	-0.208615798842257
37.573	-6.2663	-0.94834	0.730016387663189
36.713	-2.7918	-3.6785	1.645
37.267	-2.9412	-1.1413	-0.0355408107147149
36.105	-7.5793	-1.0388	-0.362449900832319
36.149	-3.6882	-0.088772	-0.47682075439996
29.561	-2.1923	-0.92529	1.645
28.421	-10.501	-3.8962	-1.645
37.543	-6.6177	-3.9242	0.989720979541497
36.013	-5.2962	-5.2194	1.645
31.616	-10.133	-3.0478	-0.858587740521494
26.865	-11.889	-3.6093	-1.645
34.944	-1.8333	-5.6746	-0.107490729502758
33.974	-0.2086	-5.4289	1.10917833067555
27.421	-11.915	-3.1716	-1.31694072089767
24.068	-11.949	-3.7635	-0.717002065138821
36.904	-2.4271	-4.0264	0.986213514640955
32.829	-2.2829	-5.3286	1.645
36.607	-2.9684	-1.1872	-0.438512206389453
36.922	-6.114	-0.78434	0.196990505206959
37.221	-6.042	-1.2144	-0.227967188404189
35.954	-7.1988	-1.5628	-0.673867697354855
35.692	-8.8069	-1.7571	1.08492013859087
37.491	-6.0219	-1.2997	-0.0156051632448128
35.9	-7.2416	-0.67509	-1.63880366530769
36.618	-7.6655	-0.98104	-0.0903112115571666
29.945	-1.3699	-6.7296	1.645
32.161	0.91575	-1.7862	-1.645
37.605	-6.5111	-0.87244	-0.0764485945356201
35.517	-6.5056	-0.50915	0.311503444861362
32.059	1.3109	-2.4168	-1.32717722541706
29.196	-10.899	-4.0629	1.645
24.476	-1.1701	0.93116	-0.50021469202195
36.747	-2.8716	-4.7368	0.559218191401486
38.014	-3.428	-3.3169	0.0460471310524041
36.001	-6.2461	-0.9769	-0.0976709106833088
36.332	-6.6978	-0.47076	-1.23945622256314
38.3	-5.7317	-1.6831	0.503287417460567
29.979	-11.824	-2.9049	0.383964748946064
37.151	-6.3028	-0.5405	-0.540031104053959
36.12	-6.1442	-0.35725	-0.39896140834543
36.271	-7.3453	-1.3238	-0.487857289302349
36.488	-6.1858	-3.8549	1.2522004982433
35.366	-1.8119	-5.5672	-0.117700195158416
36.371	-1.3748	-4.149	-0.242709818744574
31.428	1.6486	-2.2588	-1.645
30.715	1.0071	-0.9415	-1.40495597656979
37.231	-3.9099	-4.7721	-0.718954878924784
34.721	-8.3715	-4.579	0.603041499799472
36.514	-8.5327	-2.2652	0.507314049233466
36.083	-2.6015	-0.39972	0.298053356098943
35.498	-8.087	-2.6598	0.395694682663589
30.178	1.4558	-0.55411	-1.4914566686867
33.074	-10.314	-3.0415	-1.24783221832598
34.568	-8.0682	-4.3868	0.940628582614745
36.881	-6.9741	-1.2878	-0.936534253770671
31.206	-10.908	-3.2517	-0.547203665156519
20.185	-12.42	-3.592	-0.419418815672517
37.199	-1.6237	-2.4917	-0.281123338587831
36.947	-7.3373	-1.2444	-0.513959687576739
33.778	0.11392	-0.5513	0.000740414514651305
36.98	-3.2319	-1.217	-0.815953471388155
36.125	-7.0592	-0.43751	-1.30408699016265
30.989	1.3364	-1.2695	-1.45980766715024
37.721	-2.718	-3.5393	1.645
36.492	-7.4624	-0.46387	0.116286810675332
35.897	-8.9728	-2.3728	1.19310341033233
36.92	-3.6492	-4.6394	-0.823243465808782
36.993	-4.0546	-1.8566	-0.846165268004243
34.583	-9.2741	-3.2361	-0.397185601425727
34.344	-1.2254	-5.6987	1.645
35.742	-8.0212	-3.8443	-0.239866243035693
37.001	-2.4226	-2.9225	0.441279403281566
35.171	-6.1369	-1.2886	-0.280785495243422
37.028	-3.37	-4.176	0.616632612458082
33.298	0.35184	-3.695	-0.154111204833588
30.361	0.79431	-0.83387	-1.645
35.436	-6.7361	-0.95815	-0.282357672551299
37.41	-6.4188	-0.83121	0.203281159135971
36.383	-1.4084	-1.6501	-0.000453557517462604
28.632	2.1882	-0.58482	-1.645
34.186	-2.9176	0.81454	-0.459236352554937
36.195	-4.2493	-5.2274	-0.333846358189142
26.47	-1.2093	0.66759	-0.246849966908462
36.233	-7.5856	-0.90686	-1.19641708610275
36.421	-8.4179	-2.0881	-0.394834570255746
37.469	-3.1858	-2.9957	-0.534205896908004
35.257	-2.0901	-4.006	0.495196354931693
36.163	-7.092	-0.771	-0.478445404827414
37.734	-5.9544	-4.0513	1.1150209323983
37.902	-5.9908	-2.0936	0.465576395756216
37.448	-6.4351	-3.4083	1.12197566893154
36.099	-7.3386	-0.73775	-1.06035776792971
38.19	-5.2303	-3.4668	0.707539158515643
32.123	0.60269	-0.86491	-0.936819161246146
32.053	1.3059	-1.5197	-1.645
36.699	-4.6467	0.089536	-0.700306845470205
27.83	-11.511	-3.6894	-1.645
35.927	-2.6184	-5.194	1.63878596752241
36.378	-8.7082	-2.2334	0.841164333971377
37.434	-4.6484	-2.4277	0.588261168331177
36.422	-2.8263	-5.0446	0.524488579763642
37.128	-7.3771	-0.91807	-0.679678154045636
36.806	-7.1946	-1.9069	0.360655234089872
34.659	-0.55942	-4.4261	-0.435313790117289
36.328	-7.1272	-0.93379	-0.744838582175143
36.281	-2.7152	-5.341	0.197256184671453
37.412	-6.2447	-2.696	0.0523147218017505
35.967	-2.729	-0.69909	0.400053038937304
36.783	-8.0664	-2.712	-0.580579466988254
36.508	-6.9874	-0.76697	-0.693189658604021
37.295	-4.7406	-4.9434	1.04291727331709
37.907	-5.6622	-1.514	0.142089660584836
36.54	-2.6445	-3.9797	0.168187445621829
34.705	-0.88028	-5.109	1.645
35.571	-0.535	-3.7779	-0.810418214878436
36.023	-3.1128	-0.9772	0.0013165310900445
36.969	-6.9389	-2.1567	0.343686402101244
30.821	-10.653	-3.8519	-1.48448512754434
34.81	-1.815	-0.71735	0.120053581846914
37.007	-3.2381	-4.6457	0.152467142703976
22.98	3.3486	0.063496	-0.534281455694216
32.159	-10.433	-3.0039	-1.02408185368069
37.195	-6.8729	-0.94274	-0.440311758694608
34.005	-0.32428	-5.4688	1.20210543946198
37.776	-3.2527	-3.708	1.32677367282732
25.345	2.9604	0.81839	-0.485419700226598
37.704	-6.9036	-3.5007	1.645
25.232	-11.836	-3.4376	-1.27173578150787
35.212	-2.5121	-5.7232	1.51153555926715
38.366	-5.4234	-2.4492	-1.0673675124602
29.989	-1.4419	-6.6104	1.64490057253854
37.702	-3.2554	-2.2478	-0.161670608626081
36.695	-8.3244	-3.4796	0.279727280424986
22.216	-0.28528	1.8218	-0.340955264323896
27.938	-0.14693	-6.4389	0.543008986595656
37.215	-2.1692	-3.2804	0.539431755652461
24.948	-1.1145	1.1193	-0.991405579707346
35.868	-5.9551	-0.76246	0.284348786200976
28.015	-11.269	-3.5031	-0.116464042260105
36.415	-2.8229	-5.3315	0.176430571398402
36.026	-2.1342	-5.1439	-0.138399549799427
36.861	-6.3361	-0.60656	-1.14661851657781
34.486	-9.5717	-3.7802	0.834255757865929
22.352	3.0673	1.2586	-0.575884145954224
35.219	-2.1202	-1.3575	0.824632616802631
36.39	-6.9544	-0.46647	-1.43667662429368
32.516	-0.5129	-6.2823	0.897706851326356
37.032	-6.1426	-0.88556	-0.769553279651974
28.289	2.0839	-1.1024	-1.46118260132315
33.548	-1.5978	0.067007	0.392378293269444
35.336	-1.5855	-5.3664	0.427702047765995
35.391	-7.7354	-2.7639	-0.0738055620120255
36.84	-7.9578	-3.3052	-0.725272379851487
37.095	-3.2146	-1.7715	0.12623499584933
33.859	-9.2605	-2.5721	-0.26173152661612
35.877	-8.4213	-3.4308	-0.410006646408467
34.549	-0.84299	-5.6394	1.645
36.996	-7.5551	-2.6668	0.916850768521569
34.832	-7.3907	0.24362	-0.0983341648210845
33.235	-10.72	-2.9872	-0.839082142059017
37.307	-6.0201	-1.5607	0.146270679500256
37.418	-2.9354	-2.5082	-0.248164390869337
34.343	-1.6947	-5.9695	1.11251997747622
35.852	-6.3953	-0.66102	0.24915480243303
23.219	-11.625	-3.7246	-0.998649320115647
25.658	-11.743	-4.0632	-1.645
36.408	-7.0685	-0.74929	-1.006209616041
34.872	-9.2335	-3.1798	-0.0881621906942828
32.521	-10.366	-3.3013	-0.78356340409246
35.301	-7.1362	-0.87532	-0.625083863876547
36.981	-7.338	-4.1057	0.728811099603729
36.532	-2.2219	-4.9142	0.273817307592503
36.587	-6.9588	-0.9185	-0.173387570480726
37.804	-3.758	-2.5106	0.497399041349234
37.188	-3.3266	-4.129	0.0937644313211814
36.601	-3.3263	-0.83788	-0.0348190738951432
20.494	-12.103	-3.3423	-0.472819596078447
37.343	-6.62	-3.3463	1.645
34.74	-1.4122	-5.6472	1.645
33.679	-0.86234	-0.17042	-0.579943353708961
36.655	-3.0677	-4.4207	-0.291982130270743
34.85	-8.5722	-4.0191	0.716023750464934
30.867	-10.809	-3.5384	0.366920439009923
37.307	-3.9139	-4.5918	-0.0259881696603614
36.667	-6.7386	-0.78268	-0.774469495931692
31.457	-0.30158	-6.5963	1.645
35.913	-7.6121	-0.87189	-0.208531565632563
36.13	-2.8164	-5.1146	0.782559037977767
35.209	-0.0088546	-1.6024	-0.183379495702256
37.083	-6.3311	-0.76982	-0.43753150093139
36.223	-7.7271	-1.0545	-0.491676864317398
30.474	-10.434	-3.6727	-1.27067189832744
35.745	-6.4161	-0.72233	-0.917177989575692
34.25	-0.42419	-5.4538	1.26331072109459
35.158	-7.4175	-0.57039	0.0180639356977467
37.835	-4.0336	-3.727	1.1541069351437
29.205	-1.0063	-6.6398	1.07773842029375
35.456	-3.3218	0.088323	0.671990532144705
29.803	-10.77	-3.5859	0.257118577189019
37.4	-5.3887	-1.203	-0.0207918782594586
38.39	-4.8164	-3.1837	0.42045179488852
28.169	-10.539	-4.4468	-1.27829886411045
37.101	-6.2474	-1.5272	0.741052963199235
36.103	-2.9353	-0.50444	-0.400783233386374
33.597	-0.56617	-5.3621	1.41614656954321
34.55	-8.264	-2.9045	-1.10552844736384
35.071	-9.1648	-1.7033	1.645
37.21	-4.2579	-4.7383	-0.0942369904597133
35.826	-8.9178	-2.6398	1.15289892876238
29.572	-9.596	-4.4341	-0.490931415804649
38.35	-4.2938	-3.138	-0.505213306549738
33.688	-2.6749	1.0381	0.337707668534437
36.474	-2.0151	-4.8982	-0.548295407492375
36.528	-6.7207	-0.3798	-0.890211727796897
33.424	-10.084	-3.4669	-0.683604082849124
35.861	-2.605	-5.277	1.404804538955
34.46	-9.1908	-4.2253	1.63972762661997
38.32	-4.8525	-3.1108	-0.623994613822012
37.496	-3.2443	-4.1554	1.36840467609047
26.909	2.6637	0.026832	-0.822679933869392
23.052	-12.064	-3.317	-0.804187224250011
37.644	-6.4692	-2.6675	0.602426727525666
36.848	-6.5595	-2.1398	0.273804012216253
29.035	1.6447	-0.066406	-1.645
35.626	-7.5125	-0.57968	-0.390313663604585
37.322	-7.6218	-1.4826	-1.645
35.285	-8.2893	-0.64382	0.18481803449432
20.084	-12.312	-3.48	-0.214756646220744
28.865	1.751	-0.48839	-1.645
29.709	-10.969	-3.9119	-0.169767297780939
37.772	-3.5059	-3.3861	-0.652091402642043
36.942	-6.4637	-0.66239	-0.545543468382924
33.758	0.38343	-3.2386	-0.663372277804675
36.282	-1.236	-3.9953	0.241745426797018
36.872	-6.6326	-0.5159	-1.32889137391827
27.991	-1.7102	0.46544	0.437674293807599
34.467	-0.7789	-5.5486	0.936148530867579
28.91	-10.416	-4.3339	-1.23347141906087
36.451	-2.0925	-4.9467	0.371942927200179
29.772	1.7553	-0.20628	-1.48829734088899
37.46	-4.4038	-1.0835	-1.59632341080899
30.47	-9.6622	-4.3325	-0.767457407156863
31.478	0.98321	-0.87069	-1.645
36.431	-1.4634	-3.8262	0.467024817815641
36	-9.0717	-3.5695	0.988479222555208
37.711	-5.9719	-3.357	1.39901076653256
27.558	-11.495	-3.2371	-1.645
24.502	-11.889	-4.0808	0.340163076793538
36.522	-7.3306	-1.1206	-0.853655813789183
34.234	-9.0501	-4.1876	0.173613411383614
34.039	-8.7942	-4.1058	-0.53081205944098
36.049	-2.8343	-0.31658	0.455358836528354
35.726	-3.108	-0.29894	-0.0564457959391507
37.247	-6.3258	-0.74275	-0.724129909604769
36.663	-8.0185	-1.3392	0.911481060081606
36.819	-2.209	-4.6629	-0.294591351232811
36.367	-7.0131	-1.7098	-0.952186242264816
37.603	-3.5366	-2.3554	0.275961084004783
37.32	-2.9559	-2.0473	0.371197706034873
36.358	-3.1915	-4.9347	0.617847812907793
18.772	-12.196	-3.1299	-0.507923984125683
32.75	-10.422	-2.8005	-0.778586754449105
36.785	-1.4031	-3.5604	-0.272431427248439
35.477	-1.5291	-5.0441	0.0218476782566762
28.024	-11.618	-3.2678	-1.39741895128322
38.028	-3.372	-3.8422	0.778496834023014
35.983	-6.7157	-0.25748	-0.487375117041703
37.675	-7.2641	-2.5191	0.857217350227251
38.285	-6.068	-1.6478	0.849700116089424
37.648	-2.9954	-2.6871	0.532828489968793
36.758	-6.2914	-0.49534	-0.767101474411027
37.3	-4.165	-1.6175	-0.978118629590109
27.805	2.13	0.2655	-1.645
33.741	-1.9733	-5.4226	1.645
36.11	-7.4497	-1.499	0.283725195516167
37.13	-3.482	-3.5833	1.08329319674283
37.065	-7.2034	-1.1197	-0.694763675137839
35.676	-1.5634	-5.343	0.647172342204991
25.634	-1.2253	0.94194	-0.0553879697563482
36.345	-2.7504	-1.3676	0.779364811040393
35.006	-5.2704	-0.66318	0.233180306403538
21.515	-0.82075	1.3352	1.645
36.934	-7.1197	-1.3898	-1.1825446121548
35.563	-2.7773	-0.24283	-0.131512967044764
37.173	-2.6245	-3.9132	1.1622154200587
36.387	-2.0945	-4.6511	0.235028084087542
35.784	-2.114	-0.96068	-0.168322050720806
37.664	-3.9756	-1.3644	-0.061411263695743
33.453	-9.9212	-3.2833	-0.823580920023234
28.418	-11.12	-3.9506	-1.645
35.617	-3.9137	0.42156	-0.708222512450169
35.863	-2.4069	-2.5622	1.49456522848429
35.028	-7.1752	-0.66195	-0.293161847854495
35.812	-5.4805	-0.52955	-0.339249134132416
35.948	-1.8128	-5.129	-0.295101854751786
36.383	-2.5713	-5.1106	1.08875775624754
37.161	-6.9458	-4.105	0.446731023477397
33.48	-0.64767	-5.7709	1.645
36.767	-7.3284	-1.2693	-0.7995008970121
34.688	-1.4445	-4.5017	0.0597009907828491
35.727	-1.6297	-5.1851	0.188578930874202
27.955	2.3396	-0.87238	-1.645
33.377	-10.479	-2.644	0.100120746145401
32.498	-1.6331	0.075498	0.308877790058371
37.362	-2.3661	-4.0574	0.457301890238052
37.957	-5.771	-1.0749	0.666949521652942
36.775	-7.7189	-0.67347	-0.845189776493469
37.412	-4.5111	-2.4789	1.20472888711999
36.828	-7.5118	-1.7764	-0.0116853193421516
34.807	-9.2413	-0.70097	0.852927796702904
37.16	-6.5484	-1.2193	0.320886626854132
36.12	-6.8519	-0.23334	-0.521418061144578
38.418	-4.7373	-1.7362	-0.127433603862668
33.209	-1.3065	0.58739	0.691098304581367
36.674	-2.2954	-4.338	0.791261383254817
36.732	-2.5374	-4.5019	0.00528672102955106
37.642	-6.2693	-1.2363	-0.193784454711923
34.288	-1.2429	-5.9811	1.645
34.357	-6.5455	-4.6842	1.0277239030081
33.459	-6.2113	-5.0877	0.63661416059962
34.398	-1.8175	-6.1834	1.14152630687588
28.402	1.6858	-0.84161	-1.44814294067243
36.054	-8.1439	-2.2738	-0.349917102129046
36.711	-5.4696	-0.059321	-0.941253508994682
36.851	-6.8	-1.1773	-1.1960477353296
38.242	-5.918	-2.1091	0.240789392981731
37.137	-3.3898	-4.8805	-0.93125072801788
37.779	-6.3044	-1.8107	1.42293273372609
34.925	-1.4506	-5.7603	-0.709438254767803
36.307	-6.6518	-5.0565	1.645
37.216	-7.7869	-1.3901	-0.785953387064814
34.201	-6.8832	-5.1613	1.31373647398716
37.024	-5.0281	-5.0016	0.808736229620695
31.076	-10.596	-3.1788	-0.0491759965572939
37.732	-3.9914	-1.8724	-1.09760916343482
28.05	2.1178	-0.84351	-1.645
29.068	1.9082	-0.13313	-1.645
38.105	-6.1144	-1.8308	1.4437401579046
31.208	-10.341	-3.9103	-1.47657826521301
37.164	-3.1932	-4.4762	0.460858892218036
35.947	-7.6318	-0.92707	0.050045253444975
26.384	-11.718	-3.1602	-1.25039509098081
17.539	-12.176	-3.6076	-0.656907091327803
27.847	-1.0006	-6.7591	1.645
28.06	-11.31	-4.1272	-1.645
26.252	2.4373	0.2568	-0.988163171060742
36.415	-1.8489	-3.4901	-0.217730532678767
36.414	-6.6305	-0.54073	-1.19652513464033
36.926	-6.1455	-1.226	1.23650336073534
37.013	-1.3675	-2.5758	0.286743405584607
31.516	-1.6663	-1.0651	1.08626524829659
23.685	-0.6064	0.95115	-0.781197562525534
27.546	2.3168	-0.11179	-1.19332699649435
36.582	-3.2051	-5.0006	-0.471158675113851
37.103	-6.8195	-0.88503	-0.745208122939044
36.399	-7.0935	-1.8265	-0.39306207646292
35.481	-2.2084	-0.77026	0.337556622441155
27.377	2.5778	-0.06166	-1.645
29.712	-0.9678	-6.7499	1.54896722114047
37.899	-7.3266	-2.9614	1.645
36.681	-7.6883	-1.3233	-0.80162875152306
36.539	-6.8839	-1.4043	-0.458047064738922
36.927	-2.4784	-4.6331	0.586790676508851
37.289	-5.8562	-1.1742	0.0402265162084391
36.35	-1.06	-3.5694	-0.746643504402015
36.839	-2.8458	-4.6107	0.734204143828597
34.409	-9.3628	-3.4874	0.810472825153978
21.749	-12.082	-3.1072	0.196137544240011
36.479	-2.3034	-4.7111	0.322521998662741
35.35	-9.2134	-2.9742	0.221321907761285
37.069	-7.3037	-1.1191	-1.00874664809448
37.293	-2.0806	-4.0461	1.25913589622058
37.112	-7.3561	-1.2594	-1.2135752843185
35.298	-7.0473	-0.77197	-0.984239173344353
34.237	-8.2289	-3.8283	0.138852879827794
38.056	-5.1676	-2.5888	-0.571594790133911
35.642	-2.2581	-5.5624	1.03537016993104
37.132	-6.4566	-0.84542	0.169902119583482
33.381	-2.7503	-0.92077	0.812662197115699
36.842	-7.1254	-1.1484	-0.134053928182458
36.903	-6.0825	-1.1782	0.282818244639792
36.19	-1.7172	-3.5639	-0.136041960376132
34.92	-2.2908	-0.34357	-0.369596516162376
38.043	-4.5569	-3.3936	-0.138114720851717
35.541	-0.99494	-3.919	-0.497977284066858
37.769	-5.0176	-1.871	-0.311256952940312
35.269	-8.6907	-0.96378	1.14128813079601
36.885	-8.2585	-1.4113	0.406090475911403
34.961	-9.0902	-2.5955	0.331366685855698
36.838	-3.1052	-0.58324	-0.206856512011659
27.664	-10.9	-3.9195	-1.34698509405338
23.422	-0.66444	0.89025	-0.899055035608863
29.878	1.9333	-3.6835	-1.645
38.515	-5.1784	-2.2231	-0.568789679042741
38.137	-5.8416	-1.5113	0.917446249008909
37.654	-2.3191	-2.4915	0.734919010086388
35.139	-7.3104	-0.6746	0.067301418016281
29.667	-0.36181	-6.2471	1.29511117249211
34.572	-9.5317	-2.8881	0.871403805843607
36.627	-2.2565	-4.6513	1.08047355091414
38.041	-6.1191	-1.0396	0.671702153064733
35.898	-7.0416	-0.93679	-0.411448516703916
33.998	-7.9864	-0.16569	0.623588416285762
35.179	-4.4275	-0.35156	-0.170233350297789
35.475	-6.9959	-0.76676	-0.515279245857107
32.07	1.4293	-2.3833	-1.51258538958329
35.045	-8.4451	-3.0206	0.758416726382331
36.626	-6.7312	-0.7282	-0.583215284631152
28.783	-1.1034	-6.5278	1.645
35.933	-8.4365	-1.8553	1.645
32.506	-10.224	-2.3987	-1.37959246444527
34.744	-7.6455	-4.2175	-0.15194233383522
35.716	-8.4489	-2.1184	1.645
31.72	-0.96702	0.3544	0.622688303943964
36.751	-6.7733	-0.83624	-0.474543639146149
26.305	2.5123	-0.34699	-0.858778348955835
37.254	-3.0555	-4.385	1.2514823734734
34.17	-1.3725	0.13005	0.590162988109557
36.772	-2.0808	-3.8427	0.413794057117294
28.764	-0.51537	-6.6424	1.12670105940739
38.014	-5.9577	-1.8809	0.997095563450322
34.574	-3.6874	0.49795	-0.62320822382806
36.293	-1.505	-4.5643	-0.064230235115213
36.234	-7.6629	-0.97961	-0.211923732693343
34.65	-7.5723	-2.293	1.29615999745937
36.083	-8.5847	-3.8822	0.611094741851413
27.103	-1.7895	0.51807	0.511696370094638
36.16	-3.0067	-5.1595	0.128607612204678
33.832	-9.4165	-3.2844	0.095081880219579
35.349	-1.7696	-4.8635	0.608960277836694
37.166	-4.2299	-4.5378	-0.330994147486302
34.808	-9.1052	-3.57	0.482335022932102
35.873	-6.1718	0.076158	0.867533414273396
35.622	-2.128	-5.639	0.213338510057912
37.437	-6.1818	-4.1612	0.908907018183581
36.152	-7.3342	-0.95071	-0.866309733384969
35.261	-1.5128	-5.0484	0.116634513764666
33.824	-9.9319	-3.7705	0.551134338149411
35.159	-5.0452	-1.1061	0.0210726788322083
30.039	-10.6	-3.9322	-1.1239040370623
30.135	-9.1454	-4.2499	0.228972486470387
29.138	-11.188	-3.8476	-1.19935423394001
35.92	-6.9901	-0.49628	-1.1002580509999
31.224	0.17342	-5.7504	1.645
35.622	-3.6657	-1.0615	0.533961941379109
37.487	-6.2291	-1.7669	0.648563109340255
35.929	-8.1243	-1.4357	0.242296914410848
33.353	-0.15211	-5.6436	1.20708321867809
34.134	-10.156	-2.7773	0.262800102938317
35.54	-1.4891	-4.931	1.38070579677272
34.026	-9.7903	-3.2879	-0.0144867222816556
36.626	-5.7911	-1.2278	-0.21434650240384
24.178	-11.704	-3.6301	0.0743645683514287
37.404	-5.4861	-1.3972	-0.738475441112863
33.892	-0.68384	-5.8885	0.905544544930092
24.368	3.7988	0.25655	-1.11424959856329
25.316	0.0397	0.96357	0.690556706706093
36.37	-2.9592	-4.9675	0.216007880439555
36.177	-2.5183	-1.6875	0.739980452810704
34.494	-0.21675	-1.9609	-0.948886031785139
36.989	-2.1522	-4.4694	0.0514452118774177
29.538	-10.738	-4.0519	-0.804368825239536
37.198	-6.5255	-1.0386	-0.35998631590245
36.164	-7.808	-2.0116	0.661531067975032
26.615	-11.683	-3.4185	-1.645
35.959	-8.016	-1.3819	0.455494596064512
37.27	-6.2276	-1.1357	0.0267034210320491
36.454	-6.533	0.32032	-1.645
36.452	-2.8956	-0.53636	-0.178326177381583
33.279	-10.124	-3.4263	-0.40646006154741
26.736	2.6919	-0.6298	-1.21491065907317
37.768	-2.7583	-2.6984	-0.168954274722526
35.59	-2.7801	-5.4654	1.28533829112528
37.579	-7.1001	-2.0947	-0.852157714422117
36.093	-8.6628	-3.2445	-0.334290489308141
33.734	-9.5652	-3.4776	-0.224294097747857
38.216	-4.6273	-2.5373	-0.361970184281013
27.089	-11.553	-3.8875	-1.645
32.801	-10.494	-2.9191	-1.40891416138877
38.241	-4.5629	-4.0563	1.19662354140563
37.785	-3.759	-1.4766	-0.716012614685358
38.276	-5.2348	-2.0977	-0.741386817032571
37.742	-3.366	-3.0438	1.21693122952104
27.815	-0.57083	-6.707	1.645
28.23	-0.50422	-6.5389	1.532053038118
29.63	-0.92416	-6.7941	1.645
33.189	-2.0783	0.76822	-0.0476166540706443
34.078	-0.040589	-5.3448	0.819337801416538
36.923	-2.6406	-4.693	0.216811730912302
30.923	-10.273	-3.951	-1.04769437421765
33.454	-0.75361	-5.856	0.815899102603199
37.946	-3.4073	-2.4633	-0.286236075658873
24.271	-12.112	-3.4109	-0.558261513411692
36.432	-7.4201	-0.80639	-0.577539818346392
35.365	-1.0409	-4.4356	0.483179155816061
36.627	-4.0545	-5.0559	-0.567660640334896
36.92	-5.8143	-0.62305	0.0280039957332891
36.617	-3.1258	-4.9507	0.750651948511204
35.936	-1.5523	-5.1143	1.44753191149846
22.13	-12.369	-2.9595	0.0295195445619955
35.285	-7.5377	0.066807	-0.633320798186934
34.246	-1.9271	-6.1455	1.12920634794222
35.563	-0.78294	-4.4159	-0.987878952889224
37.246	-2.3567	-4.2847	0.169742799565373
36.836	-2.003	-4.5542	0.376789025618553
35.681	-7.0142	0.034118	-0.600648588094325
28.476	2.3052	-0.21928	-1.645
36.702	-4.5632	-0.72328	-0.751943546237141
35.022	-2.2931	-0.30106	-0.00886425761160067
36.997	-2.8596	-4.6194	0.83322712791351
31.828	1.1086	-2.2523	-1.645
35.129	-7.3311	-0.43908	0.0378968397023402
35.687	-2.4359	-5.3201	1.645
26.988	-0.92323	0.91876	0.0905245308643367
31.846	-3.3065	-0.63738	0.288822004405152
33.401	-1.0653	-5.7202	1.12906532228799
36.04	-6.7814	-0.20054	-1.00083977299701
34.114	-0.95412	-5.5611	1.645
36.599	-6.6278	-0.62335	-0.503358159001548
37.135	-6.6056	-1.2216	0.413883790393794
38.176	-5.8106	-2.8118	0.71498634770773
37.58	-4.0989	-3.3811	-0.359963722958216
35.637	-6.7245	-0.37612	-0.39363015691464
35.282	-0.54191	-4.5888	-0.952136600407668
35.082	-1.3413	-5.5522	0.127906667856308
35.866	-8.262	-4.0059	-0.160421902015349
37.104	-7.4099	-0.84084	-0.830038524333254
35.513	-9.1151	-3.2543	0.595193412292568
36.187	-7.133	-0.64214	-0.829492414905633
35.107	-0.70271	-4.7009	-0.184298696431329
37.184	-1.7013	-2.732	0.514661210197211
37.267	-6.9481	-1.9059	-0.316436348245202
32.963	-0.82231	0.13576	0.933532532140314
35.467	-1.2018	-5.1814	0.827282915104302
19.144	-11.629	-3.5846	-0.752275513247214
35.444	-3.6749	-0.45329	-0.168592911307989
33.256	-0.209	-5.6186	1.21653378040595
38.277	-5.7043	-2.5148	0.390565241546451
35.262	-6.5396	-0.11959	-0.203399484848687
36.147	-2.2079	-4.9607	0.186230114545116
25.063	2.6942	0.50611	-0.779441553785042
35.954	-7.1833	-0.97152	-0.338862711075151
31.359	1.133	-1.4757	-1.645
36.883	-3.2841	-4.7561	-0.5239056144201
37.07	-3.5895	-4.5398	-0.25402675840669
29.455	1.4441	-0.33154	-0.951081814256849
30.771	-10.607	-3.8479	-1.42631794317733
35.249	-6.5454	-5.549	1.645
37.709	-3.0288	-3.4199	1.43747512362833
36.433	-4.7672	-1.4114	-0.575090296028186
27.534	-0.34665	-6.4868	1.645
36.086	-7.7136	-1.5338	0.478044566772358
38.056	-6.0844	-2.1369	0.478768563675779
34.733	-2.7372	-1.1845	-0.433576378847519
34.09	-1.9336	-5.9096	0.590326348545882
30.214	-10.125	-4.3742	-1.645
36.733	-2.908	-4.739	0.496985117200554
32.649	-1.5728	0.16861	0.351759337736
35.94	-8.616	-2.4003	0.611647030776891
38.211	-6.7695	-2.7243	1.038345607435
34.473	-6.0424	-5.0366	0.389734858257531
36.627	-6.1571	-0.69163	-0.873087960845997
36.064	-7.1385	-1.2273	-0.256040775429421
28.21	-11.078	-3.6007	-0.643084686389396
33.526	-9.8154	-3.646	-0.241015676242931
37.809	-4.4404	-2.6843	-0.627292790127095
36.294	-2.8729	-4.9081	0.764554014273774
36.932	-2.2441	-4.676	0.0176482769786133
34.882	-7.8087	-4.7386	0.362674098428049
36.476	-7.382	-1.0621	-0.283809418984315
37.275	-3.0113	-4.2995	0.393613999866767
37.16	-7.4515	-1.5202	-0.154099292923377
29.493	-2.0896	-0.37662	1.33013405472417
36.008	-4.144	0.37998	-0.0196951945209109
33.871	-0.68123	-5.6772	0.568724455282776
26.97	-0.27744	-6.7405	0.691811839698549
34.878	-7.421	-4.5206	-0.335310617054846
36.796	-7.0838	-1.2456	-0.971271754090305
36.362	-7.0014	-1.1047	-0.875632873029774
20.626	-11.99	-3.1838	0.46002137011932
37.31	-7.5264	-2.6178	1.645
30.671	-0.85242	-6.8893	0.670860605897514
16.859	-12.177	-3.2421	0.42326862830669
36.905	-4.2578	-0.4808	-0.397933086728383
35.511	-1.8353	-5.3157	0.583299581003166
21.085	3.772	0.79139	-0.102576341194861
37.367	-3.737	-1.2535	-0.442791071660699
36.651	-7.5829	-1.2475	-0.506653220645923
35.014	-8.2377	-0.58041	0.0550945030602039
36.616	-6.8313	-0.47681	-0.882466041202959
36.201	-2.0957	-4.461	-0.280793651067392
36.759	-7.1446	-0.57465	-0.171131452108079
35.043	-1.2339	-5.4064	1.03608737965004
36.334	-6.388	-0.29077	-0.298322149891292
35.239	-3.0074	-0.11223	0.168866590745269
33.832	-8.7472	-3.3011	-1.07064862366668
29.377	1.7668	-0.97623	-1.645
36.531	-6.2769	-0.45093	-0.212743783341862
35.735	-6.5504	-5.0381	0.824232609982197
36.185	-8.2947	-3.287	0.00395818096135991
30.382	1.5907	-0.49021	-1.48052629583993
36.292	-7.3381	-2.103	0.224170955871123
30.558	0.84485	-0.90212	-1.15084834048045
