30.252	-10.709	-4.2735	1.645
37.784	-3.0457	-3.1938	0.306726952689332
35.233	-1.7225	-5.4094	1.04214292124319
36.304	-5.6636	-0.46282	-0.270286882853089
34.958	-1.4558	-5.6443	-0.268105711203358
35.711	-7.1492	-0.48083	-1.21211950406903
35.577	-2.1617	-5.7207	0.534108761294004
30.384	-1.1125	-6.3906	1.43940961369175
35.662	-6.8765	-0.14067	-0.599609266653759
37.208	-4.7836	-0.79393	-0.635587552373119
35.031	-0.73919	-5.3013	-1.22579344606491
30.639	-1.4277	-6.4224	1.645
30.396	1.5929	-2.7118	-0.469198756938969
37.36	-1.9229	-3.4248	-0.191340758280172
38.053	-4.9272	-3.8114	-0.233799952013081
25.215	3.2448	-0.1568	1.1800689789799
37.946	-3.3618	-3.7233	0.592056968576862
36.345	-3.4584	-0.40195	-0.28004788524196
29.468	1.8323	-1.3242	-1.645
35.221	-8.5458	-1.1697	0.612104372752244
37.076	-4.767	-1.1442	-0.996821487452649
38.1	-6.0953	-1.2467	-0.576068061681989
37.421	-4.2265	-4.3602	1.45322635005007
37.609	-6.1563	-1.2378	0.078978248081414
29.628	1.4832	-0.091737	-1.645
30.886	-9.9839	-3.954	1.645
36.237	-7.9567	-0.56517	-0.318577820299707
38.043	-6.8756	-1.8666	-1.23938795191882
37.508	-3.0489	-2.1855	0.421887372000475
38.329	-4.7319	-3.6869	0.555646983825582
34.7	-1.2137	-5.6412	0.285847024913013
38.1	-3.8544	-2.0497	-0.0770756851531837
35.969	-7.2747	-0.90899	-0.366900810248827
27.088	0.10397	-6.6888	0.556171691505234
37.973	-4.0567	-3.8317	1.4440277684975
27.649	-11.462	-3.5438	-0.25604510057802
35.681	-8.7417	-2.8366	0.0732141303716439
27.506	2.6504	-0.70193	-1.645
29.352	-10.501	-3.6657	1.645
36.904	-6.9214	-1.6942	-0.509353006967952
35.473	-9.362	-2.7353	0.751356940117334
36.27	-3.1772	-4.7845	-0.945089641247147
28.019	-0.25125	-6.6692	-0.462643339699795
33.485	-9.167	-3.831	-0.363594853269843
34.236	-10.016	-2.8261	-1.22893303922932
33.449	-0.6842	-5.706	0.466158747256767
36.817	-3.992	-1.0023	-0.377644892992817
36.439	-2.5243	-2.1194	-0.524407821414207
34.364	-0.084456	-4.3062	-0.463239782465903
35.596	-0.68966	-4.4515	0.432527902256819
36.24	-2.3286	-1.4169	0.926662323068213
36.865	-7.6925	-1.6333	0.56697413505414
37.22	-6.5674	-1.1292	-0.33995179369339
37.897	-4.8967	-1.5729	-1.645
35.228	-2.001	-3.9949	0.48759343617558
33.384	-0.71081	-6.05	0.818681948420949
36.605	-7.0821	-2.621	0.62526104601237
34.196	-9.5363	-3.2052	-0.628655966902923
30.378	-9.9318	-4.0164	1.645
35.451	-2.0421	-5.2604	1.06082374465779
37.029	-6.5279	-1.0449	-0.285823814953401
36.22	-7.0306	-1.8249	-1.1657320119553
35.361	-7.6139	-0.68234	-1.645
37.68	-3.1829	-3.9933	-0.757446950459643
34.157	-1.6204	0.0068926	-0.972534404400751
37.485	-7.2194	-1.5734	-0.311612218809602
36.966	-5.8746	-2.2644	0.288011778622962
36.318	-6.8931	-3.2431	1.645
34.278	-8.7974	-3.7387	-0.620360057663752
31.307	-10.824	-3.7747	1.20164707936105
37.731	-4.9146	-1.0312	-1.08634152247103
23.754	-11.761	-3.3614	-0.45278113562372
36.647	-7.5774	-0.80506	-1.05027013141312
37.798	-6.4612	-2.1662	-0.331013505995288
37.754	-3.583	-4.2792	0.649442608449916
35.975	-7.482	-0.79263	-1.26356789729819
37.505	-6.6685	-2.6847	-0.812007580348617
35.53	-1.198	-4.9193	1.5773684152366
37.23	-3.1353	-2.1204	1.23764961780537
36.382	-2.1964	-0.9519	-0.54297438706053
24.761	3.1961	0.59405	0.967995740158391
33.85	-8.5339	-4.1833	1.45247949352931
31.588	-10.845	-3.7152	0.460679316718952
34.348	-1.5875	-5.124	0.00108214494264172
35.855	-8.5351	-4.1011	-0.210451003157208
35.188	-7.5203	-0.50527	-1.47912859269885
29.408	-0.87213	-6.5897	1.645
29.318	-10.906	-4.083	1.40424730711763
36.734	-4.8522	-4.9762	0.786586316283469
36.425	-0.63911	-3.5397	-0.683621327177664
35.68	-4.0853	-5.459	-1.04017031685325
37.21	-7.0648	-0.9211	-1.645
35.97	-1.7404	-1.3486	-0.139159060900096
36.73	-2.8421	-4.3338	-0.954997036239153
35.127	-8.9068	-3.2601	-0.030704571869773
34.516	-1.442	0.39769	-0.951973513955656
26.621	-0.41676	-6.7491	-0.0754570004078122
33.447	-0.099584	0.24688	-0.505140783493686
35.417	-9.3933	-3.2228	0.0850205983082112
37.061	-6.5184	-1.2337	-0.0270723256615882
36.761	-4.0431	-2.5386	1.01963911648907
36.51	-6.2637	-0.54518	-0.367601297777226
36.466	-7.3544	-0.70317	-0.581109821181782
28.861	-2.2487	0.5869	0.137034470807534
37.211	-6.4572	-0.88182	0.55048554510487
37.444	-6.7964	-3.6172	-0.0830028183053988
36.601	-7.2495	-1.0362	-0.969472972828181
27.931	-0.28496	-6.5634	0.487449779371261
31.618	-10.13	-4.2517	1.13493683669914
36.223	-7.4272	-1.0084	-0.737061626680657
29.629	-10.882	-3.5421	1.645
29.947	-10.855	-3.69	0.733290293067839
37.298	-6.2867	-4.72	1.645
38.155	-4.6891	-2.4946	-1.645
29.457	-8.1844	-4.6495	1.645
37.961	-6.4367	-2.1714	0.0504680170800623
24.995	-12.011	-3.4335	0.217068099887498
37.283	-5.6156	0.019012	-0.35872882674986
36.059	-5.4499	-1.2052	-0.0780801793733172
27.944	-0.12737	-6.92	1.645
33.895	-8.0079	0.42918	-1.47213479857681
34.547	-9.2514	-3.6529	-0.178717553740037
27.474	2.3031	-0.87242	-1.645
36.897	-3.6054	-4.7352	0.499043535655001
34.858	-0.90232	-5.1763	0.550063135492885
27.282	1.8772	0.36123	-1.29607740910291
26.937	-11.434	-4.0353	0.964445295998117
34.051	-7.057	-4.9855	-0.461779270625411
36.385	-6.6891	-0.91737	0.00293446228305495
36.707	-6.8401	-1.3848	-1.23250238016054
36.43	-6.2279	-0.72841	-0.5908074362662
37.485	-6.1472	-1.8209	-1.20587010839445
37.336	-4.2892	-1.3951	0.836226328694178
36.534	-2.8847	-3.859	-0.814156492826263
36.765	-2.6537	-0.90358	0.354097210733976
38.365	-5.7093	-3.163	-0.597942998479896
26.795	-1.38	0.76789	-0.026958621856767
37.736	-7.0645	-2.0451	-0.922981721258418
27.947	-11.622	-3.3485	1.02861430225037
29.441	-2.4441	0.42788	-0.501324879567783
34.545	-0.57259	-5.36	-1.50582021302541
37.192	-7.2199	-0.97104	0.0199642670838336
35.643	-1.0173	-4.7475	1.20290282429204
29.467	-10.775	-3.9691	1.645
36.573	-8.3132	-1.1099	0.490832648081367
36.38	-6.6055	-0.06572	0.731845947991583
36.872	-7.3054	-1.1125	0.171402827132821
31.012	0.82625	-1.0063	-0.492984794804907
33.073	-10.383	-3.0347	-0.334311080335356
33.721	-9.813	-3.1666	-1.0135932407084
36.514	-2.8311	-4.6458	-0.798118044885048
26.728	-2.4993	0.37058	-0.265018461752266
35.137	-7.474	-0.47603	-1.10788929939181
33.092	-2.3509	-0.10809	-0.379525918785024
30.162	1.0924	-0.59141	-1.645
35.653	-8.8056	-2.0148	-0.105477068574078
37.55	-2.3992	-4.0514	-0.410008904320113
28.167	2.2203	-0.26485	-1.34617595531237
37.262	-7.6743	-2.5575	-0.731983556113052
28.68	-0.5989	-6.5866	0.338888604749866
36.82	-6.8749	-0.3813	-0.535430737500979
37.969	-4.1044	-3.9668	1.61371891406635
27.04	-0.27364	-6.8262	0.137246208962029
35.876	-2.8084	-4.9303	-0.96713749191888
36.613	-7.1136	-0.79163	-1.1647844064618
29.461	-1.419	0.7187	-0.768372441119733
33.343	-10.105	-3.3928	-1.12522832386673
35.407	-6.9301	-1.0617	-1.08778621262396
36.67	-6.252	-0.26205	-0.700526603157079
36.115	-6.9508	-0.31193	-0.286760093413285
30.193	1.2549	-0.92182	-1.21153599792444
36.741	-6.2321	-0.25214	-0.686587479037078
35.394	-6.7244	-4.8998	0.514851560196583
35.901	-7.5783	-1.5121	-1.645
36.212	-2.8864	-4.4424	-1.20160144426958
36.519	-6.8297	-1.8835	1.17913924857393
36.757	-4.3829	-1.9128	1.00003898051249
37.299	-4.6356	-4.2258	-0.436787488139186
36.961	-6.9266	-1.1732	-1.2108948289416
35.464	-9.2253	-3.2972	0.242802111484023
35.372	-7.55	0.094466	-1.49284784067682
37.434	-3.8318	-1.858	0.483848455981857
37.432	-2.5769	-3.2596	-0.891700541922297
35.832	-1.7551	-5.3572	0.691842007813134
34.841	-1.1825	-5.6789	0.407919547626885
35.748	-1.2876	-4.9432	0.24109529353425
37.279	-7.3662	-1.4602	-0.8572035254075
33.607	-1.7542	0.66326	-0.621881144656943
36.366	-7.7739	-1.273	0.242251837910335
29.524	1.8227	-0.21233	-1.645
24.281	-0.95431	1.6062	0.273421385728881
37.71	-3.7762	-3.6003	-0.971343000697255
37.127	-6.706	-1.4274	-0.619597647519872
37.568	-3.1113	-4.1591	-0.253936995255525
36.105	-7.3621	-0.27467	-0.724243596111687
36.68	-3.1089	-0.80076	-0.527884924310006
37.185	-5.435	-1.2468	0.779467152106265
35.352	-7.529	-3.7597	0.180686060823887
37.144	-2.5994	-2.8073	0.167057906707803
36.629	-7.321	-0.79914	-1.58926518666038
29.709	-1.2098	-6.7267	1.645
28.639	-1.7463	0.11451	0.352893627561542
33.884	-9.4559	-2.2002	-1.40185142722981
29.769	-1.6298	0.65782	-0.128521550253206
37.081	-2.2684	-3.7777	-0.415504158112591
36.206	-7.2978	-1.6692	-0.705223696819082
25.402	-11.378	-4.1255	1.36919981300998
37.885	-6.1483	-4.0581	0.358319437944668
31.038	-10.399	-3.8462	1.645
36.67	-6.0862	-0.60603	-0.97352170165463
34.412	-0.72442	-5.3799	-0.655975582705263
29.81	-10.35	-3.8864	1.645
33.106	-8.9881	-4.6548	0.853095444314957
29.473	-0.48085	-6.5681	1.645
35.74	-1.5646	-5.2828	1.30351293900393
37.574	-2.8168	-1.8882	0.620352139940122
32.89	0.72047	-2.1587	-0.501602088110227
36.778	-6.6332	-1.1096	-0.980884546137117
37.034	-3.681	-5.0419	-0.045893294155132
27.479	-1.1421	0.8687	0.131005844588133
35.114	-8.5241	-4.0748	0.331546712989634
35.997	-3.0534	-4.6892	0.364108015788817
36.301	-1.469	-4.8456	1.31931344058315
33.033	0.14127	-0.89016	0.374432110471626
35.769	-1.0613	-4.7791	0.145665268604827
24.668	-11.654	-3.2159	-0.0950532182599193
28.566	2.1575	-0.46418	-1.645
18.476	-11.922	-3.6567	-0.0110917817087013
31.902	-10.188	-3.1425	1.01904174991682
35.592	-6.7005	-0.93449	1.53276792446691
34.055	0.053927	-3.4849	-0.542728934943642
29.642	-1.2463	-6.7948	1.645
37.359	-2.1066	-3.8716	-0.825579818139302
28.656	-0.89458	-6.9293	1.645
37.672	-6.7785	-0.78609	-0.810939139157089
35.668	-7.5501	-1.0858	-1.645
36.261	-6.8152	-1.5389	-0.364654141145704
36.834	-6.7319	-1.2722	-1.34046225675732
36.996	-7.5969	-1.0678	-0.405331398636489
30.542	-6.0829	-5.3952	1.29213904305573
35.304	-0.72865	-1.7241	-0.617307159561175
32.167	-10.434	-3.3169	1.645
37.241	-6.6798	-1.5083	-0.724884418094481
37.692	-3.8642	-3.9815	0.921960914400795
36.295	-7.3641	-1.1927	0.236639552391628
36.177	-1.3727	-4.7834	0.459894558608271
35.221	-1.4667	-5.6054	0.464569809394168
36.195	-3.0407	-2.149	1.02292668949645
20.821	-12.156	-3.2601	-0.480464096936047
28.31	-11.059	-4.4058	1.645
37.112	-7.4161	-1.9881	-1.645
35.304	-6.792	-4.5462	1.645
31.554	1.5166	-0.70294	-0.875146679575048
35.332	-3.4379	0.25797	-0.375622972001887
33.492	-9.8817	-3.9009	0.885125922825553
37.411	-6.3305	-1.4893	1.0438094752474
35.78	-6.7263	-1.6317	-0.539162521252942
33.448	-0.77411	0.15523	-0.370608182734526
35.375	-5.2242	-0.81239	-0.839479208414332
33.301	-0.8584	-6.2191	1.10848880815858
33.996	-0.50546	-3.2843	0.273947233317971
36.135	-7.0239	-0.50614	1.21060211482815
35.965	-2.0548	-5.2201	0.916989036276508
36.394	-6.1789	-1.2919	0.0413998260781533
37.406	-4.8724	-2.8986	-0.0438323401534366
36.04	-7.8278	-3.3901	-0.830143997426856
36.003	-7.4847	-0.98669	-1.61591956027265
37.505	-3.3844	-3.665	-0.997419998201002
38.095	-4.4114	-3.0289	-0.712323485139089
28.845	-0.3391	-6.3215	0.729979312382751
31.873	1.1603	-1.4668	0.145832220315355
37.224	-5.958	-1.089	0.687326948962796
37.745	-6.0125	-2.6235	1.34966950348282
32.761	-10.279	-3.5803	0.539605879971803
35.146	-6.8688	-1.1453	-1.17898329720312
22.237	-11.81	-3.5527	0.829407950506418
36.309	-1.0166	-2.6914	-0.559178767382244
32.789	-9.4975	-3.0511	0.971162184494295
38.051	-7.0224	-2.7249	-0.0997242187995504
37.117	-7.0294	-1.3152	-0.767472955112598
29.757	-0.67542	-6.5392	1.645
37.809	-6.3381	-1.42	-0.137951565253803
37.268	-4.9914	-0.25184	-0.685319582131657
37.709	-3.5095	-2.5169	-0.323754592252161
29.359	-1.6151	0.50232	-0.147086574839984
35.72	-8.5251	-3.5035	1.02457678240794
35.965	-1.3746	-5.0021	1.645
36.316	-4.3292	-0.2157	-0.337558513084482
32.677	-8.7274	-4.1685	-0.269380404217674
38.36	-5.3256	-2.9136	-0.345018098702969
36.221	-7.3412	-4.4751	1.25172655605423
34.415	-6.8325	0.075148	-0.954089705559011
28.368	-0.59665	-6.7559	0.60777272773644
36.759	-3.5836	-0.81804	0.000288424348220978
34.095	-9.7839	-3.228	-0.46805931606638
37.368	-6.4768	-2.9922	-0.932075543179902
37.332	-7.2515	-3.8961	0.704883963114164
35.258	-5.3219	-5.4431	1.645
36.321	-3.9637	-0.27042	-1.31762271217697
36.03	-6.7396	-2.2656	-1.61399742574485
36.297	-6.6218	-1.3064	-0.267837685067189
36.623	-2.2417	-4.4946	0.665337067574557
30.035	-10.734	-3.8263	1.645
36.66	-6.6386	-0.37036	-0.634085116034599
21.515	-0.27706	1.74	0.246805609563052
33.103	-10.306	-3.7632	0.16363155238553
36.952	-8.0395	-3.7747	1.26180267268748
22.571	-0.57713	1.5151	-0.646467544833537
37.393	-3.4946	-4.3244	0.817612945468834
29.076	-11.036	-4.0158	1.57662842049301
27.77	-11.555	-3.6482	1.43651012088778
37.578	-3.8494	-4.4812	0.657700514473931
37.42	-3.8425	-1.2864	-0.129479577987595
26.936	-1.6129	1.3973	0.247109113623658
36.112	-7.3194	-0.71772	-0.00579814913173195
35.791	-7.0583	-0.31701	-0.889569819603009
30.4	-10.876	-4.4696	1.645
35.159	-1.6508	-5.7185	0.206116783140211
36.861	-1.5517	-4.234	0.582431833224956
26.877	2.3493	0.26303	-0.222685610380464
20.474	-12.495	-3.206	-0.101104898458488
27.177	-2.3797	0.14023	0.0636909212278552
37.496	-2.3662	-2.2257	0.928446166956079
34.893	-8.2576	-0.2879	-1.45255980506225
26.716	-11.636	-3.9302	1.14925220410809
34.889	-7.5416	-4.5362	-0.199418996456079
36.442	-8.308	-1.1302	-0.270453958668898
35.773	-7.8802	-0.81617	-1.20499511865729
37.317	-6.8573	-3.3818	0.756699250971821
36.102	-3.0749	-5.1304	-0.183398856941688
37.105	-2.5589	-3.5756	0.241686744306537
25.809	-11.625	-3.7767	1.645
31.857	1.6245	-3.1076	0.74740303956394
26.788	-1.3344	0.7076	0.444557365955505
37.049	-6.6954	-1.5441	-0.46384581197386
30.72	1.4517	-0.34053	-1.5598918014639
27.045	2.3681	0.63953	-0.991316454019078
20.617	-0.3175	1.6639	0.699893611385811
37.887	-5.396	-1.5637	0.106894145743811
37.858	-5.3791	-3.9756	-0.0970230948523084
37.652	-4.4151	-4.0434	-0.162046103101509
29.685	-10.994	-2.7076	0.471103437277294
33.751	-10.254	-2.9882	-0.600572265299931
33.908	-0.57427	-1.1263	-0.492832866759034
36.426	-7.9875	-4.213	1.645
33.919	-7.0507	-5.0645	-0.0841184325897304
37.54	-3.8517	-4.3804	0.427001727602322
35.577	-1.6453	-5.4049	1.20431781239206
38.032	-3.8433	-2.5224	-0.695933959800868
26.259	-0.18253	-7.0548	0.119037400273496
35.993	-7.0808	-1.3785	-1.32233096084821
34.187	-1.4715	-5.6999	0.475507283882992
38.371	-4.863	-2.051	-1.645
36.918	-7.5758	-1.5006	0.139938880701368
36.473	-1.6404	-4.767	0.156109384044906
28.657	-0.49517	-6.6234	0.628900199913654
36.394	-7.593	-0.62675	-1.12226671012952
36.478	-7.1979	-2.0881	0.346722280764321
35.184	-9.2901	-3.1965	-0.647557074538243
33.753	-9.4761	-3.5559	-0.523030555951223
38.074	-4.3028	-2.4632	-0.857229251129116
36.292	-2.6554	-4.4174	0.0518377072698254
37.272	-6.8375	-1.1314	-0.444254850610985
33.715	-9.6432	-2.123	-1.31328151663687
35.237	-0.69076	-4.8874	0.259820325785575
24.414	-12.142	-3.2013	0.956395806812385
37.569	-6.5148	-1.4642	0.478494393397252
36.96	-6.9343	-1.0159	-0.43525238398078
37.294	-1.9809	-3.4145	-0.0574313111903839
37.737	-6.611	-1.2513	-0.67734781446291
37.08	-2.6979	-1.4846	-0.0669992173070325
37.508	-7.0244	-1.8393	1.08478514765671
37.038	-4.3294	-1.0892	-0.931170099370482
34.492	-7.3364	0.24994	-1.645
27.619	-11.723	-3.0238	1.07615614910329
37.109	-7.0105	-0.90472	-0.86026702419852
33.954	-0.85081	-5.874	0.328563277523435
25.499	-1.9116	0.89186	-0.375273106855628
33.203	-10.02	-3.7952	0.688888574118094
36.949	-4.5689	-2.2549	-1.49087937617069
38.43	-6.1105	-2.4777	1.19927058678909
36.281	-7.2612	-1.4428	-0.801021429321583
36.205	-2.6511	-0.80731	-0.0654875704834797
31.294	-7.8077	-4.7166	1.645
28.036	-0.32208	-6.6729	-0.237185462325479
37.033	-2.5461	-1.0928	0.0641861421827621
33.627	-10.262	-3.7998	-0.896059262246434
28.89	2.0927	-0.92713	-1.06393740822855
36.811	-6.4165	0.35144	-0.242614135582294
37.011	-5.9559	-0.4383	0.274384911759599
38.201	-3.9247	-2.182	-1.18483849772021
36.854	-3.5895	-4.6313	0.889683762026146
37.373	-6.9962	-0.69014	-0.820026640696694
38.149	-5.5533	-1.2842	-0.0214127193474914
36.144	-2.2189	-1.1147	-0.538415876895787
35.14	-0.37334	-2.7565	-0.708976186116644
36.902	-7.0363	-0.65284	-1.06022926295284
36.446	-6.3734	-4.8093	1.645
36.044	-8.7182	-2.4083	-0.280938068144347
34.719	-9.8405	-3.3063	-0.185355907600917
36.437	-3.6993	-4.3082	-0.258801249930663
34.532	-1.6199	-5.9276	0.489770798174953
24.371	-1.4143	1.2245	1.31206504901084
27.162	-11.286	-4.1317	0.493268299473456
35.233	-8.8871	-3.1131	-0.62310313580583
34.886	-6.2481	-5.5571	0.884246651562688
34.45	-9.2067	-3.1109	0.0124476236319923
35.822	-6.391	-2.1782	0.120612185824495
35.733	-1.9219	-0.14499	0.223454529030464
35.874	-8.6177	-1.8043	-0.190998586607542
34.192	-8.3314	-3.5638	-0.174373191351457
37.948	-6.3604	-1.6608	-1.12658440169364
35.228	-8.4952	-3.2171	0.425386038396377
34.806	-6.9562	-0.62806	-1.645
26.345	-1.1055	0.5634	-0.975153565186882
25.296	-0.72466	1.6146	-0.404123525769968
37.422	-3.4628	-2.3274	0.508328661475439
28.048	-11.488	-4.1721	1.645
37.105	-3.6061	-4.5524	0.737024353071744
36.419	-6.6899	-0.5559	-0.594836217766503
35.34	-2.5809	-4.242	-0.711790237871554
33.407	-9.7397	-3.9947	0.622479166936558
32.896	-9.6574	-3.1526	-0.338961604588026
36.359	-7.4549	-1.0004	-1.3237196579358
35.12	-1.2742	-2.8903	-0.232132991777453
37.498	-3.5547	-4.4466	0.635724043612029
36.054	-7.6498	-0.76852	-1.26142097295228
37.167	-6.6659	-1.13	-0.379351157693153
37.129	-4.2692	-2.0975	0.497003282287868
36.978	-1.6567	-1.9199	-0.352614428680507
29.606	1.5715	-0.54431	-1.645
33.643	-1.3637	-2.5897	-0.329722099831467
34.789	-7.3388	-0.54573	-1.07360046705469
28.725	1.7036	-0.72164	-1.645
24.712	2.8802	0.58317	0.408341573189872
36.593	-5.8661	-0.6886	0.102201922174273
36.284	-1.8405	-5.0251	0.323092266752014
29.893	-1.3723	-6.5831	1.645
36.546	-7.4554	-1.1895	-1.28074950800438
35.946	-6.5489	-1.2203	-0.0194466482285164
36.537	-6.8783	-1.0337	-0.183757964059286
20.317	-12.541	-3.2969	-0.153452879224133
34.361	-1.276	-5.9627	0.523283230448307
37.923	-3.705	-3.5402	0.724451260397699
37.259	-3.0075	-4.4835	0.349365452797251
37.096	-3.0514	-4.6541	-0.276434418461723
34.849	-9.695	-3.414	0.195434980056913
38.398	-5.8134	-1.1318	-0.393625928590998
24.003	0.13853	1.4663	-1.21752090433283
37.122	-3.4666	-4.8168	-0.11290267115096
36.732	-7.2218	-0.73825	-1.58063913813738
33.778	-8.1256	-0.58235	-1.5080117094587
31.849	-10.422	-3.1593	0.284225441242148
37.14	-3.9296	-2.3872	-0.949151486269454
36.72	-6.1892	-0.64828	-0.548247974920751
36.229	-7.0194	-0.57746	-0.0482913420344063
31.782	-10.612	-2.5976	0.500096278152635
33.339	-3.0923	-1.8954	0.669990868175871
31.845	1.0033	-1.1008	-0.106004945485256
34.623	-7.9058	-0.21977	-1.645
36.82	-6.9642	-1.231	0.274701312198753
38.141	-4.2786	-2.7783	-1.645
36.231	-6.2373	-5.1256	1.645
36.289	-2.5821	-5.4333	0.440022515358599
37.38	-3.0814	-1.6637	1.25696923839742
35.425	-1.3523	-5.359	0.468643383079713
35.754	-8.7903	-3.0805	0.248196023558815
36.588	-2.8971	-0.65573	-0.625769419300908
28.461	0.98628	0.17033	-1.60301472101361
36.185	-1.9151	-5.1717	-0.181468449132882
36.577	-3.213	-5.146	0.0647973767589805
36.786	-8.3038	-2.0017	-0.712834907687749
37.997	-4.8692	-1.9471	-1.14840844162874
37.103	-6.7509	-1.4273	-0.306396344727581
38.09	-4.6696	-3.7878	1.32432381268439
25.277	-1.3055	1.488	0.419051930293533
36.099	-2.2894	-4.5739	0.437818396416338
31.698	-1.481	-6.3148	1.62052715907756
37.265	-6.8089	-1.3866	-0.26820488996753
32.951	-2.1329	0.73755	-0.53313163539506
35.127	-9.5065	-3.6642	-0.262455164325512
36.16	-6.4134	-0.87063	-0.0633262115166645
37.729	-4.9993	-4.3855	1.645
32.13	-10.432	-3.3767	0.502560193236475
37.573	-3.3045	-2.1576	0.135362140594196
37.755	-3.5724	-3.9847	0.326540385563285
37.348	-6.6439	-1.5268	-0.215235443070107
37.925	-7.2268	-2.1791	-0.163969639240695
36.177	-1.8567	-5.0243	0.581389326116048
37.795	-6.7263	-1.3088	0.108376952703175
31.65	0.84958	-1.5053	1.48308421712539
36.07	-7.6448	-1.1824	-1.645
22.184	-12.39	-2.6067	0.187079234633813
30.247	-10.532	-3.9948	1.645
37.393	-6.592	-1.4972	-1.59000874865707
37.554	-2.4907	-3.7862	-0.355117979339885
37.201	-7.6178	-1.6684	-1.42511786003954
30.283	-1.7556	-6.5862	1.645
25.356	-12.145	-2.9767	0.282233828381392
35.172	-5.0249	-0.59907	-0.0132327511700125
37.305	-7.1596	-1.4898	-0.496030771383298
35.947	-3.498	-4.6138	-0.941860355839512
33.207	-10.28	-2.8261	-1.10078751649089
28.016	2.2856	-0.45016	-1.49647812456
22.195	-0.52443	1.9394	-0.516149052747438
35.802	-9.2502	-3.1529	-0.306179615460146
36.956	-7.4289	-1.0991	0.327275777335602
38.171	-4.4907	-2.327	-1.645
36.092	-7.0394	-3.7643	0.224529474422864
26.98	-11.301	-3.1408	1.645
35.669	-5.378	-5.4118	1.10302621266635
34.864	-0.4048	-2.0771	1.16463153496788
36.613	-7.0288	-0.34779	-1.59006004596801
31.329	-9.8618	-4.0712	1.51234061011578
36.769	-3.844	-5.1959	-0.48828697995515
30.827	-10.451	-4.0079	1.645
37.061	-7.7577	-3.156	1.645
34.483	-1.1037	-5.7561	-0.725272803186466
35.73	-7.9709	-0.66978	-0.869255239428333
26.612	-11.577	-3.6266	0.589839695206683
36.745	-7.1831	-2.3689	0.269488946184322
31.359	1.2267	-0.79001	-0.229718424575901
34.084	-5.1555	-0.37926	-0.519083213116641
38.29	-5.6387	-2.4153	0.151735581112019
22.106	0.18732	1.8667	-0.439517652554156
35.735	-6.692	-0.29731	0.648274934116437
17.095	-12.321	-2.8753	-0.954533601286614
36.501	-6.4825	-0.69156	-0.492574423071082
26.577	2.4753	-0.54886	-0.810427449019827
37.219	-2.0424	-2.5208	0.339535487008426
36.172	-0.92643	-4.2247	-0.0920294150357783
37.095	-4.2397	-4.9509	0.967780043245869
33.674	-1.1195	0.1615	-0.382194460634607
36.517	-7.0275	-0.29672	-1.19588055526074
31.972	-10.291	-4.3015	1.645
37.138	-4.5323	-4.5154	1.43218714722785
32.883	-8.6579	-4.8132	0.594897440272489
33.946	0.48495	-2.0193	-0.726655154828494
33.226	-8.1007	-3.0252	-0.677765322369944
36.037	-8.4397	-2.6454	1.06034885916102
32.196	-1.6907	0.61627	-0.823551182426513
27.763	-0.19828	-6.7383	0.14541696437849
36.339	-6.8364	-0.98471	-1.33932990993126
32.65	-0.74971	-6.2361	0.785008674933086
36.261	-2.6379	-4.6789	-0.00606237885748056
35.636	-9.2272	-3.3149	1.30736044352943
37.07	-2.1273	-3.4271	-0.735903073001987
36.04	-8.1498	-3.5092	0.457010132715258
37.255	-6.7602	-0.97143	-0.701211623838024
33.652	-9.6058	-2.9365	-0.52964111062658
35.983	-8.1255	-2.4158	0.91727110913431
34.944	-8.9841	-4.1297	-0.573829677306895
33.04	0.80558	-4.2231	-0.477906249402618
37.059	-7.1464	-0.47755	-1.645
35.629	-9.285	-3.1762	-0.345215985345137
37.101	-2.5892	-4.5559	-0.562244624824206
33.365	0.518	-1.5642	0.50160400620069
37.799	-3.4383	-3.9197	0.211243627131598
37.502	-6.2755	-1.1577	-0.0346345180047457
37.352	-7.3788	-1.6396	-0.3711182203498
34.537	-0.89781	-0.21511	-0.242083423462406
34.933	-9.2861	-1.8374	0.108368336621259
34.882	-6.9392	-0.59267	-1.645
28.051	-11.463	-3.9954	1.645
38.583	-5.346	-2.3082	-0.606398599530006
35.765	-2.3939	-5.2168	0.787613998853244
35.587	-2.51	-0.4416	-0.555079833297281
37.18	-7.2877	-2.0295	-1.645
36.955	-6.6936	-0.62468	-1.18184895613788
33.145	0.72644	-3.0346	0.260008027348257
36.358	-1.9963	-3.3979	-0.894154101143396
35.264	-7.1588	-0.50919	-1.38441910844642
34.658	-0.62976	-5.3143	-0.441817023715735
36.36	-2.2355	-0.98092	-0.273325694762963
36.834	-7.6649	-2.6837	1.645
21.132	-1.0722	1.3773	1.01093165238313
13.152	-11.939	-3.2046	0.286362452707625
36.426	-6.7145	-0.56541	-1.08075606744059
36.807	-6.8513	-1.4331	-1.645
36.444	-7.3508	-0.80357	-1.2933816334093
35.638	-1.1759	-3.9446	1.15149386500498
27.737	-11.284	-3.2202	1.04742375330613
36.113	-7.5229	-1.1566	-1.645
34.689	-0.28268	-3.6521	-0.659171073082476
37.379	-3.6702	-0.92475	-0.826143316390981
38.099	-4.1749	-2.0066	-0.989463424394709
38.276	-3.9029	-2.2387	-0.280851109318956
35.502	-5.9782	-1.6541	-0.318811199157961
36.584	-6.9242	-0.77023	-1.14830122146876
35.672	-1.7917	-5.3377	0.393274228125715
36.752	-3.5477	-2.6273	0.599573762794848
34.205	-9.6351	-2.6179	-0.274079963854855
36.673	-7.7313	-1.7312	-1.40503959089311
34.93	-7.4385	0.28604	-1.62741568420242
36.492	-7.1408	-1.0361	-0.991056981676163
37.788	-4.174	-1.7582	-0.109625918048319
36.965	-3.0487	-1.9398	0.222870567043443
38.23	-4.9132	-3.4835	0.844586906376564
36.663	-3.1631	-0.3802	-0.71767103129975
33.099	0.055081	-5.2592	0.59285274080106
31.239	-10.563	-3.4322	1.645
35.881	-1.4853	-5.1216	-0.1259561662882
33.57	-8.7984	-2.8098	-1.12155057919575
37.128	-7.3755	-1.516	-1.645
33.552	-9.7298	-1.7604	-1.38163102630656
35.169	-9.4052	-2.0994	1.07952577417953
33.728	-7.5046	-4.2941	-0.442982797874002
31.148	1.1191	-1.7657	0.133192791258882
36.1	-5.7452	-0.9397	-0.660563405960999
14.2	-12.25	-2.7913	0.0631328576912073
33.449	-0.70302	-0.86649	1.06634852762356
36.735	-2.0513	-4.5974	-0.123678465769414
37.97	-6.9158	-1.8538	0.3720710790434
37.271	-6.6982	-1.6293	-0.434841188248437
36.379	-3.7123	-1.4074	-0.57059763282947
24.282	-11.844	-3.4144	-0.4792252745985
36.613	-3.0796	-0.94265	-0.786316457226041
35.771	-6.6465	-1.0204	-0.108247199253577
29.6	1.593	-1.8446	-1.05741611931842
37.883	-2.6633	-2.9858	0.318287069258885
31.258	-10.897	-3.3516	1.645
28.835	-0.9672	-6.622	1.645
26.632	-11.363	-3.9523	0.684547954110023
34.045	-9.3825	-2.7884	-0.862901137557557
36.668	-5.7643	-0.36006	0.234014302252667
33.156	0.051677	-0.95287	0.792516472926437
33.764	-0.71277	-5.7633	1.31299671803437
35.295	-7.3557	-2.6164	0.40889255859273
34.803	-7.3818	-0.18694	-1.645
34.462	-9.6263	-2.7398	-0.299068949971133
35.186	-7.3743	-0.73991	-1.645
36.568	-6.7341	-0.43936	-0.954502330218802
37.311	-7.1319	-2.484	0.217811279948656
24.603	3.0977	0.72789	0.291316460632929
30.903	0.73487	-0.78254	-1.07997738382393
36.998	-6.8792	-0.55387	-1.55808442417492
33.493	-0.10664	-5.5756	0.335180380829976
38.411	-5.9434	-2.5654	0.493947562950341
23.875	-11.581	-3.7265	-0.653554851667802
31.882	0.099737	0.85538	-1.2317913511556
31.935	-9.6442	-3.1092	0.704978482057421
26.959	-11.641	-3.4896	1.1978992992321
27.536	2.4938	-0.31686	-1.12866097849469
37.244	-6.5933	-1.2809	0.690088362541927
29.127	1.8274	-0.60295	-1.645
37.126	-1.7498	-4.0023	-0.69635616605711
37.964	-6.7002	-1.5893	-0.00675493251412373
29.648	-0.84476	0.71673	-0.162410332226446
37.316	-6.1483	-0.43037	-0.242800406254409
37.077	-7.9142	-1.4075	-1.07377575236955
33.288	-0.28058	-5.9272	0.333640345726526
35.647	-8.0758	-4.3618	0.741744180958133
36.307	-7.1819	-0.72469	-0.807036971910447
37.012	-7.3768	-2.6185	0.0615950252234965
29.6	-10.915	-3.8914	1.645
37.241	-3.7254	-1.2785	-0.815737566443651
36.381	-6.3235	-0.97449	-0.264748623682052
38.228	-5.9979	-2.4075	0.653441673017047
29.683	2.3099	-1.5653	-1.24027228069664
36.092	-3.3609	-0.37577	-0.604524636663236
36.459	-2.2777	-4.9212	-0.43614009053312
26.628	-11.465	-3.5706	1.56362977157345
37.597	-4.7139	-4.268	0.527054436719398
37.638	-2.9456	-1.7393	0.477449494954581
36.825	-5.2081	-2.5948	1.645
37.001	-3.1956	-1.9825	-0.12516362273327
35.376	-7.6203	-0.86273	-1.44681187283329
29.737	-10.997	-3.7093	0.36020964369809
36.646	-6.9621	-4.4572	1.645
35.599	-6.7579	-0.15719	0.716873311105861
31.82	-1.1205	-6.6025	0.66979272008653
36.406	-3.0178	-1.5552	-0.457109523486632
33.897	-9.3231	-3.4479	-1.08192672691893
32.105	-1.7627	-0.10838	-0.722341265646206
36.277	-7.249	-0.71106	-0.383319898069058
36.737	-5.862	-0.77037	-0.707773705607936
36.388	-6.8777	-0.40505	0.159666715163606
37.261	-2.7718	-4.19	-0.316294663872128
31.621	1.471	-2.1952	-0.22911712680453
37.684	-3.9188	-3.9944	0.721468581414788
24.924	3.2424	0.63254	0.794977946357691
35.866	-3.3966	-1.9231	0.913288070486966
27.767	2.2237	-0.43318	-1.14620092360265
35.011	-9.3326	-3.6961	-0.164739748076088
36.754	-3.0007	-4.6999	-0.498814193489442
28.246	-11.364	-3.9274	1.61763861505917
28.058	-0.40419	-6.5521	0.608073538972102
36.427	-6.7942	-0.72939	-1.19118886191732
38.176	-3.9397	-2.3623	-1.28845801921168
31.848	-10.514	-3.7276	0.353053915528
32.421	-9.9028	-3.8736	0.93105064372261
37.445	-4.4388	-3.7318	0.649676731204225
35.951	-1.7764	-5.2628	0.73942862582269
35.052	-2.3438	-0.25459	0.4653659826064
37.046	-6.6266	-1.4054	0.377130924151799
35.805	-0.27107	-3.7675	-0.000200777175390868
37.018	-2.1404	-3.4635	0.280905777536821
29.485	-11.04	-4.0291	1.645
34.963	-0.91573	-4.2992	-0.139455147725468
35	-8.9277	-3.0689	0.761350673007852
37.03	-6.9054	-0.89318	-0.365518166450499
36.998	-6.6701	-0.68066	-0.378216049188597
28.959	-10.732	-3.9835	0.920480903086361
28.796	2.6423	-1.0447	-0.647111606245123
35.607	-1.8209	-5.5017	0.390897392681362
29.049	2.1374	-1.2587	-1.49855467017395
36.564	-7.3469	-0.8169	-1.08291922533879
37.58	-5.6603	-2.0723	1.645
31.865	0.77388	-1.3397	0.957911460539945
29.143	-1.0016	-6.5471	1.48205611493535
27.258	0.22043	-6.3336	0.488495079100323
35.159	-8.7272	-4.1003	0.484493316708375
35.815	-7.8946	-0.37288	-0.802907999456528
37.493	-3.1652	-4.0554	0.257734490643254
36.963	-3.5361	-2.5995	0.466149468188877
37.393	-5.8686	-0.98026	-0.163558819906499
37.813	-3.2192	-2.0258	0.394778906514018
37.005	-7.4155	-1.2923	-0.848633992398123
36.678	-7.6703	-1.4146	0.262985193416772
36.409	-6.576	-1.957	-1.1328225413343
36.077	-2.6253	-4.9514	-0.173488548030175
36.243	-3.5794	-0.21717	-0.960515563395233
36.026	-6.626	-0.1023	0.662468828545685
36.241	-3.1487	-1.2023	0.574032882175079
26.151	2.5267	-0.32816	-1.11218662833153
37.961	-4.5137	-3.6152	-0.254391762404908
34.751	-2.076	-4.7894	0.256905545580904
35.408	-1.3801	-5.2085	1.05734533697826
31.983	-8.192	0.43924	-1.54502165840335
37.348	-4.3808	-3.4643	-1.22451541435265
25.224	-11.867	-3.7074	1.645
29.185	-1.0694	-6.7569	1.645
34.119	-1.5572	-3.3554	-0.107408838559574
35.665	-1.1446	-3.4708	-0.376606194547965
37.853	-6.0901	-2.2477	0.2890488175987
36.103	-2.9022	-4.7952	-1.21276705920975
36.835	-3.5596	-0.94827	-0.131049796043632
36.17	-7.445	-0.85062	-1.48348238032046
26.906	2.3831	-0.26394	-0.511608989790955
36.06	-7.5642	-0.4854	-1.10989002745794
37.14	-4.964	-4.1295	-0.822609121604997
36.254	-2.536	-4.605	-0.497938939179314
37.401	-2.788	-4.0256	0.231084390256201
36.424	-7.281	-0.91605	-0.671872377090199
35.811	-7.1054	-0.26252	-0.258250968935871
35.131	-7.9391	-1.5386	-1.645
36.196	-2.2167	-5.2777	0.704296637826526
35.143	-3.4181	-0.3143	-0.702736796566956
35.111	-2.7285	-5.6907	-0.279582176844691
38.008	-3.2008	-3.5752	-0.500859929613718
35.136	-0.6424	-1.0237	-0.231383045646792
35.689	-6.7757	-2.8578	0.131546225240953
29.713	-1.3836	0.57155	-0.331736897909612
30.906	-10.083	-3.4443	1.645
34.883	-4.4287	-1.5223	-0.0370472294715904
38.086	-4.8205	-3.8928	0.0519823768860645
37.501	-3.63	-3.2459	0.302562244307745
35.843	-6.6108	-1.5401	0.0261952351113467
31.505	-10.677	-3.5357	0.995969557308707
37.16	-6.6232	-0.7396	-0.82726113800943
36.42	-7.2465	-0.79641	-0.797912124577232
31.917	-9.7447	-4.6294	1.50132782521064
37.031	-6.9763	-1.0374	-0.706954143666423
38.265	-5.2641	-1.6418	-0.819218527667918
37.023	-7.7618	-3.0738	1.645
35.848	-8.0086	-0.74692	-1.14402813669494
37.359	-3.4721	-4.3656	-0.0182152115305221
37.919	-4.1884	-3.3612	0.34063186827159
31.151	-10.386	-3.707	1.645
37.056	-2.086	-4.1943	-0.466622354970653
38.006	-4.5622	-1.6132	-1.645
36.625	-3.1859	-5.035	-0.203686950372904
22.994	0.17768	1.5887	-1.09990542417062
37.974	-3.5713	-2.2629	-0.373321142401052
35.991	-7.1105	-0.27884	-0.332235782189609
34.046	-7.7115	-0.99998	-1.645
28.049	-10.987	-4.007	1.645
24.626	2.8702	0.65734	-0.104776071899755
35.883	-6.8386	-4.8344	1.645
36.537	-6.301	-1.1695	-0.876159507530187
36.684	-6.916	-0.54257	-1.00976882507939
36.131	-6.7703	-0.6249	0.606403971954669
36.721	-7.1728	-1.6014	-0.155843529897837
36.291	-3.2826	-5.4975	-1.11390468980113
37.998	-6.5588	-1.1578	-1.18302572554303
37.407	-3.279	-1.2402	-0.16967960990367
34.719	-0.76652	-0.38087	0.0342364973510349
24.667	-11.97	-3.4268	0.15207981008239
36.562	-7.8558	-2.4601	0.54219322965369
34.523	-6.4037	-5.2684	-0.530088023638196
36.344	-2.7243	-5.0541	-0.13118232011048
28.704	-1.2358	0.73461	-0.820907677180446
35.112	-8.381	-1.5627	-1.0068503182898
36.561	-8.08	-2.507	1.57003670333747
29.101	1.8205	-1.2912	-1.05595178721633
35.878	-8.1252	-1.6888	-0.710286291902554
33.057	0.84632	-2.7147	1.50323206873807
33.546	-0.34527	-5.445	-0.660317782754682
31.882	-0.57295	-5.8092	1.38874573964339
24.91	-11.954	-3.5912	0.462718725064837
38.382	-5.4187	-2.2298	-1.09612994894319
35.342	-0.84757	-4.9727	-0.475627510846642
34.619	-5.6944	-5.4814	0.16822387110785
36.436	-7.5013	-0.96146	-0.357078322995713
37.02	-3.3083	-1.0167	-0.491169582732291
34.806	-8.8901	-2.973	0.0573425481213146
34.347	-0.98887	-5.2431	0.641912662068432
32.922	-10.36	-3.0592	-0.211933595845988
37.436	-2.0099	-3.387	0.11475945227928
27.802	-0.52154	-6.6001	-0.0217236932227099
36.324	-7.7981	-3.4379	1.085317589142
33.436	-1.2899	-6.2745	0.471394404734143
33.177	-9.7487	-2.9992	-0.320729013607759
27.274	2.4161	-0.10539	-0.73572371088658
25.93	-1.2025	0.87789	-0.971344791890274
36.272	-2.8487	-4.1937	-0.191979009141255
37.157	-2.2965	-4.1908	0.364436007411233
30.682	1.0168	-1.2092	-0.993562562469492
34.541	-2.8555	-1.6681	0.262347443770564
33.291	0.40457	-1.8331	0.22726646065237
37.406	-4.0066	-3.9598	0.94930076718386
24.997	-0.66669	1.1359	-0.44028980927004
36.12	-6.4143	-1.0835	-0.753084537286685
34.659	-1.9863	-5.9829	0.232762141942401
36.488	-7.3251	-2.3262	-0.0545792335376934
27.032	-11.414	-3.9168	1.38491513386042
33.231	0.16905	-5.6528	0.986758881549187
35.542	-6.5946	-1.1652	-1.28096640680737
36.53	-7.222	-1.5122	-0.811462485723536
35.769	-1.7993	-5.2612	0.454879880589985
35.546	-8.9878	-2.0374	-0.0118281021409902
36.791	-7.3313	-1.4707	1.03602627944991
29.891	1.399	-0.59674	-1.645
35.835	-5.3318	-5.5868	-0.096096526326095
28.257	-0.68969	-6.8239	1.26884093585451
37.377	-6.8635	-1.8859	-0.0883524867180555
27.464	-11.751	-2.8039	0.602951396789369
28.168	-0.41404	-6.7192	0.202686049837675
37.75	-4.869	-1.3026	-1.33622899171642
35.944	-7.7459	-1.3209	-0.356873008970133
38.082	-5.3314	-2.1137	0.218546183104686
33.007	0.29962	-0.29684	-0.519133703235656
38.541	-5.8464	-3.3132	-0.693870838831705
36.802	-7.1285	-0.91854	-1.23936049448182
37.28	-2.8613	-4.4514	0.0161828930504847
27.788	-0.7983	-6.5807	0.369280468340539
29.504	-10.993	-3.853	0.35984884419501
30.43	-10.246	-3.9492	1.645
35.675	-7.1694	-0.86933	-0.50336686299832
37.326	-5.6839	-4.4112	1.23559091836685
36.829	-3.054	-4.6771	-0.511744023917275
37.127	-7.6054	-3.972	1.03024320058217
32.465	0.75286	-1.4389	-0.200868050797638
33.046	-8.5364	-0.65937	-0.732515328529182
32.73	-10.178	-2.8586	0.57603802957545
34.579	-9.3204	-3.3467	0.210848216917758
33.708	-1.6614	0.33322	-0.678780776765114
37.264	-6.7331	-1.3042	-0.0851788919302864
33.378	-9.128	-3.986	1.17909128452189
36.682	-6.2436	-0.22291	-0.840726285918054
30.821	-10.162	-3.2975	0.702826653757349
36.51	-8.369	-3.6788	0.0227046545735959
24.884	-12.03	-3.7199	0.65695261192334
35.633	-2.7754	-0.42644	0.258946718197723
36.718	-6.6751	-0.98773	0.962426861745757
35.556	-2.9167	-0.96308	0.445717985659396
27.416	-11.642	-3.608	0.488179307519158
35.042	-7.5012	-4.9165	0.856322978055284
37.034	-2.7736	-2.7544	0.222127507822131
37.879	-3.3745	-3.9897	0.360436044708267
28.693	1.9418	-0.84665	-0.854762108874614
36.863	-4.6665	-0.57369	-1.31982723239063
37.196	-2.9731	-1.8959	0.35994182725851
28.874	-11.12	-4.0281	1.645
37.449	-6.7361	-1.3597	-0.795737666995639
35.503	-6.2815	0.51715	-0.0725281846999734
24.869	-11.715	-3.337	-0.0630016942037164
37.136	-6.9179	-0.88602	-1.12546745697844
37.548	-3.7864	-2.5541	0.144183360623588
36.034	-7.4432	-0.97491	-1.08145488627599
37.937	-4.7004	-4.0766	-0.103552447257612
35.013	-1.0942	-0.74452	-0.450239358577628
37.172	-5.7699	-2.3884	1.645
37.69	-2.9721	-2.3396	-0.106570364941662
36.99	-7.0988	-1.0916	-1.10968872736613
32.325	-6.7771	-5.2843	-0.304957327976627
36.596	-8.2474	-2.108	0.383435649829925
34.624	-9.1756	-3.8766	-0.790540846549562
36.626	-3.6918	-0.73483	-0.175848603208879
36.301	-7.5684	-2.2311	1.48775798947213
35.615	-2.2489	-4.7724	0.619435981367515
37.742	-5.3859	-2.9074	-0.520368002024221
36.329	-1.779	-4.8389	0.53705329813133
33.853	-7.9412	-4.2012	0.0153864814775143
36.495	-7.6701	-0.95526	0.3327660808269
32.664	-10.854	-2.59	-0.708699340307604
34.45	-0.82641	-5.3395	-0.377818730088072
31.683	-1.2044	1.0754	-0.768058593282473
36.139	-7.2369	-0.64364	-0.62725818163203
37.14	-3.0531	-2.5682	0.71921256668823
37.645	-3.0373	-2.7639	0.944896315829527
33.42	-1.847	-0.09335	-0.672659904894346
25.808	2.4843	0.20229	-0.914858728607706
36.558	-3.477	-0.7264	-0.557047249377062
37.076	-2.1343	-2.4981	0.868586629321506
37.295	-3.7665	-1.2328	-0.886293247363908
36.868	-7.3659	-3.4925	1.2849779342446
25.14	-11.017	-4.1427	-0.0488710154109432
37.662	-2.5526	-3.9957	0.0154080034975934
37.251	-3.3098	-4.4526	-0.14422525904367
38.169	-4.0381	-2.3338	-1.14688573497721
32.388	-10.109	-3.1943	-0.481738057154914
34.469	-3.1586	0.16337	-0.778281820403545
36.915	-7.9132	-1.4713	-0.609092876979137
28.759	-11.084	-4.2342	1.645
29.454	-1.0348	-6.7118	1.52724072818279
36.981	-6.4968	-1.3048	-0.447759949727147
23.9	3.4724	0.17699	-0.569186839341882
36.503	-3.0435	-4.7703	-0.193233841678601
31.809	-9.8667	-4.0254	0.397904128978983
36.414	-2.6558	-5.1461	0.349119921935946
37.586	-5.8647	-1.1041	-0.598228716725955
35.487	-7.1229	-0.32773	-0.556908218196555
27.695	2.5926	-0.75992	-1.05038917363475
36.496	-7.1131	-0.84695	0.246544992159256
36.57	-1.9504	-4.6956	0.12930428238394
37.89	-3.3009	-2.8666	0.167470188017111
35.773	-3.3263	-5.1052	-0.451227263068892
36.89	-5.1349	-4.9182	-0.233204390010261
36.339	-7.668	-3.0652	-0.310047930538351
37.425	-4.7946	-3.5831	0.33082745391634
36.89	-7.2192	-1.1222	-0.548536981252467
36.973	-4.4217	-0.99545	-0.823810938414054
18.117	-12.427	-2.7497	-0.433313954992452
28.914	1.9943	-0.15523	-1.55011036263095
35.884	-6.3224	-0.51641	-0.83084297975519
22.895	-11.764	-3.655	0.194127999086583
29.674	1.9213	-1.1953	-1.19967812388044
34.349	-1.3018	-5.8695	0.157508377984254
33.373	-6.1595	-5.613	-0.0362553987365416
36.107	-8.3833	-3.8955	0.436974259093013
33.708	-6.1344	-5.2625	0.926855502735571
25.941	-0.49807	1.7601	-0.328421724623927
24.148	-11.976	-3.5319	0.172602257008613
35.762	-2.4738	-4.9674	-0.0387601486129351
34.387	-0.70831	-5.5504	-0.128865855107513
37.663	-3.1052	-2.6371	0.129259287730878
37.474	-3.0541	-2.0965	0.382510037823848
33.383	-10.034	-3.4276	-0.701142862264023
28.812	1.5111	-0.18542	-1.645
36.922	-5.6457	-4.9601	0.690733347811223
37.488	-6.6095	-1.1444	-0.846848763045582
28.073	-11.668	-3.1194	0.465858916019525
36.91	-3.242	-1.1441	-0.0419719116499687
36.175	-7.537	-1.5303	-0.412068341316431
36.358	-0.97953	-2.8211	-0.566483262590156
36.017	-3.9337	-0.15164	-1.10514379980014
38.576	-4.8825	-2.3728	-1.6002199384482
37.872	-5.7018	-1.026	-0.885417183145043
36.697	-2.4607	-4.6981	-0.0936142851964012
36.349	-7.9935	-1.5244	0.788156477294064
37.175	-3.326	-4.0231	0.157434268305953
36.928	-3.1836	-4.6119	-0.230447864443467
37.756	-7.1614	-3.4233	1.15768528261069
37.301	-2.9975	-4.1287	0.447393712785132
30.193	1.1488	-0.66419	-1.645
28.46	2.2846	-2.1237	-1.26291248430678
24.401	-1.0807	0.94528	0.571991252486594
27.402	2.3625	-0.79184	-1.645
37.872	-6.6212	-3.506	0.321521874851285
29.53	-11.489	-3.1516	1.645
27.857	-1.7479	0.28644	-0.517547443960447
35.484	-8.9282	-1.9391	0.508209296030509
27.673	-11.413	-4.0307	1.645
36.204	-0.51726	-2.602	-0.0495710424754868
28.13	-0.42296	-6.6429	0.166295906455877
29.047	-11.285	-3.5116	0.952019586294343
37.948	-3.335	-3.8358	0.127362187674744
36.671	-6.1766	-4.2952	1.645
36.841	-6.0594	-5.141	1.645
36.965	-4.6772	-4.0313	0.66411296393014
36.056	-7.7506	-4.4819	1.645
33.524	-0.99915	-6.1235	-0.178831818650344
35.209	-2.4738	-5.3197	1.645
27.447	-11.476	-3.9333	1.645
36.676	-4.9225	-0.54227	-0.109007193100317
36.187	-1.3059	-1.2429	-0.864128935923593
29.373	-1.8565	0.38733	-0.0672915454448802
29.141	-10.738	-4.3405	1.645
37.819	-3.8939	-4.081	0.561604535272623
35.461	-6.7856	0.21	-0.441503989698417
33.537	-8.6364	-4.1537	-0.260060591184769
35.576	-2.7145	-1.1661	-0.309356921515527
36.729	-7.5145	-3.1312	0.112100948768284
36.088	-6.6977	-0.52185	-0.40075216800131
32.739	0.91199	-2.6954	1.01260841185249
37.836	-4.3579	-3.3202	-1.645
36.018	-6.3323	-1.1371	-0.0913216657602857
37.469	-3.0494	-4.2007	-0.299145913248343
35.606	-2.0846	-5.5897	0.274168775789414
35.933	-6.8829	-0.44488	0.733534832765815
35.493	-9.2462	-3.3582	0.852250710663968
37.53	-4.251	-3.1865	-1.48601426250258
30.092	-11.065	-3.1338	-0.202279372826191
32.99	-8.9546	-0.21807	-0.579746139670354
37.519	-7.3869	-2.6661	1.51889908876349
37.079	-6.2808	-0.77346	0.513531096743639
36.022	-6.828	-0.57731	-0.255297841083753
37.918	-7.0786	-3.0856	0.921786530057561
28.343	-11.733	-3.5872	1.645
37.494	-5.8069	-1.0089	-0.336756568451987
34.273	-0.69818	-5.6839	-0.216599294517317
26.188	-1.2389	0.73822	-0.678260568171999
29.477	-10.678	-4.2809	1.645
29.977	-11.456	-3.3584	-0.402139545492744
36.939	-3.7073	-4.6069	0.414689209939907
37.59	-3.4846	-3.6459	1.10395188081408
28.11	-1.8263	0.47221	0.744389231678798
35.99	-2.0913	-5.2288	1.28191678199396
31.074	0.26967	-6.3372	1.24069380229543
37.27	-6.4269	-1.0324	0.913167777652062
34.091	-7.9047	-4.067	-0.817269561544168
36.52	-7.3394	-3.0192	-0.25548417150921
37.4	-6.6576	-3.761	0.530747823239707
29.113	-0.98121	-6.9442	1.26222763075341
37.029	-4.7412	-3.0954	-1.10839878347453
33.037	0.75239	-2.4438	0.953394507821921
22.655	-11.631	-3.7513	-0.364951974447733
37.766	-3.2181	-1.9562	0.140326311719998
37.838	-3.7151	-3.567	0.61741812300405
37.285	-3.4399	-4.4883	0.215240415205683
27.184	-1.4529	0.40133	-0.38798816744215
38.26	-5.4613	-2.6107	0.0578258026351271
35.989	-1.6761	-5.1643	0.770220293674599
37.247	-5.6924	-4.4819	1.30937318690683
34.351	-9.3416	-4.3517	0.699145253170879
32.942	-10.187	-3.8424	0.940070299165467
36.258	-3.1272	-2.1291	-0.163269489093505
37.522	-6.8014	-1.605	-1.645
34.875	-7.5634	-0.67985	-1.645
36.805	-6.8704	-0.46855	-1.31985644640736
36.438	-5.6209	-1.0791	0.229790689741027
36.039	-7.5015	-0.37316	-0.655829161155206
35.992	-6.343	-0.027214	0.375820541326559
38.018	-4.0021	-3.4175	-0.699417611895269
36.085	-8.2433	-1.0166	0.480562894149194
38.197	-3.1683	-2.8039	-0.0930677021600136
37.221	-6.2661	-0.70586	-0.424920575005912
24.495	-0.80438	1.506	-0.143485999986084
19.894	-12.408	-3.0023	-0.211493939853286
32.857	-1.747	1.0811	-0.507378028505153
38.182	-4.7359	-4.0348	1.645
32.564	-8.7826	-4.3392	0.196890783242627
33.424	-10.297	-2.9498	-1.18740603989253
37.001	-1.8216	-3.9956	0.417094829005122
32.612	-9.982	-3.3678	0.0931928533919765
26.104	2.9775	0.38525	-0.667622213150628
35.856	-6.2175	-4.9262	0.849962408227794
34.29	-0.70505	-5.4116	-0.125433549863503
35.119	-8.7121	-3.9509	-0.377581880425532
32.294	1.3388	-1.5872	0.0988645579737806
26.933	2.2884	0.38868	0.0945776088884027
27.989	0.13398	0.8053	-0.483149259878782
37.348	-6.549	-3.1685	1.44421696982601
34.481	-0.83471	-4.8208	0.0550410170047577
36.976	-6.7599	-1.9741	0.755955293880542
36.879	-7.3031	-1.1171	-0.296286474915164
37.988	-3.183	-3.7179	-0.284847345747078
37.929	-6.679	-1.6821	-0.822065897704254
35.328	-8.9384	-1.7754	0.782655142286648
34.271	-9.6149	-3.6763	-0.0859390657312586
33.023	-9.9253	-4.2566	0.776002566819256
36.927	-6.6277	-0.54409	-0.820420997486823
37.587	-7.0356	-2.9008	0.223529208764347
36.719	-7.5573	-3.667	1.21982086719312
37.13	-6.6506	-0.87502	-0.0467320165858771
33.331	-10.091	-3.2853	-0.948881369790802
36.513	-6.807	-1.1852	-0.174188207563222
28.452	-0.64826	-6.6807	1.04966847636106
35.608	-8.7425	-3.6319	0.287270387729959
36.084	-6.9266	-1.1155	-0.990975208841378
34.803	-1.1978	-5.5854	-0.315993810852326
30.623	-10.628	-2.3359	0.921690385024964
34.746	-0.83355	-5.3832	-0.494808113039549
37.674	-6.0117	-3.9316	1.11400722903649
35.239	-7.2057	-0.80222	-1.40922746686773
30.909	-10.532	-3.6165	1.3991284945997
34.081	-0.19025	-0.19369	-0.340283870650546
36.16	-6.2388	-4.6065	1.645
34.061	-9.7107	-2.6267	-1.22872178949774
28.401	-0.6673	-6.6758	1.645
34.108	-1.3907	0.43458	-0.524532521364667
36.911	-4.0324	-0.88935	-0.518679656575029
36.133	-7.4211	-1.9201	-1.645
35.653	-7.9359	-0.91161	-1.15882276664178
27.563	-1.7829	0.9933	0.406928083538836
35.686	-6.1698	-4.8122	1.20785267451483
35.599	-6.05	-5.0311	0.459091673499643
33.647	-9.5361	-2.9473	-0.182454838663201
37.439	-7.1052	-1.3532	-0.621397936067448
23.069	-0.86413	1.3787	-0.604416678097987
37.717	-5.9636	-3.8253	-0.364065662356254
37.26	-1.8777	-3.7953	0.479632510504933
37.331	-2.3602	-3.1346	0.431693752383675
29.747	1.7848	-0.64182	-1.645
31.26	-1.5383	-6.2118	1.645
28.79	-0.60836	-6.4231	0.522516903105941
28.577	-1.9917	0.59004	-0.668251567641969
36.944	-6.5048	0.15745	-0.457539233718284
27.399	1.8644	0.060854	-1.645
34.571	-8.8569	-2.5749	0.0640054739406143
37.024	-6.2246	-3.3113	1.35030346856115
37.905	-5.2701	-3.6581	0.428160332240237
37.467	-3.1874	-2.2578	0.21085884026217
35.937	-7.7764	-1.2843	-1.22190789501256
37.269	-6.4643	-1.3187	0.354409561321657
35.22	-2.8647	-5.4605	-0.232562786017093
36.327	-3.639	-5.216	0.167669627476597
37.298	-5.8161	-0.65225	0.368384828279728
37.658	-4.6228	-3.5033	1.25148225405482
33.532	-9.5404	-3.8361	0.0541516043985867
38.11	-4.4154	-1.7878	-1.42536672618848
33.965	0.34185	-2.8306	-0.220898104548848
18.681	-11.853	-3.5342	0.488350730621053
37.578	-6.9156	-1.9975	-0.769301184054084
22.178	3.5218	0.97528	0.783893196179264
34.324	-1.491	-0.028499	-0.508423448889788
27.877	-10.224	-4.2064	1.645
35.796	-7.3764	-0.93857	-1.49797210961155
36.21	-7.1793	-0.91817	-0.719087793236341
33.756	0.78472	-3.7174	-1.40561463730041
34.832	-1.3266	-5.3939	-0.0014147208556736
36.693	-6.5135	-1.0092	-0.406498913685778
37.262	-3.681	-4.3805	0.501417723195126
37.664	-2.5775	-2.7475	-0.257266373990343
33.114	-0.44001	-5.9828	0.452898286207462
35.83	-8.0329	-0.94709	-1.13226833123843
37.168	-2.8936	-4.4433	-0.314975980874406
37.252	-3.2123	-4.5515	0.243918208350887
37.485	-6.3438	-1.5371	0.0857494675180292
36.79	-1.1179	-1.9369	-0.815377916645289
36.986	-3.4192	-4.8641	-0.3109709363072
28.187	-2.0153	0.64751	0.592686182194812
36.115	-2.5821	-0.79798	-0.202379118701439
32.441	-8.4786	-4.6004	0.602775468859921
32.516	-10.186	-4.2238	0.87785595084723
34.865	-8.7229	-3.4379	-0.433321521110106
37.744	-4.8284	-2.8158	0.0128800949576971
36.311	-6.2684	-0.71261	0.180409345758888
37.547	-3.1049	-3.4645	-1.29284707927668
38.079	-6.2421	-1.3115	-0.549403755748618
37.974	-3.6555	-3.1281	-0.897849500792824
28.696	-0.68077	-6.8741	1.645
30.852	1.7849	-1.8279	-1.17534800539132
34.821	-6.2335	-5.3327	-0.583718823403204
14.631	-11.506	-3.6427	-0.031928279347373
34.669	-0.46744	-3.1166	-0.463256463206436
37.859	-5.8203	-2.0456	-0.360084950690407
36.787	-5.5935	-0.20183	-0.0719825461212364
36.693	-3.4679	-1.3316	0.651162043228953
24.838	-11.328	-3.8629	-0.150025108154225
35.763	-0.51963	-3.4807	0.444639962011587
35.201	-6.4466	-4.6978	1.645
32.044	-10.644	-3.7583	0.522381538705319
36.194	-6.8002	-1.6144	-1.36572792260647
36.007	-6.7848	-4.2244	1.56741212368247
35.927	-7.6408	-0.39627	-0.489611513729482
35.868	-8.013	-3.1225	-0.488937563549557
36.808	-7.1617	-1.0805	-1.645
36.946	-7.765	-1.2246	-0.382246718829513
36.325	-6.6188	-4.8643	1.50297135524104
35.549	-6.4596	-0.15332	-0.770437152169985
30.435	-2.0178	-5.0573	1.645
36.901	-2.8551	-4.7309	-0.8759408345247
37.149	-6.3657	-1.3475	-0.77241861738658
36.787	-3.2912	-4.7881	-0.269631141124404
37.496	-2.7345	-3.0657	-1.645
32.833	-9.925	-3.8629	0.409428729086617
37.75	-6.5893	-1.4592	-0.131550171040715
36.038	-0.75241	-2.4819	0.141111639080445
28.133	-11.456	-3.6026	0.179874948177153
30.447	1.4981	0.012136	-1.18508978239665
37.759	-5.8941	-2.4694	-0.451291053718978
36.523	-6.9224	-0.55317	-1.645
37.667	-3.3869	-1.5302	0.0373490185769887
35.259	-0.56743	-3.8436	0.325546142611952
21.996	-12.117	-3.2949	0.0803200645338561
36.696	-3.7296	-4.7045	-0.183309517591642
36.844	-2.8627	-4.1771	-0.883386325354794
35.141	-7.3093	-1.8385	-1.645
37.236	-5.8353	-2.0778	0.492910077968256
27.895	2.1727	-0.70999	-1.41145195327916
35.937	-7.577	-0.66075	-1.07473445357586
36.415	-3.3798	-0.64911	-0.392047482529313
37.914	-4.9455	-1.6546	-0.174959011594744
37.81	-6.0972	-2.6215	0.303845639779863
36.059	-6.6724	0.099282	-0.123155369469275
33.831	-0.82131	-5.9073	0.616709821770763
37.488	-4.8809	-1.9614	-0.314951607487007
34.309	-1.5814	-3.0886	0.153831904172495
16.546	-12.122	-3.0507	-0.783214654880637
26.475	2.8001	-0.13414	-0.931496967795749
36.584	-3.2355	-4.7375	-0.102190657916936
36.968	-3.0594	-1.5917	-0.00854111340254844
36.022	-5.6927	-0.69924	-0.142309410888453
22.905	-1.2773	1.3333	-0.835976715130331
36.937	-6.6664	-1.0888	-0.45048378784528
38.435	-6.2835	-2.839	-0.19062537468642
35.405	-0.70375	-4.8046	0.450502614246103
36.121	-2.9466	-5.1363	-0.801956281520611
36.896	-1.6696	-2.1151	-0.611004488442724
27.474	-0.29098	-6.7196	1.645
34.672	-9.018	-2.7887	-0.66278758377711
36.78	-7.3321	-1.024	-0.385311819184819
31.309	1.3203	-2.1248	-0.0735826516705486
34.816	-1.9829	-0.24815	-0.355274371553965
31.034	2.13	-1.503	-1.30676379920089
38.1	-4.3733	-2.6288	-1.06354143675488
33.506	-8.587	-3.743	-0.871118241742974
36.038	-5.389	-5.311	1.22911005388215
34.702	-1.6396	-3.8829	-0.434302702553163
32.373	0.99622	-2.1654	0.0852285674808159
35.958	-2.3821	-5.0615	0.323744397498843
37.447	-2.7711	-3.2962	0.490881692682749
34.224	-1.4421	-5.2872	-0.108745699047639
25.823	2.7506	-0.30933	-0.849748499286175
36.853	-6.3522	-2.1496	0.907525239121684
34.92	-2.181	-0.95545	0.347157909794967
31.384	-10.126	-3.673	1.20077688493337
36.331	-7.1059	-0.41523	-1.1001266699258
29.704	-11.031	-4.1478	1.645
35.609	-7.1077	-0.68315	-1.57658786307262
35.818	-1.2328	-4.9674	0.792198876139587
35.623	-7.3392	-1.1323	-1.50128578378495
32.987	0.16537	-5.4076	0.743558610264061
36.38	-3.1166	-4.3906	-0.479200269305203
36.763	-2.5223	-2.4664	-0.100296193478186
30.806	-9.287	-3.5933	1.645
31.819	0.77723	-1.5751	1.5237561845074
34.867	-2.1455	-5.957	0.428147088180498
36.432	-2.9785	-1.8557	-0.237597717441495
37.33	-2.1802	-2.9054	-0.646590602910113
35.886	-6.8034	-0.66589	-0.584508622526015
34.169	-2.2291	-0.29475	-0.420461323334371
27.676	-0.63697	-6.9622	-0.198318161405337
36.642	-7.6993	-2.0698	-1.645
36.441	-7.3309	-1.0821	-0.982064928768342
36.404	-0.77396	-3.045	-0.350546028533251
32.197	1.205	-4.1368	-0.0507827187420277
33.119	-10.31	-2.9906	-0.159345128159333
37.344	-5.4244	-3.918	-0.491095683397816
30.026	1.6761	-1.1057	-0.973777285818866
37.878	-4.0903	-2.2179	-1.645
37.108	-2.6266	-1.3105	-0.627456215659734
36.482	-1.3979	-3.6565	-0.137019201761758
31.452	-9.1478	-3.2273	0.645057051624339
35.595	-7.1083	-1.4836	-1.12736562913466
37.93	-4.6532	-1.5629	-1.645
28.339	-11.288	-3.7747	1.645
34.572	-0.91389	-5.3163	-0.466603527640602
27.025	-1.1452	0.8769	-0.104156157172667
34.079	-9.9018	-3.0968	-0.984501932663043
35.222	-7.552	-0.12993	-1.61400937677235
37.707	-3.9647	-4.055	1.23854506198248
37.055	-7.808	-1.365	-0.309136891450457
37.028	-8.0319	-2.3737	1.38875973189376
37.484	-2.9589	-2.2054	1.53907084845553
36.636	-1.8449	-4.6217	0.307447893507552
24.255	-1.0753	1.209	0.51025883555716
37.908	-5.4849	-2.8675	0.756850806827002
28.144	-11.285	-3.6351	1.645
36.304	-3.0943	-4.7781	-0.400290510930883
36.383	-6.8969	0.11651	-0.754082487345775
36.032	-2.4254	-5.2954	-0.253633744017608
37.693	-6.9362	-2.1968	-0.704544010412517
35.196	-7.2738	-0.20346	-1.32801102627402
36.191	-1.9754	-1.1911	-0.680364646166372
35.949	-7.0988	0.036498	0.29818115545084
32.924	-0.29634	0.38633	0.0227473985354525
36.636	-8.1869	-3.6598	1.645
35.702	-1.5553	-5.3066	1.44653120306292
37.827	-3.3669	-2.5679	-0.0685527079879682
34.952	-6.4194	-5.1862	0.768839714149354
25.703	0.22142	-6.7138	0.887540203613181
37.718	-6.805	-2.3753	0.260902615035598
20.57	-11.951	-3.571	-0.477572908726205
33.204	0.41913	-3.6203	-1.4135396429486
36.349	-7.4662	-1.0629	-0.510646903874937
32.301	0.83282	-1.4899	1.39628381570656
36.889	-6.3605	-0.64418	0.0185300529889356
37.364	-6.6113	-2.4395	0.297707194644935
36.557	-6.012	0.058335	-0.126557555773917
34.899	-8.9036	-2.1978	0.186011873497222
34.392	-0.67005	-5.3893	1.04018335903495
36.058	-0.71232	-3.8443	-0.291616869022512
35.914	-2.1429	-5.1293	0.68519068644358
38.175	-6.4615	-2.3743	-1.12335510982105
37.269	-6.594	-4.1428	1.3510243230027
36.296	-3.9297	-1.4904	0.707054364958639
34.929	-9.3154	-3.3453	-0.0238005533951947
33.624	-9.7678	-3.2114	-1.11799902500363
35.452	-7.5059	-1.1164	-0.681721420319502
36.034	-7.7111	-0.66814	-1.19130785925362
37.161	-2.9571	-4.3767	0.171267859119874
35.801	-6.039	-0.10692	0.956207604961047
38.018	-6.5426	-1.8973	-1.17779587171714
37.065	-2.8718	-1.9238	0.679798655268531
37.741	-3.5231	-1.6764	-0.222928823098677
36.429	-1.94	-1.5444	0.153884933690233
38.124	-5.9004	-1.833	-0.324370479340392
37.088	-2.7651	-4.3048	-0.816179962360572
37.718	-6.2576	-0.89144	-0.287383323227532
32.946	-10.118	-3.8613	1.645
38.042	-4.4673	-2.5642	-1.13572809932459
35.311	-1.2939	-5.3454	-0.336270819337409
36.716	-1.7406	-3.0904	0.0273144691242183
37.657	-5.2865	-0.77623	-0.522169894839155
28.415	-1.9853	0.6287	0.816420578338857
35.913	-2.1991	-5.1813	0.557389586982576
37.832	-5.746	-1.2789	0.662350513552942
37.809	-7.1081	-3.5919	1.645
37.022	-7.8526	-1.9066	0.599849193876107
35.963	-2.9456	-4.6888	-0.926167942461559
29.139	-10.899	-4.2139	1.645
38.328	-5.5245	-1.6957	-0.894584942291327
35.913	-3.5353	-0.26692	-0.0132917647441977
36.624	-2.5872	-4.7152	0.472864374387478
35.732	-7.4659	-0.892	-1.61522704348563
37.405	-2.8884	-4.2719	-0.846417604933778
27.224	-11.557	-2.9923	1.14896379307205
34.219	-0.7002	-5.219	-0.85657295499447
36.409	-6.4671	-0.54685	0.368945958113568
29.133	0.029435	-6.8166	0.747513439509612
34.285	-0.88002	-5.7289	0.361723835139365
35.879	-1.4706	-5.0897	1.05244209371208
33.331	-0.8698	-4.6621	-0.347956022656401
28.562	-11.373	-3.9338	1.26317770409022
34.954	-8.59	-1.2637	-0.362263918064533
12.655	-12.024	-3.1062	0.207143636865042
33.259	-0.86748	-5.1327	0.282808178857176
38.313	-5.8634	-3.2643	-0.942543340426582
36.875	-2.9204	-4.2667	-1.3363055523398
36.875	-6.5702	-0.73131	-1.08438021149158
32.785	0.6827	-1.7577	-0.205736035900961
36.807	-2.7145	-1.7884	1.01833414507217
36.197	-2.5887	-0.88178	-0.135038931284768
37.29	-3.1505	-4.2486	-0.610280909818259
33.099	0.48603	-1.4884	0.448902471065585
34.092	-8.9227	-4.1576	-0.552327966721503
37.012	-7.5666	-2.4787	0.839866855544016
36.947	-6.3535	-1.4057	0.153153102432544
24.144	-11.871	-4.1725	1.645
37.294	-5.8666	-0.45628	-0.323804522455361
38.453	-6.2205	-2.5167	-0.0551741441410048
38.205	-3.7763	-2.7418	-1.14054742825546
29.42	-11.225	-3.3753	1.16464190254704
37.148	-5.3387	-0.68234	0.258704177437767
26.075	-11.349	-3.6326	-0.00325301360407166
34.237	-0.72906	-5.5845	-0.303502425959672
35.409	-7.9537	-0.78786	-1.23387192614957
36.261	-5.9674	-0.39885	-0.784281678189011
35.769	-1.1302	-4.9338	0.578505439813448
34.05	-7.3166	-5.0561	-0.290366368579447
33.716	-7.4941	-2.944	-0.561644823674153
36.741	-6.3389	-1.159	0.0247299676679503
36.513	-7.4862	-2.793	1.5476690936032
36.212	-4.2356	-0.11937	-0.711697960444031
30.542	1.6715	-0.25718	-1.645
37.523	-5.7548	-4.5898	1.645
28.667	1.635	-0.37636	-1.645
37.356	-5.2576	-1.0494	-0.182856924622829
36.478	-7.7756	-0.57777	-0.491259538254215
37.883	-3.842	-3.38	-0.051574346154801
35.131	-9.2436	-3.3567	0.416348361420532
37.587	-5.2175	-1.004	0.391092144683992
36.221	-2.9564	-0.61513	-0.335565856998302
38.637	-6.5948	-1.8103	-1.05367684461741
36.956	-3.2025	-4.4751	-0.644994578896543
29.985	-11.016	-3.6217	-0.0660511827681612
31.672	-6.1599	-5.747	0.0798227877753086
36.491	-1.3732	-4.2775	-0.932247594764331
37.131	-4.5617	-0.87893	-1.32543498160964
31.827	0.24387	-1.1057	0.193809291267668
36.602	-7.2462	-0.74841	-1.31129377478829
35.527	-1.6899	-5.4983	1.17780959161586
28.143	-0.79826	-6.7107	0.443848123204905
36.361	-7.4636	-0.51885	-1.2054148721771
36.981	-6.59	-0.49138	-1.2896563133745
37.82	-7.0502	-1.9993	-0.252182830730824
36.574	-8.6753	-3.4189	1.56581561983107
37.993	-6.6047	-0.58157	-0.313502168395436
36.619	-3.3442	-5.008	-0.51638069091944
37.163	-4.0055	-1.8496	1.645
27.841	-0.46924	-6.7153	-0.075298074821441
33.362	0.38835	-1.7634	0.48401151101416
38.275	-5.2304	-2.3682	-0.422938704939839
36.744	-6.6862	-0.47204	-0.392070055300422
29.038	-11.463	-3.3336	0.990137860408178
32	-9.0904	-4.758	1.645
34.952	-1.4921	-5.7799	1.01035778389587
35.586	-6.7863	-0.30952	0.958883828341008
29.473	-2.0004	1.2233	-0.334460901860896
36.946	-7.1431	-0.98937	-0.868982673265443
35.2	-1.6433	-5.5416	0.919943540132406
38.265	-6.0586	-2.7998	-0.289098552092079
33.966	-0.18969	-0.95979	-0.0308298962390297
37.105	-2.5879	-1.2599	0.126604785706561
37.342	-6.7824	-1.0638	0.539895995353054
36.545	-7.0306	-0.54223	-1.48600034627292
35.679	-7.0002	-1.2115	-1.06834134410636
35.984	-1.9774	-4.2136	0.582315971702239
35.308	-9.5027	-2.4343	1.16229737281366
33.845	-9.7813	-3.7695	0.0602416622460352
33.349	-0.35116	-2.0425	-0.379541445144328
27.568	-0.41487	-6.818	0.83282449162563
33.366	-9.9976	-3.4617	-0.949012505913841
19.483	-12.108	-3.7965	0.0769330072336605
37.162	-5.5491	-4.7764	0.738981307702696
35.769	-6.9619	-0.47515	-0.0689564504805233
35.88	-8.2388	-4.4135	1.645
35.04	-7.5716	-1.0808	-1.27143285688061
35.22	-1.6653	-1.0212	-0.299461668237466
36.935	-5.5179	-1.3782	-0.657776411738844
35.664	-1.6218	-5.105	1.2453713054577
26.332	2.8248	-0.26543	-0.929841520933463
38.305	-4.7921	-2.3396	-1.645
37.264	-6.0234	-0.95589	-0.298339104332618
24.961	-12.173	-3.2356	1.40390004421807
36.493	-3.2037	-1.737	0.293602953744781
37.016	-2.6871	-3.6991	-0.00911509175853346
35.521	-7.0953	-0.81215	-1.31871441060361
37.573	-6.2663	-0.94834	-0.12075454563496
36.713	-2.7918	-3.6785	-0.2624219911519
37.267	-2.9412	-1.1413	-0.323292139625764
36.105	-7.5793	-1.0388	-1.57685920111615
36.149	-3.6882	-0.088772	-0.901706781866474
29.561	-2.1923	-0.92529	-0.46884684574181
28.421	-10.501	-3.8962	1.645
37.543	-6.6177	-3.9242	0.498963724640447
36.013	-5.2962	-5.2194	1.23769252919967
31.616	-10.133	-3.0478	-0.139378517800011
26.865	-11.889	-3.6093	1.645
34.944	-1.8333	-5.6746	-0.642909205879464
33.974	-0.2086	-5.4289	-0.150113517377366
27.421	-11.915	-3.1716	0.0359087126025526
24.068	-11.949	-3.7635	-0.500760474690167
36.904	-2.4271	-4.0264	-0.194117351183722
32.829	-2.2829	-5.3286	0.263436581212062
36.607	-2.9684	-1.1872	0.686546270587216
36.922	-6.114	-0.78434	0.121374438898552
37.221	-6.042	-1.2144	1.03755145277853
35.954	-7.1988	-1.5628	-0.756197006468332
35.692	-8.8069	-1.7571	0.852916579555246
37.491	-6.0219	-1.2997	-0.0641578596692207
35.9	-7.2416	-0.67509	-1.14268309128598
36.618	-7.6655	-0.98104	0.583334680014696
29.945	-1.3699	-6.7296	1.645
32.161	0.91575	-1.7862	-0.0478950119069671
37.605	-6.5111	-0.87244	0.469758912032668
35.517	-6.5056	-0.50915	-0.655923478879604
32.059	1.3109	-2.4168	-0.785342897673756
29.196	-10.899	-4.0629	0.320040306089676
24.476	-1.1701	0.93116	0.876937893664
36.747	-2.8716	-4.7368	-0.28568115926634
38.014	-3.428	-3.3169	-0.221525502517255
36.001	-6.2461	-0.9769	-1.41675154258476
36.332	-6.6978	-0.47076	-0.224575213207952
38.3	-5.7317	-1.6831	-0.321060073371072
29.979	-11.824	-2.9049	0.913977941621879
37.151	-6.3028	-0.5405	-1.00357785417149
36.12	-6.1442	-0.35725	-0.0961201655950013
36.271	-7.3453	-1.3238	-0.412028341707701
36.488	-6.1858	-3.8549	1.52460436191031
35.366	-1.8119	-5.5672	-0.0738763817108866
36.371	-1.3748	-4.149	0.754621294014339
31.428	1.6486	-2.2588	-0.582897070610214
30.715	1.0071	-0.9415	-0.870478551302025
37.231	-3.9099	-4.7721	0.630056361512212
34.721	-8.3715	-4.579	-0.45097032250919
36.514	-8.5327	-2.2652	0.922372127545391
36.083	-2.6015	-0.39972	-0.489713215894158
35.498	-8.087	-2.6598	0.502489680097701
30.178	1.4558	-0.55411	-1.56318938539328
33.074	-10.314	-3.0415	-0.213115017311867
34.568	-8.0682	-4.3868	0.707822010265516
36.881	-6.9741	-1.2878	0.0073874149647842
31.206	-10.908	-3.2517	1.645
20.185	-12.42	-3.592	0.176209493416297
37.199	-1.6237	-2.4917	-0.793540144051261
36.947	-7.3373	-1.2444	-0.721107894248745
33.778	0.11392	-0.5513	-0.65625140915715
36.98	-3.2319	-1.217	1.14394040661941
36.125	-7.0592	-0.43751	0.0383774197968656
30.989	1.3364	-1.2695	-0.820091795611875
37.721	-2.718	-3.5393	-0.648381415819603
36.492	-7.4624	-0.46387	-1.21571801998437
35.897	-8.9728	-2.3728	0.838844553143803
36.92	-3.6492	-4.6394	0.0205631572211883
36.993	-4.0546	-1.8566	1.60615419625126
34.583	-9.2741	-3.2361	1.645
34.344	-1.2254	-5.6987	-0.0546789229960989
35.742	-8.0212	-3.8443	0.391920203664363
37.001	-2.4226	-2.9225	-0.454015525905028
35.171	-6.1369	-1.2886	-1.645
37.028	-3.37	-4.176	-0.257763945206268
33.298	0.35184	-3.695	-0.649328130144951
30.361	0.79431	-0.83387	-0.870806047282703
35.436	-6.7361	-0.95815	-1.50411182171069
37.41	-6.4188	-0.83121	0.887203982950944
36.383	-1.4084	-1.6501	-0.164458264100149
28.632	2.1882	-0.58482	-1.39219084562651
34.186	-2.9176	0.81454	-0.890223906880649
36.195	-4.2493	-5.2274	-0.388686406472222
26.47	-1.2093	0.66759	1.4500529985926
36.233	-7.5856	-0.90686	-1.18522809261493
36.421	-8.4179	-2.0881	1.645
37.469	-3.1858	-2.9957	-0.400252474104537
35.257	-2.0901	-4.006	-0.182142053556655
36.163	-7.092	-0.771	0.302037019161808
37.734	-5.9544	-4.0513	0.16610896965235
37.902	-5.9908	-2.0936	0.373372051477704
37.448	-6.4351	-3.4083	1.29964140718879
36.099	-7.3386	-0.73775	-0.863915954083418
38.19	-5.2303	-3.4668	-0.274836755089661
32.123	0.60269	-0.86491	0.447837214871453
32.053	1.3059	-1.5197	1.645
36.699	-4.6467	0.089536	0.470861608445689
27.83	-11.511	-3.6894	1.645
35.927	-2.6184	-5.194	-1.00035804793307
36.378	-8.7082	-2.2334	0.427681343389313
37.434	-4.6484	-2.4277	0.194212712774197
36.422	-2.8263	-5.0446	-0.14376848929943
37.128	-7.3771	-0.91807	-0.497420776844204
36.806	-7.1946	-1.9069	0.303068161273505
34.659	-0.55942	-4.4261	0.265912170667648
36.328	-7.1272	-0.93379	-0.557422636110936
36.281	-2.7152	-5.341	0.328895139335495
37.412	-6.2447	-2.696	0.315844375539347
35.967	-2.729	-0.69909	0.330242064912506
36.783	-8.0664	-2.712	1.645
36.508	-6.9874	-0.76697	-0.697901467983838
37.295	-4.7406	-4.9434	0.460607913941821
37.907	-5.6622	-1.514	-0.134743133884246
36.54	-2.6445	-3.9797	-0.60622665443474
34.705	-0.88028	-5.109	-0.282037633798071
35.571	-0.535	-3.7779	0.462430004872854
36.023	-3.1128	-0.9772	-0.183996767143018
36.969	-6.9389	-2.1567	0.467021462994668
30.821	-10.653	-3.8519	1.645
34.81	-1.815	-0.71735	1.53492325862943
37.007	-3.2381	-4.6457	-0.22267793633933
22.98	3.3486	0.063496	0.318230154448791
32.159	-10.433	-3.0039	0.144899409111152
37.195	-6.8729	-0.94274	-0.869483080362032
34.005	-0.32428	-5.4688	0.167450890014819
37.776	-3.2527	-3.708	0.28836643221515
25.345	2.9604	0.81839	1.60724156235446
37.704	-6.9036	-3.5007	-0.066460399492574
25.232	-11.836	-3.4376	0.902076213562309
35.212	-2.5121	-5.7232	0.648639980034259
38.366	-5.4234	-2.4492	-0.891694180484129
29.989	-1.4419	-6.6104	1.645
37.702	-3.2554	-2.2478	-0.0168181552353476
36.695	-8.3244	-3.4796	1.51276954680084
22.216	-0.28528	1.8218	-0.651847985562109
27.938	-0.14693	-6.4389	-0.6726490910137
37.215	-2.1692	-3.2804	-0.533914121016942
24.948	-1.1145	1.1193	-0.229444021184265
35.868	-5.9551	-0.76246	-0.883434146312537
28.015	-11.269	-3.5031	1.40159958476959
36.415	-2.8229	-5.3315	1.26993990502971
36.026	-2.1342	-5.1439	1.13626235111163
36.861	-6.3361	-0.60656	-0.535175235735274
34.486	-9.5717	-3.7802	-0.492947998263837
22.352	3.0673	1.2586	0.124011983593295
35.219	-2.1202	-1.3575	-0.226724426529056
36.39	-6.9544	-0.46647	-0.879599286827066
32.516	-0.5129	-6.2823	1.33694085604656
37.032	-6.1426	-0.88556	-0.128208550890403
28.289	2.0839	-1.1024	-0.794962357854845
33.548	-1.5978	0.067007	-0.848169980011474
35.336	-1.5855	-5.3664	0.972760469010565
35.391	-7.7354	-2.7639	0.0195582852815973
36.84	-7.9578	-3.3052	1.25031836827537
37.095	-3.2146	-1.7715	0.998047093728473
33.859	-9.2605	-2.5721	-0.510174876886884
35.877	-8.4213	-3.4308	-0.226099546002999
34.549	-0.84299	-5.6394	0.202238561480857
36.996	-7.5551	-2.6668	1.645
34.832	-7.3907	0.24362	-1.645
33.235	-10.72	-2.9872	-0.584226198766115
37.307	-6.0201	-1.5607	0.394136084213096
37.418	-2.9354	-2.5082	-0.727368282439012
34.343	-1.6947	-5.9695	1.44947096426254
35.852	-6.3953	-0.66102	-0.616071795201944
23.219	-11.625	-3.7246	-0.148587760887527
25.658	-11.743	-4.0632	0.827377134564895
36.408	-7.0685	-0.74929	0.223338922749964
34.872	-9.2335	-3.1798	-0.461195970201539
32.521	-10.366	-3.3013	0.278710937993839
35.301	-7.1362	-0.87532	-1.60576381598489
36.981	-7.338	-4.1057	1.12844532886509
36.532	-2.2219	-4.9142	0.704063724099876
36.587	-6.9588	-0.9185	-1.09060548894486
37.804	-3.758	-2.5106	-0.318658486929338
37.188	-3.3266	-4.129	-0.3769703082523
36.601	-3.3263	-0.83788	0.365319489122615
20.494	-12.103	-3.3423	-0.490825075400691
37.343	-6.62	-3.3463	1.00704204025269
34.74	-1.4122	-5.6472	-0.0293953896423371
33.679	-0.86234	-0.17042	-0.237038776871485
36.655	-3.0677	-4.4207	-0.0752384133643596
34.85	-8.5722	-4.0191	0.0614726827074478
30.867	-10.809	-3.5384	1.645
37.307	-3.9139	-4.5918	0.160707544017718
36.667	-6.7386	-0.78268	-0.713315281877032
31.457	-0.30158	-6.5963	1.645
35.913	-7.6121	-0.87189	-0.843870997034751
36.13	-2.8164	-5.1146	-0.778868192175008
35.209	-0.0088546	-1.6024	-0.135465440871833
37.083	-6.3311	-0.76982	-0.0363520485073978
36.223	-7.7271	-1.0545	-0.836666909374484
30.474	-10.434	-3.6727	1.37004479382441
35.745	-6.4161	-0.72233	-0.742587263942391
34.25	-0.42419	-5.4538	-1.14912618002839
35.158	-7.4175	-0.57039	-1.645
37.835	-4.0336	-3.727	0.174803824760431
29.205	-1.0063	-6.6398	1.645
35.456	-3.3218	0.088323	-1.2532685763686
29.803	-10.77	-3.5859	0.423769311843154
37.4	-5.3887	-1.203	0.322430659572752
38.39	-4.8164	-3.1837	-1.11862967175204
28.169	-10.539	-4.4468	1.645
37.101	-6.2474	-1.5272	-0.591300928258395
36.103	-2.9353	-0.50444	0.405235568384972
33.597	-0.56617	-5.3621	-0.56028701563812
34.55	-8.264	-2.9045	-0.109637198465388
35.071	-9.1648	-1.7033	0.0612607467611864
37.21	-4.2579	-4.7383	0.520855500868601
35.826	-8.9178	-2.6398	0.46718277748637
29.572	-9.596	-4.4341	1.645
38.35	-4.2938	-3.138	-0.568369788605766
33.688	-2.6749	1.0381	-1.02755810277061
36.474	-2.0151	-4.8982	0.808047098795741
36.528	-6.7207	-0.3798	-0.432713684579648
33.424	-10.084	-3.4669	0.655461359705192
35.861	-2.605	-5.277	-0.578679857258203
34.46	-9.1908	-4.2253	0.590354158944687
38.32	-4.8525	-3.1108	-1.36169844931298
37.496	-3.2443	-4.1554	0.426870584428813
26.909	2.6637	0.026832	0.477387849899125
23.052	-12.064	-3.317	0.222307794854322
37.644	-6.4692	-2.6675	0.223719285249586
36.848	-6.5595	-2.1398	-0.297810475482831
29.035	1.6447	-0.066406	-1.645
35.626	-7.5125	-0.57968	-0.949540159329825
37.322	-7.6218	-1.4826	-0.354653412438664
35.285	-8.2893	-0.64382	-1.2673597412752
20.084	-12.312	-3.48	-0.199095495498699
28.865	1.751	-0.48839	-1.49038521978107
29.709	-10.969	-3.9119	0.477652794440003
37.772	-3.5059	-3.3861	0.0662644479718889
36.942	-6.4637	-0.66239	-0.719261952614465
33.758	0.38343	-3.2386	-0.524095507538381
36.282	-1.236	-3.9953	0.585211242493725
36.872	-6.6326	-0.5159	-0.358078869362209
27.991	-1.7102	0.46544	0.249637553453678
34.467	-0.7789	-5.5486	0.126070383364096
28.91	-10.416	-4.3339	1.645
36.451	-2.0925	-4.9467	-0.173501560799899
29.772	1.7553	-0.20628	-1.36165647162482
37.46	-4.4038	-1.0835	-0.894744632397658
30.47	-9.6622	-4.3325	1.645
31.478	0.98321	-0.87069	-1.09842351977311
36.431	-1.4634	-3.8262	0.844077956005998
36	-9.0717	-3.5695	0.907126097857252
37.711	-5.9719	-3.357	0.0217025525154317
27.558	-11.495	-3.2371	0.979265135030489
24.502	-11.889	-4.0808	1.645
36.522	-7.3306	-1.1206	-0.401593137732385
34.234	-9.0501	-4.1876	-0.250149470903216
34.039	-8.7942	-4.1058	-0.333585976332445
36.049	-2.8343	-0.31658	-0.948394134411147
35.726	-3.108	-0.29894	0.0553178450790046
37.247	-6.3258	-0.74275	-0.00153499770844755
36.663	-8.0185	-1.3392	1.24567146687185
36.819	-2.209	-4.6629	-0.351450112797608
36.367	-7.0131	-1.7098	-0.0494532152540051
37.603	-3.5366	-2.3554	-0.572038198337786
37.32	-2.9559	-2.0473	0.46324843634442
36.358	-3.1915	-4.9347	0.524541513337243
18.772	-12.196	-3.1299	-0.164529862978373
32.75	-10.422	-2.8005	-0.105101521784787
36.785	-1.4031	-3.5604	-0.0128942866712965
35.477	-1.5291	-5.0441	0.560267567056027
28.024	-11.618	-3.2678	1.54327611036953
38.028	-3.372	-3.8422	0.956753691726291
35.983	-6.7157	-0.25748	-0.242153698765754
37.675	-7.2641	-2.5191	-1.3187896414878
38.285	-6.068	-1.6478	-0.293504452766477
37.648	-2.9954	-2.6871	-0.576403638115626
36.758	-6.2914	-0.49534	-0.238369640038926
37.3	-4.165	-1.6175	0.872674131920975
27.805	2.13	0.2655	-1.63715264851188
33.741	-1.9733	-5.4226	1.645
36.11	-7.4497	-1.499	1.08592971858199
37.13	-3.482	-3.5833	-0.985274827811562
37.065	-7.2034	-1.1197	-0.256732729530459
35.676	-1.5634	-5.343	1.5546341014414
25.634	-1.2253	0.94194	-0.167884160431746
36.345	-2.7504	-1.3676	0.474757128888184
35.006	-5.2704	-0.66318	0.0486038112955083
21.515	-0.82075	1.3352	1.645
36.934	-7.1197	-1.3898	0.563961506279672
35.563	-2.7773	-0.24283	-0.994180111223298
37.173	-2.6245	-3.9132	-0.29157960736972
36.387	-2.0945	-4.6511	-0.211446251420124
35.784	-2.114	-0.96068	-0.174729659099716
37.664	-3.9756	-1.3644	-0.552821528189079
33.453	-9.9212	-3.2833	-0.042247939169641
28.418	-11.12	-3.9506	1.645
35.617	-3.9137	0.42156	-1.26832863442622
35.863	-2.4069	-2.5622	0.326894749305122
35.028	-7.1752	-0.66195	-1.48509644194465
35.812	-5.4805	-0.52955	-0.152952046975733
35.948	-1.8128	-5.129	0.0327008396937307
36.383	-2.5713	-5.1106	-0.1589773309976
37.161	-6.9458	-4.105	1.645
33.48	-0.64767	-5.7709	0.669997632693423
36.767	-7.3284	-1.2693	-0.0211073973673706
34.688	-1.4445	-4.5017	0.953375949054641
35.727	-1.6297	-5.1851	0.673802139615267
27.955	2.3396	-0.87238	-1.645
33.377	-10.479	-2.644	-1.05640515010106
32.498	-1.6331	0.075498	-0.381328781659454
37.362	-2.3661	-4.0574	-0.266795376882494
37.957	-5.771	-1.0749	0.0405006796372935
36.775	-7.7189	-0.67347	-0.394561195413938
37.412	-4.5111	-2.4789	-1.29195300261256
36.828	-7.5118	-1.7764	0.410184056938619
34.807	-9.2413	-0.70097	-0.795974575217035
37.16	-6.5484	-1.2193	1.17317753556346
36.12	-6.8519	-0.23334	1.23857911826747
38.418	-4.7373	-1.7362	-0.0536012383997369
33.209	-1.3065	0.58739	-0.266004629468522
36.674	-2.2954	-4.338	-0.542052950998008
36.732	-2.5374	-4.5019	-0.787543642718806
37.642	-6.2693	-1.2363	0.00863250485907092
34.288	-1.2429	-5.9811	-0.0854401523736144
34.357	-6.5455	-4.6842	0.262226547381709
33.459	-6.2113	-5.0877	0.217739326982744
34.398	-1.8175	-6.1834	0.474238870736733
28.402	1.6858	-0.84161	-1.645
36.054	-8.1439	-2.2738	-0.255646288543481
36.711	-5.4696	-0.059321	-0.535630755061601
36.851	-6.8	-1.1773	0.176094701518155
38.242	-5.918	-2.1091	-0.206848271440742
37.137	-3.3898	-4.8805	0.0867801548423965
37.779	-6.3044	-1.8107	-0.481295275700957
34.925	-1.4506	-5.7603	0.17700751371433
36.307	-6.6518	-5.0565	1.645
37.216	-7.7869	-1.3901	-0.544975990980357
34.201	-6.8832	-5.1613	0.656337925542205
37.024	-5.0281	-5.0016	0.867918728844168
31.076	-10.596	-3.1788	1.645
37.732	-3.9914	-1.8724	-1.38462872308368
28.05	2.1178	-0.84351	-1.4725185171937
29.068	1.9082	-0.13313	-1.645
38.105	-6.1144	-1.8308	-0.0927589856198853
31.208	-10.341	-3.9103	1.13973768397682
37.164	-3.1932	-4.4762	-0.38537579795971
35.947	-7.6318	-0.92707	-0.828252116148183
26.384	-11.718	-3.1602	0.290212325782165
17.539	-12.176	-3.6076	-0.835490449914171
27.847	-1.0006	-6.7591	0.531699021705607
28.06	-11.31	-4.1272	1.645
26.252	2.4373	0.2568	-0.836867750610899
36.415	-1.8489	-3.4901	-0.0640244639909035
36.414	-6.6305	-0.54073	-0.850624421856916
36.926	-6.1455	-1.226	-0.198265442636865
37.013	-1.3675	-2.5758	-0.427487176458082
31.516	-1.6663	-1.0651	-0.909459929545292
23.685	-0.6064	0.95115	-0.732626654952695
27.546	2.3168	-0.11179	-1.16738085548741
36.582	-3.2051	-5.0006	0.0759930964705749
37.103	-6.8195	-0.88503	-1.45463115784763
36.399	-7.0935	-1.8265	-0.298741701157951
35.481	-2.2084	-0.77026	-0.0702343673083159
27.377	2.5778	-0.06166	-0.593376677183382
29.712	-0.9678	-6.7499	1.31359215747624
37.899	-7.3266	-2.9614	0.459532605056841
36.681	-7.6883	-1.3233	-0.535393695106211
36.539	-6.8839	-1.4043	-1.40248691847549
36.927	-2.4784	-4.6331	0.19178177836812
37.289	-5.8562	-1.1742	0.435528148061952
36.35	-1.06	-3.5694	-0.577030929054963
36.839	-2.8458	-4.6107	-0.110984956357821
34.409	-9.3628	-3.4874	0.353357072029065
21.749	-12.082	-3.1072	-0.134012589940864
36.479	-2.3034	-4.7111	0.492010756618027
35.35	-9.2134	-2.9742	0.653590220340656
37.069	-7.3037	-1.1191	-1.1839941490306
37.293	-2.0806	-4.0461	0.864165028223605
37.112	-7.3561	-1.2594	-0.179250477712414
35.298	-7.0473	-0.77197	-1.645
34.237	-8.2289	-3.8283	-0.74990267384075
38.056	-5.1676	-2.5888	1.31261327666328
35.642	-2.2581	-5.5624	-0.0902107265647056
37.132	-6.4566	-0.84542	-0.121585295925966
33.381	-2.7503	-0.92077	0.642363155735986
36.842	-7.1254	-1.1484	-1.5335103245228
36.903	-6.0825	-1.1782	-0.0879544579487477
36.19	-1.7172	-3.5639	0.514371004184246
34.92	-2.2908	-0.34357	0.194976185291773
38.043	-4.5569	-3.3936	1.21863685766884
35.541	-0.99494	-3.919	0.104116902753071
37.769	-5.0176	-1.871	-0.441413317121814
35.269	-8.6907	-0.96378	-0.6612410766384
36.885	-8.2585	-1.4113	0.0215372414922135
34.961	-9.0902	-2.5955	-0.169082513728571
36.838	-3.1052	-0.58324	-1.35048746567492
27.664	-10.9	-3.9195	1.645
23.422	-0.66444	0.89025	-1.2870830795441
29.878	1.9333	-3.6835	-1.1210493177674
38.515	-5.1784	-2.2231	-0.300429580596571
38.137	-5.8416	-1.5113	-0.178409074038669
37.654	-2.3191	-2.4915	-0.0741544179415622
35.139	-7.3104	-0.6746	-1.645
29.667	-0.36181	-6.2471	1.36366591309567
34.572	-9.5317	-2.8881	-0.690496389706149
36.627	-2.2565	-4.6513	-0.184035877666399
38.041	-6.1191	-1.0396	-0.335456845124594
35.898	-7.0416	-0.93679	-0.0545158780470639
33.998	-7.9864	-0.16569	-1.52304734751033
35.179	-4.4275	-0.35156	0.62881297737607
35.475	-6.9959	-0.76676	-1.20272133639657
32.07	1.4293	-2.3833	-0.0504800021216894
35.045	-8.4451	-3.0206	0.73212600845635
36.626	-6.7312	-0.7282	-0.838129687050567
28.783	-1.1034	-6.5278	0.403282202696174
35.933	-8.4365	-1.8553	0.0890911672492375
32.506	-10.224	-2.3987	-0.0533410809305856
34.744	-7.6455	-4.2175	0.205670642944108
35.716	-8.4489	-2.1184	1.02415078389224
31.72	-0.96702	0.3544	-0.392109602819677
36.751	-6.7733	-0.83624	-0.837625504126999
26.305	2.5123	-0.34699	-0.862927946138387
37.254	-3.0555	-4.385	0.0992940528251026
34.17	-1.3725	0.13005	-1.08974164631885
36.772	-2.0808	-3.8427	-0.798195789645553
28.764	-0.51537	-6.6424	0.601903923047252
38.014	-5.9577	-1.8809	-0.244941416457054
34.574	-3.6874	0.49795	-0.660920110305213
36.293	-1.505	-4.5643	-0.481323714565076
36.234	-7.6629	-0.97961	-0.705405567122665
34.65	-7.5723	-2.293	0.0430078820759156
36.083	-8.5847	-3.8822	0.811918869585794
27.103	-1.7895	0.51807	0.00787564593482324
36.16	-3.0067	-5.1595	-1.06566243334367
33.832	-9.4165	-3.2844	-1.12232718166524
35.349	-1.7696	-4.8635	0.425476068841104
37.166	-4.2299	-4.5378	0.762419201394024
34.808	-9.1052	-3.57	0.0237224216655819
35.873	-6.1718	0.076158	0.811804679458872
35.622	-2.128	-5.639	-0.456905294693918
37.437	-6.1818	-4.1612	-0.410135911408674
36.152	-7.3342	-0.95071	-1.56040176139354
35.261	-1.5128	-5.0484	-0.0359769503165805
33.824	-9.9319	-3.7705	-0.302190331119772
35.159	-5.0452	-1.1061	-0.615838132366411
30.039	-10.6	-3.9322	1.645
30.135	-9.1454	-4.2499	0.540251255477404
29.138	-11.188	-3.8476	1.41446320772295
35.92	-6.9901	-0.49628	-1.16541707019646
31.224	0.17342	-5.7504	1.15749174048309
35.622	-3.6657	-1.0615	-0.20719345869657
37.487	-6.2291	-1.7669	-0.516310775061258
35.929	-8.1243	-1.4357	-0.976955667921989
33.353	-0.15211	-5.6436	0.993179216018388
34.134	-10.156	-2.7773	-0.733607352697092
35.54	-1.4891	-4.931	0.938902410494633
34.026	-9.7903	-3.2879	-0.593382837252202
36.626	-5.7911	-1.2278	-0.356529768851208
24.178	-11.704	-3.6301	0.200429271966085
37.404	-5.4861	-1.3972	0.0388207201215581
33.892	-0.68384	-5.8885	0.800007403257229
24.368	3.7988	0.25655	-1.16292952736399
25.316	0.0397	0.96357	0.361399072451673
36.37	-2.9592	-4.9675	0.0308755521402088
36.177	-2.5183	-1.6875	0.97433973145234
34.494	-0.21675	-1.9609	-0.0302163807252999
36.989	-2.1522	-4.4694	0.64549768481681
29.538	-10.738	-4.0519	1.645
37.198	-6.5255	-1.0386	-0.099504840299032
36.164	-7.808	-2.0116	-0.433938027559356
26.615	-11.683	-3.4185	0.391074253801852
35.959	-8.016	-1.3819	-0.522997643306031
37.27	-6.2276	-1.1357	0.708533724785939
36.454	-6.533	0.32032	0.542974807566653
36.452	-2.8956	-0.53636	-0.991482018333249
33.279	-10.124	-3.4263	-0.419418404783363
26.736	2.6919	-0.6298	-0.840073777386519
37.768	-2.7583	-2.6984	-0.294827754618001
35.59	-2.7801	-5.4654	-0.0653102580970224
37.579	-7.1001	-2.0947	-1.645
36.093	-8.6628	-3.2445	-0.38155987069114
33.734	-9.5652	-3.4776	-0.259825650823117
38.216	-4.6273	-2.5373	-0.474656963679235
27.089	-11.553	-3.8875	1.645
32.801	-10.494	-2.9191	0.000261855233516866
38.241	-4.5629	-4.0563	1.645
37.785	-3.759	-1.4766	-1.11869216069871
38.276	-5.2348	-2.0977	-1.07190220281078
37.742	-3.366	-3.0438	-0.310367040266578
27.815	-0.57083	-6.707	0.477867912487132
28.23	-0.50422	-6.5389	0.0924071238863755
29.63	-0.92416	-6.7941	1.645
33.189	-2.0783	0.76822	0.0943861170730947
34.078	-0.040589	-5.3448	-0.529252198722337
36.923	-2.6406	-4.693	-0.530890596524472
30.923	-10.273	-3.951	1.645
33.454	-0.75361	-5.856	-0.68416005222355
37.946	-3.4073	-2.4633	0.00683993331001168
24.271	-12.112	-3.4109	0.823988637520515
36.432	-7.4201	-0.80639	-0.955187027712736
35.365	-1.0409	-4.4356	0.682010436706688
36.627	-4.0545	-5.0559	-0.716382542244443
36.92	-5.8143	-0.62305	0.0262971928339653
36.617	-3.1258	-4.9507	-0.349899498265946
35.936	-1.5523	-5.1143	0.408365909328101
22.13	-12.369	-2.9595	0.114242748215863
35.285	-7.5377	0.066807	-1.12688424402956
34.246	-1.9271	-6.1455	0.799252843274797
35.563	-0.78294	-4.4159	0.526505557038662
37.246	-2.3567	-4.2847	-0.398502178086479
36.836	-2.003	-4.5542	0.26064700881445
35.681	-7.0142	0.034118	-0.695160379578321
28.476	2.3052	-0.21928	-1.645
36.702	-4.5632	-0.72328	-1.645
35.022	-2.2931	-0.30106	0.616620210618889
36.997	-2.8596	-4.6194	0.318074214430979
31.828	1.1086	-2.2523	-0.23789473763751
35.129	-7.3311	-0.43908	-1.35139213951834
35.687	-2.4359	-5.3201	0.31685559243669
26.988	-0.92323	0.91876	0.370502327201404
31.846	-3.3065	-0.63738	-0.216966145511215
33.401	-1.0653	-5.7202	-0.0839787535740478
36.04	-6.7814	-0.20054	0.0116458604344152
34.114	-0.95412	-5.5611	0.41021943575467
36.599	-6.6278	-0.62335	-1.02609181429598
37.135	-6.6056	-1.2216	-0.143078067899891
38.176	-5.8106	-2.8118	1.53155387381127
37.58	-4.0989	-3.3811	-0.908796604659813
35.637	-6.7245	-0.37612	0.817567234838773
35.282	-0.54191	-4.5888	-0.000858948680870543
35.082	-1.3413	-5.5522	0.782024340535914
35.866	-8.262	-4.0059	1.23030096975591
37.104	-7.4099	-0.84084	-1.17217568919897
35.513	-9.1151	-3.2543	0.625282297374176
36.187	-7.133	-0.64214	-0.404782729044596
35.107	-0.70271	-4.7009	0.0319673954420976
37.184	-1.7013	-2.732	0.0193218948333794
37.267	-6.9481	-1.9059	0.294254244212991
32.963	-0.82231	0.13576	-0.244797047533107
35.467	-1.2018	-5.1814	0.0699138149092023
19.144	-11.629	-3.5846	0.3122589792401
35.444	-3.6749	-0.45329	-0.839048798242336
33.256	-0.209	-5.6186	1.645
38.277	-5.7043	-2.5148	0.222308172042655
35.262	-6.5396	-0.11959	-1.48528424524294
36.147	-2.2079	-4.9607	0.824028635319732
25.063	2.6942	0.50611	0.400536502541063
35.954	-7.1833	-0.97152	0.0349529551967366
31.359	1.133	-1.4757	-0.726720462962183
36.883	-3.2841	-4.7561	0.240247221780928
37.07	-3.5895	-4.5398	0.316443573740005
29.455	1.4441	-0.33154	-1.645
30.771	-10.607	-3.8479	1.645
35.249	-6.5454	-5.549	0.429964900048987
37.709	-3.0288	-3.4199	0.0074106836855476
36.433	-4.7672	-1.4114	-1.16793448394232
27.534	-0.34665	-6.4868	-0.148039359153825
36.086	-7.7136	-1.5338	-1.55725964388627
38.056	-6.0844	-2.1369	-0.43957642606542
34.733	-2.7372	-1.1845	0.556618631628592
34.09	-1.9336	-5.9096	0.577977464610333
30.214	-10.125	-4.3742	1.645
36.733	-2.908	-4.739	-0.679690165655757
32.649	-1.5728	0.16861	0.0222642305636932
35.94	-8.616	-2.4003	-0.736720620231416
38.211	-6.7695	-2.7243	-1.10213287142562
34.473	-6.0424	-5.0366	0.628016487943995
36.627	-6.1571	-0.69163	-1.13741737475887
36.064	-7.1385	-1.2273	-1.31321083573567
28.21	-11.078	-3.6007	1.41644789583081
33.526	-9.8154	-3.646	-0.629821036697108
37.809	-4.4404	-2.6843	-1.03344232859403
36.294	-2.8729	-4.9081	-0.780105149333618
36.932	-2.2441	-4.676	-0.497158369702459
34.882	-7.8087	-4.7386	-0.159494580808479
36.476	-7.382	-1.0621	-0.563147194495255
37.275	-3.0113	-4.2995	-0.44259376697661
37.16	-7.4515	-1.5202	0.0994806797502436
29.493	-2.0896	-0.37662	-0.33335997591653
36.008	-4.144	0.37998	-0.507975612931367
33.871	-0.68123	-5.6772	1.3359585758441
26.97	-0.27744	-6.7405	-0.430115413575807
34.878	-7.421	-4.5206	1.645
36.796	-7.0838	-1.2456	-0.496180015019163
36.362	-7.0014	-1.1047	-0.930887181247168
20.626	-11.99	-3.1838	0.711862559866913
37.31	-7.5264	-2.6178	0.769086919841055
30.671	-0.85242	-6.8893	1.645
16.859	-12.177	-3.2421	-0.740940495554
36.905	-4.2578	-0.4808	-1.08827466553343
35.511	-1.8353	-5.3157	1.17766840880242
21.085	3.772	0.79139	0.938629756655824
37.367	-3.737	-1.2535	0.0533518136550256
36.651	-7.5829	-1.2475	-1.17941229780384
35.014	-8.2377	-0.58041	-1.33498923642385
36.616	-6.8313	-0.47681	-1.01863167129794
36.201	-2.0957	-4.461	0.323860863113076
36.759	-7.1446	-0.57465	-1.645
35.043	-1.2339	-5.4064	0.197636475566394
36.334	-6.388	-0.29077	0.406776505379939
35.239	-3.0074	-0.11223	-1.12192930077327
33.832	-8.7472	-3.3011	0.620774349509987
29.377	1.7668	-0.97623	-0.972847999399653
36.531	-6.2769	-0.45093	0.341508409738889
35.735	-6.5504	-5.0381	0.778983874202334
36.185	-8.2947	-3.287	-0.131225737928766
30.382	1.5907	-0.49021	-1.35578340007901
36.292	-7.3381	-2.103	-1.61518229776796
30.558	0.84485	-0.90212	-1.20552646220652
