30.252	-10.709	-4.2735	1.645
37.784	-3.0457	-3.1938	0.321943133396083
35.233	-1.7225	-5.4094	1.18016454076131
36.304	-5.6636	-0.46282	-0.0159259754674365
34.958	-1.4558	-5.6443	-0.134233259339347
35.711	-7.1492	-0.48083	-1.07964956967998
35.577	-2.1617	-5.7207	0.333469256245253
30.384	-1.1125	-6.3906	-0.320694318407259
35.662	-6.8765	-0.14067	-0.717669926786358
37.208	-4.7836	-0.79393	-0.809920657751313
35.031	-0.73919	-5.3013	-1.05386055794052
30.639	-1.4277	-6.4224	1.10396982395576
30.396	1.5929	-2.7118	-0.55303421405927
37.36	-1.9229	-3.4248	-0.540135871698102
38.053	-4.9272	-3.8114	0.133253800619249
25.215	3.2448	-0.1568	1.12839210347537
37.946	-3.3618	-3.7233	0.554959205143824
36.345	-3.4584	-0.40195	-0.34265510268003
29.468	1.8323	-1.3242	-1.23292399709473
35.221	-8.5458	-1.1697	1.23138806657463
37.076	-4.767	-1.1442	-1.09960263530838
38.1	-6.0953	-1.2467	-0.419341261756385
37.421	-4.2265	-4.3602	1.49885066647583
37.609	-6.1563	-1.2378	-0.660953382947385
29.628	1.4832	-0.091737	-1.645
30.886	-9.9839	-3.954	1.645
36.237	-7.9567	-0.56517	-0.149606859877831
38.043	-6.8756	-1.8666	-1.645
37.508	-3.0489	-2.1855	0.00612702897088529
38.329	-4.7319	-3.6869	1.15727966561076
34.7	-1.2137	-5.6412	0.19984220184367
38.1	-3.8544	-2.0497	0.041538507445556
35.969	-7.2747	-0.90899	-0.545935079986319
27.088	0.10397	-6.6888	-0.441168698129154
37.973	-4.0567	-3.8317	0.915210390689274
27.649	-11.462	-3.5438	1.3713342347761
35.681	-8.7417	-2.8366	-0.110221529101531
27.506	2.6504	-0.70193	-1.2928920568958
29.352	-10.501	-3.6657	1.645
36.904	-6.9214	-1.6942	-0.183979557459617
35.473	-9.362	-2.7353	1.32214711633598
36.27	-3.1772	-4.7845	-1.14998750698611
28.019	-0.25125	-6.6692	-0.847409049505099
33.485	-9.167	-3.831	-0.10729042210738
34.236	-10.016	-2.8261	-0.744186702993656
33.449	-0.6842	-5.706	0.332264139048235
36.817	-3.992	-1.0023	-0.67242029146006
36.439	-2.5243	-2.1194	0.584222693727212
34.364	-0.084456	-4.3062	-0.253500286942817
35.596	-0.68966	-4.4515	-0.228072829915972
36.24	-2.3286	-1.4169	0.696786978107493
36.865	-7.6925	-1.6333	0.965467879688591
37.22	-6.5674	-1.1292	-0.356713456470178
37.897	-4.8967	-1.5729	-1.645
35.228	-2.001	-3.9949	0.0768116704711697
33.384	-0.71081	-6.05	1.06113890621296
36.605	-7.0821	-2.621	0.544759599490306
34.196	-9.5363	-3.2052	-0.0370035089626582
30.378	-9.9318	-4.0164	1.645
35.451	-2.0421	-5.2604	1.23589820180644
37.029	-6.5279	-1.0449	-0.184635295030422
36.22	-7.0306	-1.8249	-0.819160678276428
35.361	-7.6139	-0.68234	-1.56696574513055
37.68	-3.1829	-3.9933	-1.0472920436288
34.157	-1.6204	0.0068926	-0.934904954311803
37.485	-7.2194	-1.5734	-1.05629881561236
36.966	-5.8746	-2.2644	-0.461280154185378
36.318	-6.8931	-3.2431	1.28045372543272
34.278	-8.7974	-3.7387	0.0503638947097179
31.307	-10.824	-3.7747	1.645
37.731	-4.9146	-1.0312	-1.10514049567106
23.754	-11.761	-3.3614	-0.0252701171587505
36.647	-7.5774	-0.80506	-0.145215280308853
37.798	-6.4612	-2.1662	0.129816444872418
37.754	-3.583	-4.2792	0.719693591993785
35.975	-7.482	-0.79263	-0.904063745100132
37.505	-6.6685	-2.6847	-0.509685091163691
35.53	-1.198	-4.9193	0.601946889446414
37.23	-3.1353	-2.1204	0.837475444435821
36.382	-2.1964	-0.9519	-0.671411316447411
24.761	3.1961	0.59405	1.60748018549831
33.85	-8.5339	-4.1833	1.47953830630267
31.588	-10.845	-3.7152	1.08927236038403
34.348	-1.5875	-5.124	0.468202354265859
35.855	-8.5351	-4.1011	-0.0396220594803555
35.188	-7.5203	-0.50527	-1.50069350705443
29.408	-0.87213	-6.5897	1.58659879007887
29.318	-10.906	-4.083	1.18642489354733
36.734	-4.8522	-4.9762	0.943033382118542
36.425	-0.63911	-3.5397	-1.34201361779099
35.68	-4.0853	-5.459	-1.26439900727275
37.21	-7.0648	-0.9211	-1.47489254650006
35.97	-1.7404	-1.3486	0.149934016506974
36.73	-2.8421	-4.3338	-0.93454443245672
35.127	-8.9068	-3.2601	-0.0757876168508436
34.516	-1.442	0.39769	-1.06110974164486
26.621	-0.41676	-6.7491	-0.145083670911424
33.447	-0.099584	0.24688	-0.0385740332427008
35.417	-9.3933	-3.2228	-0.0469224802955751
37.061	-6.5184	-1.2337	-0.610099119969896
36.761	-4.0431	-2.5386	-0.612668874305333
36.51	-6.2637	-0.54518	-0.22661518317807
36.466	-7.3544	-0.70317	-1.04319844215033
28.861	-2.2487	0.5869	-0.370660588315676
37.211	-6.4572	-0.88182	0.154533124591917
37.444	-6.7964	-3.6172	-0.662144029375905
36.601	-7.2495	-1.0362	-0.503737718030753
27.931	-0.28496	-6.5634	0.0240019694756457
31.618	-10.13	-4.2517	1.32994249509602
36.223	-7.4272	-1.0084	-0.499449768890907
29.629	-10.882	-3.5421	1.645
29.947	-10.855	-3.69	1.645
37.298	-6.2867	-4.72	1.40435355886743
38.155	-4.6891	-2.4946	-1.645
29.457	-8.1844	-4.6495	1.645
37.961	-6.4367	-2.1714	0.031650361862985
24.995	-12.011	-3.4335	1.08295777057642
37.283	-5.6156	0.019012	0.0204154549463998
36.059	-5.4499	-1.2052	-0.00400554610016486
27.944	-0.12737	-6.92	1.645
33.895	-8.0079	0.42918	-1.645
34.547	-9.2514	-3.6529	0.664222993177966
27.474	2.3031	-0.87242	-0.449922667734442
36.897	-3.6054	-4.7352	0.257171981288258
34.858	-0.90232	-5.1763	1.04986920641625
27.282	1.8772	0.36123	-0.981508353576141
26.937	-11.434	-4.0353	1.17064479123786
34.051	-7.057	-4.9855	0.0787916903076358
36.385	-6.6891	-0.91737	-0.303821686573163
36.707	-6.8401	-1.3848	-1.06324825846282
36.43	-6.2279	-0.72841	-0.70950895034177
37.485	-6.1472	-1.8209	-1.20630982366505
37.336	-4.2892	-1.3951	-0.908738474811143
36.534	-2.8847	-3.859	-0.889802018505295
36.765	-2.6537	-0.90358	1.40096357911025
38.365	-5.7093	-3.163	-0.0750700795602459
26.795	-1.38	0.76789	-0.27245230970481
37.736	-7.0645	-2.0451	-0.716737094653535
27.947	-11.622	-3.3485	1.645
29.441	-2.4441	0.42788	-0.490324036310835
34.545	-0.57259	-5.36	-1.26808147985424
37.192	-7.2199	-0.97104	-0.130401757965732
35.643	-1.0173	-4.7475	0.548217889325151
29.467	-10.775	-3.9691	1.60623682478726
36.573	-8.3132	-1.1099	0.80761429131993
36.38	-6.6055	-0.06572	-0.028610837491061
36.872	-7.3054	-1.1125	0.837819819308343
31.012	0.82625	-1.0063	-1.50672223089147
33.073	-10.383	-3.0347	-0.4346139793616
33.721	-9.813	-3.1666	-0.708424746473318
36.514	-2.8311	-4.6458	-0.890158791281527
26.728	-2.4993	0.37058	-0.673933288590673
35.137	-7.474	-0.47603	-1.40112810599359
33.092	-2.3509	-0.10809	-1.10737942860486
30.162	1.0924	-0.59141	-1.645
35.653	-8.8056	-2.0148	0.810003265001217
37.55	-2.3992	-4.0514	-0.393944058905681
28.167	2.2203	-0.26485	-0.679330755046272
37.262	-7.6743	-2.5575	-0.710720598437647
28.68	-0.5989	-6.5866	-0.336010356366787
36.82	-6.8749	-0.3813	-1.32862316074272
37.969	-4.1044	-3.9668	1.15422504153937
27.04	-0.27364	-6.8262	-0.214070471287738
35.876	-2.8084	-4.9303	-0.948180574605959
36.613	-7.1136	-0.79163	-1.25146480980956
29.461	-1.419	0.7187	-0.64951959049678
33.343	-10.105	-3.3928	-0.896179143093973
35.407	-6.9301	-1.0617	-0.48458962914237
36.67	-6.252	-0.26205	-0.661073495072078
36.115	-6.9508	-0.31193	-0.676290897347701
30.193	1.2549	-0.92182	-1.645
36.741	-6.2321	-0.25214	-0.422781877142352
35.394	-6.7244	-4.8998	0.910600609458349
35.901	-7.5783	-1.5121	-1.645
36.212	-2.8864	-4.4424	-1.09428574339617
36.519	-6.8297	-1.8835	0.512914568207997
36.757	-4.3829	-1.9128	0.421093650891829
37.299	-4.6356	-4.2258	0.501059787759411
36.961	-6.9266	-1.1732	-0.772086798163994
35.464	-9.2253	-3.2972	0.423275968764132
35.372	-7.55	0.094466	-1.645
37.434	-3.8318	-1.858	-0.14985774932362
37.432	-2.5769	-3.2596	-0.738499164676687
35.832	-1.7551	-5.3572	0.410136977986289
34.841	-1.1825	-5.6789	0.509745446916685
35.748	-1.2876	-4.9432	0.141353543688354
37.279	-7.3662	-1.4602	-0.810035218211565
33.607	-1.7542	0.66326	-1.07682870272831
36.366	-7.7739	-1.273	0.62506838698022
29.524	1.8227	-0.21233	-1.645
24.281	-0.95431	1.6062	0.821785270373184
37.71	-3.7762	-3.6003	-0.686083067528356
37.127	-6.706	-1.4274	-0.691439804798027
37.568	-3.1113	-4.1591	-0.36154356477587
36.105	-7.3621	-0.27467	-0.857687227355693
36.68	-3.1089	-0.80076	0.0153899521999828
37.185	-5.435	-1.2468	0.261793589001244
35.352	-7.529	-3.7597	0.0432856028382053
37.144	-2.5994	-2.8073	0.759165224580755
36.629	-7.321	-0.79914	-1.30461711460892
29.709	-1.2098	-6.7267	0.658052154764879
28.639	-1.7463	0.11451	0.710866954514971
33.884	-9.4559	-2.2002	-0.615024253536352
29.769	-1.6298	0.65782	-0.416510134205783
37.081	-2.2684	-3.7777	-0.263581572439697
36.206	-7.2978	-1.6692	-0.989218979551415
25.402	-11.378	-4.1255	1.02204665936425
37.885	-6.1483	-4.0581	-0.920058674014127
31.038	-10.399	-3.8462	1.645
36.67	-6.0862	-0.60603	-0.461506743497991
34.412	-0.72442	-5.3799	-0.492480727386207
29.81	-10.35	-3.8864	1.645
33.106	-8.9881	-4.6548	1.645
29.473	-0.48085	-6.5681	1.5461285977238
35.74	-1.5646	-5.2828	0.412665294358801
37.574	-2.8168	-1.8882	0.660721545341038
32.89	0.72047	-2.1587	-0.802724412732224
36.778	-6.6332	-1.1096	-1.49252086224813
37.034	-3.681	-5.0419	0.077257802224584
27.479	-1.1421	0.8687	0.324836988112966
35.114	-8.5241	-4.0748	0.60225754224664
35.997	-3.0534	-4.6892	0.153911461941187
36.301	-1.469	-4.8456	0.761086800796271
33.033	0.14127	-0.89016	0.394401641173134
35.769	-1.0613	-4.7791	0.0796516877079048
24.668	-11.654	-3.2159	0.287173157674346
28.566	2.1575	-0.46418	-1.31129957782842
18.476	-11.922	-3.6567	-0.54456796477055
31.902	-10.188	-3.1425	1.645
35.592	-6.7005	-0.93449	0.182761228542766
34.055	0.053927	-3.4849	-0.444931929339466
29.642	-1.2463	-6.7948	0.602788145047606
37.359	-2.1066	-3.8716	-0.989731621142862
28.656	-0.89458	-6.9293	0.638329266073994
37.672	-6.7785	-0.78609	-0.534689025314034
35.668	-7.5501	-1.0858	-1.1201304696919
36.261	-6.8152	-1.5389	-0.847626617285566
36.834	-6.7319	-1.2722	-1.0863283016027
36.996	-7.5969	-1.0678	-0.0262686936963689
30.542	-6.0829	-5.3952	1.645
35.304	-0.72865	-1.7241	-0.326597034060759
32.167	-10.434	-3.3169	0.968025664595587
37.241	-6.6798	-1.5083	-0.919595085965756
37.692	-3.8642	-3.9815	0.831797971040646
36.295	-7.3641	-1.1927	0.23977344324685
36.177	-1.3727	-4.7834	-0.41013171478274
35.221	-1.4667	-5.6054	0.420675686039024
36.195	-3.0407	-2.149	1.645
20.821	-12.156	-3.2601	0.133686470799987
28.31	-11.059	-4.4058	1.645
37.112	-7.4161	-1.9881	-1.54720467905548
35.304	-6.792	-4.5462	1.645
31.554	1.5166	-0.70294	-1.645
35.332	-3.4379	0.25797	-0.18548330512782
33.492	-9.8817	-3.9009	1.645
37.411	-6.3305	-1.4893	0.831428896597628
35.78	-6.7263	-1.6317	-0.782827110359443
33.448	-0.77411	0.15523	-0.154157299726562
35.375	-5.2242	-0.81239	-0.700311536016631
33.301	-0.8584	-6.2191	1.34202437768674
33.996	-0.50546	-3.2843	-0.538423239023678
36.135	-7.0239	-0.50614	0.893282990532488
35.965	-2.0548	-5.2201	0.222063004055552
36.394	-6.1789	-1.2919	-0.168384310599767
37.406	-4.8724	-2.8986	0.248906091492447
36.04	-7.8278	-3.3901	-0.863255331142713
36.003	-7.4847	-0.98669	-1.34799140739644
37.505	-3.3844	-3.665	-0.840688946649026
38.095	-4.4114	-3.0289	-0.501990143174321
28.845	-0.3391	-6.3215	-0.810475050311474
31.873	1.1603	-1.4668	-0.435645535373568
37.224	-5.958	-1.089	0.482418050032963
37.745	-6.0125	-2.6235	1.645
32.761	-10.279	-3.5803	0.765997088939528
35.146	-6.8688	-1.1453	-1.53411762485814
22.237	-11.81	-3.5527	1.645
36.309	-1.0166	-2.6914	-0.332579668933306
32.789	-9.4975	-3.0511	0.810137210848473
38.051	-7.0224	-2.7249	0.17945675478587
37.117	-7.0294	-1.3152	-0.132430459304179
29.757	-0.67542	-6.5392	0.326765153796878
37.809	-6.3381	-1.42	-0.738050973825938
37.268	-4.9914	-0.25184	-0.639860650921669
37.709	-3.5095	-2.5169	-0.734580717044748
29.359	-1.6151	0.50232	-0.426877265308462
35.72	-8.5251	-3.5035	0.152506686729731
35.965	-1.3746	-5.0021	1.1111157185915
36.316	-4.3292	-0.2157	-0.614567331701034
32.677	-8.7274	-4.1685	0.0142310919208878
38.36	-5.3256	-2.9136	0.261585254188577
36.221	-7.3412	-4.4751	1.61861047525448
34.415	-6.8325	0.075148	-1.48127236519104
28.368	-0.59665	-6.7559	-0.0762525305457977
36.759	-3.5836	-0.81804	-0.401878595623248
34.095	-9.7839	-3.228	-0.114089357259252
37.368	-6.4768	-2.9922	-0.553987492938331
37.332	-7.2515	-3.8961	-0.296228189475754
35.258	-5.3219	-5.4431	1.645
36.321	-3.9637	-0.27042	-0.918308426243015
36.03	-6.7396	-2.2656	-1.4119822068372
36.297	-6.6218	-1.3064	-0.41993746086998
36.623	-2.2417	-4.4946	0.47892748450258
30.035	-10.734	-3.8263	1.645
36.66	-6.6386	-0.37036	-1.0817638536989
21.515	-0.27706	1.74	0.419887529460256
33.103	-10.306	-3.7632	0.303048931680725
36.952	-8.0395	-3.7747	0.686286286924282
22.571	-0.57713	1.5151	-0.718782722902716
37.393	-3.4946	-4.3244	0.145578321044738
29.076	-11.036	-4.0158	1.645
27.77	-11.555	-3.6482	1.53445352679405
37.578	-3.8494	-4.4812	0.158438403790843
37.42	-3.8425	-1.2864	-0.482652536934541
26.936	-1.6129	1.3973	0.059300966444538
36.112	-7.3194	-0.71772	-0.565044167680224
35.791	-7.0583	-0.31701	-0.936814571103697
30.4	-10.876	-4.4696	1.645
35.159	-1.6508	-5.7185	0.323199013360747
36.861	-1.5517	-4.234	-0.144436924274346
26.877	2.3493	0.26303	0.0490336290287081
20.474	-12.495	-3.206	0.313669208422867
27.177	-2.3797	0.14023	-0.137518558463354
37.496	-2.3662	-2.2257	0.359183281374764
34.893	-8.2576	-0.2879	-1.63864828204741
26.716	-11.636	-3.9302	1.57724327991676
34.889	-7.5416	-4.5362	-0.163371240248118
36.442	-8.308	-1.1302	0.231759004927043
35.773	-7.8802	-0.81617	-0.715381052028905
37.317	-6.8573	-3.3818	-0.00342223804026019
36.102	-3.0749	-5.1304	-0.708764947386481
37.105	-2.5589	-3.5756	0.289608119206351
25.809	-11.625	-3.7767	1.645
31.857	1.6245	-3.1076	0.245741003157597
26.788	-1.3344	0.7076	-0.381802245644827
37.049	-6.6954	-1.5441	-0.531520517099482
30.72	1.4517	-0.34053	-1.645
27.045	2.3681	0.63953	-0.607482879211644
20.617	-0.3175	1.6639	1.26829790058453
37.887	-5.396	-1.5637	0.380608289099153
37.858	-5.3791	-3.9756	-0.0792137645171634
37.652	-4.4151	-4.0434	0.611567018247549
29.685	-10.994	-2.7076	1.645
33.751	-10.254	-2.9882	-0.549513278086491
33.908	-0.57427	-1.1263	-0.180523224004991
36.426	-7.9875	-4.213	1.36511597151237
33.919	-7.0507	-5.0645	0.351304039743639
37.54	-3.8517	-4.3804	0.0520117630285257
35.577	-1.6453	-5.4049	0.300669751864278
38.032	-3.8433	-2.5224	-1.19284947193427
26.259	-0.18253	-7.0548	0.165426531422876
35.993	-7.0808	-1.3785	-0.462187358867731
34.187	-1.4715	-5.6999	0.441394741393798
38.371	-4.863	-2.051	-1.1689616420838
36.918	-7.5758	-1.5006	0.470301568380796
36.473	-1.6404	-4.767	-0.248597802070658
28.657	-0.49517	-6.6234	0.121687379506057
36.394	-7.593	-0.62675	-0.53518153106481
36.478	-7.1979	-2.0881	0.523432937449578
35.184	-9.2901	-3.1965	-0.300799549716871
33.753	-9.4761	-3.5559	0.107646947003
38.074	-4.3028	-2.4632	-1.03609065237568
36.292	-2.6554	-4.4174	-0.637877321401471
37.272	-6.8375	-1.1314	-0.384522812960541
33.715	-9.6432	-2.123	-0.9631522069127
35.237	-0.69076	-4.8874	-0.0167384113253566
24.414	-12.142	-3.2013	1.645
37.569	-6.5148	-1.4642	0.0316749207257944
36.96	-6.9343	-1.0159	-0.107334443856363
37.294	-1.9809	-3.4145	-0.144881692115845
37.737	-6.611	-1.2513	-0.625288388955736
37.08	-2.6979	-1.4846	0.529540639894814
37.508	-7.0244	-1.8393	1.09100466437906
37.038	-4.3294	-1.0892	-1.34450038317887
34.492	-7.3364	0.24994	-1.645
27.619	-11.723	-3.0238	1.645
37.109	-7.0105	-0.90472	-0.756236336131353
33.954	-0.85081	-5.874	0.53338167462719
25.499	-1.9116	0.89186	-0.49405516823546
33.203	-10.02	-3.7952	0.98186579800392
36.949	-4.5689	-2.2549	-1.38507671534503
38.43	-6.1105	-2.4777	1.645
36.281	-7.2612	-1.4428	-1.02024476544218
36.205	-2.6511	-0.80731	1.0065346091358
31.294	-7.8077	-4.7166	1.43165095466469
28.036	-0.32208	-6.6729	-0.771564207100622
37.033	-2.5461	-1.0928	0.0337962513699904
33.627	-10.262	-3.7998	-0.595940494905824
28.89	2.0927	-0.92713	-0.720895820005149
36.811	-6.4165	0.35144	-0.593556967033947
37.011	-5.9559	-0.4383	0.401533298409109
38.201	-3.9247	-2.182	-1.09186402507022
36.854	-3.5895	-4.6313	0.0841280259976633
37.373	-6.9962	-0.69014	-0.677324372627019
38.149	-5.5533	-1.2842	0.0414837016906312
36.144	-2.2189	-1.1147	-0.71381603770397
35.14	-0.37334	-2.7565	-0.449844389564374
36.902	-7.0363	-0.65284	-0.517643164418331
36.446	-6.3734	-4.8093	1.56669111206007
36.044	-8.7182	-2.4083	0.278636040498436
34.719	-9.8405	-3.3063	0.434231234034978
36.437	-3.6993	-4.3082	-0.552749011519399
34.532	-1.6199	-5.9276	0.646584395860225
24.371	-1.4143	1.2245	1.32463091140862
27.162	-11.286	-4.1317	1.47014784913318
35.233	-8.8871	-3.1131	-0.252410490403756
34.886	-6.2481	-5.5571	1.23742421730058
34.45	-9.2067	-3.1109	0.246454091483322
35.822	-6.391	-2.1782	0.0103253464490982
35.733	-1.9219	-0.14499	0.467269339207451
35.874	-8.6177	-1.8043	0.929019301676354
34.192	-8.3314	-3.5638	0.245170522843031
37.948	-6.3604	-1.6608	-0.933976021468932
35.228	-8.4952	-3.2171	0.19509418310953
34.806	-6.9562	-0.62806	-1.59995852869597
26.345	-1.1055	0.5634	-1.16279148977483
25.296	-0.72466	1.6146	-0.40953079310748
37.422	-3.4628	-2.3274	0.291698775153717
28.048	-11.488	-4.1721	1.53137094492139
37.105	-3.6061	-4.5524	0.334490643408139
36.419	-6.6899	-0.5559	-1.01837312890518
35.34	-2.5809	-4.242	-0.815922959990004
33.407	-9.7397	-3.9947	1.13129062835546
32.896	-9.6574	-3.1526	0.0546323422658961
36.359	-7.4549	-1.0004	-0.899932564784866
35.12	-1.2742	-2.8903	0.0077233179092094
37.498	-3.5547	-4.4466	-0.00236106867250834
36.054	-7.6498	-0.76852	-1.15391668830408
37.167	-6.6659	-1.13	-1.02433122222781
37.129	-4.2692	-2.0975	0.0399260137767633
36.978	-1.6567	-1.9199	-0.0732724171176763
29.606	1.5715	-0.54431	-1.53798618297262
33.643	-1.3637	-2.5897	-0.276315001173074
34.789	-7.3388	-0.54573	-1.10385388489242
28.725	1.7036	-0.72164	-1.02207910298986
24.712	2.8802	0.58317	0.799883852822985
36.593	-5.8661	-0.6886	0.463299980198936
36.284	-1.8405	-5.0251	0.0500025641994348
29.893	-1.3723	-6.5831	-0.125547785646988
36.546	-7.4554	-1.1895	-0.716997429363843
35.946	-6.5489	-1.2203	-0.32979223386037
36.537	-6.8783	-1.0337	-0.692550946205633
20.317	-12.541	-3.2969	0.0637839453634678
34.361	-1.276	-5.9627	0.533013719650048
37.923	-3.705	-3.5402	-0.047092153217104
37.259	-3.0075	-4.4835	-0.393096873222436
37.096	-3.0514	-4.6541	-0.745622311800451
34.849	-9.695	-3.414	0.406573508202378
38.398	-5.8134	-1.1318	-0.0666452291829039
24.003	0.13853	1.4663	-0.824713809538917
37.122	-3.4666	-4.8168	-0.595783769565343
36.732	-7.2218	-0.73825	-1.30487890637601
33.778	-8.1256	-0.58235	-1.5850756880531
31.849	-10.422	-3.1593	-0.0682801550720137
37.14	-3.9296	-2.3872	-1.41790759141492
36.72	-6.1892	-0.64828	-0.362481515661102
36.229	-7.0194	-0.57746	-0.125346203728846
31.782	-10.612	-2.5976	1.08494961966602
33.339	-3.0923	-1.8954	0.32742990576221
31.845	1.0033	-1.1008	-0.808585931249412
34.623	-7.9058	-0.21977	-1.645
36.82	-6.9642	-1.231	0.460131639358627
38.141	-4.2786	-2.7783	-1.645
36.231	-6.2373	-5.1256	1.645
36.289	-2.5821	-5.4333	-0.0987125432781372
37.38	-3.0814	-1.6637	1.20631643757839
35.425	-1.3523	-5.359	-0.0124324336491674
35.754	-8.7903	-3.0805	0.837728504059284
36.588	-2.8971	-0.65573	-0.61552375966994
28.461	0.98628	0.17033	-0.897018705024449
36.185	-1.9151	-5.1717	-0.766886595875664
36.577	-3.213	-5.146	-0.0568002511241889
36.786	-8.3038	-2.0017	-0.303520897607673
37.997	-4.8692	-1.9471	-1.52635320095689
37.103	-6.7509	-1.4273	-0.051953343822118
38.09	-4.6696	-3.7878	1.645
25.277	-1.3055	1.488	-0.650086882997657
36.099	-2.2894	-4.5739	-0.259082278344511
31.698	-1.481	-6.3148	-0.176342890866982
37.265	-6.8089	-1.3866	-0.179143352725287
32.951	-2.1329	0.73755	-0.726589454323206
35.127	-9.5065	-3.6642	0.54538766456962
36.16	-6.4134	-0.87063	-0.466030513864098
37.729	-4.9993	-4.3855	1.645
32.13	-10.432	-3.3767	0.287629616590164
37.573	-3.3045	-2.1576	0.00620160020402638
37.755	-3.5724	-3.9847	0.223699731272325
37.348	-6.6439	-1.5268	-0.942443233440592
37.925	-7.2268	-2.1791	-0.46375665464687
36.177	-1.8567	-5.0243	-0.126279620464101
37.795	-6.7263	-1.3088	-0.358314721450726
31.65	0.84958	-1.5053	0.292007425076232
36.07	-7.6448	-1.1824	-1.45447539460663
22.184	-12.39	-2.6067	0.790823583550583
30.247	-10.532	-3.9948	1.645
37.393	-6.592	-1.4972	-1.48970661343312
37.554	-2.4907	-3.7862	-0.056622283244533
37.201	-7.6178	-1.6684	-1.2706758571055
30.283	-1.7556	-6.5862	0.602757697582258
25.356	-12.145	-2.9767	0.679212185659614
35.172	-5.0249	-0.59907	0.0948489724601679
37.305	-7.1596	-1.4898	-0.728307152805448
35.947	-3.498	-4.6138	-1.21554907337154
33.207	-10.28	-2.8261	-0.440864581818725
28.016	2.2856	-0.45016	-0.390281412699223
22.195	-0.52443	1.9394	-0.33956194535906
35.802	-9.2502	-3.1529	0.399867383024664
36.956	-7.4289	-1.0991	1.31384366553985
38.171	-4.4907	-2.327	-1.60398915498562
36.092	-7.0394	-3.7643	-0.68227383459528
26.98	-11.301	-3.1408	1.645
35.669	-5.378	-5.4118	1.11102093423517
34.864	-0.4048	-2.0771	0.995544495906977
36.613	-7.0288	-0.34779	-1.44060418722753
31.329	-9.8618	-4.0712	1.645
36.769	-3.844	-5.1959	-0.951570240342762
30.827	-10.451	-4.0079	1.645
37.061	-7.7577	-3.156	1.02943342952179
34.483	-1.1037	-5.7561	-0.527706341892559
35.73	-7.9709	-0.66978	-0.76351524792544
26.612	-11.577	-3.6266	1.52030096937018
36.745	-7.1831	-2.3689	0.0984605401207187
31.359	1.2267	-0.79001	-0.769663266836704
34.084	-5.1555	-0.37926	-0.787960632559989
38.29	-5.6387	-2.4153	1.33160679708678
22.106	0.18732	1.8667	-0.372064440484936
35.735	-6.692	-0.29731	0.0837167664082878
17.095	-12.321	-2.8753	0.00623334554927444
36.501	-6.4825	-0.69156	-0.343302999677661
26.577	2.4753	-0.54886	-0.319033366613428
37.219	-2.0424	-2.5208	-0.00958738197195743
36.172	-0.92643	-4.2247	-0.710107611837037
37.095	-4.2397	-4.9509	0.956830927260705
33.674	-1.1195	0.1615	-0.401146735434676
36.517	-7.0275	-0.29672	-1.61032450959852
31.972	-10.291	-4.3015	1.645
37.138	-4.5323	-4.5154	1.4097147068845
32.883	-8.6579	-4.8132	1.10685264676095
33.946	0.48495	-2.0193	-0.757785600045116
33.226	-8.1007	-3.0252	-0.40953816174379
36.037	-8.4397	-2.6454	0.778030875217658
32.196	-1.6907	0.61627	-0.998543678145773
27.763	-0.19828	-6.7383	0.803930998228412
36.339	-6.8364	-0.98471	-1.25819604541958
32.65	-0.74971	-6.2361	0.873428544275331
36.261	-2.6379	-4.6789	-0.533134677566105
35.636	-9.2272	-3.3149	0.974200387987345
37.07	-2.1273	-3.4271	-0.730519770161245
36.04	-8.1498	-3.5092	0.146666897242751
37.255	-6.7602	-0.97143	-0.574497436164053
33.652	-9.6058	-2.9365	0.0323227994082596
35.983	-8.1255	-2.4158	0.860112834009402
34.944	-8.9841	-4.1297	-0.68168763208988
33.04	0.80558	-4.2231	-0.456754740675382
37.059	-7.1464	-0.47755	-1.645
35.629	-9.285	-3.1762	0.577212246829254
37.101	-2.5892	-4.5559	-0.869325662109286
33.365	0.518	-1.5642	-0.409961857832005
37.799	-3.4383	-3.9197	0.104412474356193
37.502	-6.2755	-1.1577	0.0168929831776522
37.352	-7.3788	-1.6396	0.0224599721836271
34.537	-0.89781	-0.21511	-0.3214191683535
34.933	-9.2861	-1.8374	1.645
34.882	-6.9392	-0.59267	-1.645
28.051	-11.463	-3.9954	1.645
38.583	-5.346	-2.3082	0.492209334945279
35.765	-2.3939	-5.2168	0.783853331089334
35.587	-2.51	-0.4416	-0.41825139244691
37.18	-7.2877	-2.0295	-1.19463437740006
36.955	-6.6936	-0.62468	-0.945553268134727
33.145	0.72644	-3.0346	-0.0453345977648252
36.358	-1.9963	-3.3979	-0.61496159129941
35.264	-7.1588	-0.50919	-1.645
34.658	-0.62976	-5.3143	-0.33849251986927
36.36	-2.2355	-0.98092	-0.462984539587624
36.834	-7.6649	-2.6837	1.645
21.132	-1.0722	1.3773	1.33847234122057
13.152	-11.939	-3.2046	0.179858557275758
36.426	-6.7145	-0.56541	-1.06912252016984
36.807	-6.8513	-1.4331	-1.05885810435491
36.444	-7.3508	-0.80357	-0.61830090302411
35.638	-1.1759	-3.9446	0.306677537629159
27.737	-11.284	-3.2202	1.645
36.113	-7.5229	-1.1566	-1.62734187271329
34.689	-0.28268	-3.6521	-0.776238241798427
37.379	-3.6702	-0.92475	-0.947612276182982
38.099	-4.1749	-2.0066	-1.55751057841982
38.276	-3.9029	-2.2387	0.144213557468325
35.502	-5.9782	-1.6541	-0.244983753615087
36.584	-6.9242	-0.77023	-1.44388877636516
35.672	-1.7917	-5.3377	0.186050356974353
36.752	-3.5477	-2.6273	-0.484471677424517
34.205	-9.6351	-2.6179	0.176589637207125
36.673	-7.7313	-1.7312	-0.621554928797955
34.93	-7.4385	0.28604	-1.62414841042857
36.492	-7.1408	-1.0361	-1.09907430086998
37.788	-4.174	-1.7582	-0.49782744930215
36.965	-3.0487	-1.9398	0.296414065086931
38.23	-4.9132	-3.4835	-0.221172499231159
36.663	-3.1631	-0.3802	-0.754655748841078
33.099	0.055081	-5.2592	0.42668683464107
31.239	-10.563	-3.4322	1.645
35.881	-1.4853	-5.1216	-0.0945432957337384
33.57	-8.7984	-2.8098	-0.77457849661291
37.128	-7.3755	-1.516	-1.28529777540377
33.552	-9.7298	-1.7604	-0.379300887056633
35.169	-9.4052	-2.0994	1.15564349631405
33.728	-7.5046	-4.2941	0.112957665081819
31.148	1.1191	-1.7657	-0.408688982442794
36.1	-5.7452	-0.9397	-0.474659237839494
14.2	-12.25	-2.7913	0.626512436428229
33.449	-0.70302	-0.86649	0.764770132348952
36.735	-2.0513	-4.5974	-0.867195685149109
37.97	-6.9158	-1.8538	-0.562432639866025
37.271	-6.6982	-1.6293	-0.325789537777023
36.379	-3.7123	-1.4074	-0.113453020939504
24.282	-11.844	-3.4144	0.207239328463637
36.613	-3.0796	-0.94265	0.13236683538073
35.771	-6.6465	-1.0204	0.030886137101429
29.6	1.593	-1.8446	-0.920119385461642
37.883	-2.6633	-2.9858	0.110682995362374
31.258	-10.897	-3.3516	1.645
28.835	-0.9672	-6.622	0.0766443779933815
26.632	-11.363	-3.9523	1.16323331272821
34.045	-9.3825	-2.7884	-0.271967443240238
36.668	-5.7643	-0.36006	0.807895883938872
33.156	0.051677	-0.95287	0.588816507663182
33.764	-0.71277	-5.7633	1.645
35.295	-7.3557	-2.6164	-0.230624701222971
34.803	-7.3818	-0.18694	-1.645
34.462	-9.6263	-2.7398	0.375680171336303
35.186	-7.3743	-0.73991	-1.645
36.568	-6.7341	-0.43936	-1.0796297241272
37.311	-7.1319	-2.484	-0.192720175304572
24.603	3.0977	0.72789	0.743034483573316
30.903	0.73487	-0.78254	-1.58291796706003
36.998	-6.8792	-0.55387	-1.55036569505232
33.493	-0.10664	-5.5756	0.228868821321039
38.411	-5.9434	-2.5654	1.645
23.875	-11.581	-3.7265	-0.227552174911707
31.882	0.099737	0.85538	-1.28804448019794
31.935	-9.6442	-3.1092	1.00584729578707
26.959	-11.641	-3.4896	1.43620115803083
27.536	2.4938	-0.31686	-0.737775158180264
37.244	-6.5933	-1.2809	0.29416822739338
29.127	1.8274	-0.60295	-1.35886747192468
37.126	-1.7498	-4.0023	-0.675316176845532
37.964	-6.7002	-1.5893	-0.668371863847975
29.648	-0.84476	0.71673	0.0432867738090151
37.316	-6.1483	-0.43037	-0.374148024121776
37.077	-7.9142	-1.4075	-0.401281574488591
33.288	-0.28058	-5.9272	-0.121646810316512
35.647	-8.0758	-4.3618	-0.508001669793594
36.307	-7.1819	-0.72469	-0.717509896607777
37.012	-7.3768	-2.6185	0.198303370557824
29.6	-10.915	-3.8914	1.645
37.241	-3.7254	-1.2785	-1.17193001410245
36.381	-6.3235	-0.97449	-0.502220848034047
38.228	-5.9979	-2.4075	1.03754767889829
29.683	2.3099	-1.5653	-1.15528200203808
36.092	-3.3609	-0.37577	-1.24727277787625
36.459	-2.2777	-4.9212	-0.532582954707546
26.628	-11.465	-3.5706	1.645
37.597	-4.7139	-4.268	0.829766495563038
37.638	-2.9456	-1.7393	-0.0481925081774749
36.825	-5.2081	-2.5948	1.26948234329412
37.001	-3.1956	-1.9825	-0.349451490272445
35.376	-7.6203	-0.86273	-1.32546057002041
29.737	-10.997	-3.7093	0.904924422336875
36.646	-6.9621	-4.4572	1.645
35.599	-6.7579	-0.15719	0.20432306571117
31.82	-1.1205	-6.6025	0.251571897059438
36.406	-3.0178	-1.5552	0.544772841300833
33.897	-9.3231	-3.4479	-0.400176078113636
32.105	-1.7627	-0.10838	-1.01729093479478
36.277	-7.249	-0.71106	-0.42347360342652
36.737	-5.862	-0.77037	-0.245071415942145
36.388	-6.8777	-0.40505	-0.632447713200196
37.261	-2.7718	-4.19	0.0487942513459366
31.621	1.471	-2.1952	-0.31487889131574
37.684	-3.9188	-3.9944	0.464062185149861
24.924	3.2424	0.63254	0.864092050168323
35.866	-3.3966	-1.9231	0.420674477637883
27.767	2.2237	-0.43318	-0.755139539214277
35.011	-9.3326	-3.6961	0.412161607588082
36.754	-3.0007	-4.6999	-1.05550135186176
28.246	-11.364	-3.9274	1.48896358852898
28.058	-0.40419	-6.5521	0.162444996609698
36.427	-6.7942	-0.72939	-1.19866645247567
38.176	-3.9397	-2.3623	-1.32629789708051
31.848	-10.514	-3.7276	1.23848905039188
32.421	-9.9028	-3.8736	1.15643255665302
37.445	-4.4388	-3.7318	1.06233294118452
35.951	-1.7764	-5.2628	0.290943118094094
35.052	-2.3438	-0.25459	-0.158723083290071
37.046	-6.6266	-1.4054	0.217603894096431
35.805	-0.27107	-3.7675	0.578137666920203
37.018	-2.1404	-3.4635	0.435792233578352
29.485	-11.04	-4.0291	1.645
34.963	-0.91573	-4.2992	-1.05940470173486
35	-8.9277	-3.0689	0.542259903135275
37.03	-6.9054	-0.89318	-0.304564956727719
36.998	-6.6701	-0.68066	-0.647240850713704
28.959	-10.732	-3.9835	1.645
28.796	2.6423	-1.0447	0.201740052179406
35.607	-1.8209	-5.5017	0.288410304063974
29.049	2.1374	-1.2587	-0.807991347981211
36.564	-7.3469	-0.8169	-1.12006278561421
37.58	-5.6603	-2.0723	1.645
31.865	0.77388	-1.3397	-0.390065997184904
29.143	-1.0016	-6.5471	0.234787234556793
27.258	0.22043	-6.3336	-0.054395754836515
35.159	-8.7272	-4.1003	0.649065647091434
35.815	-7.8946	-0.37288	-1.25011015598034
37.493	-3.1652	-4.0554	0.441885538244911
36.963	-3.5361	-2.5995	0.369082601287537
37.393	-5.8686	-0.98026	-0.271998767091788
37.813	-3.2192	-2.0258	0.0619480206013556
37.005	-7.4155	-1.2923	0.0063314405945428
36.678	-7.6703	-1.4146	0.529896232089555
36.409	-6.576	-1.957	-1.01906422698157
36.077	-2.6253	-4.9514	-0.124064139083466
36.243	-3.5794	-0.21717	-1.34856501628466
36.026	-6.626	-0.1023	0.12349872497442
36.241	-3.1487	-1.2023	-0.0331894311791918
26.151	2.5267	-0.32816	-0.824340834053546
37.961	-4.5137	-3.6152	0.532449378954042
34.751	-2.076	-4.7894	-0.681355986790552
35.408	-1.3801	-5.2085	0.930218339878434
31.983	-8.192	0.43924	-1.645
37.348	-4.3808	-3.4643	-0.844194655912507
25.224	-11.867	-3.7074	1.645
29.185	-1.0694	-6.7569	0.109704043346396
34.119	-1.5572	-3.3554	-0.184591831243642
35.665	-1.1446	-3.4708	-0.781270881470935
37.853	-6.0901	-2.2477	1.18912738172744
36.103	-2.9022	-4.7952	-0.897019247784985
36.835	-3.5596	-0.94827	0.0096867538795289
36.17	-7.445	-0.85062	-1.21067231410897
26.906	2.3831	-0.26394	-0.306671619989852
36.06	-7.5642	-0.4854	-1.29301815072437
37.14	-4.964	-4.1295	0.756557590029181
36.254	-2.536	-4.605	-0.847653237368623
37.401	-2.788	-4.0256	0.405960440989411
36.424	-7.281	-0.91605	-0.578658345471847
35.811	-7.1054	-0.26252	-0.0984333911177221
35.131	-7.9391	-1.5386	-1.36839508187549
36.196	-2.2167	-5.2777	0.438794056090634
35.143	-3.4181	-0.3143	-0.565081393020932
35.111	-2.7285	-5.6907	-0.248855368461403
38.008	-3.2008	-3.5752	-0.692757179272144
35.136	-0.6424	-1.0237	-0.368971279773956
35.689	-6.7757	-2.8578	-0.546538581599514
29.713	-1.3836	0.57155	-0.49743616525675
30.906	-10.083	-3.4443	1.645
34.883	-4.4287	-1.5223	0.318230100019268
38.086	-4.8205	-3.8928	0.68333151501873
37.501	-3.63	-3.2459	-0.100900166571364
35.843	-6.6108	-1.5401	-0.323085877313965
31.505	-10.677	-3.5357	1.41072223204146
37.16	-6.6232	-0.7396	-0.638602462586373
36.42	-7.2465	-0.79641	-0.658418424365821
31.917	-9.7447	-4.6294	1.645
37.031	-6.9763	-1.0374	-0.506425332166734
38.265	-5.2641	-1.6418	-0.192887251540878
37.023	-7.7618	-3.0738	1.10705277264451
35.848	-8.0086	-0.74692	-0.935992033225119
37.359	-3.4721	-4.3656	-0.423370526841453
37.919	-4.1884	-3.3612	0.154810144497424
31.151	-10.386	-3.707	1.645
37.056	-2.086	-4.1943	-0.282313511889505
38.006	-4.5622	-1.6132	-1.5892341323261
36.625	-3.1859	-5.035	-0.838668602711358
22.994	0.17768	1.5887	-1.03260509572972
37.974	-3.5713	-2.2629	-0.518142378619621
35.991	-7.1105	-0.27884	-0.975930683198203
34.046	-7.7115	-0.99998	-1.645
28.049	-10.987	-4.007	1.645
24.626	2.8702	0.65734	0.382299547743078
35.883	-6.8386	-4.8344	1.645
36.537	-6.301	-1.1695	-0.431207096106266
36.684	-6.916	-0.54257	-1.57626398353276
36.131	-6.7703	-0.6249	0.0409737816189757
36.721	-7.1728	-1.6014	-0.112583151120126
36.291	-3.2826	-5.4975	-1.61370258401584
37.998	-6.5588	-1.1578	-1.55596722097708
37.407	-3.279	-1.2402	0.390173717820515
34.719	-0.76652	-0.38087	0.692024708497882
24.667	-11.97	-3.4268	0.759078295523953
36.562	-7.8558	-2.4601	0.621738590410662
34.523	-6.4037	-5.2684	-0.110087226031201
36.344	-2.7243	-5.0541	-0.540784599112122
28.704	-1.2358	0.73461	-0.588012265032685
35.112	-8.381	-1.5627	-0.42224014956691
36.561	-8.08	-2.507	1.645
29.101	1.8205	-1.2912	-0.298635311335094
35.878	-8.1252	-1.6888	-0.33017073611424
33.057	0.84632	-2.7147	-0.13947718571021
33.546	-0.34527	-5.445	-0.456353376183063
31.882	-0.57295	-5.8092	0.370342792588971
24.91	-11.954	-3.5912	1.33547337660249
38.382	-5.4187	-2.2298	-0.47988276269559
35.342	-0.84757	-4.9727	-0.294247140342981
34.619	-5.6944	-5.4814	0.971384983000877
36.436	-7.5013	-0.96146	-0.129024716934208
37.02	-3.3083	-1.0167	-0.399731070376628
34.806	-8.8901	-2.973	0.101424191089239
34.347	-0.98887	-5.2431	0.237339004949651
32.922	-10.36	-3.0592	-0.0749125150005654
37.436	-2.0099	-3.387	0.226038126303886
27.802	-0.52154	-6.6001	-0.156433689881788
36.324	-7.7981	-3.4379	0.809370767734825
33.436	-1.2899	-6.2745	0.729543630981692
33.177	-9.7487	-2.9992	0.0691052226783135
27.274	2.4161	-0.10539	-0.384634642148055
25.93	-1.2025	0.87789	-1.17228277410925
36.272	-2.8487	-4.1937	-0.376054618218426
37.157	-2.2965	-4.1908	0.348529687270252
30.682	1.0168	-1.2092	-1.23582153029735
34.541	-2.8555	-1.6681	-0.15854098653423
33.291	0.40457	-1.8331	-0.437351769682868
37.406	-4.0066	-3.9598	0.560174048323029
24.997	-0.66669	1.1359	-0.376574466376777
36.12	-6.4143	-1.0835	-0.60014567826505
34.659	-1.9863	-5.9829	0.729843650362572
36.488	-7.3251	-2.3262	-0.285361481583738
27.032	-11.414	-3.9168	1.32485138478951
33.231	0.16905	-5.6528	0.917142851556027
35.542	-6.5946	-1.1652	-0.941413071124253
36.53	-7.222	-1.5122	-0.966001872105752
35.769	-1.7993	-5.2612	-0.295500884770477
35.546	-8.9878	-2.0374	0.13809785757123
36.791	-7.3313	-1.4707	1.0897711688698
29.891	1.399	-0.59674	-1.645
35.835	-5.3318	-5.5868	0.5476175006219
28.257	-0.68969	-6.8239	0.35687468577469
37.377	-6.8635	-1.8859	-0.676676475583947
27.464	-11.751	-2.8039	1.645
28.168	-0.41404	-6.7192	0.0265296785750426
37.75	-4.869	-1.3026	-0.977543146356159
35.944	-7.7459	-1.3209	-0.397866751233326
38.082	-5.3314	-2.1137	1.32737785311752
33.007	0.29962	-0.29684	-0.841646764506617
38.541	-5.8464	-3.3132	-0.394860519642962
36.802	-7.1285	-0.91854	-0.83995069519569
37.28	-2.8613	-4.4514	-0.443066002304363
27.788	-0.7983	-6.5807	-0.301109698631779
29.504	-10.993	-3.853	0.948127639886763
30.43	-10.246	-3.9492	1.645
35.675	-7.1694	-0.86933	-0.581290192006747
37.326	-5.6839	-4.4112	0.728021983837022
36.829	-3.054	-4.6771	-0.967758634379291
37.127	-7.6054	-3.972	1.02657674352074
32.465	0.75286	-1.4389	-0.297454769344159
33.046	-8.5364	-0.65937	-0.290623203251879
32.73	-10.178	-2.8586	0.583473121681737
34.579	-9.3204	-3.3467	0.495345696251651
33.708	-1.6614	0.33322	-1.4671808670477
37.264	-6.7331	-1.3042	-0.126704697645233
33.378	-9.128	-3.986	1.645
36.682	-6.2436	-0.22291	-0.632254561481255
30.821	-10.162	-3.2975	1.34137812025004
36.51	-8.369	-3.6788	0.195196426097931
24.884	-12.03	-3.7199	1.1628048963739
35.633	-2.7754	-0.42644	0.0845240562076982
36.718	-6.6751	-0.98773	0.664147852040789
35.556	-2.9167	-0.96308	-0.220717627709285
27.416	-11.642	-3.608	1.64485438839511
35.042	-7.5012	-4.9165	0.200291006086819
37.034	-2.7736	-2.7544	0.577415418314956
37.879	-3.3745	-3.9897	-0.131425512242089
28.693	1.9418	-0.84665	0.238023588175803
36.863	-4.6665	-0.57369	-1.57846965063106
37.196	-2.9731	-1.8959	1.04386957633701
28.874	-11.12	-4.0281	1.63513964437574
37.449	-6.7361	-1.3597	-0.727383799313259
35.503	-6.2815	0.51715	-0.495242180771538
24.869	-11.715	-3.337	0.230481558290136
37.136	-6.9179	-0.88602	-1.12144821735792
37.548	-3.7864	-2.5541	-0.505875397463535
36.034	-7.4432	-0.97491	-1.34678284825289
37.937	-4.7004	-4.0766	0.347376690510269
35.013	-1.0942	-0.74452	-0.182165244897619
37.172	-5.7699	-2.3884	1.645
37.69	-2.9721	-2.3396	0.138684442037693
36.99	-7.0988	-1.0916	-0.498346941065695
32.325	-6.7771	-5.2843	-0.0562251745727636
36.596	-8.2474	-2.108	1.04643813764605
34.624	-9.1756	-3.8766	0.0135416898117967
36.626	-3.6918	-0.73483	-0.922600709283199
36.301	-7.5684	-2.2311	0.971010118652418
35.615	-2.2489	-4.7724	0.268768098683102
37.742	-5.3859	-2.9074	0.750205411566259
36.329	-1.779	-4.8389	-0.00759326151916871
33.853	-7.9412	-4.2012	0.677800876616314
36.495	-7.6701	-0.95526	0.677872175270243
32.664	-10.854	-2.59	-0.70368920115993
34.45	-0.82641	-5.3395	0.148931521016856
31.683	-1.2044	1.0754	-1.16677082777598
36.139	-7.2369	-0.64364	-1.15648275870021
37.14	-3.0531	-2.5682	0.713261757281505
37.645	-3.0373	-2.7639	0.656322909204242
33.42	-1.847	-0.09335	-1.20023341673416
25.808	2.4843	0.20229	-0.759063072521361
36.558	-3.477	-0.7264	-0.993444160050706
37.076	-2.1343	-2.4981	0.731192479452431
37.295	-3.7665	-1.2328	-1.645
36.868	-7.3659	-3.4925	1.27285419446635
25.14	-11.017	-4.1427	0.0831631694304584
37.662	-2.5526	-3.9957	-0.229853570329765
37.251	-3.3098	-4.4526	-0.310873899839166
38.169	-4.0381	-2.3338	-1.15468088580491
32.388	-10.109	-3.1943	-0.315808464029419
34.469	-3.1586	0.16337	-1.59483521125832
36.915	-7.9132	-1.4713	-0.371187654746393
28.759	-11.084	-4.2342	1.645
29.454	-1.0348	-6.7118	0.472664025349926
36.981	-6.4968	-1.3048	-0.82143795450379
23.9	3.4724	0.17699	-0.69528974445611
36.503	-3.0435	-4.7703	-0.295523605012292
31.809	-9.8667	-4.0254	0.538782759590869
36.414	-2.6558	-5.1461	0.030579273620575
37.586	-5.8647	-1.1041	-0.660647295711126
35.487	-7.1229	-0.32773	-0.998509975321446
27.695	2.5926	-0.75992	-0.611410047583634
36.496	-7.1131	-0.84695	0.120762236021001
36.57	-1.9504	-4.6956	-0.235792869689437
37.89	-3.3009	-2.8666	0.216648893949691
35.773	-3.3263	-5.1052	-0.693242917602014
36.89	-5.1349	-4.9182	-0.591148574721741
36.339	-7.668	-3.0652	-0.113245332061223
37.425	-4.7946	-3.5831	-0.061416903717666
36.89	-7.2192	-1.1222	0.092262835392164
36.973	-4.4217	-0.99545	-0.583972879343718
18.117	-12.427	-2.7497	-0.00352901041086719
28.914	1.9943	-0.15523	-1.20460518162721
35.884	-6.3224	-0.51641	-0.846519026426115
22.895	-11.764	-3.655	0.704200107508051
29.674	1.9213	-1.1953	-1.16732794440861
34.349	-1.3018	-5.8695	0.421853517763507
33.373	-6.1595	-5.613	0.536773445723433
36.107	-8.3833	-3.8955	0.0899532000992463
33.708	-6.1344	-5.2625	1.30896298589281
25.941	-0.49807	1.7601	-0.345341224310228
24.148	-11.976	-3.5319	0.666917594500294
35.762	-2.4738	-4.9674	-0.447596335743998
34.387	-0.70831	-5.5504	-0.358634738603278
37.663	-3.1052	-2.6371	0.0576179526215563
37.474	-3.0541	-2.0965	0.500013088424674
33.383	-10.034	-3.4276	-0.303526440678867
28.812	1.5111	-0.18542	-1.01207911330674
36.922	-5.6457	-4.9601	0.00521123779051508
37.488	-6.6095	-1.1444	-1.06041815511224
28.073	-11.668	-3.1194	1.645
36.91	-3.242	-1.1441	0.248948440120863
36.175	-7.537	-1.5303	-0.356934394975186
36.358	-0.97953	-2.8211	-0.638939495792395
36.017	-3.9337	-0.15164	-1.13641677162157
38.576	-4.8825	-2.3728	-0.581114851731777
37.872	-5.7018	-1.026	-0.57885329031023
36.697	-2.4607	-4.6981	-0.403025241832189
36.349	-7.9935	-1.5244	0.879371596679755
37.175	-3.326	-4.0231	-0.355688902548928
36.928	-3.1836	-4.6119	-0.87611729083228
37.756	-7.1614	-3.4233	1.11685118627743
37.301	-2.9975	-4.1287	0.286439463805599
30.193	1.1488	-0.66419	-1.645
28.46	2.2846	-2.1237	-0.556208937221476
24.401	-1.0807	0.94528	0.25488849232211
27.402	2.3625	-0.79184	-0.670814334523238
37.872	-6.6212	-3.506	-0.152681840028901
29.53	-11.489	-3.1516	1.645
27.857	-1.7479	0.28644	-0.426281553836588
35.484	-8.9282	-1.9391	1.03189717645809
27.673	-11.413	-4.0307	1.645
36.204	-0.51726	-2.602	-0.530381396826321
28.13	-0.42296	-6.6429	0.0873637497190504
29.047	-11.285	-3.5116	1.645
37.948	-3.335	-3.8358	-0.492405403010546
36.671	-6.1766	-4.2952	0.945827886394421
36.841	-6.0594	-5.141	1.28636242010661
36.965	-4.6772	-4.0313	0.122538346993753
36.056	-7.7506	-4.4819	1.645
33.524	-0.99915	-6.1235	-0.36548078187452
35.209	-2.4738	-5.3197	1.645
27.447	-11.476	-3.9333	1.645
36.676	-4.9225	-0.54227	-0.0451822528521179
36.187	-1.3059	-1.2429	0.0302277452192413
29.373	-1.8565	0.38733	-0.758167211642457
29.141	-10.738	-4.3405	1.645
37.819	-3.8939	-4.081	0.591513332718546
35.461	-6.7856	0.21	-0.468675261505704
33.537	-8.6364	-4.1537	0.32968198198911
35.576	-2.7145	-1.1661	0.756795011958891
36.729	-7.5145	-3.1312	-0.00865264338615158
36.088	-6.6977	-0.52185	-0.683589915728508
32.739	0.91199	-2.6954	-0.10110174344138
37.836	-4.3579	-3.3202	-0.581784011879939
36.018	-6.3323	-1.1371	-0.498592076917473
37.469	-3.0494	-4.2007	-0.570294355644085
35.606	-2.0846	-5.5897	-0.0480029633133139
35.933	-6.8829	-0.44488	0.140148932591469
35.493	-9.2462	-3.3582	0.557872541978603
37.53	-4.251	-3.1865	-1.14996127971837
30.092	-11.065	-3.1338	1.10607026843676
32.99	-8.9546	-0.21807	-0.371855929915945
37.519	-7.3869	-2.6661	0.965390816479409
37.079	-6.2808	-0.77346	0.705098025714022
36.022	-6.828	-0.57731	-0.276490804496231
37.918	-7.0786	-3.0856	0.853149132857149
28.343	-11.733	-3.5872	1.645
37.494	-5.8069	-1.0089	-0.0363888109500645
34.273	-0.69818	-5.6839	0.152129219556146
26.188	-1.2389	0.73822	-0.992626517062164
29.477	-10.678	-4.2809	1.645
29.977	-11.456	-3.3584	1.645
36.939	-3.7073	-4.6069	-0.0304482736767607
37.59	-3.4846	-3.6459	0.685590479195056
28.11	-1.8263	0.47221	0.692800637043552
35.99	-2.0913	-5.2288	0.625723434425894
31.074	0.26967	-6.3372	0.258610486189964
37.27	-6.4269	-1.0324	0.757979173939347
34.091	-7.9047	-4.067	0.00583966013080327
36.52	-7.3394	-3.0192	0.0312429296663512
37.4	-6.6576	-3.761	-0.742720644545428
29.113	-0.98121	-6.9442	0.281128340080829
37.029	-4.7412	-3.0954	-0.312865176897669
33.037	0.75239	-2.4438	0.00696640678074784
22.655	-11.631	-3.7513	-0.0062467755711141
37.766	-3.2181	-1.9562	0.0607422352173421
37.838	-3.7151	-3.567	0.39752940258277
37.285	-3.4399	-4.4883	0.0807558902719431
27.184	-1.4529	0.40133	-0.549737786322029
38.26	-5.4613	-2.6107	0.455691066509827
35.989	-1.6761	-5.1643	-0.404434273107857
37.247	-5.6924	-4.4819	1.40725348622946
34.351	-9.3416	-4.3517	1.50676671942912
32.942	-10.187	-3.8424	1.21534015314312
36.258	-3.1272	-2.1291	0.753791756152409
37.522	-6.8014	-1.605	-1.32417477050909
34.875	-7.5634	-0.67985	-1.645
36.805	-6.8704	-0.46855	-1.645
36.438	-5.6209	-1.0791	0.409524066436436
36.039	-7.5015	-0.37316	-0.731923070661556
35.992	-6.343	-0.027214	0.339339029170402
38.018	-4.0021	-3.4175	-0.335093481337069
36.085	-8.2433	-1.0166	0.98730431059206
38.197	-3.1683	-2.8039	-0.0648244781149698
37.221	-6.2661	-0.70586	0.0673495327468215
24.495	-0.80438	1.506	0.0790211592303987
19.894	-12.408	-3.0023	-0.284592840207091
32.857	-1.747	1.0811	-1.04081823213563
38.182	-4.7359	-4.0348	1.645
32.564	-8.7826	-4.3392	0.765541281455421
33.424	-10.297	-2.9498	-0.786669812227285
37.001	-1.8216	-3.9956	-0.216603753482285
32.612	-9.982	-3.3678	0.321664341751203
26.104	2.9775	0.38525	-0.625199868955297
35.856	-6.2175	-4.9262	1.26397908784501
34.29	-0.70505	-5.4116	-0.0333817853129881
35.119	-8.7121	-3.9509	-0.107560324200915
32.294	1.3388	-1.5872	-0.0961031605606183
26.933	2.2884	0.38868	0.564986811709538
27.989	0.13398	0.8053	-0.606588961219022
37.348	-6.549	-3.1685	0.909615744892719
34.481	-0.83471	-4.8208	-0.745124187408068
36.976	-6.7599	-1.9741	0.436710401973813
36.879	-7.3031	-1.1171	0.613192677918881
37.988	-3.183	-3.7179	-0.696987799828587
37.929	-6.679	-1.6821	-1.02038565031137
35.328	-8.9384	-1.7754	1.36775978261751
34.271	-9.6149	-3.6763	0.292979685745197
33.023	-9.9253	-4.2566	1.21479745463736
36.927	-6.6277	-0.54409	-0.488317302069486
37.587	-7.0356	-2.9008	0.581319054193338
36.719	-7.5573	-3.667	0.939701737107184
37.13	-6.6506	-0.87502	-0.281208584272785
33.331	-10.091	-3.2853	-0.630029450521637
36.513	-6.807	-1.1852	-0.285999592384238
28.452	-0.64826	-6.6807	0.480180259449587
35.608	-8.7425	-3.6319	0.27243469737191
36.084	-6.9266	-1.1155	-0.919037719069802
34.803	-1.1978	-5.5854	-0.808308145954854
30.623	-10.628	-2.3359	1.53473712236791
34.746	-0.83355	-5.3832	-0.411126721426722
37.674	-6.0117	-3.9316	0.251355523780544
35.239	-7.2057	-0.80222	-1.645
30.909	-10.532	-3.6165	1.645
34.081	-0.19025	-0.19369	0.24444105915288
36.16	-6.2388	-4.6065	1.645
34.061	-9.7107	-2.6267	-0.448672729699904
28.401	-0.6673	-6.6758	0.698359058610782
34.108	-1.3907	0.43458	-0.653201060340121
36.911	-4.0324	-0.88935	-0.714416665697146
36.133	-7.4211	-1.9201	-1.6249947371514
35.653	-7.9359	-0.91161	-0.683337493462652
27.563	-1.7829	0.9933	0.40936746070341
35.686	-6.1698	-4.8122	1.15712740833358
35.599	-6.05	-5.0311	0.754713536328644
33.647	-9.5361	-2.9473	0.363233338040367
37.439	-7.1052	-1.3532	-0.677101962651495
23.069	-0.86413	1.3787	-0.247065474705355
37.717	-5.9636	-3.8253	-0.299308701315888
37.26	-1.8777	-3.7953	0.329598329686496
37.331	-2.3602	-3.1346	0.57147711402224
29.747	1.7848	-0.64182	-1.645
31.26	-1.5383	-6.2118	1.05473029372091
28.79	-0.60836	-6.4231	-0.821725724198076
28.577	-1.9917	0.59004	-0.615902635801407
36.944	-6.5048	0.15745	-0.816797444418877
27.399	1.8644	0.060854	-1.48645926835818
34.571	-8.8569	-2.5749	0.552658009052757
37.024	-6.2246	-3.3113	1.03162587269515
37.905	-5.2701	-3.6581	0.802862516848861
37.467	-3.1874	-2.2578	0.367544474831872
35.937	-7.7764	-1.2843	-0.9761283289943
37.269	-6.4643	-1.3187	0.20329056436209
35.22	-2.8647	-5.4605	-0.157570132176827
36.327	-3.639	-5.216	-0.668902622986499
37.298	-5.8161	-0.65225	0.410230734133628
37.658	-4.6228	-3.5033	1.645
33.532	-9.5404	-3.8361	0.518292235454536
38.11	-4.4154	-1.7878	-1.15908351879478
33.965	0.34185	-2.8306	-0.344138857889764
18.681	-11.853	-3.5342	-0.670082515789645
37.578	-6.9156	-1.9975	-0.897895070001158
22.178	3.5218	0.97528	0.219004019495215
34.324	-1.491	-0.028499	-1.13992754684238
27.877	-10.224	-4.2064	1.645
35.796	-7.3764	-0.93857	-1.31611304813424
36.21	-7.1793	-0.91817	-0.914300040686565
33.756	0.78472	-3.7174	-1.4714367886725
34.832	-1.3266	-5.3939	0.120718399583159
36.693	-6.5135	-1.0092	-0.634419130681121
37.262	-3.681	-4.3805	0.175067648954435
37.664	-2.5775	-2.7475	-0.117125918514371
33.114	-0.44001	-5.9828	0.104140525459126
35.83	-8.0329	-0.94709	-0.700856201897301
37.168	-2.8936	-4.4433	-0.588977315661586
37.252	-3.2123	-4.5515	0.0624755341235225
37.485	-6.3438	-1.5371	0.00964678723155273
36.79	-1.1179	-1.9369	-1.28061548299114
36.986	-3.4192	-4.8641	-1.1565994163202
28.187	-2.0153	0.64751	0.359772827628216
36.115	-2.5821	-0.79798	0.727342262023105
32.441	-8.4786	-4.6004	1.40683724602811
32.516	-10.186	-4.2238	1.10251910682849
34.865	-8.7229	-3.4379	0.190384736366747
37.744	-4.8284	-2.8158	0.0887774676332311
36.311	-6.2684	-0.71261	0.134713429785865
37.547	-3.1049	-3.4645	-0.917356376895505
38.079	-6.2421	-1.3115	-0.14609466464061
37.974	-3.6555	-3.1281	-0.891626566556075
28.696	-0.68077	-6.8741	1.44027386698974
30.852	1.7849	-1.8279	-1.08251543896984
34.821	-6.2335	-5.3327	-0.215584560896793
14.631	-11.506	-3.6427	0.750343275419893
34.669	-0.46744	-3.1166	0.182111709962492
37.859	-5.8203	-2.0456	0.709702135390045
36.787	-5.5935	-0.20183	0.206514819489855
36.693	-3.4679	-1.3316	0.131701371147154
24.838	-11.328	-3.8629	0.430905999586024
35.763	-0.51963	-3.4807	0.639999627639063
35.201	-6.4466	-4.6978	1.645
32.044	-10.644	-3.7583	1.10078644342606
36.194	-6.8002	-1.6144	-1.32233125527208
36.007	-6.7848	-4.2244	0.598040634881355
35.927	-7.6408	-0.39627	-0.826993985309086
35.868	-8.013	-3.1225	-0.694794348956347
36.808	-7.1617	-1.0805	-1.45314371920015
36.946	-7.765	-1.2246	-0.0806817784725818
36.325	-6.6188	-4.8643	1.36740780227543
35.549	-6.4596	-0.15332	-1.08345770118269
30.435	-2.0178	-5.0573	0.333490807037984
36.901	-2.8551	-4.7309	-1.03496313184389
37.149	-6.3657	-1.3475	-1.07502913894207
36.787	-3.2912	-4.7881	-0.768176598863681
37.496	-2.7345	-3.0657	-1.4045595896732
32.833	-9.925	-3.8629	1.03680520390574
37.75	-6.5893	-1.4592	-0.134937651469932
36.038	-0.75241	-2.4819	-0.0712080053811503
28.133	-11.456	-3.6026	0.676167654894332
30.447	1.4981	0.012136	-1.645
37.759	-5.8941	-2.4694	0.814720748381691
36.523	-6.9224	-0.55317	-1.645
37.667	-3.3869	-1.5302	0.29804397789741
35.259	-0.56743	-3.8436	0.319351717427303
21.996	-12.117	-3.2949	0.6585687580984
36.696	-3.7296	-4.7045	-0.523990729640935
36.844	-2.8627	-4.1771	-1.00995397588137
35.141	-7.3093	-1.8385	-1.53563716780228
37.236	-5.8353	-2.0778	0.241571181342273
27.895	2.1727	-0.70999	-0.68414466258062
35.937	-7.577	-0.66075	-1.276384112591
36.415	-3.3798	-0.64911	-0.830901137487247
37.914	-4.9455	-1.6546	0.938483792319126
37.81	-6.0972	-2.6215	1.645
36.059	-6.6724	0.099282	-0.786188274814191
33.831	-0.82131	-5.9073	0.74546486925932
37.488	-4.8809	-1.9614	0.0122160593390868
34.309	-1.5814	-3.0886	-0.0818785514893195
16.546	-12.122	-3.0507	0.11961307226633
26.475	2.8001	-0.13414	-0.545165524833323
36.584	-3.2355	-4.7375	-0.505444248370692
36.968	-3.0594	-1.5917	0.537278499381852
36.022	-5.6927	-0.69924	-0.00373874360717228
22.905	-1.2773	1.3333	-0.485374855187286
36.937	-6.6664	-1.0888	-0.0889788344117714
38.435	-6.2835	-2.839	0.408396951119745
35.405	-0.70375	-4.8046	-0.0309955772781288
36.121	-2.9466	-5.1363	-0.628815608056786
36.896	-1.6696	-2.1151	-0.311855618566398
27.474	-0.29098	-6.7196	1.645
34.672	-9.018	-2.7887	0.0401713255652733
36.78	-7.3321	-1.024	-0.202552935480768
31.309	1.3203	-2.1248	-0.33116662282996
34.816	-1.9829	-0.24815	-0.35274407581675
31.034	2.13	-1.503	-1.54289154479688
38.1	-4.3733	-2.6288	-1.48663945482568
33.506	-8.587	-3.743	-0.286071413562604
36.038	-5.389	-5.311	0.947817234689904
34.702	-1.6396	-3.8829	-0.371540739949095
32.373	0.99622	-2.1654	-0.338176204814269
35.958	-2.3821	-5.0615	-0.141810240032073
37.447	-2.7711	-3.2962	0.819877748798073
34.224	-1.4421	-5.2872	-0.252088864259743
25.823	2.7506	-0.30933	-0.607932972666441
36.853	-6.3522	-2.1496	0.322102676491981
34.92	-2.181	-0.95545	1.64337661859013
31.384	-10.126	-3.673	1.38953902511139
36.331	-7.1059	-0.41523	-1.44859536582006
29.704	-11.031	-4.1478	1.645
35.609	-7.1077	-0.68315	-1.37815922533061
35.818	-1.2328	-4.9674	0.198791695169033
35.623	-7.3392	-1.1323	-1.56373658333641
32.987	0.16537	-5.4076	1.645
36.38	-3.1166	-4.3906	-0.968305974162535
36.763	-2.5223	-2.4664	0.114151099644767
30.806	-9.287	-3.5933	1.645
31.819	0.77723	-1.5751	-0.151325644905193
34.867	-2.1455	-5.957	0.996967433109934
36.432	-2.9785	-1.8557	0.513710530337448
37.33	-2.1802	-2.9054	-0.600882192060708
35.886	-6.8034	-0.66589	-0.623288005560777
34.169	-2.2291	-0.29475	-0.975768078418955
27.676	-0.63697	-6.9622	-0.200978675317743
36.642	-7.6993	-2.0698	-0.758198706496044
36.441	-7.3309	-1.0821	-0.545930849975563
36.404	-0.77396	-3.045	-0.320910523123392
32.197	1.205	-4.1368	0.144742076392059
33.119	-10.31	-2.9906	0.150358587406963
37.344	-5.4244	-3.918	-0.0796180232972122
30.026	1.6761	-1.1057	-1.30884346114051
37.878	-4.0903	-2.2179	-1.645
37.108	-2.6266	-1.3105	0.0324483262071115
36.482	-1.3979	-3.6565	-0.126773204860202
31.452	-9.1478	-3.2273	0.527148726186243
35.595	-7.1083	-1.4836	-0.52527849211935
37.93	-4.6532	-1.5629	-1.50416946101653
28.339	-11.288	-3.7747	1.645
34.572	-0.91389	-5.3163	-0.622630486298664
27.025	-1.1452	0.8769	-0.350686914222749
34.079	-9.9018	-3.0968	-0.449992623860598
35.222	-7.552	-0.12993	-1.645
37.707	-3.9647	-4.055	1.29586522334252
37.055	-7.808	-1.365	0.138177353357138
37.028	-8.0319	-2.3737	1.645
37.484	-2.9589	-2.2054	1.5528094331089
36.636	-1.8449	-4.6217	0.585403312012406
24.255	-1.0753	1.209	0.444285436452734
37.908	-5.4849	-2.8675	1.0929059501858
28.144	-11.285	-3.6351	1.645
36.304	-3.0943	-4.7781	-0.672497922009425
36.383	-6.8969	0.11651	-1.40761754690677
36.032	-2.4254	-5.2954	-0.569935874605537
37.693	-6.9362	-2.1968	-0.37078101308062
35.196	-7.2738	-0.20346	-1.42903392629242
36.191	-1.9754	-1.1911	-0.590811718348978
35.949	-7.0988	0.036498	-0.594334118521222
32.924	-0.29634	0.38633	1.07924531404387
36.636	-8.1869	-3.6598	1.645
35.702	-1.5553	-5.3066	1.04708505138799
37.827	-3.3669	-2.5679	-0.117793369431232
34.952	-6.4194	-5.1862	1.38974528939163
25.703	0.22142	-6.7138	0.898099153060321
37.718	-6.805	-2.3753	0.496061740947885
20.57	-11.951	-3.571	0.015921017129125
33.204	0.41913	-3.6203	-1.35498077407334
36.349	-7.4662	-1.0629	0.0758550196070173
32.301	0.83282	-1.4899	0.792839263384327
36.889	-6.3605	-0.64418	0.247491476568638
37.364	-6.6113	-2.4395	-0.134203389958698
36.557	-6.012	0.058335	-0.200528367827637
34.899	-8.9036	-2.1978	0.229975056952622
34.392	-0.67005	-5.3893	1.645
36.058	-0.71232	-3.8443	-0.484099217818057
35.914	-2.1429	-5.1293	0.179157083740305
38.175	-6.4615	-2.3743	-0.0605830999048856
37.269	-6.594	-4.1428	0.350243737467948
36.296	-3.9297	-1.4904	-0.186743571794884
34.929	-9.3154	-3.3453	0.373485275533018
33.624	-9.7678	-3.2114	-0.505260320400538
35.452	-7.5059	-1.1164	-0.422395173086349
36.034	-7.7111	-0.66814	-0.984157930210929
37.161	-2.9571	-4.3767	-0.279403946660206
35.801	-6.039	-0.10692	0.952257260422974
38.018	-6.5426	-1.8973	-1.2426919899123
37.065	-2.8718	-1.9238	1.26703873872225
37.741	-3.5231	-1.6764	-0.62255038449915
36.429	-1.94	-1.5444	0.275043436370121
38.124	-5.9004	-1.833	-0.11534046416013
37.088	-2.7651	-4.3048	-0.840309148883169
37.718	-6.2576	-0.89144	-0.316498529268422
32.946	-10.118	-3.8613	1.645
38.042	-4.4673	-2.5642	-0.944235128016868
35.311	-1.2939	-5.3454	-0.866795914375821
36.716	-1.7406	-3.0904	-0.405706627826942
37.657	-5.2865	-0.77623	-0.93880663807527
28.415	-1.9853	0.6287	0.591619483789614
35.913	-2.1991	-5.1813	0.292980307434959
37.832	-5.746	-1.2789	0.967744268481175
37.809	-7.1081	-3.5919	1.645
37.022	-7.8526	-1.9066	0.351118838397697
35.963	-2.9456	-4.6888	-1.09125623488258
29.139	-10.899	-4.2139	1.645
38.328	-5.5245	-1.6957	0.0382099075984892
35.913	-3.5353	-0.26692	-0.512917134725085
36.624	-2.5872	-4.7152	-0.114112176528298
35.732	-7.4659	-0.892	-1.37185661112364
37.405	-2.8884	-4.2719	-1.0206927367473
27.224	-11.557	-2.9923	1.645
34.219	-0.7002	-5.219	-1.21640091626758
36.409	-6.4671	-0.54685	0.272166592072078
29.133	0.029435	-6.8166	-0.182827996273247
34.285	-0.88002	-5.7289	0.678767909921918
35.879	-1.4706	-5.0897	0.155033083706832
33.331	-0.8698	-4.6621	-0.784222567691822
28.562	-11.373	-3.9338	1.34692570783859
34.954	-8.59	-1.2637	0.109561437373397
12.655	-12.024	-3.1062	0.186533029519481
33.259	-0.86748	-5.1327	0.491482034919298
38.313	-5.8634	-3.2643	-0.259084454470838
36.875	-2.9204	-4.2667	-1.28763604159522
36.875	-6.5702	-0.73131	-0.601467434996162
32.785	0.6827	-1.7577	-0.222222243150223
36.807	-2.7145	-1.7884	0.992898613103434
36.197	-2.5887	-0.88178	1.0482807236109
37.29	-3.1505	-4.2486	-0.863144273997282
33.099	0.48603	-1.4884	-0.00255116861398445
34.092	-8.9227	-4.1576	0.48485240171143
37.012	-7.5666	-2.4787	0.450271591525275
36.947	-6.3535	-1.4057	0.349417856731161
24.144	-11.871	-4.1725	1.645
37.294	-5.8666	-0.45628	-0.398975666867554
38.453	-6.2205	-2.5167	1.1026400774298
38.205	-3.7763	-2.7418	-1.23348173092139
29.42	-11.225	-3.3753	1.645
37.148	-5.3387	-0.68234	0.883301116047758
26.075	-11.349	-3.6326	0.841886512879146
34.237	-0.72906	-5.5845	-0.0456287154503839
35.409	-7.9537	-0.78786	-1.06646866537152
36.261	-5.9674	-0.39885	-0.406972157313914
35.769	-1.1302	-4.9338	0.336372566972765
34.05	-7.3166	-5.0561	0.304558442360571
33.716	-7.4941	-2.944	-0.248487775353761
36.741	-6.3389	-1.159	0.126518573002846
36.513	-7.4862	-2.793	1.12627475165488
36.212	-4.2356	-0.11937	-0.751806228953801
30.542	1.6715	-0.25718	-1.645
37.523	-5.7548	-4.5898	1.645
28.667	1.635	-0.37636	-0.869390725076138
37.356	-5.2576	-1.0494	-0.718191817397958
36.478	-7.7756	-0.57777	-0.020620296113641
37.883	-3.842	-3.38	-1.07855867227173
35.131	-9.2436	-3.3567	0.395609483487615
37.587	-5.2175	-1.004	0.421786544506048
36.221	-2.9564	-0.61513	-0.572275435416928
38.637	-6.5948	-1.8103	-0.932451451060776
36.956	-3.2025	-4.4751	-1.21260685325943
29.985	-11.016	-3.6217	1.17694487472725
31.672	-6.1599	-5.747	0.590465310823431
36.491	-1.3732	-4.2775	-1.2349267580157
37.131	-4.5617	-0.87893	-1.25744934154728
31.827	0.24387	-1.1057	-0.534751046113366
36.602	-7.2462	-0.74841	-1.04566448557608
35.527	-1.6899	-5.4983	1.25512715521262
28.143	-0.79826	-6.7107	-0.142511864172646
36.361	-7.4636	-0.51885	-0.764365971290254
36.981	-6.59	-0.49138	-1.10208435816029
37.82	-7.0502	-1.9993	-0.730245821205638
36.574	-8.6753	-3.4189	1.645
37.993	-6.6047	-0.58157	0.431411036921659
36.619	-3.3442	-5.008	-0.860246704645362
37.163	-4.0055	-1.8496	0.124327010707071
27.841	-0.46924	-6.7153	-0.374286638490924
33.362	0.38835	-1.7634	-0.669508440513692
38.275	-5.2304	-2.3682	0.127587343673079
36.744	-6.6862	-0.47204	-0.146209721575281
29.038	-11.463	-3.3336	1.3048801473339
32	-9.0904	-4.758	1.645
34.952	-1.4921	-5.7799	1.3018335041155
35.586	-6.7863	-0.30952	-0.0283240671498062
29.473	-2.0004	1.2233	-0.630230276053878
36.946	-7.1431	-0.98937	-0.888432753305361
35.2	-1.6433	-5.5416	1.16886096951689
38.265	-6.0586	-2.7998	0.296631066683076
33.966	-0.18969	-0.95979	0.428151050925488
37.105	-2.5879	-1.2599	0.18958413024472
37.342	-6.7824	-1.0638	-0.120272838576485
36.545	-7.0306	-0.54223	-1.645
35.679	-7.0002	-1.2115	-0.809807195918578
35.984	-1.9774	-4.2136	-0.301974864808468
35.308	-9.5027	-2.4343	1.24407824747163
33.845	-9.7813	-3.7695	0.573667074454954
33.349	-0.35116	-2.0425	-0.781067881449082
27.568	-0.41487	-6.818	0.997123516677591
33.366	-9.9976	-3.4617	-0.493999447450723
19.483	-12.108	-3.7965	-0.233269682938188
37.162	-5.5491	-4.7764	0.306890083070962
35.769	-6.9619	-0.47515	-0.0248719278833303
35.88	-8.2388	-4.4135	1.52134280937987
35.04	-7.5716	-1.0808	-1.07941973038612
35.22	-1.6653	-1.0212	-0.23356386168064
36.935	-5.5179	-1.3782	-0.553471686661829
35.664	-1.6218	-5.105	1.47591652252078
26.332	2.8248	-0.26543	-0.513991083890305
38.305	-4.7921	-2.3396	-0.914502663410223
37.264	-6.0234	-0.95589	-0.198067402776792
24.961	-12.173	-3.2356	1.645
36.493	-3.2037	-1.737	-0.177955647818426
37.016	-2.6871	-3.6991	0.641788138279691
35.521	-7.0953	-0.81215	-1.27798072069859
37.573	-6.2663	-0.94834	-0.491390872212895
36.713	-2.7918	-3.6785	-0.101490217844398
37.267	-2.9412	-1.1413	-0.470951511824243
36.105	-7.5793	-1.0388	-1.48324977004225
36.149	-3.6882	-0.088772	-1.24382985616762
29.561	-2.1923	-0.92529	-0.179156510048352
28.421	-10.501	-3.8962	1.645
37.543	-6.6177	-3.9242	-0.472817576686572
36.013	-5.2962	-5.2194	1.39786774305611
31.616	-10.133	-3.0478	0.984216548458218
26.865	-11.889	-3.6093	1.645
34.944	-1.8333	-5.6746	-0.471697333405728
33.974	-0.2086	-5.4289	0.246715638646277
27.421	-11.915	-3.1716	0.886223888865085
24.068	-11.949	-3.7635	0.174584312737194
36.904	-2.4271	-4.0264	0.0137353474511543
32.829	-2.2829	-5.3286	0.150998117389086
36.607	-2.9684	-1.1872	1.645
36.922	-6.114	-0.78434	0.0943360005306199
37.221	-6.042	-1.2144	0.613533775943037
35.954	-7.1988	-1.5628	-0.618685246522086
35.692	-8.8069	-1.7571	1.645
37.491	-6.0219	-1.2997	0.239030691585068
35.9	-7.2416	-0.67509	-1.23384456841137
36.618	-7.6655	-0.98104	0.95313617670282
29.945	-1.3699	-6.7296	0.409642032167803
32.161	0.91575	-1.7862	-0.912535508945123
37.605	-6.5111	-0.87244	0.414218497900485
35.517	-6.5056	-0.50915	-0.593135029021857
32.059	1.3109	-2.4168	-0.769479248475698
29.196	-10.899	-4.0629	0.791145871626071
24.476	-1.1701	0.93116	0.239505271767878
36.747	-2.8716	-4.7368	-0.811280762200073
38.014	-3.428	-3.3169	-0.810138192891397
36.001	-6.2461	-0.9769	-1.37784138596197
36.332	-6.6978	-0.47076	-0.730647198118008
38.3	-5.7317	-1.6831	1.03902172185479
29.979	-11.824	-2.9049	1.59809075151329
37.151	-6.3028	-0.5405	-0.384463502069807
36.12	-6.1442	-0.35725	-0.142773301822782
36.271	-7.3453	-1.3238	-0.56519087851525
36.488	-6.1858	-3.8549	0.698620049604563
35.366	-1.8119	-5.5672	0.154205502830091
36.371	-1.3748	-4.149	0.507560670729159
31.428	1.6486	-2.2588	-0.815286697838056
30.715	1.0071	-0.9415	-1.29475462708257
37.231	-3.9099	-4.7721	0.935832927395769
34.721	-8.3715	-4.579	0.230688649303727
36.514	-8.5327	-2.2652	1.47008311928073
36.083	-2.6015	-0.39972	-0.14399848062074
35.498	-8.087	-2.6598	0.605499580222388
30.178	1.4558	-0.55411	-1.645
33.074	-10.314	-3.0415	-0.315821985068205
34.568	-8.0682	-4.3868	0.85665186521155
36.881	-6.9741	-1.2878	0.879618958901341
31.206	-10.908	-3.2517	1.21231190537692
20.185	-12.42	-3.592	0.037640458511414
37.199	-1.6237	-2.4917	-0.387002678337184
36.947	-7.3373	-1.2444	-0.378198300216634
33.778	0.11392	-0.5513	-0.443897981465979
36.98	-3.2319	-1.217	0.647403916761394
36.125	-7.0592	-0.43751	-0.608798383900097
30.989	1.3364	-1.2695	-1.044774591875
37.721	-2.718	-3.5393	-0.496678870685025
36.492	-7.4624	-0.46387	-0.84264788653275
35.897	-8.9728	-2.3728	0.525673185197015
36.92	-3.6492	-4.6394	0.342488758350107
36.993	-4.0546	-1.8566	1.30015636015454
34.583	-9.2741	-3.2361	0.988380351635416
34.344	-1.2254	-5.6987	-0.170187832708591
35.742	-8.0212	-3.8443	0.283684959855472
37.001	-2.4226	-2.9225	-0.435244907632614
35.171	-6.1369	-1.2886	-1.645
37.028	-3.37	-4.176	-0.580749299728699
33.298	0.35184	-3.695	-0.708277262925422
30.361	0.79431	-0.83387	-1.21584040949186
35.436	-6.7361	-0.95815	-0.979608337330664
37.41	-6.4188	-0.83121	0.700105480725368
36.383	-1.4084	-1.6501	-0.602499948178086
28.632	2.1882	-0.58482	-0.814609741771324
34.186	-2.9176	0.81454	-1.06803630321248
36.195	-4.2493	-5.2274	-0.884081798037179
26.47	-1.2093	0.66759	0.0399994224640758
36.233	-7.5856	-0.90686	-0.739316767664611
36.421	-8.4179	-2.0881	1.57859511491979
37.469	-3.1858	-2.9957	-0.587798697680782
35.257	-2.0901	-4.006	-0.686725169357151
36.163	-7.092	-0.771	-0.112173562778695
37.734	-5.9544	-4.0513	-1.41307789257335
37.902	-5.9908	-2.0936	1.13399881293618
37.448	-6.4351	-3.4083	0.231705901146409
36.099	-7.3386	-0.73775	-0.917157768319344
38.19	-5.2303	-3.4668	-0.646098557006017
32.123	0.60269	-0.86491	-0.383948451689747
32.053	1.3059	-1.5197	0.309303245160617
36.699	-4.6467	0.089536	0.795329244021486
27.83	-11.511	-3.6894	1.645
35.927	-2.6184	-5.194	-1.14774265060756
36.378	-8.7082	-2.2334	0.381407901025376
37.434	-4.6484	-2.4277	-0.318720967211704
36.422	-2.8263	-5.0446	-0.19516528022256
37.128	-7.3771	-0.91807	-0.513365364018177
36.806	-7.1946	-1.9069	0.536893374148032
34.659	-0.55942	-4.4261	-0.562795899235214
36.328	-7.1272	-0.93379	-1.07344895764336
36.281	-2.7152	-5.341	0.118584517009738
37.412	-6.2447	-2.696	0.817485602719462
35.967	-2.729	-0.69909	-0.0128782700777704
36.783	-8.0664	-2.712	1.645
36.508	-6.9874	-0.76697	-0.995530163172996
37.295	-4.7406	-4.9434	-0.214201284885422
37.907	-5.6622	-1.514	-0.12009741336751
36.54	-2.6445	-3.9797	-0.648872688652735
34.705	-0.88028	-5.109	-0.310778740111238
35.571	-0.535	-3.7779	0.408568813062554
36.023	-3.1128	-0.9772	-0.473143195388216
36.969	-6.9389	-2.1567	0.393701311683463
30.821	-10.653	-3.8519	1.645
34.81	-1.815	-0.71735	1.645
37.007	-3.2381	-4.6457	-0.558931370590781
22.98	3.3486	0.063496	-0.432914942562467
32.159	-10.433	-3.0039	0.307710654872247
37.195	-6.8729	-0.94274	-0.409281521843832
34.005	-0.32428	-5.4688	0.85929922941533
37.776	-3.2527	-3.708	0.357896628928011
25.345	2.9604	0.81839	1.19210201116292
37.704	-6.9036	-3.5007	-0.227493431203745
25.232	-11.836	-3.4376	0.945923843359239
35.212	-2.5121	-5.7232	1.12558635347508
38.366	-5.4234	-2.4492	0.00580792307088226
29.989	-1.4419	-6.6104	0.130784583135205
37.702	-3.2554	-2.2478	0.17811534259947
36.695	-8.3244	-3.4796	1.58022049620504
22.216	-0.28528	1.8218	-0.558317047254062
27.938	-0.14693	-6.4389	-0.792788838100964
37.215	-2.1692	-3.2804	-0.32936768876363
24.948	-1.1145	1.1193	-0.78677847360352
35.868	-5.9551	-0.76246	-0.831480847705428
28.015	-11.269	-3.5031	1.645
36.415	-2.8229	-5.3315	0.0786125209214644
36.026	-2.1342	-5.1439	0.391661251918303
36.861	-6.3361	-0.60656	-0.931035322035361
34.486	-9.5717	-3.7802	0.102625240475419
22.352	3.0673	1.2586	-0.0807928086261127
35.219	-2.1202	-1.3575	0.29351306741639
36.39	-6.9544	-0.46647	-1.62048121431839
32.516	-0.5129	-6.2823	0.993515336267924
37.032	-6.1426	-0.88556	-0.151600540872581
28.289	2.0839	-1.1024	0.165568339826281
33.548	-1.5978	0.067007	-1.26987759287121
35.336	-1.5855	-5.3664	0.474521369363523
35.391	-7.7354	-2.7639	0.572882248518505
36.84	-7.9578	-3.3052	0.52810946941525
37.095	-3.2146	-1.7715	0.24516576735429
33.859	-9.2605	-2.5721	-0.0931231655069317
35.877	-8.4213	-3.4308	-0.462750185304595
34.549	-0.84299	-5.6394	0.22049740612721
36.996	-7.5551	-2.6668	1.62471604311883
34.832	-7.3907	0.24362	-1.62839856817379
33.235	-10.72	-2.9872	-0.315203457744274
37.307	-6.0201	-1.5607	-0.177259250242839
37.418	-2.9354	-2.5082	-0.742130257854571
34.343	-1.6947	-5.9695	1.645
35.852	-6.3953	-0.66102	-0.549095865438423
23.219	-11.625	-3.7246	0.167247288592609
25.658	-11.743	-4.0632	0.39061844895354
36.408	-7.0685	-0.74929	-0.207271827616388
34.872	-9.2335	-3.1798	0.0563138371492484
32.521	-10.366	-3.3013	0.0972127691178117
35.301	-7.1362	-0.87532	-1.645
36.981	-7.338	-4.1057	0.80554207510804
36.532	-2.2219	-4.9142	-0.0325525558049351
36.587	-6.9588	-0.9185	-1.2705414417985
37.804	-3.758	-2.5106	-0.911254819713791
37.188	-3.3266	-4.129	-0.442564162033092
36.601	-3.3263	-0.83788	1.05291739269068
20.494	-12.103	-3.3423	0.174875871896298
37.343	-6.62	-3.3463	0.612136767480608
34.74	-1.4122	-5.6472	0.690771766010002
33.679	-0.86234	-0.17042	-0.443524037493491
36.655	-3.0677	-4.4207	-0.161586290201406
34.85	-8.5722	-4.0191	0.209077767655946
30.867	-10.809	-3.5384	1.645
37.307	-3.9139	-4.5918	0.151957406517765
36.667	-6.7386	-0.78268	-0.795074679496251
31.457	-0.30158	-6.5963	0.676854663703963
35.913	-7.6121	-0.87189	-0.660019870532431
36.13	-2.8164	-5.1146	-0.811409923936274
35.209	-0.0088546	-1.6024	-0.434774880579737
37.083	-6.3311	-0.76982	0.199367202989365
36.223	-7.7271	-1.0545	-0.640284634656318
30.474	-10.434	-3.6727	1.18877669446078
35.745	-6.4161	-0.72233	-0.416074226870357
34.25	-0.42419	-5.4538	-0.232158862345224
35.158	-7.4175	-0.57039	-1.58100964009934
37.835	-4.0336	-3.727	0.684619916332721
29.205	-1.0063	-6.6398	0.131111574815574
35.456	-3.3218	0.088323	-1.43947199709183
29.803	-10.77	-3.5859	1.17853355141941
37.4	-5.3887	-1.203	-0.0232439078828357
38.39	-4.8164	-3.1837	-1.23881708421662
28.169	-10.539	-4.4468	1.645
37.101	-6.2474	-1.5272	-0.878500640442864
36.103	-2.9353	-0.50444	0.0562775515505739
33.597	-0.56617	-5.3621	-0.0017101285309168
34.55	-8.264	-2.9045	-0.238359747606633
35.071	-9.1648	-1.7033	1.25200622126502
37.21	-4.2579	-4.7383	0.320149859564182
35.826	-8.9178	-2.6398	0.0991609394530837
29.572	-9.596	-4.4341	1.645
38.35	-4.2938	-3.138	-0.908722898806363
33.688	-2.6749	1.0381	-1.58336846076941
36.474	-2.0151	-4.8982	-0.0628530507984986
36.528	-6.7207	-0.3798	-0.701472382989904
33.424	-10.084	-3.4669	1.02260604200159
35.861	-2.605	-5.277	-0.472955657255632
34.46	-9.1908	-4.2253	0.914501302556426
38.32	-4.8525	-3.1108	-1.44162575477596
37.496	-3.2443	-4.1554	0.32455119065121
26.909	2.6637	0.026832	0.0293913420023682
23.052	-12.064	-3.317	0.548319043327193
37.644	-6.4692	-2.6675	-0.374464808770885
36.848	-6.5595	-2.1398	-0.299646885344573
29.035	1.6447	-0.066406	-1.52943007980523
35.626	-7.5125	-0.57968	-1.4100697213285
37.322	-7.6218	-1.4826	0.639855171394552
35.285	-8.2893	-0.64382	-0.956798742276645
20.084	-12.312	-3.48	-0.198533300478257
28.865	1.751	-0.48839	-1.19173966727418
29.709	-10.969	-3.9119	0.731278680991656
37.772	-3.5059	-3.3861	-0.178903766505034
36.942	-6.4637	-0.66239	-0.176401441140238
33.758	0.38343	-3.2386	-0.876193824348768
36.282	-1.236	-3.9953	0.0882868111764663
36.872	-6.6326	-0.5159	-0.632272872086107
27.991	-1.7102	0.46544	0.258439354378229
34.467	-0.7789	-5.5486	-0.0673738573184402
28.91	-10.416	-4.3339	1.645
36.451	-2.0925	-4.9467	-0.77144874762624
29.772	1.7553	-0.20628	-1.42896627360479
37.46	-4.4038	-1.0835	-1.47449251618944
30.47	-9.6622	-4.3325	1.645
31.478	0.98321	-0.87069	-1.645
36.431	-1.4634	-3.8262	-0.116086538275585
36	-9.0717	-3.5695	0.868831111097807
37.711	-5.9719	-3.357	-0.34805457986714
27.558	-11.495	-3.2371	0.954350431120731
24.502	-11.889	-4.0808	1.645
36.522	-7.3306	-1.1206	-0.431110727367972
34.234	-9.0501	-4.1876	0.221469492819377
34.039	-8.7942	-4.1058	0.231051347974944
36.049	-2.8343	-0.31658	-1.25620803292293
35.726	-3.108	-0.29894	-0.630066465319474
37.247	-6.3258	-0.74275	-0.45945184843494
36.663	-8.0185	-1.3392	1.645
36.819	-2.209	-4.6629	-0.75651754859849
36.367	-7.0131	-1.7098	-0.218891587635933
37.603	-3.5366	-2.3554	-0.446699152783394
37.32	-2.9559	-2.0473	1.08739654421248
36.358	-3.1915	-4.9347	0.310574438060263
18.772	-12.196	-3.1299	-0.608059871899265
32.75	-10.422	-2.8005	-0.393475756673135
36.785	-1.4031	-3.5604	0.0750243447640764
35.477	-1.5291	-5.0441	-0.841086361761125
28.024	-11.618	-3.2678	1.645
38.028	-3.372	-3.8422	0.184348028517285
35.983	-6.7157	-0.25748	-0.270401393788292
37.675	-7.2641	-2.5191	-1.08773760547683
38.285	-6.068	-1.6478	0.810904995127818
37.648	-2.9954	-2.6871	-0.329647217525556
36.758	-6.2914	-0.49534	-0.12648749505156
37.3	-4.165	-1.6175	-0.684896877915498
27.805	2.13	0.2655	-1.12417321222695
33.741	-1.9733	-5.4226	1.645
36.11	-7.4497	-1.499	0.464822224047725
37.13	-3.482	-3.5833	-0.631365859429465
37.065	-7.2034	-1.1197	0.635213841520088
35.676	-1.5634	-5.343	1.08059179645299
25.634	-1.2253	0.94194	-0.936610424359291
36.345	-2.7504	-1.3676	1.54067283640277
35.006	-5.2704	-0.66318	0.321426331745538
21.515	-0.82075	1.3352	1.645
36.934	-7.1197	-1.3898	0.435071306452936
35.563	-2.7773	-0.24283	-1.26430514828875
37.173	-2.6245	-3.9132	-0.351120611046601
36.387	-2.0945	-4.6511	-0.586315782727103
35.784	-2.114	-0.96068	0.652399841329516
37.664	-3.9756	-1.3644	-0.395229198353292
33.453	-9.9212	-3.2833	0.452750785052565
28.418	-11.12	-3.9506	1.47391682807912
35.617	-3.9137	0.42156	-1.41060633688341
35.863	-2.4069	-2.5622	0.333996435777609
35.028	-7.1752	-0.66195	-1.4919730293929
35.812	-5.4805	-0.52955	0.0563280437593596
35.948	-1.8128	-5.129	-0.37214849797381
36.383	-2.5713	-5.1106	-0.535472920144099
37.161	-6.9458	-4.105	0.923176637769609
33.48	-0.64767	-5.7709	0.606933342141406
36.767	-7.3284	-1.2693	0.170092581533046
34.688	-1.4445	-4.5017	-0.801311707814928
35.727	-1.6297	-5.1851	-0.0892474289224184
27.955	2.3396	-0.87238	-1.17329476277405
33.377	-10.479	-2.644	-0.873555298716447
32.498	-1.6331	0.075498	-0.348144753948435
37.362	-2.3661	-4.0574	-0.326820545617265
37.957	-5.771	-1.0749	-0.438540521259767
36.775	-7.7189	-0.67347	0.0289112413355043
37.412	-4.5111	-2.4789	-1.134415354174
36.828	-7.5118	-1.7764	0.59146771120507
34.807	-9.2413	-0.70097	-0.310169523671145
37.16	-6.5484	-1.2193	1.0941695104058
36.12	-6.8519	-0.23334	0.572094284561078
38.418	-4.7373	-1.7362	1.0282817367146
33.209	-1.3065	0.58739	-0.897504892883201
36.674	-2.2954	-4.338	-1.16075000132153
36.732	-2.5374	-4.5019	-0.988484011806192
37.642	-6.2693	-1.2363	0.24644312994583
34.288	-1.2429	-5.9811	0.433659266567526
34.357	-6.5455	-4.6842	0.714700037310984
33.459	-6.2113	-5.0877	0.862100613832144
34.398	-1.8175	-6.1834	0.877156442838839
28.402	1.6858	-0.84161	-0.94317359024472
36.054	-8.1439	-2.2738	-0.189310946918665
36.711	-5.4696	-0.059321	-0.52310277683285
36.851	-6.8	-1.1773	0.310032403213107
38.242	-5.918	-2.1091	0.582331807718715
37.137	-3.3898	-4.8805	-1.18155946469727
37.779	-6.3044	-1.8107	0.232289661141454
34.925	-1.4506	-5.7603	0.105612048733079
36.307	-6.6518	-5.0565	1.645
37.216	-7.7869	-1.3901	0.455052814387334
34.201	-6.8832	-5.1613	1.13791513660409
37.024	-5.0281	-5.0016	0.517346079603512
31.076	-10.596	-3.1788	1.645
37.732	-3.9914	-1.8724	-1.645
28.05	2.1178	-0.84351	-0.253401086555337
29.068	1.9082	-0.13313	-1.645
38.105	-6.1144	-1.8308	0.551408548153611
31.208	-10.341	-3.9103	0.942604151868601
37.164	-3.1932	-4.4762	-0.938767882894739
35.947	-7.6318	-0.92707	-0.5938316730564
26.384	-11.718	-3.1602	0.757997982126371
17.539	-12.176	-3.6076	-0.347955869793643
27.847	-1.0006	-6.7591	0.702583520782692
28.06	-11.31	-4.1272	0.989271818191835
26.252	2.4373	0.2568	-0.440468300997942
36.415	-1.8489	-3.4901	-0.496447618864467
36.414	-6.6305	-0.54073	-1.12317739659979
36.926	-6.1455	-1.226	-0.0710470362561418
37.013	-1.3675	-2.5758	-0.660913469318851
31.516	-1.6663	-1.0651	-0.637453342706695
23.685	-0.6064	0.95115	-0.202887870395929
27.546	2.3168	-0.11179	-0.9458721395407
36.582	-3.2051	-5.0006	-0.401219774676031
37.103	-6.8195	-0.88503	-1.41985117586876
36.399	-7.0935	-1.8265	-0.580491992902224
35.481	-2.2084	-0.77026	-0.815249983764541
27.377	2.5778	-0.06166	-0.223833330933266
29.712	-0.9678	-6.7499	-0.0668108650127462
37.899	-7.3266	-2.9614	1.09104481562759
36.681	-7.6883	-1.3233	0.0975292810741761
36.539	-6.8839	-1.4043	-1.18331728636528
36.927	-2.4784	-4.6331	-0.309647155530942
37.289	-5.8562	-1.1742	0.532414508659614
36.35	-1.06	-3.5694	-0.486198037625737
36.839	-2.8458	-4.6107	-0.356223732058592
34.409	-9.3628	-3.4874	0.802498257330385
21.749	-12.082	-3.1072	0.685453678591268
36.479	-2.3034	-4.7111	0.372926812965993
35.35	-9.2134	-2.9742	0.588560190870576
37.069	-7.3037	-1.1191	-0.469588037882375
37.293	-2.0806	-4.0461	0.273659627721351
37.112	-7.3561	-1.2594	0.487820024972371
35.298	-7.0473	-0.77197	-1.645
34.237	-8.2289	-3.8283	-0.366726169860252
38.056	-5.1676	-2.5888	1.645
35.642	-2.2581	-5.5624	-0.273752798718079
37.132	-6.4566	-0.84542	0.22440006270048
33.381	-2.7503	-0.92077	0.0886515676318104
36.842	-7.1254	-1.1484	-0.936392293653108
36.903	-6.0825	-1.1782	-0.0461066014246852
36.19	-1.7172	-3.5639	0.0109817468481767
34.92	-2.2908	-0.34357	0.949669254136413
38.043	-4.5569	-3.3936	0.85294001039213
35.541	-0.99494	-3.919	-0.506583642930939
37.769	-5.0176	-1.871	0.488511120262199
35.269	-8.6907	-0.96378	0.0497192013164073
36.885	-8.2585	-1.4113	0.570300726842302
34.961	-9.0902	-2.5955	0.76872988638649
36.838	-3.1052	-0.58324	-1.2029250768741
27.664	-10.9	-3.9195	1.645
23.422	-0.66444	0.89025	-0.888128483455104
29.878	1.9333	-3.6835	-0.535876820865368
38.515	-5.1784	-2.2231	0.868147720827571
38.137	-5.8416	-1.5113	-0.435842366016544
37.654	-2.3191	-2.4915	-0.0463751869637578
35.139	-7.3104	-0.6746	-1.645
29.667	-0.36181	-6.2471	0.876462901596985
34.572	-9.5317	-2.8881	0.582623954047615
36.627	-2.2565	-4.6513	-0.800972432874714
38.041	-6.1191	-1.0396	-0.40453014726847
35.898	-7.0416	-0.93679	-0.460728547522123
33.998	-7.9864	-0.16569	-1.645
35.179	-4.4275	-0.35156	0.816407652623911
35.475	-6.9959	-0.76676	-1.05712464035826
32.07	1.4293	-2.3833	-0.135689167795935
35.045	-8.4451	-3.0206	0.37324966134627
36.626	-6.7312	-0.7282	-1.10669576567793
28.783	-1.1034	-6.5278	-0.319962420807106
35.933	-8.4365	-1.8553	0.232567200637499
32.506	-10.224	-2.3987	-0.261565226392989
34.744	-7.6455	-4.2175	-0.500847081767391
35.716	-8.4489	-2.1184	1.09595402059053
31.72	-0.96702	0.3544	-0.296585003806175
36.751	-6.7733	-0.83624	-0.855178367651043
26.305	2.5123	-0.34699	-0.264393459339568
37.254	-3.0555	-4.385	0.21537111704161
34.17	-1.3725	0.13005	-1.39600215859038
36.772	-2.0808	-3.8427	-0.696149542394264
28.764	-0.51537	-6.6424	0.301860537211449
38.014	-5.9577	-1.8809	0.586033874812506
34.574	-3.6874	0.49795	-1.645
36.293	-1.505	-4.5643	-0.869594911982069
36.234	-7.6629	-0.97961	-0.8336417535151
34.65	-7.5723	-2.293	-0.221909499347311
36.083	-8.5847	-3.8822	0.0674445453930137
27.103	-1.7895	0.51807	-0.477261530747235
36.16	-3.0067	-5.1595	-1.49831214918839
33.832	-9.4165	-3.2844	-0.32274419418993
35.349	-1.7696	-4.8635	0.035599523863627
37.166	-4.2299	-4.5378	0.773028395255303
34.808	-9.1052	-3.57	0.107665352003418
35.873	-6.1718	0.076158	0.269871944460768
35.622	-2.128	-5.639	-0.778446791001768
37.437	-6.1818	-4.1612	-1.06402418806898
36.152	-7.3342	-0.95071	-1.33997925820851
35.261	-1.5128	-5.0484	-0.980859480865207
33.824	-9.9319	-3.7705	0.274481168985926
35.159	-5.0452	-1.1061	-0.305184233494813
30.039	-10.6	-3.9322	1.645
30.135	-9.1454	-4.2499	1.645
29.138	-11.188	-3.8476	0.921362616998786
35.92	-6.9901	-0.49628	-1.23454284652586
31.224	0.17342	-5.7504	1.01002904142979
35.622	-3.6657	-1.0615	0.603874836064958
37.487	-6.2291	-1.7669	0.153346568074511
35.929	-8.1243	-1.4357	-0.482443367755634
33.353	-0.15211	-5.6436	0.941657459106491
34.134	-10.156	-2.7773	-0.101577535242412
35.54	-1.4891	-4.931	0.856070183270083
34.026	-9.7903	-3.2879	-0.155077468890927
36.626	-5.7911	-1.2278	-0.325446815534112
24.178	-11.704	-3.6301	1.16455455784292
37.404	-5.4861	-1.3972	0.441449195085473
33.892	-0.68384	-5.8885	1.06580889970268
24.368	3.7988	0.25655	-1.02608630460633
25.316	0.0397	0.96357	0.508334894987823
36.37	-2.9592	-4.9675	-0.805172281972437
36.177	-2.5183	-1.6875	1.645
34.494	-0.21675	-1.9609	-0.537264894663207
36.989	-2.1522	-4.4694	0.493902466440504
29.538	-10.738	-4.0519	1.645
37.198	-6.5255	-1.0386	-0.294163770024941
36.164	-7.808	-2.0116	-0.528334979800678
26.615	-11.683	-3.4185	1.000403894291
35.959	-8.016	-1.3819	0.0549462030065947
37.27	-6.2276	-1.1357	0.223827553871855
36.454	-6.533	0.32032	0.0550499276028027
36.452	-2.8956	-0.53636	-0.192868061617706
33.279	-10.124	-3.4263	-0.208008204784394
26.736	2.6919	-0.6298	-0.00181794045688499
37.768	-2.7583	-2.6984	-0.238183886955388
35.59	-2.7801	-5.4654	-0.0662938523183362
37.579	-7.1001	-2.0947	-1.01667748255444
36.093	-8.6628	-3.2445	-0.453770226568584
33.734	-9.5652	-3.4776	0.454395670092839
38.216	-4.6273	-2.5373	0.661221226026276
27.089	-11.553	-3.8875	1.645
32.801	-10.494	-2.9191	0.0555060461596143
38.241	-4.5629	-4.0563	1.645
37.785	-3.759	-1.4766	-1.64359104966842
38.276	-5.2348	-2.0977	-0.257562212854763
37.742	-3.366	-3.0438	-0.63407079842006
27.815	-0.57083	-6.707	0.215681481835746
28.23	-0.50422	-6.5389	-0.689566198496664
29.63	-0.92416	-6.7941	0.0780902515517156
33.189	-2.0783	0.76822	-0.890458236277
34.078	-0.040589	-5.3448	-0.123068726746637
36.923	-2.6406	-4.693	-1.10446319294238
30.923	-10.273	-3.951	1.645
33.454	-0.75361	-5.856	-0.187081047339934
37.946	-3.4073	-2.4633	0.0701947562267627
24.271	-12.112	-3.4109	0.88382633431529
36.432	-7.4201	-0.80639	-0.323665763253341
35.365	-1.0409	-4.4356	-0.621237566283703
36.627	-4.0545	-5.0559	-1.16473068004217
36.92	-5.8143	-0.62305	0.231826192255445
36.617	-3.1258	-4.9507	-0.917195650748285
35.936	-1.5523	-5.1143	-0.268044490042074
22.13	-12.369	-2.9595	0.862465569664217
35.285	-7.5377	0.066807	-1.61288792662452
34.246	-1.9271	-6.1455	1.23099968570077
35.563	-0.78294	-4.4159	0.019453857328787
37.246	-2.3567	-4.2847	-0.683086940506569
36.836	-2.003	-4.5542	0.0917884218404265
35.681	-7.0142	0.034118	-0.530351159294319
28.476	2.3052	-0.21928	-1.28537753271848
36.702	-4.5632	-0.72328	-1.645
35.022	-2.2931	-0.30106	0.425585345158027
36.997	-2.8596	-4.6194	-0.055904102535184
31.828	1.1086	-2.2523	-0.503401130367461
35.129	-7.3311	-0.43908	-1.645
35.687	-2.4359	-5.3201	0.539271877431772
26.988	-0.92323	0.91876	-0.84118014930899
31.846	-3.3065	-0.63738	-0.724308679175466
33.401	-1.0653	-5.7202	-0.452981619101443
36.04	-6.7814	-0.20054	-0.285292087530175
34.114	-0.95412	-5.5611	0.0743571364805359
36.599	-6.6278	-0.62335	-1.0583665990801
37.135	-6.6056	-1.2216	-0.0213083823600393
38.176	-5.8106	-2.8118	1.645
37.58	-4.0989	-3.3811	-0.662371101680881
35.637	-6.7245	-0.37612	0.476668040156709
35.282	-0.54191	-4.5888	-0.460745940904027
35.082	-1.3413	-5.5522	-0.0106123435878454
35.866	-8.262	-4.0059	0.442998232591648
37.104	-7.4099	-0.84084	-0.703824902703716
35.513	-9.1151	-3.2543	1.0934535447435
36.187	-7.133	-0.64214	-0.500639994538713
35.107	-0.70271	-4.7009	-0.663649096274967
37.184	-1.7013	-2.732	-0.100593308753747
37.267	-6.9481	-1.9059	-0.289760673884841
32.963	-0.82231	0.13576	-0.248744694084033
35.467	-1.2018	-5.1814	-0.599803174846594
19.144	-11.629	-3.5846	-0.459054510950427
35.444	-3.6749	-0.45329	-1.11538712007544
33.256	-0.209	-5.6186	1.645
38.277	-5.7043	-2.5148	1.02525893250802
35.262	-6.5396	-0.11959	-1.645
36.147	-2.2079	-4.9607	-0.247924077729578
25.063	2.6942	0.50611	0.272945722412301
35.954	-7.1833	-0.97152	-0.377810054413578
31.359	1.133	-1.4757	-0.583660221657325
36.883	-3.2841	-4.7561	-0.144098069557517
37.07	-3.5895	-4.5398	0.154308749726302
29.455	1.4441	-0.33154	-1.645
30.771	-10.607	-3.8479	1.645
35.249	-6.5454	-5.549	0.491026598730756
37.709	-3.0288	-3.4199	-0.0715832729673512
36.433	-4.7672	-1.4114	-0.776995837961607
27.534	-0.34665	-6.4868	-0.352663821936054
36.086	-7.7136	-1.5338	-1.35404652948178
38.056	-6.0844	-2.1369	0.290684799298134
34.733	-2.7372	-1.1845	0.0706757922692499
34.09	-1.9336	-5.9096	0.732845600153823
30.214	-10.125	-4.3742	1.645
36.733	-2.908	-4.739	-1.58987694978032
32.649	-1.5728	0.16861	0.139347558435734
35.94	-8.616	-2.4003	-0.156640092844985
38.211	-6.7695	-2.7243	-0.813166111179536
34.473	-6.0424	-5.0366	0.730582788428044
36.627	-6.1571	-0.69163	-0.737625011067446
36.064	-7.1385	-1.2273	-1.44022115326808
28.21	-11.078	-3.6007	1.645
33.526	-9.8154	-3.646	-0.411728917715807
37.809	-4.4404	-2.6843	-1.37102182957077
36.294	-2.8729	-4.9081	-0.875579009014006
36.932	-2.2441	-4.676	-0.581319824877308
34.882	-7.8087	-4.7386	-0.488050348342783
36.476	-7.382	-1.0621	-0.449031389657314
37.275	-3.0113	-4.2995	-0.707767083611963
37.16	-7.4515	-1.5202	0.353768793682025
29.493	-2.0896	-0.37662	-0.435940554244809
36.008	-4.144	0.37998	-0.875280232662751
33.871	-0.68123	-5.6772	1.645
26.97	-0.27744	-6.7405	-0.51597716847141
34.878	-7.421	-4.5206	1.645
36.796	-7.0838	-1.2456	-0.38397569324622
36.362	-7.0014	-1.1047	-0.960391223009612
20.626	-11.99	-3.1838	0.55853388405956
37.31	-7.5264	-2.6178	0.278671034437643
30.671	-0.85242	-6.8893	1.645
16.859	-12.177	-3.2421	-0.0359530672125627
36.905	-4.2578	-0.4808	-1.64178643065631
35.511	-1.8353	-5.3157	1.30570176444549
21.085	3.772	0.79139	1.40286805318308
37.367	-3.737	-1.2535	0.422259121003035
36.651	-7.5829	-1.2475	-0.863885671644164
35.014	-8.2377	-0.58041	-1.26746223078147
36.616	-6.8313	-0.47681	-1.25205325153773
36.201	-2.0957	-4.461	-0.485893293341919
36.759	-7.1446	-0.57465	-1.06281353913292
35.043	-1.2339	-5.4064	0.575917962443101
36.334	-6.388	-0.29077	0.453267173217174
35.239	-3.0074	-0.11223	-1.44397519796649
33.832	-8.7472	-3.3011	1.0866506754766
29.377	1.7668	-0.97623	-0.8634805095247
36.531	-6.2769	-0.45093	0.0995930527910699
35.735	-6.5504	-5.0381	1.27596754614319
36.185	-8.2947	-3.287	-0.335504776513354
30.382	1.5907	-0.49021	-1.645
36.292	-7.3381	-2.103	-1.19808831230353
30.558	0.84485	-0.90212	-1.645
