30.252	-10.709	-4.2735	1.02120095975955
37.784	-3.0457	-3.1938	0.0898239901764271
35.233	-1.7225	-5.4094	1.56752012025488
36.304	-5.6636	-0.46282	-1.09753651506327
34.958	-1.4558	-5.6443	0.431097169532147
35.711	-7.1492	-0.48083	-0.526290418624981
35.577	-2.1617	-5.7207	0.266694378561305
30.384	-1.1125	-6.3906	1.08822920255162
35.662	-6.8765	-0.14067	-0.612288264906755
37.208	-4.7836	-0.79393	1.21426092106519
35.031	-0.73919	-5.3013	0.497598770758003
30.639	-1.4277	-6.4224	0.59485604800348
30.396	1.5929	-2.7118	1.12377829536979
37.36	-1.9229	-3.4248	-0.63103082374158
38.053	-4.9272	-3.8114	0.636090131282442
25.215	3.2448	-0.1568	0.302930814217263
37.946	-3.3618	-3.7233	0.413714434243026
36.345	-3.4584	-0.40195	-0.222540121538809
29.468	1.8323	-1.3242	1.15362466398028
35.221	-8.5458	-1.1697	0.784816310892495
37.076	-4.767	-1.1442	-0.35724680531178
38.1	-6.0953	-1.2467	-1.09805800158204
37.421	-4.2265	-4.3602	1.24814960097997
37.609	-6.1563	-1.2378	-0.299637956797564
29.628	1.4832	-0.091737	1.645
30.886	-9.9839	-3.954	1.20901161261826
36.237	-7.9567	-0.56517	0.299583016299447
38.043	-6.8756	-1.8666	-0.448811349448793
37.508	-3.0489	-2.1855	0.409085960837549
38.329	-4.7319	-3.6869	0.740859523443873
34.7	-1.2137	-5.6412	-0.470567034926433
38.1	-3.8544	-2.0497	-1.645
35.969	-7.2747	-0.90899	-0.682087278905599
27.088	0.10397	-6.6888	1.35296605522207
37.973	-4.0567	-3.8317	0.59891284068651
27.649	-11.462	-3.5438	-1.34533817117015
35.681	-8.7417	-2.8366	0.247158196906587
27.506	2.6504	-0.70193	0.285434198114943
29.352	-10.501	-3.6657	0.142357790379836
36.904	-6.9214	-1.6942	0.408093068408244
35.473	-9.362	-2.7353	0.890669709574067
36.27	-3.1772	-4.7845	1.645
28.019	-0.25125	-6.6692	0.42867321915178
33.485	-9.167	-3.831	1.22038185732855
34.236	-10.016	-2.8261	1.645
33.449	-0.6842	-5.706	0.532483786383768
36.817	-3.992	-1.0023	1.03873778805667
36.439	-2.5243	-2.1194	-0.848388003976423
34.364	-0.084456	-4.3062	0.504788777343394
35.596	-0.68966	-4.4515	-0.0715019036165597
36.24	-2.3286	-1.4169	-0.866262247669257
36.865	-7.6925	-1.6333	-0.987279208713577
37.22	-6.5674	-1.1292	-0.76595270130123
37.897	-4.8967	-1.5729	-1.645
35.228	-2.001	-3.9949	0.301213213898427
33.384	-0.71081	-6.05	0.573945664476267
36.605	-7.0821	-2.621	-0.187017146862593
34.196	-9.5363	-3.2052	-0.279390175664997
30.378	-9.9318	-4.0164	0.309238646203632
35.451	-2.0421	-5.2604	0.561168905814074
37.029	-6.5279	-1.0449	-1.35334218926205
36.22	-7.0306	-1.8249	0.799585686670486
35.361	-7.6139	-0.68234	-0.894934180764707
37.68	-3.1829	-3.9933	-0.380093143554
34.157	-1.6204	0.0068926	0.821790543009429
37.485	-7.2194	-1.5734	-1.25069079822536
36.966	-5.8746	-2.2644	0.948786311250463
36.318	-6.8931	-3.2431	-0.192724628175078
34.278	-8.7974	-3.7387	-0.641564054381294
31.307	-10.824	-3.7747	0.698186628499708
37.731	-4.9146	-1.0312	-0.569246134771106
23.754	-11.761	-3.3614	-1.03748809910096
36.647	-7.5774	-0.80506	-0.62733564417254
37.798	-6.4612	-2.1662	-0.728778108099563
37.754	-3.583	-4.2792	0.201743516251023
35.975	-7.482	-0.79263	0.395263029868912
37.505	-6.6685	-2.6847	-0.92662345266932
35.53	-1.198	-4.9193	0.171563910090161
37.23	-3.1353	-2.1204	-1.25837448084763
36.382	-2.1964	-0.9519	-0.43444890252551
24.761	3.1961	0.59405	0.615982383153296
33.85	-8.5339	-4.1833	1.03402603145158
31.588	-10.845	-3.7152	-1.19521475379749
34.348	-1.5875	-5.124	0.149826046115089
35.855	-8.5351	-4.1011	-0.149281408147544
35.188	-7.5203	-0.50527	0.972967505631503
29.408	-0.87213	-6.5897	0.289466458959193
29.318	-10.906	-4.083	0.306053263287237
36.734	-4.8522	-4.9762	-0.278143393826686
36.425	-0.63911	-3.5397	-1.53048273971821
35.68	-4.0853	-5.459	1.56479638827563
37.21	-7.0648	-0.9211	-1.54978826453928
35.97	-1.7404	-1.3486	-0.375349240382084
36.73	-2.8421	-4.3338	-0.763735016247221
35.127	-8.9068	-3.2601	-0.787223903964259
34.516	-1.442	0.39769	1.20013781797551
26.621	-0.41676	-6.7491	0.51305225517594
33.447	-0.099584	0.24688	1.35721991382147
35.417	-9.3933	-3.2228	-0.0732534286959114
37.061	-6.5184	-1.2337	-0.34154583968207
36.761	-4.0431	-2.5386	-0.151892860462479
36.51	-6.2637	-0.54518	0.212190333041971
36.466	-7.3544	-0.70317	-0.996329148006284
28.861	-2.2487	0.5869	1.645
37.211	-6.4572	-0.88182	-0.199828789156613
37.444	-6.7964	-3.6172	-0.923160563724949
36.601	-7.2495	-1.0362	-0.886056296927043
27.931	-0.28496	-6.5634	0.460932819084285
31.618	-10.13	-4.2517	-0.722689468303069
36.223	-7.4272	-1.0084	0.885212035915501
29.629	-10.882	-3.5421	0.573696574616064
29.947	-10.855	-3.69	-0.54595129343872
37.298	-6.2867	-4.72	-0.375732326417894
38.155	-4.6891	-2.4946	-1.13307202538825
29.457	-8.1844	-4.6495	0.206511332556708
37.961	-6.4367	-2.1714	-0.399265181109765
24.995	-12.011	-3.4335	1.645
37.283	-5.6156	0.019012	-1.645
36.059	-5.4499	-1.2052	-1.17509277636033
27.944	-0.12737	-6.92	-0.000969856551069254
33.895	-8.0079	0.42918	-1.10832280734123
34.547	-9.2514	-3.6529	0.0364644089787126
27.474	2.3031	-0.87242	0.787335769692974
36.897	-3.6054	-4.7352	0.135092089255578
34.858	-0.90232	-5.1763	0.52142877985146
27.282	1.8772	0.36123	1.2270421098084
26.937	-11.434	-4.0353	-0.552391190357976
34.051	-7.057	-4.9855	-1.41543775239182
36.385	-6.6891	-0.91737	0.145476312166146
36.707	-6.8401	-1.3848	-0.0586327678601907
36.43	-6.2279	-0.72841	1.10303962072386
37.485	-6.1472	-1.8209	-0.0463335731581878
37.336	-4.2892	-1.3951	0.883156387507438
36.534	-2.8847	-3.859	-0.442472224309829
36.765	-2.6537	-0.90358	-0.0649003646821296
38.365	-5.7093	-3.163	-0.68913863045279
26.795	-1.38	0.76789	1.645
37.736	-7.0645	-2.0451	-0.1045929198972
27.947	-11.622	-3.3485	-1.32012076492333
29.441	-2.4441	0.42788	0.649913934510861
34.545	-0.57259	-5.36	-0.708244699433144
37.192	-7.2199	-0.97104	-1.21338164011994
35.643	-1.0173	-4.7475	0.46923479558892
29.467	-10.775	-3.9691	1.37827952934572
36.573	-8.3132	-1.1099	-0.721425816475289
36.38	-6.6055	-0.06572	0.196936560925377
36.872	-7.3054	-1.1125	-0.518403551661946
31.012	0.82625	-1.0063	1.26094182240398
33.073	-10.383	-3.0347	0.654799964914226
33.721	-9.813	-3.1666	0.431171330853615
36.514	-2.8311	-4.6458	0.473941547996778
26.728	-2.4993	0.37058	0.498251844176468
35.137	-7.474	-0.47603	-0.505011665534709
33.092	-2.3509	-0.10809	1.2247258509292
30.162	1.0924	-0.59141	1.645
35.653	-8.8056	-2.0148	-0.258725404362607
37.55	-2.3992	-4.0514	-1.645
28.167	2.2203	-0.26485	1.645
37.262	-7.6743	-2.5575	0.0376676147405724
28.68	-0.5989	-6.5866	0.041649921285002
36.82	-6.8749	-0.3813	-0.334468385687696
37.969	-4.1044	-3.9668	-0.262511417592147
27.04	-0.27364	-6.8262	0.344421837651665
35.876	-2.8084	-4.9303	-0.19147603885733
36.613	-7.1136	-0.79163	-0.488065949534697
29.461	-1.419	0.7187	1.645
33.343	-10.105	-3.3928	0.592288315682937
35.407	-6.9301	-1.0617	0.442259542462676
36.67	-6.252	-0.26205	-0.711488855112364
36.115	-6.9508	-0.31193	0.584380118693511
30.193	1.2549	-0.92182	1.17018383286371
36.741	-6.2321	-0.25214	-1.32043934968022
35.394	-6.7244	-4.8998	-0.796258994154472
35.901	-7.5783	-1.5121	0.188959037018697
36.212	-2.8864	-4.4424	0.385287849728083
36.519	-6.8297	-1.8835	0.431057072774883
36.757	-4.3829	-1.9128	0.644954834089791
37.299	-4.6356	-4.2258	0.453799304207155
36.961	-6.9266	-1.1732	0.263940085781197
35.464	-9.2253	-3.2972	-0.500106410600192
35.372	-7.55	0.094466	-0.552397243618389
37.434	-3.8318	-1.858	-0.244711296365665
37.432	-2.5769	-3.2596	-0.0713094948918637
35.832	-1.7551	-5.3572	0.185134418236897
34.841	-1.1825	-5.6789	-0.976617240531063
35.748	-1.2876	-4.9432	1.36875567253797
37.279	-7.3662	-1.4602	-1.28631850080401
33.607	-1.7542	0.66326	1.645
36.366	-7.7739	-1.273	-0.0829553879940966
29.524	1.8227	-0.21233	1.35606121031555
24.281	-0.95431	1.6062	1.645
37.71	-3.7762	-3.6003	0.247133177192413
37.127	-6.706	-1.4274	-1.16134345697916
37.568	-3.1113	-4.1591	-1.26062112757763
36.105	-7.3621	-0.27467	-0.754823834507275
36.68	-3.1089	-0.80076	-0.753412222147321
37.185	-5.435	-1.2468	0.224697646836051
35.352	-7.529	-3.7597	0.801803138859528
37.144	-2.5994	-2.8073	-0.47335426894187
36.629	-7.321	-0.79914	-0.113419319057378
29.709	-1.2098	-6.7267	0.48171098115607
28.639	-1.7463	0.11451	0.233040048804414
33.884	-9.4559	-2.2002	-1.04014561798904
29.769	-1.6298	0.65782	1.645
37.081	-2.2684	-3.7777	-1.44398402895037
36.206	-7.2978	-1.6692	0.407763926530235
25.402	-11.378	-4.1255	-1.645
37.885	-6.1483	-4.0581	-1.46693231157966
31.038	-10.399	-3.8462	0.129711275858871
36.67	-6.0862	-0.60603	-0.484646673411951
34.412	-0.72442	-5.3799	-1.645
29.81	-10.35	-3.8864	1.17066401961628
33.106	-8.9881	-4.6548	-1.51432644297856
29.473	-0.48085	-6.5681	1.01937908427545
35.74	-1.5646	-5.2828	0.480377045942649
37.574	-2.8168	-1.8882	0.126495163723808
32.89	0.72047	-2.1587	0.891496407861917
36.778	-6.6332	-1.1096	0.269638779486778
37.034	-3.681	-5.0419	0.497175018623446
27.479	-1.1421	0.8687	1.06733536913314
35.114	-8.5241	-4.0748	0.0255562481983249
35.997	-3.0534	-4.6892	0.316075307543619
36.301	-1.469	-4.8456	-0.628850351488694
33.033	0.14127	-0.89016	1.51332149812112
35.769	-1.0613	-4.7791	0.472791987637629
24.668	-11.654	-3.2159	-0.113572167131732
28.566	2.1575	-0.46418	0.931441367965359
18.476	-11.922	-3.6567	-1.40241712929326
31.902	-10.188	-3.1425	0.232150026067505
35.592	-6.7005	-0.93449	0.557980396714779
34.055	0.053927	-3.4849	-0.621835159327634
29.642	-1.2463	-6.7948	0.426891256307974
37.359	-2.1066	-3.8716	-1.21365986959197
28.656	-0.89458	-6.9293	-0.0509919547450036
37.672	-6.7785	-0.78609	-1.645
35.668	-7.5501	-1.0858	0.375500744518481
36.261	-6.8152	-1.5389	0.856797289599818
36.834	-6.7319	-1.2722	-0.214034815804831
36.996	-7.5969	-1.0678	-1.64161020428614
30.542	-6.0829	-5.3952	0.243865851215107
35.304	-0.72865	-1.7241	-1.23973951216667
32.167	-10.434	-3.3169	-0.0834777687762576
37.241	-6.6798	-1.5083	0.247405784101286
37.692	-3.8642	-3.9815	0.80589562958543
36.295	-7.3641	-1.1927	0.00673145329396387
36.177	-1.3727	-4.7834	-1.23678536546725
35.221	-1.4667	-5.6054	-0.178092915143898
36.195	-3.0407	-2.149	-1.04095995315081
20.821	-12.156	-3.2601	-0.789032131484982
28.31	-11.059	-4.4058	0.783293739210295
37.112	-7.4161	-1.9881	-0.954931949786569
35.304	-6.792	-4.5462	-0.525607681520047
31.554	1.5166	-0.70294	1.645
35.332	-3.4379	0.25797	-0.172935692138529
33.492	-9.8817	-3.9009	-0.362739089754294
37.411	-6.3305	-1.4893	0.173269209572204
35.78	-6.7263	-1.6317	0.444490942254012
33.448	-0.77411	0.15523	0.488465425885977
35.375	-5.2242	-0.81239	-0.827649796834652
33.301	-0.8584	-6.2191	0.902852059775733
33.996	-0.50546	-3.2843	-0.169364769210712
36.135	-7.0239	-0.50614	-0.456478712252944
35.965	-2.0548	-5.2201	0.0496433797246192
36.394	-6.1789	-1.2919	0.352477963877256
37.406	-4.8724	-2.8986	-0.867652844475943
36.04	-7.8278	-3.3901	0.13704130489951
36.003	-7.4847	-0.98669	0.617914803277277
37.505	-3.3844	-3.665	-0.383866843229503
38.095	-4.4114	-3.0289	0.662569147934547
28.845	-0.3391	-6.3215	-0.881469269029132
31.873	1.1603	-1.4668	0.773554080082812
37.224	-5.958	-1.089	0.650778891631612
37.745	-6.0125	-2.6235	-1.09921016529757
32.761	-10.279	-3.5803	-0.214139860669216
35.146	-6.8688	-1.1453	0.238819501503305
22.237	-11.81	-3.5527	-1.60372424888265
36.309	-1.0166	-2.6914	-1.61544257899376
32.789	-9.4975	-3.0511	-0.83481010283791
38.051	-7.0224	-2.7249	-1.53888475760215
37.117	-7.0294	-1.3152	-0.422380243349124
29.757	-0.67542	-6.5392	0.825757337623693
37.809	-6.3381	-1.42	0.272599053759908
37.268	-4.9914	-0.25184	-1.645
37.709	-3.5095	-2.5169	-1.01231174564858
29.359	-1.6151	0.50232	1.645
35.72	-8.5251	-3.5035	-0.58727537867282
35.965	-1.3746	-5.0021	1.01074361446656
36.316	-4.3292	-0.2157	1.17103643381122
32.677	-8.7274	-4.1685	-0.00168301099698571
38.36	-5.3256	-2.9136	-1.17088694119406
36.221	-7.3412	-4.4751	-0.437821974074393
34.415	-6.8325	0.075148	-0.152486594014556
28.368	-0.59665	-6.7559	0.0245117166784272
36.759	-3.5836	-0.81804	0.76058751161282
34.095	-9.7839	-3.228	0.214771435213394
37.368	-6.4768	-2.9922	-0.25429155644257
37.332	-7.2515	-3.8961	0.508162274516823
35.258	-5.3219	-5.4431	0.501122436195291
36.321	-3.9637	-0.27042	-0.293801192545064
36.03	-6.7396	-2.2656	-0.301331775962279
36.297	-6.6218	-1.3064	-0.849996634173413
36.623	-2.2417	-4.4946	0.891826564442522
30.035	-10.734	-3.8263	0.974713614448307
36.66	-6.6386	-0.37036	-0.436794735446616
21.515	-0.27706	1.74	1.5214080537054
33.103	-10.306	-3.7632	-1.43847809561059
36.952	-8.0395	-3.7747	-0.63692494566604
22.571	-0.57713	1.5151	1.645
37.393	-3.4946	-4.3244	-0.294867980684129
29.076	-11.036	-4.0158	-1.31948056702789
27.77	-11.555	-3.6482	-1.19877581756462
37.578	-3.8494	-4.4812	0.514517770866357
37.42	-3.8425	-1.2864	0.863478520563829
26.936	-1.6129	1.3973	0.719304966932587
36.112	-7.3194	-0.71772	-0.186956472976136
35.791	-7.0583	-0.31701	-0.151954793510317
30.4	-10.876	-4.4696	0.793398709645129
35.159	-1.6508	-5.7185	-0.850263932599886
36.861	-1.5517	-4.234	-1.04610104559352
26.877	2.3493	0.26303	0.285628811682735
20.474	-12.495	-3.206	-1.14310383616962
27.177	-2.3797	0.14023	1.43116146980095
37.496	-2.3662	-2.2257	-0.764108222412451
34.893	-8.2576	-0.2879	-0.551051399761711
26.716	-11.636	-3.9302	0.270523556344733
34.889	-7.5416	-4.5362	-0.750020442953825
36.442	-8.308	-1.1302	-1.09998651221548
35.773	-7.8802	-0.81617	1.27164126001421
37.317	-6.8573	-3.3818	-1.24955389384037
36.102	-3.0749	-5.1304	0.852280922644095
37.105	-2.5589	-3.5756	-1.14897348570552
25.809	-11.625	-3.7767	0.454794327109603
31.857	1.6245	-3.1076	1.645
26.788	-1.3344	0.7076	1.645
37.049	-6.6954	-1.5441	-1.24600374402206
30.72	1.4517	-0.34053	1.56492103076373
27.045	2.3681	0.63953	1.06805019191519
20.617	-0.3175	1.6639	1.54111900565955
37.887	-5.396	-1.5637	0.0445699469060109
37.858	-5.3791	-3.9756	1.645
37.652	-4.4151	-4.0434	-0.395219604446158
29.685	-10.994	-2.7076	-0.700877619566968
33.751	-10.254	-2.9882	-0.708084285560538
33.908	-0.57427	-1.1263	1.645
36.426	-7.9875	-4.213	-0.231421467430667
33.919	-7.0507	-5.0645	-1.41485139731974
37.54	-3.8517	-4.3804	0.495479857501494
35.577	-1.6453	-5.4049	1.645
38.032	-3.8433	-2.5224	-0.467284177657496
26.259	-0.18253	-7.0548	0.211870320104796
35.993	-7.0808	-1.3785	1.1896319841941
34.187	-1.4715	-5.6999	-0.569008777114428
38.371	-4.863	-2.051	-0.395155931593225
36.918	-7.5758	-1.5006	-1.27398052818742
36.473	-1.6404	-4.767	-0.613213286443024
28.657	-0.49517	-6.6234	0.268342579324621
36.394	-7.593	-0.62675	-0.946775059095048
36.478	-7.1979	-2.0881	-1.26402984695624
35.184	-9.2901	-3.1965	-0.870999168155219
33.753	-9.4761	-3.5559	-0.165124527187539
38.074	-4.3028	-2.4632	-0.679797728297688
36.292	-2.6554	-4.4174	0.0114508979159679
37.272	-6.8375	-1.1314	-0.579282556218655
33.715	-9.6432	-2.123	0.152683759578129
35.237	-0.69076	-4.8874	0.665994627191747
24.414	-12.142	-3.2013	0.482211692498565
37.569	-6.5148	-1.4642	-0.0120474469893965
36.96	-6.9343	-1.0159	0.598338003429624
37.294	-1.9809	-3.4145	-0.367852960047706
37.737	-6.611	-1.2513	-0.384011916256847
37.08	-2.6979	-1.4846	-1.645
37.508	-7.0244	-1.8393	-0.675953427809387
37.038	-4.3294	-1.0892	0.565452050813594
34.492	-7.3364	0.24994	-1.19183781034817
27.619	-11.723	-3.0238	-1.31712272312732
37.109	-7.0105	-0.90472	-1.01213981858273
33.954	-0.85081	-5.874	0.228646262668148
25.499	-1.9116	0.89186	1.645
33.203	-10.02	-3.7952	-0.453277304162776
36.949	-4.5689	-2.2549	-0.740883373902321
38.43	-6.1105	-2.4777	-0.362360445200501
36.281	-7.2612	-1.4428	-0.625321239325374
36.205	-2.6511	-0.80731	-0.512333561208229
31.294	-7.8077	-4.7166	0.959223778638719
28.036	-0.32208	-6.6729	0.000887901420661091
37.033	-2.5461	-1.0928	-0.451844939566502
33.627	-10.262	-3.7998	-0.840204419703557
28.89	2.0927	-0.92713	1.1072239537851
36.811	-6.4165	0.35144	0.152228264759699
37.011	-5.9559	-0.4383	-1.57948979388839
38.201	-3.9247	-2.182	-0.653136783821791
36.854	-3.5895	-4.6313	0.366547275492032
37.373	-6.9962	-0.69014	-0.722710055060002
38.149	-5.5533	-1.2842	-1.17621912328984
36.144	-2.2189	-1.1147	-0.464864716111723
35.14	-0.37334	-2.7565	-0.917785927084222
36.902	-7.0363	-0.65284	-1.31702235050147
36.446	-6.3734	-4.8093	-1.0321677223246
36.044	-8.7182	-2.4083	-0.645548139874211
34.719	-9.8405	-3.3063	1.645
36.437	-3.6993	-4.3082	-0.188677272656696
34.532	-1.6199	-5.9276	0.327720227537515
24.371	-1.4143	1.2245	1.645
27.162	-11.286	-4.1317	-0.963354083504044
35.233	-8.8871	-3.1131	-1.645
34.886	-6.2481	-5.5571	-0.232839032993643
34.45	-9.2067	-3.1109	-0.0167927858964048
35.822	-6.391	-2.1782	0.437423370404552
35.733	-1.9219	-0.14499	0.337937483841898
35.874	-8.6177	-1.8043	-0.049451774135333
34.192	-8.3314	-3.5638	-0.43959924506485
37.948	-6.3604	-1.6608	0.223542231811898
35.228	-8.4952	-3.2171	1.15794353343927
34.806	-6.9562	-0.62806	-0.223238286692302
26.345	-1.1055	0.5634	1.19241033627359
25.296	-0.72466	1.6146	0.651856214325708
37.422	-3.4628	-2.3274	-0.356983316522077
28.048	-11.488	-4.1721	-0.779241594292381
37.105	-3.6061	-4.5524	0.252509208103494
36.419	-6.6899	-0.5559	-0.110192328729551
35.34	-2.5809	-4.242	-1.13722268284415
33.407	-9.7397	-3.9947	-0.49527936078354
32.896	-9.6574	-3.1526	0.337604195289374
36.359	-7.4549	-1.0004	-0.484939403508138
35.12	-1.2742	-2.8903	-1.61111660201286
37.498	-3.5547	-4.4466	0.237972442366667
36.054	-7.6498	-0.76852	-0.261044703893598
37.167	-6.6659	-1.13	-1.01787592601966
37.129	-4.2692	-2.0975	0.141305178674237
36.978	-1.6567	-1.9199	0.0906013276156725
29.606	1.5715	-0.54431	1.645
33.643	-1.3637	-2.5897	0.910044013711849
34.789	-7.3388	-0.54573	-1.40186958006437
28.725	1.7036	-0.72164	1.645
24.712	2.8802	0.58317	0.751304365308365
36.593	-5.8661	-0.6886	-0.903002915410442
36.284	-1.8405	-5.0251	0.270712920695882
29.893	-1.3723	-6.5831	1.12164802359386
36.546	-7.4554	-1.1895	0.407735790393255
35.946	-6.5489	-1.2203	0.814343117077513
36.537	-6.8783	-1.0337	-0.0856754250230063
20.317	-12.541	-3.2969	-1.33531450945171
34.361	-1.276	-5.9627	-0.818322274010191
37.923	-3.705	-3.5402	0.733341374733148
37.259	-3.0075	-4.4835	0.263750729022951
37.096	-3.0514	-4.6541	0.0629023727056299
34.849	-9.695	-3.414	1.645
38.398	-5.8134	-1.1318	-1.645
24.003	0.13853	1.4663	1.55769376878196
37.122	-3.4666	-4.8168	-0.0407517736035179
36.732	-7.2218	-0.73825	-0.573021581703689
33.778	-8.1256	-0.58235	-0.820188730266157
31.849	-10.422	-3.1593	0.148302838675646
37.14	-3.9296	-2.3872	-0.167076868746542
36.72	-6.1892	-0.64828	-1.06943366475782
36.229	-7.0194	-0.57746	-0.0114889295071603
31.782	-10.612	-2.5976	0.598666553165303
33.339	-3.0923	-1.8954	1.60230181513644
31.845	1.0033	-1.1008	1.48381489034238
34.623	-7.9058	-0.21977	-0.821444938684818
36.82	-6.9642	-1.231	0.777861461080476
38.141	-4.2786	-2.7783	-0.976427170287978
36.231	-6.2373	-5.1256	0.693953967958167
36.289	-2.5821	-5.4333	-0.284611074783121
37.38	-3.0814	-1.6637	-0.892235659437407
35.425	-1.3523	-5.359	0.0688893086598646
35.754	-8.7903	-3.0805	0.131449945648436
36.588	-2.8971	-0.65573	-0.53167024882998
28.461	0.98628	0.17033	1.645
36.185	-1.9151	-5.1717	1.63305139217987
36.577	-3.213	-5.146	0.835144674215918
36.786	-8.3038	-2.0017	-0.448749364454975
37.997	-4.8692	-1.9471	-0.399667876275767
37.103	-6.7509	-1.4273	-0.121704027485556
38.09	-4.6696	-3.7878	0.779681839798513
25.277	-1.3055	1.488	1.645
36.099	-2.2894	-4.5739	-1.02578989132786
31.698	-1.481	-6.3148	1.19450161357357
37.265	-6.8089	-1.3866	-1.1058758878959
32.951	-2.1329	0.73755	0.584406055024077
35.127	-9.5065	-3.6642	0.74918702567953
36.16	-6.4134	-0.87063	0.488443400447841
37.729	-4.9993	-4.3855	0.419883684806911
32.13	-10.432	-3.3767	-0.70229650593921
37.573	-3.3045	-2.1576	-1.242079023609
37.755	-3.5724	-3.9847	0.242111357272852
37.348	-6.6439	-1.5268	0.15594927752194
37.925	-7.2268	-2.1791	-0.684346583481177
36.177	-1.8567	-5.0243	1.41489403353429
37.795	-6.7263	-1.3088	-0.746499214435233
31.65	0.84958	-1.5053	0.605118162855953
36.07	-7.6448	-1.1824	1.19127762306905
22.184	-12.39	-2.6067	-0.550319252255079
30.247	-10.532	-3.9948	0.393664794869131
37.393	-6.592	-1.4972	-0.70229907523388
37.554	-2.4907	-3.7862	-0.910724371038528
37.201	-7.6178	-1.6684	-0.502891663948649
30.283	-1.7556	-6.5862	0.604042046158509
25.356	-12.145	-2.9767	0.738922203085516
35.172	-5.0249	-0.59907	0.691524316963673
37.305	-7.1596	-1.4898	-1.2107843140407
35.947	-3.498	-4.6138	0.262818859641672
33.207	-10.28	-2.8261	0.937246125727372
28.016	2.2856	-0.45016	1.10730959783356
22.195	-0.52443	1.9394	1.645
35.802	-9.2502	-3.1529	-0.884249360214833
36.956	-7.4289	-1.0991	-1.645
38.171	-4.4907	-2.327	-1.34466803824097
36.092	-7.0394	-3.7643	-0.404033214071077
26.98	-11.301	-3.1408	-0.720452072015045
35.669	-5.378	-5.4118	0.929639370456183
34.864	-0.4048	-2.0771	-0.336174451267084
36.613	-7.0288	-0.34779	-0.00992078357687316
31.329	-9.8618	-4.0712	0.427638169012676
36.769	-3.844	-5.1959	-0.0980162601571282
30.827	-10.451	-4.0079	-0.0870133532668546
37.061	-7.7577	-3.156	-1.20625803839302
34.483	-1.1037	-5.7561	-1.08411742758351
35.73	-7.9709	-0.66978	1.1558787667378
26.612	-11.577	-3.6266	0.392234813370937
36.745	-7.1831	-2.3689	-0.405165118106052
31.359	1.2267	-0.79001	0.700776718710221
34.084	-5.1555	-0.37926	0.3953190207018
38.29	-5.6387	-2.4153	-0.736917522346929
22.106	0.18732	1.8667	1.645
35.735	-6.692	-0.29731	-0.233501079159559
17.095	-12.321	-2.8753	-0.712282500315651
36.501	-6.4825	-0.69156	0.116488996228631
26.577	2.4753	-0.54886	1.645
37.219	-2.0424	-2.5208	-0.58155147054849
36.172	-0.92643	-4.2247	-1.15053288729217
37.095	-4.2397	-4.9509	0.260995298591842
33.674	-1.1195	0.1615	0.389679312811359
36.517	-7.0275	-0.29672	-0.0338310103997074
31.972	-10.291	-4.3015	-0.425649985941268
37.138	-4.5323	-4.5154	1.62083811218538
32.883	-8.6579	-4.8132	-1.01602534210446
33.946	0.48495	-2.0193	1.48116095148278
33.226	-8.1007	-3.0252	-1.05710577793068
36.037	-8.4397	-2.6454	-0.947400024610809
32.196	-1.6907	0.61627	0.811370354038215
27.763	-0.19828	-6.7383	0.655710356899655
36.339	-6.8364	-0.98471	0.841154831135372
32.65	-0.74971	-6.2361	0.613020649662867
36.261	-2.6379	-4.6789	-0.681866574938654
35.636	-9.2272	-3.3149	-1.04876858012949
37.07	-2.1273	-3.4271	-1.58441433015499
36.04	-8.1498	-3.5092	-1.26867022749305
37.255	-6.7602	-0.97143	-0.944517218938732
33.652	-9.6058	-2.9365	1.21522074314255
35.983	-8.1255	-2.4158	0.639773911241771
34.944	-8.9841	-4.1297	0.853171392090343
33.04	0.80558	-4.2231	-0.0965276958176885
37.059	-7.1464	-0.47755	-1.61491015933538
35.629	-9.285	-3.1762	-0.79971938891105
37.101	-2.5892	-4.5559	-1.28459209120724
33.365	0.518	-1.5642	1.645
37.799	-3.4383	-3.9197	-0.773725306615504
37.502	-6.2755	-1.1577	0.362432333921176
37.352	-7.3788	-1.6396	-1.18052253914667
34.537	-0.89781	-0.21511	1.645
34.933	-9.2861	-1.8374	-0.472381995358456
34.882	-6.9392	-0.59267	-1.32412015550468
28.051	-11.463	-3.9954	-0.520640843495284
38.583	-5.346	-2.3082	-0.647616137890262
35.765	-2.3939	-5.2168	0.971915415614391
35.587	-2.51	-0.4416	-0.154407483256294
37.18	-7.2877	-2.0295	-1.20594625011199
36.955	-6.6936	-0.62468	-1.645
33.145	0.72644	-3.0346	1.645
36.358	-1.9963	-3.3979	-0.142784325623583
35.264	-7.1588	-0.50919	-0.95954565687
34.658	-0.62976	-5.3143	-1.645
36.36	-2.2355	-0.98092	-0.625094407904394
36.834	-7.6649	-2.6837	0.15513153184147
21.132	-1.0722	1.3773	1.645
13.152	-11.939	-3.2046	-1.14701753584993
36.426	-6.7145	-0.56541	-0.803078330206566
36.807	-6.8513	-1.4331	-1.07630031384683
36.444	-7.3508	-0.80357	0.0793500305692602
35.638	-1.1759	-3.9446	-0.315541901910954
27.737	-11.284	-3.2202	-0.774964070034819
36.113	-7.5229	-1.1566	1.30450470586716
34.689	-0.28268	-3.6521	-1.07556854719009
37.379	-3.6702	-0.92475	0.244030591541188
38.099	-4.1749	-2.0066	0.51024762569182
38.276	-3.9029	-2.2387	-0.241301920054277
35.502	-5.9782	-1.6541	-0.567996620033042
36.584	-6.9242	-0.77023	-0.490210557144203
35.672	-1.7917	-5.3377	0.859526491697764
36.752	-3.5477	-2.6273	-0.584184659228395
34.205	-9.6351	-2.6179	1.645
36.673	-7.7313	-1.7312	-0.962256228620623
34.93	-7.4385	0.28604	-0.570937504629281
36.492	-7.1408	-1.0361	-0.697655534507446
37.788	-4.174	-1.7582	-0.340098335949698
36.965	-3.0487	-1.9398	-0.239720589903852
38.23	-4.9132	-3.4835	0.984985423045882
36.663	-3.1631	-0.3802	-0.46813314556275
33.099	0.055081	-5.2592	-0.212746238905286
31.239	-10.563	-3.4322	0.164885594568785
35.881	-1.4853	-5.1216	0.310067423769874
33.57	-8.7984	-2.8098	-0.241472668366738
37.128	-7.3755	-1.516	-1.3240580877558
33.552	-9.7298	-1.7604	-0.258751326835334
35.169	-9.4052	-2.0994	0.57210847239905
33.728	-7.5046	-4.2941	-0.744436875690576
31.148	1.1191	-1.7657	1.30752303857768
36.1	-5.7452	-0.9397	-0.68485159269977
14.2	-12.25	-2.7913	-1.18569044352751
33.449	-0.70302	-0.86649	1.645
36.735	-2.0513	-4.5974	-0.975924984377423
37.97	-6.9158	-1.8538	-0.101082212980549
37.271	-6.6982	-1.6293	-0.10489723935416
36.379	-3.7123	-1.4074	-0.635158322537678
24.282	-11.844	-3.4144	-0.141357605304406
36.613	-3.0796	-0.94265	-0.918610472633938
35.771	-6.6465	-1.0204	-0.969706324190807
29.6	1.593	-1.8446	1.2533201634971
37.883	-2.6633	-2.9858	0.157445963010062
31.258	-10.897	-3.3516	0.631109525833185
28.835	-0.9672	-6.622	1.4206729091576
26.632	-11.363	-3.9523	-0.888567317663202
34.045	-9.3825	-2.7884	1.45593811980956
36.668	-5.7643	-0.36006	-1.18716523202235
33.156	0.051677	-0.95287	0.581573396665388
33.764	-0.71277	-5.7633	-0.112839296130495
35.295	-7.3557	-2.6164	-0.0459638477910589
34.803	-7.3818	-0.18694	-1.10889326000785
34.462	-9.6263	-2.7398	0.676699306407551
35.186	-7.3743	-0.73991	-0.852676420952283
36.568	-6.7341	-0.43936	0.0356447019207308
37.311	-7.1319	-2.484	-0.971656137151972
24.603	3.0977	0.72789	0.758599158073156
30.903	0.73487	-0.78254	1.39691125458422
36.998	-6.8792	-0.55387	0.414850666543957
33.493	-0.10664	-5.5756	-1.49366021253474
38.411	-5.9434	-2.5654	-1.645
23.875	-11.581	-3.7265	-0.308670528380937
31.882	0.099737	0.85538	1.31554020110612
31.935	-9.6442	-3.1092	-0.976086428828721
26.959	-11.641	-3.4896	-0.447414558820846
27.536	2.4938	-0.31686	1.34103143623433
37.244	-6.5933	-1.2809	-0.615123844438458
29.127	1.8274	-0.60295	1.645
37.126	-1.7498	-4.0023	-1.645
37.964	-6.7002	-1.5893	-0.119383843530535
29.648	-0.84476	0.71673	0.281296801279209
37.316	-6.1483	-0.43037	-1.60183559231855
37.077	-7.9142	-1.4075	-0.794408817697765
33.288	-0.28058	-5.9272	0.556510920872315
35.647	-8.0758	-4.3618	-0.222751001070613
36.307	-7.1819	-0.72469	-0.359314796128118
37.012	-7.3768	-2.6185	-0.880299864404328
29.6	-10.915	-3.8914	1.52587250466995
37.241	-3.7254	-1.2785	1.16165151880526
36.381	-6.3235	-0.97449	-0.666902152400533
38.228	-5.9979	-2.4075	-1.52452473505512
29.683	2.3099	-1.5653	1.24578375072832
36.092	-3.3609	-0.37577	0.247493672016044
36.459	-2.2777	-4.9212	-0.857945320775797
26.628	-11.465	-3.5706	-1.06203630006729
37.597	-4.7139	-4.268	1.645
37.638	-2.9456	-1.7393	-1.03395374358012
36.825	-5.2081	-2.5948	-1.50101567618541
37.001	-3.1956	-1.9825	-0.503348772923643
35.376	-7.6203	-0.86273	-1.02636697565702
29.737	-10.997	-3.7093	0.112785502754732
36.646	-6.9621	-4.4572	0.373928892154356
35.599	-6.7579	-0.15719	-0.35739141433863
31.82	-1.1205	-6.6025	0.886798834045663
36.406	-3.0178	-1.5552	-0.13291205759384
33.897	-9.3231	-3.4479	0.542872438688599
32.105	-1.7627	-0.10838	1.645
36.277	-7.249	-0.71106	0.345860733117639
36.737	-5.862	-0.77037	-0.861125162443788
36.388	-6.8777	-0.40505	0.126039537985908
37.261	-2.7718	-4.19	-0.532065825001265
31.621	1.471	-2.1952	1.645
37.684	-3.9188	-3.9944	0.841267027112938
24.924	3.2424	0.63254	1.645
35.866	-3.3966	-1.9231	-1.05911843844326
27.767	2.2237	-0.43318	1.37614168345708
35.011	-9.3326	-3.6961	-0.54075791045323
36.754	-3.0007	-4.6999	0.201869175856946
28.246	-11.364	-3.9274	0.161372016106318
28.058	-0.40419	-6.5521	-0.471631181980854
36.427	-6.7942	-0.72939	-0.538782366094875
38.176	-3.9397	-2.3623	-1.02168716975914
31.848	-10.514	-3.7276	-0.184268371421741
32.421	-9.9028	-3.8736	-0.383719410895934
37.445	-4.4388	-3.7318	0.393004750847497
35.951	-1.7764	-5.2628	0.183863350583618
35.052	-2.3438	-0.25459	1.13441836119815
37.046	-6.6266	-1.4054	0.461441015099384
35.805	-0.27107	-3.7675	-1.14005170583246
37.018	-2.1404	-3.4635	-1.42802262973508
29.485	-11.04	-4.0291	1.49526658518938
34.963	-0.91573	-4.2992	0.032205206465143
35	-8.9277	-3.0689	-0.0996113708299429
37.03	-6.9054	-0.89318	-0.152607211290456
36.998	-6.6701	-0.68066	-0.387773742018153
28.959	-10.732	-3.9835	-1.01120248650785
28.796	2.6423	-1.0447	1.06846847316174
35.607	-1.8209	-5.5017	1.645
29.049	2.1374	-1.2587	0.872690978253709
36.564	-7.3469	-0.8169	-0.316664209411482
37.58	-5.6603	-2.0723	-0.858789276008136
31.865	0.77388	-1.3397	-0.0174258162428574
29.143	-1.0016	-6.5471	0.502547667862036
27.258	0.22043	-6.3336	0.183716901939455
35.159	-8.7272	-4.1003	0.190857499694517
35.815	-7.8946	-0.37288	-0.0847093314146866
37.493	-3.1652	-4.0554	0.0618792033722946
36.963	-3.5361	-2.5995	-0.554699007884757
37.393	-5.8686	-0.98026	-1.4946965781732
37.813	-3.2192	-2.0258	-1.36972813576934
37.005	-7.4155	-1.2923	-1.18255797304052
36.678	-7.6703	-1.4146	-0.986160605007172
36.409	-6.576	-1.957	0.916987486987898
36.077	-2.6253	-4.9514	1.01633725417862
36.243	-3.5794	-0.21717	-0.383963854845333
36.026	-6.626	-0.1023	-0.546122822621371
36.241	-3.1487	-1.2023	-0.423338298577465
26.151	2.5267	-0.32816	1.645
37.961	-4.5137	-3.6152	0.463090616859325
34.751	-2.076	-4.7894	-0.00543246771343672
35.408	-1.3801	-5.2085	0.87032895548862
31.983	-8.192	0.43924	-1.12329400264611
37.348	-4.3808	-3.4643	-0.896727813948852
25.224	-11.867	-3.7074	-0.912350308236969
29.185	-1.0694	-6.7569	0.229962648642925
34.119	-1.5572	-3.3554	-0.212471203526807
35.665	-1.1446	-3.4708	-0.324465266276458
37.853	-6.0901	-2.2477	0.0200202808447828
36.103	-2.9022	-4.7952	1.645
36.835	-3.5596	-0.94827	-0.685705137582588
36.17	-7.445	-0.85062	0.781366488511421
26.906	2.3831	-0.26394	0.467058496361693
36.06	-7.5642	-0.4854	0.29770910686209
37.14	-4.964	-4.1295	0.891556411259307
36.254	-2.536	-4.605	1.56573531738978
37.401	-2.788	-4.0256	-0.477370409055063
36.424	-7.281	-0.91605	-0.509363361616483
35.811	-7.1054	-0.26252	0.0236182126255088
35.131	-7.9391	-1.5386	0.50172283071634
36.196	-2.2167	-5.2777	-0.649727809621329
35.143	-3.4181	-0.3143	0.54819099031873
35.111	-2.7285	-5.6907	0.862982938526025
38.008	-3.2008	-3.5752	-0.529945698896146
35.136	-0.6424	-1.0237	-0.170364565216931
35.689	-6.7757	-2.8578	0.808127683435986
29.713	-1.3836	0.57155	1.645
30.906	-10.083	-3.4443	-0.384922889349505
34.883	-4.4287	-1.5223	-0.283749764626693
38.086	-4.8205	-3.8928	1.16981455740749
37.501	-3.63	-3.2459	0.391952690605666
35.843	-6.6108	-1.5401	0.633733239038203
31.505	-10.677	-3.5357	0.0297601689320293
37.16	-6.6232	-0.7396	-1.5325807144982
36.42	-7.2465	-0.79641	-0.0448128434026844
31.917	-9.7447	-4.6294	-0.956190829238351
37.031	-6.9763	-1.0374	-1.32934120331852
38.265	-5.2641	-1.6418	-0.146188225679954
37.023	-7.7618	-3.0738	-0.249876809890234
35.848	-8.0086	-0.74692	0.252902646134136
37.359	-3.4721	-4.3656	0.814552621010587
37.919	-4.1884	-3.3612	0.563409981775577
31.151	-10.386	-3.707	0.864469623623407
37.056	-2.086	-4.1943	-1.18848849124843
38.006	-4.5622	-1.6132	-0.843910044638798
36.625	-3.1859	-5.035	1.02662542949801
22.994	0.17768	1.5887	1.645
37.974	-3.5713	-2.2629	-0.0667325746521316
35.991	-7.1105	-0.27884	-0.264556460560216
34.046	-7.7115	-0.99998	-1.22896858407257
28.049	-10.987	-4.007	0.834039883509302
24.626	2.8702	0.65734	1.56911720542076
35.883	-6.8386	-4.8344	-0.838579325190681
36.537	-6.301	-1.1695	-0.348147114943951
36.684	-6.916	-0.54257	0.362030083968933
36.131	-6.7703	-0.6249	0.756713403317295
36.721	-7.1728	-1.6014	-0.27401594612813
36.291	-3.2826	-5.4975	0.426813748425393
37.998	-6.5588	-1.1578	-0.67485801239941
37.407	-3.279	-1.2402	-0.779527849377349
34.719	-0.76652	-0.38087	1.645
24.667	-11.97	-3.4268	-0.661267221386075
36.562	-7.8558	-2.4601	-0.597532342076308
34.523	-6.4037	-5.2684	0.262378927293092
36.344	-2.7243	-5.0541	1.20614858672467
28.704	-1.2358	0.73461	0.776145799676826
35.112	-8.381	-1.5627	-0.305921394780407
36.561	-8.08	-2.507	-0.66833959137937
29.101	1.8205	-1.2912	1.645
35.878	-8.1252	-1.6888	0.158172892098793
33.057	0.84632	-2.7147	1.37638713792325
33.546	-0.34527	-5.445	0.0874340899847611
31.882	-0.57295	-5.8092	1.29335460496805
24.91	-11.954	-3.5912	0.568879945459007
38.382	-5.4187	-2.2298	-0.782425022643984
35.342	-0.84757	-4.9727	-0.198787785323552
34.619	-5.6944	-5.4814	-0.343320244261357
36.436	-7.5013	-0.96146	-0.873993562949113
37.02	-3.3083	-1.0167	0.200649318529857
34.806	-8.8901	-2.973	0.0345085208832048
34.347	-0.98887	-5.2431	0.0217393609518996
32.922	-10.36	-3.0592	-0.189595523962108
37.436	-2.0099	-3.387	-1.24929406941684
27.802	-0.52154	-6.6001	-0.403205418256764
36.324	-7.7981	-3.4379	-0.00988276634638873
33.436	-1.2899	-6.2745	0.944503004660268
33.177	-9.7487	-2.9992	0.0108609902734552
27.274	2.4161	-0.10539	0.121672068347397
25.93	-1.2025	0.87789	1.53268494966188
36.272	-2.8487	-4.1937	-0.484224856107746
37.157	-2.2965	-4.1908	-1.16941750625383
30.682	1.0168	-1.2092	0.347410957611873
34.541	-2.8555	-1.6681	0.141975021514116
33.291	0.40457	-1.8331	0.613852208864376
37.406	-4.0066	-3.9598	0.453690071700665
24.997	-0.66669	1.1359	0.760788403505503
36.12	-6.4143	-1.0835	-0.303649660691259
34.659	-1.9863	-5.9829	-0.152822235714148
36.488	-7.3251	-2.3262	-0.333364155377272
27.032	-11.414	-3.9168	-0.472231812665456
33.231	0.16905	-5.6528	-0.249051808209141
35.542	-6.5946	-1.1652	-0.27108186186671
36.53	-7.222	-1.5122	-0.167548975881499
35.769	-1.7993	-5.2612	0.856466485299608
35.546	-8.9878	-2.0374	1.36365670962587
36.791	-7.3313	-1.4707	-0.482874716184328
29.891	1.399	-0.59674	1.63758527312015
35.835	-5.3318	-5.5868	0.320636911467235
28.257	-0.68969	-6.8239	-0.530939724908502
37.377	-6.8635	-1.8859	-1.09701781567205
27.464	-11.751	-2.8039	-1.40088356869115
28.168	-0.41404	-6.7192	0.0715580406888626
37.75	-4.869	-1.3026	-0.344643557789116
35.944	-7.7459	-1.3209	-0.52732228759977
38.082	-5.3314	-2.1137	-0.759743462206504
33.007	0.29962	-0.29684	0.911281162466597
38.541	-5.8464	-3.3132	-0.508662203982708
36.802	-7.1285	-0.91854	-0.852094390292925
37.28	-2.8613	-4.4514	-0.970379708970954
27.788	-0.7983	-6.5807	0.381265631506715
29.504	-10.993	-3.853	1.645
30.43	-10.246	-3.9492	0.926573582844209
35.675	-7.1694	-0.86933	0.889601420500506
37.326	-5.6839	-4.4112	1.645
36.829	-3.054	-4.6771	0.0493895956091317
37.127	-7.6054	-3.972	1.34769493286393
32.465	0.75286	-1.4389	1.645
33.046	-8.5364	-0.65937	-0.645395216653473
32.73	-10.178	-2.8586	-0.949242182473976
34.579	-9.3204	-3.3467	1.16858143474725
33.708	-1.6614	0.33322	1.645
37.264	-6.7331	-1.3042	-0.0778711712094199
33.378	-9.128	-3.986	-0.619435963228659
36.682	-6.2436	-0.22291	-0.631319129532937
30.821	-10.162	-3.2975	-0.763002791669614
36.51	-8.369	-3.6788	-1.14455778538462
24.884	-12.03	-3.7199	-0.531043852229599
35.633	-2.7754	-0.42644	0.226163746671048
36.718	-6.6751	-0.98773	-0.082056005689141
35.556	-2.9167	-0.96308	0.351664425073304
27.416	-11.642	-3.608	-1.14230673152457
35.042	-7.5012	-4.9165	-0.313028718526408
37.034	-2.7736	-2.7544	-0.837012073842542
37.879	-3.3745	-3.9897	0.135322293707635
28.693	1.9418	-0.84665	1.645
36.863	-4.6665	-0.57369	-0.65452647224849
37.196	-2.9731	-1.8959	0.142705990408325
28.874	-11.12	-4.0281	0.685480804881075
37.449	-6.7361	-1.3597	-1.645
35.503	-6.2815	0.51715	0.144035104931233
24.869	-11.715	-3.337	-0.113306281040988
37.136	-6.9179	-0.88602	-1.26976799564044
37.548	-3.7864	-2.5541	0.239356267354949
36.034	-7.4432	-0.97491	0.499557793867094
37.937	-4.7004	-4.0766	1.13648157558188
35.013	-1.0942	-0.74452	0.110394029285921
37.172	-5.7699	-2.3884	-0.249248207626355
37.69	-2.9721	-2.3396	-0.970666614303356
36.99	-7.0988	-1.0916	-1.18825626263356
32.325	-6.7771	-5.2843	-0.31221634746184
36.596	-8.2474	-2.108	-0.219904846175508
34.624	-9.1756	-3.8766	-0.833343932408327
36.626	-3.6918	-0.73483	0.761198736885422
36.301	-7.5684	-2.2311	0.589171368653124
35.615	-2.2489	-4.7724	-0.365657208434775
37.742	-5.3859	-2.9074	0.429705686960478
36.329	-1.779	-4.8389	-0.107740416267027
33.853	-7.9412	-4.2012	-0.728373929425246
36.495	-7.6701	-0.95526	-0.5785537492819
32.664	-10.854	-2.59	-0.918101550237743
34.45	-0.82641	-5.3395	-1.14154386957164
31.683	-1.2044	1.0754	1.24796302616868
36.139	-7.2369	-0.64364	-0.438407575745682
37.14	-3.0531	-2.5682	0.315641552461427
37.645	-3.0373	-2.7639	0.28201924059113
33.42	-1.847	-0.09335	1.45694930776947
25.808	2.4843	0.20229	0.656502502973691
36.558	-3.477	-0.7264	0.294398090686495
37.076	-2.1343	-2.4981	-0.754748633853174
37.295	-3.7665	-1.2328	0.761753934035368
36.868	-7.3659	-3.4925	-0.148761301613517
25.14	-11.017	-4.1427	-1.28962277366655
37.662	-2.5526	-3.9957	-0.675741735700769
37.251	-3.3098	-4.4526	-0.897622733466856
38.169	-4.0381	-2.3338	-1.37374739817873
32.388	-10.109	-3.1943	-0.239151389216128
34.469	-3.1586	0.16337	1.29410332692288
36.915	-7.9132	-1.4713	-0.661560549927288
28.759	-11.084	-4.2342	1.45981987617342
29.454	-1.0348	-6.7118	0.00553702736473699
36.981	-6.4968	-1.3048	1.11118342712848
23.9	3.4724	0.17699	0.979479668299694
36.503	-3.0435	-4.7703	-0.244842782024594
31.809	-9.8667	-4.0254	-0.764679572230286
36.414	-2.6558	-5.1461	-0.726237527887088
37.586	-5.8647	-1.1041	-1.5182675918465
35.487	-7.1229	-0.32773	-0.259861436324023
27.695	2.5926	-0.75992	0.847300375358047
36.496	-7.1131	-0.84695	-0.756680381571924
36.57	-1.9504	-4.6956	0.583036042420981
37.89	-3.3009	-2.8666	-0.362235235591592
35.773	-3.3263	-5.1052	1.32812821641039
36.89	-5.1349	-4.9182	1.645
36.339	-7.668	-3.0652	-0.179692688876306
37.425	-4.7946	-3.5831	1.17817160985358
36.89	-7.2192	-1.1222	-0.722740957671867
36.973	-4.4217	-0.99545	0.561239769938114
18.117	-12.427	-2.7497	-1.645
28.914	1.9943	-0.15523	0.575306803279681
35.884	-6.3224	-0.51641	0.271570779134607
22.895	-11.764	-3.655	-1.52383212688951
29.674	1.9213	-1.1953	1.645
34.349	-1.3018	-5.8695	-0.12700911862951
33.373	-6.1595	-5.613	-0.0407867084777422
36.107	-8.3833	-3.8955	0.320085782237614
33.708	-6.1344	-5.2625	0.19885315915912
25.941	-0.49807	1.7601	0.845001248376524
24.148	-11.976	-3.5319	-0.255743111797951
35.762	-2.4738	-4.9674	1.56169517754562
34.387	-0.70831	-5.5504	0.203219470327765
37.663	-3.1052	-2.6371	-0.0905911652160003
37.474	-3.0541	-2.0965	0.052614463933836
33.383	-10.034	-3.4276	0.196550061616041
28.812	1.5111	-0.18542	1.645
36.922	-5.6457	-4.9601	1.645
37.488	-6.6095	-1.1444	-0.235098850488261
28.073	-11.668	-3.1194	-0.560220335323175
36.91	-3.242	-1.1441	0.0676382302728666
36.175	-7.537	-1.5303	0.34569287002488
36.358	-0.97953	-2.8211	-1.58491293369045
36.017	-3.9337	-0.15164	-0.548492100108371
38.576	-4.8825	-2.3728	-0.734705777093007
37.872	-5.7018	-1.026	-1.28030673145263
36.697	-2.4607	-4.6981	-0.603979351119874
36.349	-7.9935	-1.5244	-1.03336922922047
37.175	-3.326	-4.0231	-1.06231883399403
36.928	-3.1836	-4.6119	-0.459697453536675
37.756	-7.1614	-3.4233	-0.648603754929408
37.301	-2.9975	-4.1287	1.24559119940029
30.193	1.1488	-0.66419	1.06703647457933
28.46	2.2846	-2.1237	1.645
24.401	-1.0807	0.94528	1.645
27.402	2.3625	-0.79184	-0.266095946884489
37.872	-6.6212	-3.506	-0.564151668053317
29.53	-11.489	-3.1516	0.116004279584865
27.857	-1.7479	0.28644	0.958067445438631
35.484	-8.9282	-1.9391	0.189430123115513
27.673	-11.413	-4.0307	0.60082862415792
36.204	-0.51726	-2.602	-1.645
28.13	-0.42296	-6.6429	0.438026217343515
29.047	-11.285	-3.5116	0.0117520041116066
37.948	-3.335	-3.8358	-0.311723815085936
36.671	-6.1766	-4.2952	-0.0754907706099431
36.841	-6.0594	-5.141	-0.148826441952549
36.965	-4.6772	-4.0313	-0.259999140281922
36.056	-7.7506	-4.4819	-0.129629172821972
33.524	-0.99915	-6.1235	-0.276834648139545
35.209	-2.4738	-5.3197	0.575606059782219
27.447	-11.476	-3.9333	0.832090244125811
36.676	-4.9225	-0.54227	-1.23903755247068
36.187	-1.3059	-1.2429	0.926939751696134
29.373	-1.8565	0.38733	1.645
29.141	-10.738	-4.3405	1.645
37.819	-3.8939	-4.081	-0.0211072158656846
35.461	-6.7856	0.21	0.167490010103795
33.537	-8.6364	-4.1537	-1.19926071930786
35.576	-2.7145	-1.1661	-0.636508087199783
36.729	-7.5145	-3.1312	0.0760677076989943
36.088	-6.6977	-0.52185	0.46443019843906
32.739	0.91199	-2.6954	0.758587621858413
37.836	-4.3579	-3.3202	-0.674336059829451
36.018	-6.3323	-1.1371	-0.287859411935172
37.469	-3.0494	-4.2007	-1.0097804036784
35.606	-2.0846	-5.5897	0.822363529232506
35.933	-6.8829	-0.44488	-0.510984167381464
35.493	-9.2462	-3.3582	0.374929155493882
37.53	-4.251	-3.1865	-0.0581861601642358
30.092	-11.065	-3.1338	-0.479413558175063
32.99	-8.9546	-0.21807	-0.291659522592966
37.519	-7.3869	-2.6661	-1.47976270087295
37.079	-6.2808	-0.77346	-1.08224798019291
36.022	-6.828	-0.57731	-0.00974736900856553
37.918	-7.0786	-3.0856	-1.645
28.343	-11.733	-3.5872	-0.7632162371676
37.494	-5.8069	-1.0089	-1.05562574290996
34.273	-0.69818	-5.6839	-0.491910705733956
26.188	-1.2389	0.73822	1.645
29.477	-10.678	-4.2809	1.3102823276597
29.977	-11.456	-3.3584	-0.420950005792503
36.939	-3.7073	-4.6069	-0.88630946275102
37.59	-3.4846	-3.6459	0.139209679557977
28.11	-1.8263	0.47221	1.61881677779874
35.99	-2.0913	-5.2288	0.311263534859556
31.074	0.26967	-6.3372	0.876318709590384
37.27	-6.4269	-1.0324	-0.268848546843802
34.091	-7.9047	-4.067	-1.19616113997438
36.52	-7.3394	-3.0192	0.127121254448999
37.4	-6.6576	-3.761	-1.645
29.113	-0.98121	-6.9442	1.04529199061492
37.029	-4.7412	-3.0954	-1.02051194441977
33.037	0.75239	-2.4438	0.999652825312934
22.655	-11.631	-3.7513	-1.645
37.766	-3.2181	-1.9562	-0.877227050454989
37.838	-3.7151	-3.567	-0.658422466348233
37.285	-3.4399	-4.4883	-0.655296069727127
27.184	-1.4529	0.40133	1.1471841010899
38.26	-5.4613	-2.6107	-0.0523484333332842
35.989	-1.6761	-5.1643	1.0729749073153
37.247	-5.6924	-4.4819	1.0483593345774
34.351	-9.3416	-4.3517	-0.534281004171389
32.942	-10.187	-3.8424	-0.431340253676337
36.258	-3.1272	-2.1291	-0.555392519733645
37.522	-6.8014	-1.605	-1.46621330412497
34.875	-7.5634	-0.67985	0.819267362283859
36.805	-6.8704	-0.46855	-1.26026476938524
36.438	-5.6209	-1.0791	-0.432945957248041
36.039	-7.5015	-0.37316	1.05116684843942
35.992	-6.343	-0.027214	-0.781380118015708
38.018	-4.0021	-3.4175	-0.631960829862272
36.085	-8.2433	-1.0166	-0.502332819342768
38.197	-3.1683	-2.8039	0.493007996375668
37.221	-6.2661	-0.70586	-1.22070777716924
24.495	-0.80438	1.506	1.21438456391952
19.894	-12.408	-3.0023	-1.0940822701819
32.857	-1.747	1.0811	1.645
38.182	-4.7359	-4.0348	0.646510937758467
32.564	-8.7826	-4.3392	-0.0872066813873545
33.424	-10.297	-2.9498	-1.02265523974248
37.001	-1.8216	-3.9956	-0.989143410644849
32.612	-9.982	-3.3678	-0.719944086649489
26.104	2.9775	0.38525	0.511081827972753
35.856	-6.2175	-4.9262	-0.533810729176446
34.29	-0.70505	-5.4116	-0.14789516140239
35.119	-8.7121	-3.9509	-0.549209168698802
32.294	1.3388	-1.5872	1.645
26.933	2.2884	0.38868	0.838449713909607
27.989	0.13398	0.8053	1.08644204016026
37.348	-6.549	-3.1685	-1.38660593262293
34.481	-0.83471	-4.8208	0.281330316642576
36.976	-6.7599	-1.9741	0.46362985840322
36.879	-7.3031	-1.1171	-0.185894249879868
37.988	-3.183	-3.7179	-1.48528028757004
37.929	-6.679	-1.6821	-0.376647709469544
35.328	-8.9384	-1.7754	-0.882322376047463
34.271	-9.6149	-3.6763	-0.907611196227868
33.023	-9.9253	-4.2566	-0.237142090069759
36.927	-6.6277	-0.54409	-0.39285042010774
37.587	-7.0356	-2.9008	0.55224434514065
36.719	-7.5573	-3.667	-0.708294428236739
37.13	-6.6506	-0.87502	-0.588524239203832
33.331	-10.091	-3.2853	0.0596214293991424
36.513	-6.807	-1.1852	-0.152931931982299
28.452	-0.64826	-6.6807	-0.131875203289501
35.608	-8.7425	-3.6319	-0.037016551407517
36.084	-6.9266	-1.1155	-0.246800277101692
34.803	-1.1978	-5.5854	-1.22413558695306
30.623	-10.628	-2.3359	0.145200101257527
34.746	-0.83355	-5.3832	-0.265112899017007
37.674	-6.0117	-3.9316	-0.849366487235825
35.239	-7.2057	-0.80222	-0.443194650405078
30.909	-10.532	-3.6165	0.250719572869646
34.081	-0.19025	-0.19369	1.33167210752615
36.16	-6.2388	-4.6065	-0.0966854748148702
34.061	-9.7107	-2.6267	-0.653524874242412
28.401	-0.6673	-6.6758	-0.289886335045199
34.108	-1.3907	0.43458	1.11024885816789
36.911	-4.0324	-0.88935	0.981316108827079
36.133	-7.4211	-1.9201	0.477719231254372
35.653	-7.9359	-0.91161	1.19069842887708
27.563	-1.7829	0.9933	0.411557153125246
35.686	-6.1698	-4.8122	-0.640990758216391
35.599	-6.05	-5.0311	-0.763372114308459
33.647	-9.5361	-2.9473	0.843639961130509
37.439	-7.1052	-1.3532	-0.396434803154215
23.069	-0.86413	1.3787	1.645
37.717	-5.9636	-3.8253	-0.724714310645412
37.26	-1.8777	-3.7953	-0.783028426033935
37.331	-2.3602	-3.1346	-0.571068737511219
29.747	1.7848	-0.64182	1.645
31.26	-1.5383	-6.2118	0.767106718576151
28.79	-0.60836	-6.4231	0.157261765487281
28.577	-1.9917	0.59004	-0.236519501902355
36.944	-6.5048	0.15745	0.0422171588748847
27.399	1.8644	0.060854	1.645
34.571	-8.8569	-2.5749	-0.0193295395106119
37.024	-6.2246	-3.3113	1.00918549321231
37.905	-5.2701	-3.6581	0.342639388065786
37.467	-3.1874	-2.2578	-1.06698458104014
35.937	-7.7764	-1.2843	0.0419607217934826
37.269	-6.4643	-1.3187	0.0574842181518627
35.22	-2.8647	-5.4605	0.777288472558967
36.327	-3.639	-5.216	0.749481944637311
37.298	-5.8161	-0.65225	-1.23076123412838
37.658	-4.6228	-3.5033	0.323207117936681
33.532	-9.5404	-3.8361	-0.888298279627232
38.11	-4.4154	-1.7878	-1.645
33.965	0.34185	-2.8306	0.365089288127726
18.681	-11.853	-3.5342	-1.13912465323369
37.578	-6.9156	-1.9975	-0.439296398406407
22.178	3.5218	0.97528	0.932016785118071
34.324	-1.491	-0.028499	1.17454145329867
27.877	-10.224	-4.2064	0.737251195697902
35.796	-7.3764	-0.93857	0.92975170985877
36.21	-7.1793	-0.91817	0.967421757951439
33.756	0.78472	-3.7174	1.19872737748283
34.832	-1.3266	-5.3939	0.524754265954587
36.693	-6.5135	-1.0092	-0.0344112983721163
37.262	-3.681	-4.3805	0.257706753386388
37.664	-2.5775	-2.7475	-0.728762098631395
33.114	-0.44001	-5.9828	0.341584332139442
35.83	-8.0329	-0.94709	-0.391840712473427
37.168	-2.8936	-4.4433	-1.3820923148751
37.252	-3.2123	-4.5515	0.182848254057505
37.485	-6.3438	-1.5371	0.0120503643360504
36.79	-1.1179	-1.9369	-1.28967100322785
36.986	-3.4192	-4.8641	0.450796171609178
28.187	-2.0153	0.64751	0.412713122743035
36.115	-2.5821	-0.79798	-0.882684345997035
32.441	-8.4786	-4.6004	-0.919807057176684
32.516	-10.186	-4.2238	-0.759408276102188
34.865	-8.7229	-3.4379	-0.38704239473419
37.744	-4.8284	-2.8158	-1.27201848191893
36.311	-6.2684	-0.71261	-0.838017329883421
37.547	-3.1049	-3.4645	-1.25173165818607
38.079	-6.2421	-1.3115	-1.04740461945601
37.974	-3.6555	-3.1281	-0.399693949701419
28.696	-0.68077	-6.8741	0.419103225013627
30.852	1.7849	-1.8279	1.2819461546729
34.821	-6.2335	-5.3327	-0.717463399484182
14.631	-11.506	-3.6427	-1.08902950889175
34.669	-0.46744	-3.1166	-0.0942294328671937
37.859	-5.8203	-2.0456	-0.00117824118707822
36.787	-5.5935	-0.20183	-0.853601987518476
36.693	-3.4679	-1.3316	-0.745248499551385
24.838	-11.328	-3.8629	0.602617055259626
35.763	-0.51963	-3.4807	-1.19504516674465
35.201	-6.4466	-4.6978	-0.148866881885818
32.044	-10.644	-3.7583	-1.39944012471029
36.194	-6.8002	-1.6144	0.0433295748704139
36.007	-6.7848	-4.2244	-0.433064635337555
35.927	-7.6408	-0.39627	0.316814334345041
35.868	-8.013	-3.1225	0.241756575974636
36.808	-7.1617	-1.0805	-1.645
36.946	-7.765	-1.2246	-1.645
36.325	-6.6188	-4.8643	-0.125699870678701
35.549	-6.4596	-0.15332	-0.296652811933972
30.435	-2.0178	-5.0573	1.645
36.901	-2.8551	-4.7309	0.50633420405356
37.149	-6.3657	-1.3475	-0.0733337070554509
36.787	-3.2912	-4.7881	-0.420030836770583
37.496	-2.7345	-3.0657	-1.15005726104977
32.833	-9.925	-3.8629	-0.333047807479128
37.75	-6.5893	-1.4592	-0.271418130336732
36.038	-0.75241	-2.4819	-1.24712163300735
28.133	-11.456	-3.6026	-1.645
30.447	1.4981	0.012136	1.645
37.759	-5.8941	-2.4694	-0.530010150780985
36.523	-6.9224	-0.55317	-0.726451787033436
37.667	-3.3869	-1.5302	-1.39793122152388
35.259	-0.56743	-3.8436	-0.522962612469002
21.996	-12.117	-3.2949	-1.40050398674011
36.696	-3.7296	-4.7045	0.660303340275085
36.844	-2.8627	-4.1771	0.364587603856315
35.141	-7.3093	-1.8385	-0.30665679371492
37.236	-5.8353	-2.0778	0.177345891500034
27.895	2.1727	-0.70999	0.740462198762431
35.937	-7.577	-0.66075	1.47569601546215
36.415	-3.3798	-0.64911	0.812492475941735
37.914	-4.9455	-1.6546	-1.40666928927351
37.81	-6.0972	-2.6215	-1.54853505838787
36.059	-6.6724	0.099282	0.881836941789104
33.831	-0.82131	-5.9073	-0.249471470432374
37.488	-4.8809	-1.9614	0.298126812793511
34.309	-1.5814	-3.0886	-0.552790488123913
16.546	-12.122	-3.0507	-0.84340083644282
26.475	2.8001	-0.13414	1.40318465728145
36.584	-3.2355	-4.7375	0.806297944368527
36.968	-3.0594	-1.5917	-0.85332840099317
36.022	-5.6927	-0.69924	-0.71639424179213
22.905	-1.2773	1.3333	1.645
36.937	-6.6664	-1.0888	0.732265611654147
38.435	-6.2835	-2.839	-1.25723911602045
35.405	-0.70375	-4.8046	-0.535707256316483
36.121	-2.9466	-5.1363	0.900618451446584
36.896	-1.6696	-2.1151	-0.474886971117123
27.474	-0.29098	-6.7196	0.230972664096707
34.672	-9.018	-2.7887	-0.697592378845976
36.78	-7.3321	-1.024	-0.250914071634248
31.309	1.3203	-2.1248	0.856065431202496
34.816	-1.9829	-0.24815	0.0519237220852459
31.034	2.13	-1.503	1.59374723393518
38.1	-4.3733	-2.6288	-0.20770536144616
33.506	-8.587	-3.743	-0.741015702721236
36.038	-5.389	-5.311	0.095851918288982
34.702	-1.6396	-3.8829	-0.369102412416799
32.373	0.99622	-2.1654	1.3149140219541
35.958	-2.3821	-5.0615	0.122713715216328
37.447	-2.7711	-3.2962	0.349083844156492
34.224	-1.4421	-5.2872	0.00122086763087346
25.823	2.7506	-0.30933	0.636443197726366
36.853	-6.3522	-2.1496	0.552951741177734
34.92	-2.181	-0.95545	-1.2146545667209
31.384	-10.126	-3.673	-1.25128752305778
36.331	-7.1059	-0.41523	0.432987361783686
29.704	-11.031	-4.1478	0.908994862488494
35.609	-7.1077	-0.68315	0.221671072370564
35.818	-1.2328	-4.9674	-0.270955570844578
35.623	-7.3392	-1.1323	1.33481383674333
32.987	0.16537	-5.4076	-0.0581354970002574
36.38	-3.1166	-4.3906	1.645
36.763	-2.5223	-2.4664	-1.43716170965176
30.806	-9.287	-3.5933	-0.0652851459120768
31.819	0.77723	-1.5751	1.01818485981372
34.867	-2.1455	-5.957	-0.163464325709601
36.432	-2.9785	-1.8557	-0.340071498739376
37.33	-2.1802	-2.9054	-0.758229277913629
35.886	-6.8034	-0.66589	0.4613129692803
34.169	-2.2291	-0.29475	1.29762072908687
27.676	-0.63697	-6.9622	-0.172114872288057
36.642	-7.6993	-2.0698	-0.787480114501051
36.441	-7.3309	-1.0821	0.288807672976634
36.404	-0.77396	-3.045	-1.43153506593271
32.197	1.205	-4.1368	0.0486732416138263
33.119	-10.31	-2.9906	-0.202590725634516
37.344	-5.4244	-3.918	1.645
30.026	1.6761	-1.1057	1.44519179510499
37.878	-4.0903	-2.2179	-1.02722565394736
37.108	-2.6266	-1.3105	-0.946938412673029
36.482	-1.3979	-3.6565	-1.47701981930581
31.452	-9.1478	-3.2273	0.687404333693883
35.595	-7.1083	-1.4836	0.532814268984775
37.93	-4.6532	-1.5629	-1.63151576677443
28.339	-11.288	-3.7747	-0.668576100059079
34.572	-0.91389	-5.3163	-0.230208323516696
27.025	-1.1452	0.8769	1.57467915392202
34.079	-9.9018	-3.0968	-0.148470683311784
35.222	-7.552	-0.12993	-1.01319967767695
37.707	-3.9647	-4.055	-0.0241091129887653
37.055	-7.808	-1.365	-0.730312995685671
37.028	-8.0319	-2.3737	0.516027004195766
37.484	-2.9589	-2.2054	-0.581082224678653
36.636	-1.8449	-4.6217	-0.863073909641604
24.255	-1.0753	1.209	1.35656502604812
37.908	-5.4849	-2.8675	-0.598601692203631
28.144	-11.285	-3.6351	0.665236477759527
36.304	-3.0943	-4.7781	1.20458385424982
36.383	-6.8969	0.11651	-0.921615029391071
36.032	-2.4254	-5.2954	0.121369652661862
37.693	-6.9362	-2.1968	0.103126721250859
35.196	-7.2738	-0.20346	-1.26039001773544
36.191	-1.9754	-1.1911	-1.07933665333617
35.949	-7.0988	0.036498	0.0567003026077061
32.924	-0.29634	0.38633	1.645
36.636	-8.1869	-3.6598	-0.548805851184493
35.702	-1.5553	-5.3066	1.12009205730391
37.827	-3.3669	-2.5679	-0.309666659246419
34.952	-6.4194	-5.1862	-0.0985133910040077
25.703	0.22142	-6.7138	0.338439864195429
37.718	-6.805	-2.3753	-0.652630784179636
20.57	-11.951	-3.571	-1.3792763221472
33.204	0.41913	-3.6203	0.266539176040188
36.349	-7.4662	-1.0629	-0.65126661369493
32.301	0.83282	-1.4899	1.645
36.889	-6.3605	-0.64418	-0.313056520156131
37.364	-6.6113	-2.4395	-0.242083517938034
36.557	-6.012	0.058335	-0.713018930945911
34.899	-8.9036	-2.1978	-0.378914884012461
34.392	-0.67005	-5.3893	-0.726204330182402
36.058	-0.71232	-3.8443	-1.46231502779507
35.914	-2.1429	-5.1293	0.176941611888817
38.175	-6.4615	-2.3743	-1.07893595563313
37.269	-6.594	-4.1428	1.645
36.296	-3.9297	-1.4904	1.28989101304626
34.929	-9.3154	-3.3453	0.206178201894669
33.624	-9.7678	-3.2114	-0.695676167359938
35.452	-7.5059	-1.1164	-0.241184926055536
36.034	-7.7111	-0.66814	-0.440338931076744
37.161	-2.9571	-4.3767	-1.28498105737417
35.801	-6.039	-0.10692	0.270728475489751
38.018	-6.5426	-1.8973	0.0281009581886843
37.065	-2.8718	-1.9238	0.594262676358142
37.741	-3.5231	-1.6764	-0.510157841081538
36.429	-1.94	-1.5444	-0.956822161145254
38.124	-5.9004	-1.833	-0.326554270273254
37.088	-2.7651	-4.3048	-1.645
37.718	-6.2576	-0.89144	-0.400341782778823
32.946	-10.118	-3.8613	-0.479834089971637
38.042	-4.4673	-2.5642	-0.913846653855357
35.311	-1.2939	-5.3454	-0.550438598582553
36.716	-1.7406	-3.0904	-1.1829827400765
37.657	-5.2865	-0.77623	-1.04393289435926
28.415	-1.9853	0.6287	1.645
35.913	-2.1991	-5.1813	-0.334313999699338
37.832	-5.746	-1.2789	-0.638813908462187
37.809	-7.1081	-3.5919	-1.05912161110012
37.022	-7.8526	-1.9066	-0.85908697947381
35.963	-2.9456	-4.6888	-0.581531533780107
29.139	-10.899	-4.2139	1.14206067933003
38.328	-5.5245	-1.6957	-0.3645159159951
35.913	-3.5353	-0.26692	0.465726939723824
36.624	-2.5872	-4.7152	-0.593284696670714
35.732	-7.4659	-0.892	0.641083595624953
37.405	-2.8884	-4.2719	-1.33337879957704
27.224	-11.557	-2.9923	-1.645
34.219	-0.7002	-5.219	0.500435585172261
36.409	-6.4671	-0.54685	-0.755755351011527
29.133	0.029435	-6.8166	-0.26440349749754
34.285	-0.88002	-5.7289	-0.463991959574581
35.879	-1.4706	-5.0897	0.532177342530734
33.331	-0.8698	-4.6621	-1.11921503792638
28.562	-11.373	-3.9338	0.152180007922582
34.954	-8.59	-1.2637	0.627527494980129
12.655	-12.024	-3.1062	-1.37063710049921
33.259	-0.86748	-5.1327	0.00676457059248942
38.313	-5.8634	-3.2643	-1.645
36.875	-2.9204	-4.2667	-0.244914159575883
36.875	-6.5702	-0.73131	-0.783313615392154
32.785	0.6827	-1.7577	1.50785386717897
36.807	-2.7145	-1.7884	-1.2118631365261
36.197	-2.5887	-0.88178	-0.0636026360475548
37.29	-3.1505	-4.2486	-1.14621654129335
33.099	0.48603	-1.4884	1.645
34.092	-8.9227	-4.1576	0.0246747008057726
37.012	-7.5666	-2.4787	-0.801949386618484
36.947	-6.3535	-1.4057	0.434597605256777
24.144	-11.871	-4.1725	0.109323897187839
37.294	-5.8666	-0.45628	-1.645
38.453	-6.2205	-2.5167	-1.17634525563932
38.205	-3.7763	-2.7418	-1.26332880107813
29.42	-11.225	-3.3753	-0.989650876931222
37.148	-5.3387	-0.68234	-0.402157558161282
26.075	-11.349	-3.6326	-0.0416835014358419
34.237	-0.72906	-5.5845	0.288627634955817
35.409	-7.9537	-0.78786	0.920533589906891
36.261	-5.9674	-0.39885	-0.304181449264978
35.769	-1.1302	-4.9338	0.227725633863686
34.05	-7.3166	-5.0561	-1.645
33.716	-7.4941	-2.944	0.0389734727574852
36.741	-6.3389	-1.159	0.748410062381515
36.513	-7.4862	-2.793	-0.177292727230357
36.212	-4.2356	-0.11937	-0.402659090118358
30.542	1.6715	-0.25718	1.645
37.523	-5.7548	-4.5898	1.17989328931296
28.667	1.635	-0.37636	1.48772640520011
37.356	-5.2576	-1.0494	-1.29637005304941
36.478	-7.7756	-0.57777	-1.25330920240996
37.883	-3.842	-3.38	0.143879629452797
35.131	-9.2436	-3.3567	-0.483338083868515
37.587	-5.2175	-1.004	-0.47690834095514
36.221	-2.9564	-0.61513	0.285879817136824
38.637	-6.5948	-1.8103	-1.11564660180922
36.956	-3.2025	-4.4751	0.560072015099839
29.985	-11.016	-3.6217	0.395515496709455
31.672	-6.1599	-5.747	-0.267075088337041
36.491	-1.3732	-4.2775	-1.05961863050498
37.131	-4.5617	-0.87893	1.51846701044635
31.827	0.24387	-1.1057	0.525433919725946
36.602	-7.2462	-0.74841	-0.483306954304718
35.527	-1.6899	-5.4983	0.295021920326344
28.143	-0.79826	-6.7107	0.550295485122612
36.361	-7.4636	-0.51885	0.783361342198863
36.981	-6.59	-0.49138	-0.982982613496637
37.82	-7.0502	-1.9993	-0.644621068005501
36.574	-8.6753	-3.4189	0.0196663079110362
37.993	-6.6047	-0.58157	-1.36782466910319
36.619	-3.3442	-5.008	0.999551986229063
37.163	-4.0055	-1.8496	1.645
27.841	-0.46924	-6.7153	-0.319591098044131
33.362	0.38835	-1.7634	0.310441505560148
38.275	-5.2304	-2.3682	0.391249418938365
36.744	-6.6862	-0.47204	-0.199865497110736
29.038	-11.463	-3.3336	0.500494634552558
32	-9.0904	-4.758	-0.86944832155744
34.952	-1.4921	-5.7799	0.321908916203208
35.586	-6.7863	-0.30952	0.2993938115936
29.473	-2.0004	1.2233	1.645
36.946	-7.1431	-0.98937	-0.927804115762377
35.2	-1.6433	-5.5416	-0.270026114242862
38.265	-6.0586	-2.7998	-1.20167855971491
33.966	-0.18969	-0.95979	1.645
37.105	-2.5879	-1.2599	-0.444903442123241
37.342	-6.7824	-1.0638	0.232682030682043
36.545	-7.0306	-0.54223	-0.118007880402984
35.679	-7.0002	-1.2115	0.738566261896592
35.984	-1.9774	-4.2136	0.334756573214315
35.308	-9.5027	-2.4343	0.975827613357553
33.845	-9.7813	-3.7695	-0.675360100271947
33.349	-0.35116	-2.0425	1.45641218271828
27.568	-0.41487	-6.818	0.100623747070454
33.366	-9.9976	-3.4617	0.612332174921491
19.483	-12.108	-3.7965	-0.977216858971653
37.162	-5.5491	-4.7764	0.849650884496579
35.769	-6.9619	-0.47515	0.342163512293202
35.88	-8.2388	-4.4135	-0.278107553046334
35.04	-7.5716	-1.0808	-0.401693631428008
35.22	-1.6653	-1.0212	-0.458324249740414
36.935	-5.5179	-1.3782	-1.2666499801601
35.664	-1.6218	-5.105	0.683163387520971
26.332	2.8248	-0.26543	1.645
38.305	-4.7921	-2.3396	-0.548246412271338
37.264	-6.0234	-0.95589	-1.645
24.961	-12.173	-3.2356	-0.0956877697103963
36.493	-3.2037	-1.737	-1.50546790610513
37.016	-2.6871	-3.6991	-0.574867579533395
35.521	-7.0953	-0.81215	0.3327444551505
37.573	-6.2663	-0.94834	-1.37027131509991
36.713	-2.7918	-3.6785	0.433950207386585
37.267	-2.9412	-1.1413	-1.52564940463793
36.105	-7.5793	-1.0388	0.639058090974378
36.149	-3.6882	-0.088772	-0.130305891947053
29.561	-2.1923	-0.92529	1.645
28.421	-10.501	-3.8962	0.771271505794494
37.543	-6.6177	-3.9242	-0.452140904054029
36.013	-5.2962	-5.2194	0.309267382231575
31.616	-10.133	-3.0478	0.420984532401432
26.865	-11.889	-3.6093	-0.794412655662499
34.944	-1.8333	-5.6746	-0.670869369968076
33.974	-0.2086	-5.4289	-0.606648770763229
27.421	-11.915	-3.1716	-1.44099461924541
24.068	-11.949	-3.7635	-0.0610432872434813
36.904	-2.4271	-4.0264	-0.403172921658164
32.829	-2.2829	-5.3286	0.942480720772013
36.607	-2.9684	-1.1872	-1.05746253653442
36.922	-6.114	-0.78434	-0.311718403837609
37.221	-6.042	-1.2144	-0.0871684827457608
35.954	-7.1988	-1.5628	-0.205447004663683
35.692	-8.8069	-1.7571	-0.748350908366542
37.491	-6.0219	-1.2997	-1.08353907574671
35.9	-7.2416	-0.67509	-0.735552347745266
36.618	-7.6655	-0.98104	-0.62739424493076
29.945	-1.3699	-6.7296	0.781884794674024
32.161	0.91575	-1.7862	1.645
37.605	-6.5111	-0.87244	-1.30515729536677
35.517	-6.5056	-0.50915	0.52603480602292
32.059	1.3109	-2.4168	1.645
29.196	-10.899	-4.0629	0.905147192000057
24.476	-1.1701	0.93116	1.645
36.747	-2.8716	-4.7368	0.223220815020317
38.014	-3.428	-3.3169	0.346362715297179
36.001	-6.2461	-0.9769	-0.234554724967154
36.332	-6.6978	-0.47076	0.409701001817478
38.3	-5.7317	-1.6831	-0.0741887946954957
29.979	-11.824	-2.9049	0.44315836069252
37.151	-6.3028	-0.5405	-1.41933969844041
36.12	-6.1442	-0.35725	0.00761054414552818
36.271	-7.3453	-1.3238	-0.026038948616036
36.488	-6.1858	-3.8549	-1.645
35.366	-1.8119	-5.5672	0.812217410557248
36.371	-1.3748	-4.149	-1.01394192137841
31.428	1.6486	-2.2588	1.27254496369806
30.715	1.0071	-0.9415	1.645
37.231	-3.9099	-4.7721	0.42114755409377
34.721	-8.3715	-4.579	-0.94776308463786
36.514	-8.5327	-2.2652	0.293875129335718
36.083	-2.6015	-0.39972	0.161790730202353
35.498	-8.087	-2.6598	0.682231747569614
30.178	1.4558	-0.55411	1.645
33.074	-10.314	-3.0415	-0.583385544092651
34.568	-8.0682	-4.3868	0.080430660137807
36.881	-6.9741	-1.2878	-0.88869138713299
31.206	-10.908	-3.2517	0.288353179878328
20.185	-12.42	-3.592	-0.903652782586856
37.199	-1.6237	-2.4917	-1.4943670850682
36.947	-7.3373	-1.2444	-1.38662032806225
33.778	0.11392	-0.5513	0.0132657880556852
36.98	-3.2319	-1.217	-0.298913069912678
36.125	-7.0592	-0.43751	0.412410475653848
30.989	1.3364	-1.2695	1.645
37.721	-2.718	-3.5393	-0.906417982554775
36.492	-7.4624	-0.46387	-0.648124465505717
35.897	-8.9728	-2.3728	-0.151638823653663
36.92	-3.6492	-4.6394	-1.2565918525576
36.993	-4.0546	-1.8566	0.428800981274206
34.583	-9.2741	-3.2361	1.0203176487269
34.344	-1.2254	-5.6987	-0.122596499493039
35.742	-8.0212	-3.8443	-1.04365414839984
37.001	-2.4226	-2.9225	-1.37302350689005
35.171	-6.1369	-1.2886	0.0629461052809546
37.028	-3.37	-4.176	-0.375428621719898
33.298	0.35184	-3.695	-0.0591185845061753
30.361	0.79431	-0.83387	1.645
35.436	-6.7361	-0.95815	-0.146303354444651
37.41	-6.4188	-0.83121	-0.204789949753104
36.383	-1.4084	-1.6501	-1.13942361248839
28.632	2.1882	-0.58482	1.03232548847288
34.186	-2.9176	0.81454	0.763324968455694
36.195	-4.2493	-5.2274	1.61182353422656
26.47	-1.2093	0.66759	0.922848939409284
36.233	-7.5856	-0.90686	0.485051658002117
36.421	-8.4179	-2.0881	-0.247341291285674
37.469	-3.1858	-2.9957	0.379733917346229
35.257	-2.0901	-4.006	1.249846274795
36.163	-7.092	-0.771	0.624071408118153
37.734	-5.9544	-4.0513	0.155344718763334
37.902	-5.9908	-2.0936	0.290879588164682
37.448	-6.4351	-3.4083	-1.49360742911293
36.099	-7.3386	-0.73775	0.387571112324988
38.19	-5.2303	-3.4668	1.43134397846782
32.123	0.60269	-0.86491	0.822218155794704
32.053	1.3059	-1.5197	0.794534215122099
36.699	-4.6467	0.089536	-0.436866652199465
27.83	-11.511	-3.6894	0.526585370436299
35.927	-2.6184	-5.194	0.118825029431226
36.378	-8.7082	-2.2334	-1.11127970013402
37.434	-4.6484	-2.4277	-0.439891746227037
36.422	-2.8263	-5.0446	-0.0215063079747986
37.128	-7.3771	-0.91807	-1.33412835392688
36.806	-7.1946	-1.9069	-0.577754285385884
34.659	-0.55942	-4.4261	0.0765700301599704
36.328	-7.1272	-0.93379	-0.0939405953261613
36.281	-2.7152	-5.341	0.224177843389241
37.412	-6.2447	-2.696	0.226076555175096
35.967	-2.729	-0.69909	-0.120013896816753
36.783	-8.0664	-2.712	-1.12146092948245
36.508	-6.9874	-0.76697	0.39524626850672
37.295	-4.7406	-4.9434	0.675266190261433
37.907	-5.6622	-1.514	-1.01203068680483
36.54	-2.6445	-3.9797	-1.19755170537525
34.705	-0.88028	-5.109	-0.435801288919318
35.571	-0.535	-3.7779	-1.00642275315803
36.023	-3.1128	-0.9772	1.22372640507783
36.969	-6.9389	-2.1567	-0.57240141019188
30.821	-10.653	-3.8519	1.645
34.81	-1.815	-0.71735	-0.641642440872316
37.007	-3.2381	-4.6457	0.0529532574869377
22.98	3.3486	0.063496	1.645
32.159	-10.433	-3.0039	-0.628100799653118
37.195	-6.8729	-0.94274	-0.79314653953815
34.005	-0.32428	-5.4688	-0.132356777276864
37.776	-3.2527	-3.708	-0.00736213088204788
25.345	2.9604	0.81839	1.16863782766972
37.704	-6.9036	-3.5007	-1.10865229107429
25.232	-11.836	-3.4376	-0.846064022833539
35.212	-2.5121	-5.7232	0.456746763932945
38.366	-5.4234	-2.4492	-0.866886223393955
29.989	-1.4419	-6.6104	1.49368178255437
37.702	-3.2554	-2.2478	-1.50165618524058
36.695	-8.3244	-3.4796	-0.182836192150662
22.216	-0.28528	1.8218	1.645
27.938	-0.14693	-6.4389	0.798895518281929
37.215	-2.1692	-3.2804	-0.88534440584413
24.948	-1.1145	1.1193	1.42976660450893
35.868	-5.9551	-0.76246	0.193937739221781
28.015	-11.269	-3.5031	-0.32400188309068
36.415	-2.8229	-5.3315	0.778029156950291
36.026	-2.1342	-5.1439	1.04452273703822
36.861	-6.3361	-0.60656	-1.16657082664091
34.486	-9.5717	-3.7802	1.13488751595517
22.352	3.0673	1.2586	0.640140974194098
35.219	-2.1202	-1.3575	-0.171946733623791
36.39	-6.9544	-0.46647	-0.877004330295015
32.516	-0.5129	-6.2823	-0.291485870428284
37.032	-6.1426	-0.88556	-0.743920986690575
28.289	2.0839	-1.1024	0.880265777432066
33.548	-1.5978	0.067007	0.103415304802411
35.336	-1.5855	-5.3664	-0.921788795133527
35.391	-7.7354	-2.7639	-0.281941016140393
36.84	-7.9578	-3.3052	-0.319213109543411
37.095	-3.2146	-1.7715	-1.49379301481927
33.859	-9.2605	-2.5721	-0.8496822113373
35.877	-8.4213	-3.4308	-0.257939723343577
34.549	-0.84299	-5.6394	0.112736931058683
36.996	-7.5551	-2.6668	-0.223227132622459
34.832	-7.3907	0.24362	-0.596339611529512
33.235	-10.72	-2.9872	-1.23496729858899
37.307	-6.0201	-1.5607	0.338043380919955
37.418	-2.9354	-2.5082	-0.857949369283955
34.343	-1.6947	-5.9695	-0.342781837554658
35.852	-6.3953	-0.66102	-0.0381596830937591
23.219	-11.625	-3.7246	-1.26418386455116
25.658	-11.743	-4.0632	-0.188130033597417
36.408	-7.0685	-0.74929	-0.0250769470653587
34.872	-9.2335	-3.1798	0.619212513897817
32.521	-10.366	-3.3013	-0.425869538328693
35.301	-7.1362	-0.87532	-0.646510561152946
36.981	-7.338	-4.1057	-0.673937936677317
36.532	-2.2219	-4.9142	0.308719078944923
36.587	-6.9588	-0.9185	-0.573283838473426
37.804	-3.758	-2.5106	0.0980478115362046
37.188	-3.3266	-4.129	-0.198635742223008
36.601	-3.3263	-0.83788	-0.402756565567371
20.494	-12.103	-3.3423	-1.10857224226092
37.343	-6.62	-3.3463	-1.19534364312142
34.74	-1.4122	-5.6472	-0.931371707405599
33.679	-0.86234	-0.17042	0.885197212759823
36.655	-3.0677	-4.4207	-0.235606946263127
34.85	-8.5722	-4.0191	0.321723538103042
30.867	-10.809	-3.5384	1.645
37.307	-3.9139	-4.5918	0.313302091411914
36.667	-6.7386	-0.78268	0.480830887598387
31.457	-0.30158	-6.5963	1.645
35.913	-7.6121	-0.87189	-0.225447092563677
36.13	-2.8164	-5.1146	0.518382700117343
35.209	-0.0088546	-1.6024	-0.344274585822641
37.083	-6.3311	-0.76982	-0.635495753451036
36.223	-7.7271	-1.0545	1.11749850764066
30.474	-10.434	-3.6727	1.645
35.745	-6.4161	-0.72233	-0.207841183555554
34.25	-0.42419	-5.4538	0.275945943697203
35.158	-7.4175	-0.57039	-0.469718415610758
37.835	-4.0336	-3.727	1.45561968804442
29.205	-1.0063	-6.6398	0.307344108588833
35.456	-3.3218	0.088323	0.0831320073586238
29.803	-10.77	-3.5859	0.462616721915233
37.4	-5.3887	-1.203	-0.507539237499256
38.39	-4.8164	-3.1837	-0.699412539526734
28.169	-10.539	-4.4468	0.265166951951504
37.101	-6.2474	-1.5272	-0.0616185521846555
36.103	-2.9353	-0.50444	-0.530774685599545
33.597	-0.56617	-5.3621	0.47657161969429
34.55	-8.264	-2.9045	0.894161426201699
35.071	-9.1648	-1.7033	-0.389054222442462
37.21	-4.2579	-4.7383	0.00165829357544978
35.826	-8.9178	-2.6398	-0.018212502134952
29.572	-9.596	-4.4341	1.38749778544089
38.35	-4.2938	-3.138	-0.346677055458088
33.688	-2.6749	1.0381	0.818872447197329
36.474	-2.0151	-4.8982	-1.04864237009026
36.528	-6.7207	-0.3798	1.12553384413315
33.424	-10.084	-3.4669	-0.464115573364054
35.861	-2.605	-5.277	-0.00639489846451485
34.46	-9.1908	-4.2253	0.567050796167279
38.32	-4.8525	-3.1108	-0.509000298784044
37.496	-3.2443	-4.1554	-0.0839290586808181
26.909	2.6637	0.026832	1.645
23.052	-12.064	-3.317	0.847236654708454
37.644	-6.4692	-2.6675	-0.782607431634483
36.848	-6.5595	-2.1398	0.558556673137428
29.035	1.6447	-0.066406	1.34206446990352
35.626	-7.5125	-0.57968	0.162481442731034
37.322	-7.6218	-1.4826	-1.64496140615858
35.285	-8.2893	-0.64382	0.18871041237409
20.084	-12.312	-3.48	-1.58271874487038
28.865	1.751	-0.48839	1.4978873640894
29.709	-10.969	-3.9119	1.02222761853937
37.772	-3.5059	-3.3861	-0.245554091172356
36.942	-6.4637	-0.66239	-0.916963121747149
33.758	0.38343	-3.2386	1.645
36.282	-1.236	-3.9953	-0.643667954234049
36.872	-6.6326	-0.5159	-1.22226937400504
27.991	-1.7102	0.46544	1.12168705300634
34.467	-0.7789	-5.5486	-0.686521949681939
28.91	-10.416	-4.3339	1.645
36.451	-2.0925	-4.9467	-0.499932544666868
29.772	1.7553	-0.20628	1.31115010781462
37.46	-4.4038	-1.0835	1.645
30.47	-9.6622	-4.3325	1.47943549175719
31.478	0.98321	-0.87069	0.768646040270029
36.431	-1.4634	-3.8262	-1.36110030845347
36	-9.0717	-3.5695	-1.03211598696585
37.711	-5.9719	-3.357	-1.32142474545176
27.558	-11.495	-3.2371	-1.21024461769657
24.502	-11.889	-4.0808	-0.536695903393698
36.522	-7.3306	-1.1206	-0.476789556865562
34.234	-9.0501	-4.1876	-0.614615271640417
34.039	-8.7942	-4.1058	0.000825189404749287
36.049	-2.8343	-0.31658	0.789010197035057
35.726	-3.108	-0.29894	0.795776722770043
37.247	-6.3258	-0.74275	-1.04618018982898
36.663	-8.0185	-1.3392	-0.670985335073477
36.819	-2.209	-4.6629	-0.358213397097876
36.367	-7.0131	-1.7098	1.01137757058574
37.603	-3.5366	-2.3554	-1.40328210254449
37.32	-2.9559	-2.0473	-0.904961248272475
36.358	-3.1915	-4.9347	-0.0413729763864362
18.772	-12.196	-3.1299	-1.2331252711944
32.75	-10.422	-2.8005	-0.10665828202299
36.785	-1.4031	-3.5604	-1.645
35.477	-1.5291	-5.0441	0.669288494523201
28.024	-11.618	-3.2678	0.0767592306134102
38.028	-3.372	-3.8422	-0.336865019181343
35.983	-6.7157	-0.25748	0.620023309905228
37.675	-7.2641	-2.5191	0.906648448383798
38.285	-6.068	-1.6478	-1.13888918370207
37.648	-2.9954	-2.6871	-0.702868453638594
36.758	-6.2914	-0.49534	-1.00701663983831
37.3	-4.165	-1.6175	0.914468223123147
27.805	2.13	0.2655	1.645
33.741	-1.9733	-5.4226	0.263061803277071
36.11	-7.4497	-1.499	-0.0761006545709573
37.13	-3.482	-3.5833	-1.6087171208375
37.065	-7.2034	-1.1197	0.342165547982463
35.676	-1.5634	-5.343	0.392411231026317
25.634	-1.2253	0.94194	1.645
36.345	-2.7504	-1.3676	-0.783568564878126
35.006	-5.2704	-0.66318	0.327994308847605
21.515	-0.82075	1.3352	1.645
36.934	-7.1197	-1.3898	-0.729286346213833
35.563	-2.7773	-0.24283	0.521151629443572
37.173	-2.6245	-3.9132	-0.633571620430453
36.387	-2.0945	-4.6511	-0.905766962667746
35.784	-2.114	-0.96068	-0.615556673795956
37.664	-3.9756	-1.3644	-1.56515021390045
33.453	-9.9212	-3.2833	-0.434579817227869
28.418	-11.12	-3.9506	0.0777494182439344
35.617	-3.9137	0.42156	0.163205012132508
35.863	-2.4069	-2.5622	-1.38414882752258
35.028	-7.1752	-0.66195	-0.845368618630694
35.812	-5.4805	-0.52955	-0.688600296877053
35.948	-1.8128	-5.129	0.794806843503825
36.383	-2.5713	-5.1106	0.341485861779567
37.161	-6.9458	-4.105	-1.61797238648824
33.48	-0.64767	-5.7709	-0.185026430628281
36.767	-7.3284	-1.2693	-1.20810349002948
34.688	-1.4445	-4.5017	-0.403830519137317
35.727	-1.6297	-5.1851	0.209557612092335
27.955	2.3396	-0.87238	0.370536625931491
33.377	-10.479	-2.644	-1.06769675940179
32.498	-1.6331	0.075498	1.645
37.362	-2.3661	-4.0574	-1.38715978152223
37.957	-5.771	-1.0749	-0.615230707671896
36.775	-7.7189	-0.67347	-1.3084696782149
37.412	-4.5111	-2.4789	-0.762112468476684
36.828	-7.5118	-1.7764	-1.10800246201364
34.807	-9.2413	-0.70097	0.579365831839461
37.16	-6.5484	-1.2193	1.39662082804763
36.12	-6.8519	-0.23334	0.0513333006068191
38.418	-4.7373	-1.7362	0.478011537120994
33.209	-1.3065	0.58739	1.26703287144871
36.674	-2.2954	-4.338	-0.64350991088089
36.732	-2.5374	-4.5019	0.0262396978863175
37.642	-6.2693	-1.2363	-0.901822103851594
34.288	-1.2429	-5.9811	-0.167780180425562
34.357	-6.5455	-4.6842	-1.14820662249453
33.459	-6.2113	-5.0877	-0.488835645179006
34.398	-1.8175	-6.1834	-0.244482072662071
28.402	1.6858	-0.84161	1.645
36.054	-8.1439	-2.2738	-1.27994741003704
36.711	-5.4696	-0.059321	-1.645
36.851	-6.8	-1.1773	1.51140074412508
38.242	-5.918	-2.1091	-1.11527493284883
37.137	-3.3898	-4.8805	0.160329375341579
37.779	-6.3044	-1.8107	-0.57824298601574
34.925	-1.4506	-5.7603	-1.645
36.307	-6.6518	-5.0565	0.84702333695669
37.216	-7.7869	-1.3901	-0.614240314015066
34.201	-6.8832	-5.1613	-0.704429274615649
37.024	-5.0281	-5.0016	0.766033567463236
31.076	-10.596	-3.1788	0.76537831333019
37.732	-3.9914	-1.8724	-1.09498461904329
28.05	2.1178	-0.84351	1.52701027730004
29.068	1.9082	-0.13313	1.645
38.105	-6.1144	-1.8308	-0.787263037021854
31.208	-10.341	-3.9103	-0.264161483158398
37.164	-3.1932	-4.4762	-1.10843561736405
35.947	-7.6318	-0.92707	0.909485913976998
26.384	-11.718	-3.1602	-1.29487454786804
17.539	-12.176	-3.6076	-1.48366433826731
27.847	-1.0006	-6.7591	0.27052746924107
28.06	-11.31	-4.1272	1.645
26.252	2.4373	0.2568	0.946443343450912
36.415	-1.8489	-3.4901	-1.02831803649562
36.414	-6.6305	-0.54073	-0.442464375208117
36.926	-6.1455	-1.226	1.645
37.013	-1.3675	-2.5758	-0.406208794269007
31.516	-1.6663	-1.0651	0.282156376576582
23.685	-0.6064	0.95115	1.645
27.546	2.3168	-0.11179	0.688115456001675
36.582	-3.2051	-5.0006	1.645
37.103	-6.8195	-0.88503	-1.645
36.399	-7.0935	-1.8265	0.280851397018739
35.481	-2.2084	-0.77026	0.449835097428087
27.377	2.5778	-0.06166	0.175939271246532
29.712	-0.9678	-6.7499	1.645
37.899	-7.3266	-2.9614	-1.31924003971708
36.681	-7.6883	-1.3233	0.500385027959706
36.539	-6.8839	-1.4043	-0.561909271605597
36.927	-2.4784	-4.6331	-1.04622616283376
37.289	-5.8562	-1.1742	-1.33652968780179
36.35	-1.06	-3.5694	-1.645
36.839	-2.8458	-4.6107	0.465814709494543
34.409	-9.3628	-3.4874	0.63370228994675
21.749	-12.082	-3.1072	-1.2386083777725
36.479	-2.3034	-4.7111	-0.991108631013743
35.35	-9.2134	-2.9742	-0.414130141091706
37.069	-7.3037	-1.1191	-1.30423848761759
37.293	-2.0806	-4.0461	-1.41428181915674
37.112	-7.3561	-1.2594	-0.20980740682711
35.298	-7.0473	-0.77197	-0.1616772888583
34.237	-8.2289	-3.8283	-1.18820110382141
38.056	-5.1676	-2.5888	-0.640597657898826
35.642	-2.2581	-5.5624	0.659303026645808
37.132	-6.4566	-0.84542	-0.202336653191741
33.381	-2.7503	-0.92077	1.645
36.842	-7.1254	-1.1484	-1.21791919437408
36.903	-6.0825	-1.1782	0.31636595973087
36.19	-1.7172	-3.5639	-0.67965021745392
34.92	-2.2908	-0.34357	-1.07990717521132
38.043	-4.5569	-3.3936	-0.617909061666562
35.541	-0.99494	-3.919	0.0540495541832974
37.769	-5.0176	-1.871	-0.268370696461066
35.269	-8.6907	-0.96378	0.35062894578479
36.885	-8.2585	-1.4113	-1.36960001405939
34.961	-9.0902	-2.5955	-0.295104913399978
36.838	-3.1052	-0.58324	-0.225670783260341
27.664	-10.9	-3.9195	-0.0615345629085968
23.422	-0.66444	0.89025	1.30571398125443
29.878	1.9333	-3.6835	1.62563797251047
38.515	-5.1784	-2.2231	0.358558319948674
38.137	-5.8416	-1.5113	-0.747680927775308
37.654	-2.3191	-2.4915	0.220090217888767
35.139	-7.3104	-0.6746	-0.941726469688116
29.667	-0.36181	-6.2471	1.645
34.572	-9.5317	-2.8881	-0.41501343410234
36.627	-2.2565	-4.6513	-0.209395425633699
38.041	-6.1191	-1.0396	-1.04088138217427
35.898	-7.0416	-0.93679	0.56851636968792
33.998	-7.9864	-0.16569	-1.24635909765877
35.179	-4.4275	-0.35156	0.313910814125916
35.475	-6.9959	-0.76676	0.0260029318196402
32.07	1.4293	-2.3833	1.645
35.045	-8.4451	-3.0206	-0.597265005983729
36.626	-6.7312	-0.7282	0.527363461021406
28.783	-1.1034	-6.5278	0.768452383366123
35.933	-8.4365	-1.8553	-0.167793863167213
32.506	-10.224	-2.3987	-0.176144442919966
34.744	-7.6455	-4.2175	0.51277346258407
35.716	-8.4489	-2.1184	-0.63897886032246
31.72	-0.96702	0.3544	1.645
36.751	-6.7733	-0.83624	0.933905081005908
26.305	2.5123	-0.34699	1.48661812099417
37.254	-3.0555	-4.385	-0.1712247405562
34.17	-1.3725	0.13005	1.15502732697074
36.772	-2.0808	-3.8427	-1.645
28.764	-0.51537	-6.6424	0.742609672469963
38.014	-5.9577	-1.8809	-0.640958032233661
34.574	-3.6874	0.49795	-0.190923413476093
36.293	-1.505	-4.5643	-0.537670196688073
36.234	-7.6629	-0.97961	0.385686828818009
34.65	-7.5723	-2.293	0.366937966393849
36.083	-8.5847	-3.8822	-1.17014200899082
27.103	-1.7895	0.51807	1.645
36.16	-3.0067	-5.1595	1.645
33.832	-9.4165	-3.2844	-0.436702764729749
35.349	-1.7696	-4.8635	0.797685285391804
37.166	-4.2299	-4.5378	0.223717447676716
34.808	-9.1052	-3.57	-0.273768986910386
35.873	-6.1718	0.076158	-0.434508266678075
35.622	-2.128	-5.639	-0.0703744542928499
37.437	-6.1818	-4.1612	-0.7421577330694
36.152	-7.3342	-0.95071	0.0722697195009196
35.261	-1.5128	-5.0484	0.0581635556252432
33.824	-9.9319	-3.7705	-0.469386124946558
35.159	-5.0452	-1.1061	-0.616378745772835
30.039	-10.6	-3.9322	1.46731626711186
30.135	-9.1454	-4.2499	0.457539340709577
29.138	-11.188	-3.8476	0.400619401876423
35.92	-6.9901	-0.49628	-0.382363752435629
31.224	0.17342	-5.7504	1.46317047060834
35.622	-3.6657	-1.0615	-0.710143871950744
37.487	-6.2291	-1.7669	-0.307306675862928
35.929	-8.1243	-1.4357	1.45338055737154
33.353	-0.15211	-5.6436	-0.377065963973298
34.134	-10.156	-2.7773	-0.398886639903078
35.54	-1.4891	-4.931	0.397487531157859
34.026	-9.7903	-3.2879	-0.153013119500151
36.626	-5.7911	-1.2278	-0.693646580326437
24.178	-11.704	-3.6301	-1.03790321729014
37.404	-5.4861	-1.3972	-0.459534221732716
33.892	-0.68384	-5.8885	0.0465579320002647
24.368	3.7988	0.25655	1.15991059465578
25.316	0.0397	0.96357	1.645
36.37	-2.9592	-4.9675	0.977415343886401
36.177	-2.5183	-1.6875	-0.929717951814654
34.494	-0.21675	-1.9609	-0.696250597241721
36.989	-2.1522	-4.4694	-1.20859902529518
29.538	-10.738	-4.0519	1.13617435045094
37.198	-6.5255	-1.0386	-0.967461952668025
36.164	-7.808	-2.0116	0.0944995787914812
26.615	-11.683	-3.4185	-0.89008005427322
35.959	-8.016	-1.3819	-0.31387283422883
37.27	-6.2276	-1.1357	-0.232080269459484
36.454	-6.533	0.32032	-0.227254870828635
36.452	-2.8956	-0.53636	-0.764800119558357
33.279	-10.124	-3.4263	-0.58485971753075
26.736	2.6919	-0.6298	1.645
37.768	-2.7583	-2.6984	-0.739219932913041
35.59	-2.7801	-5.4654	-0.0686791302286647
37.579	-7.1001	-2.0947	-0.0437717534174787
36.093	-8.6628	-3.2445	-1.05137129743051
33.734	-9.5652	-3.4776	-1.09081170294099
38.216	-4.6273	-2.5373	0.263992814196462
27.089	-11.553	-3.8875	-0.621073996788165
32.801	-10.494	-2.9191	-0.0303376544330731
38.241	-4.5629	-4.0563	0.935035698007763
37.785	-3.759	-1.4766	-1.645
38.276	-5.2348	-2.0977	-0.821396043115271
37.742	-3.366	-3.0438	0.12473921591527
27.815	-0.57083	-6.707	-0.350627463578601
28.23	-0.50422	-6.5389	0.0174269256147905
29.63	-0.92416	-6.7941	0.328403543667622
33.189	-2.0783	0.76822	1.645
34.078	-0.040589	-5.3448	0.308771742269801
36.923	-2.6406	-4.693	0.55098769743071
30.923	-10.273	-3.951	1.10371483646454
33.454	-0.75361	-5.856	-0.524726978043088
37.946	-3.4073	-2.4633	-0.176165271604796
24.271	-12.112	-3.4109	0.673742097105321
36.432	-7.4201	-0.80639	-0.694622222200283
35.365	-1.0409	-4.4356	0.277002123566135
36.627	-4.0545	-5.0559	0.579572143232406
36.92	-5.8143	-0.62305	-1.3274252237118
36.617	-3.1258	-4.9507	1.37515426093188
35.936	-1.5523	-5.1143	0.70338736062829
22.13	-12.369	-2.9595	-1.15732326369502
35.285	-7.5377	0.066807	-0.746101079958135
34.246	-1.9271	-6.1455	-0.56112598444565
35.563	-0.78294	-4.4159	-0.880471758866883
37.246	-2.3567	-4.2847	-1.3857206642353
36.836	-2.003	-4.5542	-1.02476897841646
35.681	-7.0142	0.034118	0.814986923332259
28.476	2.3052	-0.21928	0.459826894446727
36.702	-4.5632	-0.72328	-0.491677022084755
35.022	-2.2931	-0.30106	-0.387764805122453
36.997	-2.8596	-4.6194	-0.852518099604394
31.828	1.1086	-2.2523	1.32753234875627
35.129	-7.3311	-0.43908	-0.678041485592704
35.687	-2.4359	-5.3201	0.293249418888608
26.988	-0.92323	0.91876	0.909350596543162
31.846	-3.3065	-0.63738	1.04312340413618
33.401	-1.0653	-5.7202	0.408866620584093
36.04	-6.7814	-0.20054	0.896025982775416
34.114	-0.95412	-5.5611	-0.0147396654631551
36.599	-6.6278	-0.62335	0.0887625705098693
37.135	-6.6056	-1.2216	-1.2306762781779
38.176	-5.8106	-2.8118	-1.4264666904943
37.58	-4.0989	-3.3811	0.365930229777675
35.637	-6.7245	-0.37612	0.273813748279572
35.282	-0.54191	-4.5888	-0.344635095667
35.082	-1.3413	-5.5522	-0.652409760974249
35.866	-8.262	-4.0059	0.712179636746453
37.104	-7.4099	-0.84084	-1.52679609483899
35.513	-9.1151	-3.2543	-1.40687245789013
36.187	-7.133	-0.64214	0.253968469342606
35.107	-0.70271	-4.7009	-0.640860638835021
37.184	-1.7013	-2.732	-0.975907262435796
37.267	-6.9481	-1.9059	-1.645
32.963	-0.82231	0.13576	1.645
35.467	-1.2018	-5.1814	0.721843715948392
19.144	-11.629	-3.5846	-1.50259121149487
35.444	-3.6749	-0.45329	0.542137908854667
33.256	-0.209	-5.6186	0.0162539774565582
38.277	-5.7043	-2.5148	-0.399302914047933
35.262	-6.5396	-0.11959	-0.256227961515829
36.147	-2.2079	-4.9607	0.331943033872201
25.063	2.6942	0.50611	0.821148646685407
35.954	-7.1833	-0.97152	0.319023906437068
31.359	1.133	-1.4757	1.645
36.883	-3.2841	-4.7561	-0.635692231592159
37.07	-3.5895	-4.5398	-0.00800260562475404
29.455	1.4441	-0.33154	0.723487835023584
30.771	-10.607	-3.8479	1.41427943226589
35.249	-6.5454	-5.549	-0.475622553105723
37.709	-3.0288	-3.4199	0.737952387401278
36.433	-4.7672	-1.4114	-0.930963053408818
27.534	-0.34665	-6.4868	-0.469919965627787
36.086	-7.7136	-1.5338	-0.23544920899029
38.056	-6.0844	-2.1369	-0.325386033954025
34.733	-2.7372	-1.1845	0.387727856118545
34.09	-1.9336	-5.9096	-1.46001867314088
30.214	-10.125	-4.3742	1.00154726035687
36.733	-2.908	-4.739	1.05849821201125
32.649	-1.5728	0.16861	0.95604085893522
35.94	-8.616	-2.4003	-0.00982476479634679
38.211	-6.7695	-2.7243	-1.645
34.473	-6.0424	-5.0366	-1.38256320585183
36.627	-6.1571	-0.69163	-0.68221880288826
36.064	-7.1385	-1.2273	-0.0418441056024573
28.21	-11.078	-3.6007	0.111192607435191
33.526	-9.8154	-3.646	0.201567804499298
37.809	-4.4404	-2.6843	0.151945519412826
36.294	-2.8729	-4.9081	-0.340617079413296
36.932	-2.2441	-4.676	-0.631223220916391
34.882	-7.8087	-4.7386	0.271243195817125
36.476	-7.382	-1.0621	-0.113094407183228
37.275	-3.0113	-4.2995	-0.992105240713823
37.16	-7.4515	-1.5202	-0.764268754577227
29.493	-2.0896	-0.37662	1.22473551795599
36.008	-4.144	0.37998	-0.175077653694619
33.871	-0.68123	-5.6772	0.423352409382015
26.97	-0.27744	-6.7405	0.0522775648906748
34.878	-7.421	-4.5206	0.43220679567943
36.796	-7.0838	-1.2456	-0.476975529036987
36.362	-7.0014	-1.1047	-0.313316878525773
20.626	-11.99	-3.1838	0.27571749700794
37.31	-7.5264	-2.6178	0.10781438459792
30.671	-0.85242	-6.8893	1.645
16.859	-12.177	-3.2421	-0.795821195676081
36.905	-4.2578	-0.4808	-0.357064278909124
35.511	-1.8353	-5.3157	1.645
21.085	3.772	0.79139	0.643522632336331
37.367	-3.737	-1.2535	-1.50461552357417
36.651	-7.5829	-1.2475	-1.07692109870902
35.014	-8.2377	-0.58041	0.391008491438963
36.616	-6.8313	-0.47681	0.26521772901573
36.201	-2.0957	-4.461	-1.44813782144194
36.759	-7.1446	-0.57465	-1.36511817694887
35.043	-1.2339	-5.4064	-0.368376910840226
36.334	-6.388	-0.29077	-0.0763308472413098
35.239	-3.0074	-0.11223	1.12119175203004
33.832	-8.7472	-3.3011	0.0102753762005293
29.377	1.7668	-0.97623	1.645
36.531	-6.2769	-0.45093	-0.750991785859606
35.735	-6.5504	-5.0381	-1.32924358689417
36.185	-8.2947	-3.287	-0.639267145172559
30.382	1.5907	-0.49021	1.645
36.292	-7.3381	-2.103	0.0322233546479261
30.558	0.84485	-0.90212	0.827381644560726
