30.252	-10.709	-4.2735	1.645
37.784	-3.0457	-3.1938	-0.247751993662616
35.233	-1.7225	-5.4094	-0.884741144807507
36.304	-5.6636	-0.46282	-0.381141332152694
34.958	-1.4558	-5.6443	-0.901841184543354
35.711	-7.1492	-0.48083	0.0839007577448632
35.577	-2.1617	-5.7207	-0.883869209750711
30.384	-1.1125	-6.3906	-0.765669160159028
35.662	-6.8765	-0.14067	-0.0988559247009034
37.208	-4.7836	-0.79393	-0.463584470629634
35.031	-0.73919	-5.3013	-1.00154621243389
30.639	-1.4277	-6.4224	-0.745105915360595
30.396	1.5929	-2.7118	-1.11904521138687
37.36	-1.9229	-3.4248	-0.619718696071744
38.053	-4.9272	-3.8114	1.43405897382629
25.215	3.2448	-0.1568	-1.2438894740152
37.946	-3.3618	-3.7233	-0.732509880931516
36.345	-3.4584	-0.40195	-0.438528978730166
29.468	1.8323	-1.3242	-1.41526202374458
35.221	-8.5458	-1.1697	0.248451306864667
37.076	-4.767	-1.1442	-0.395571968195094
38.1	-6.0953	-1.2467	-0.55009107693055
37.421	-4.2265	-4.3602	-0.282838576000238
37.609	-6.1563	-1.2378	0.0284036329151482
29.628	1.4832	-0.091737	-1.10530339581529
30.886	-9.9839	-3.954	1.645
36.237	-7.9567	-0.56517	-0.752089654411032
38.043	-6.8756	-1.8666	0.871180400636041
37.508	-3.0489	-2.1855	-0.272247197090236
38.329	-4.7319	-3.6869	-0.0347790709362115
34.7	-1.2137	-5.6412	-0.82547872761303
38.1	-3.8544	-2.0497	-0.808786798749395
35.969	-7.2747	-0.90899	0.360236096746445
27.088	0.10397	-6.6888	-0.97682469482234
37.973	-4.0567	-3.8317	0.30480948531724
27.649	-11.462	-3.5438	0.697220163934321
35.681	-8.7417	-2.8366	1.645
27.506	2.6504	-0.70193	-1.645
29.352	-10.501	-3.6657	1.645
36.904	-6.9214	-1.6942	0.375422720167121
35.473	-9.362	-2.7353	1.47829382715132
36.27	-3.1772	-4.7845	-0.172687100017767
28.019	-0.25125	-6.6692	-0.69564042407877
33.485	-9.167	-3.831	1.645
34.236	-10.016	-2.8261	0.160814073390752
33.449	-0.6842	-5.706	-0.466060191095369
36.817	-3.992	-1.0023	-0.142816597531716
36.439	-2.5243	-2.1194	-0.371141239706583
34.364	-0.084456	-4.3062	-0.382756211587765
35.596	-0.68966	-4.4515	-0.087220533068883
36.24	-2.3286	-1.4169	-0.650926982102309
36.865	-7.6925	-1.6333	0.0176093782403712
37.22	-6.5674	-1.1292	0.15336890892088
37.897	-4.8967	-1.5729	-0.229447408877976
35.228	-2.001	-3.9949	-0.0848310669610864
33.384	-0.71081	-6.05	-0.548537786773156
36.605	-7.0821	-2.621	0.589008933177663
34.196	-9.5363	-3.2052	0.552437296899642
30.378	-9.9318	-4.0164	1.32601020608338
35.451	-2.0421	-5.2604	-0.48657267109335
37.029	-6.5279	-1.0449	-0.363463549984027
36.22	-7.0306	-1.8249	0.715761726078172
35.361	-7.6139	-0.68234	0.378475457048183
37.68	-3.1829	-3.9933	-1.03677158362207
34.157	-1.6204	0.0068926	-1.02670625267026
37.485	-7.2194	-1.5734	0.435965242345696
36.966	-5.8746	-2.2644	0.168335584969052
36.318	-6.8931	-3.2431	0.155829917439185
34.278	-8.7974	-3.7387	1.21470124297423
31.307	-10.824	-3.7747	1.645
37.731	-4.9146	-1.0312	-0.915809067311188
23.754	-11.761	-3.3614	1.645
36.647	-7.5774	-0.80506	-0.304043189473624
37.798	-6.4612	-2.1662	-0.394735093600495
37.754	-3.583	-4.2792	-0.0205240333584075
35.975	-7.482	-0.79263	-0.126058029618159
37.505	-6.6685	-2.6847	0.758362975463943
35.53	-1.198	-4.9193	-0.49094343172259
37.23	-3.1353	-2.1204	-0.210241997897177
36.382	-2.1964	-0.9519	-1.07579583255446
24.761	3.1961	0.59405	-1.39533394888762
33.85	-8.5339	-4.1833	1.5563410406079
31.588	-10.845	-3.7152	1.645
34.348	-1.5875	-5.124	-0.552587461471406
35.855	-8.5351	-4.1011	1.645
35.188	-7.5203	-0.50527	-0.374330613920877
29.408	-0.87213	-6.5897	-0.778252262657334
29.318	-10.906	-4.083	1.58077682969751
36.734	-4.8522	-4.9762	-0.110817413269049
36.425	-0.63911	-3.5397	-0.286965393112816
35.68	-4.0853	-5.459	-0.432912841551642
37.21	-7.0648	-0.9211	-0.463834686537432
35.97	-1.7404	-1.3486	-0.519723176287123
36.73	-2.8421	-4.3338	0.332623128731788
35.127	-8.9068	-3.2601	1.645
34.516	-1.442	0.39769	-0.927297215606416
26.621	-0.41676	-6.7491	-1.04883402798934
33.447	-0.099584	0.24688	-0.640276836614294
35.417	-9.3933	-3.2228	1.645
37.061	-6.5184	-1.2337	-0.325903019154644
36.761	-4.0431	-2.5386	-0.148722311963699
36.51	-6.2637	-0.54518	-0.738122166209893
36.466	-7.3544	-0.70317	-0.366993076206942
28.861	-2.2487	0.5869	-1.57167243566016
37.211	-6.4572	-0.88182	0.320398058684498
37.444	-6.7964	-3.6172	1.37682596783236
36.601	-7.2495	-1.0362	-0.164135809100752
27.931	-0.28496	-6.5634	-0.838020244730331
31.618	-10.13	-4.2517	1.645
36.223	-7.4272	-1.0084	-0.0766584244767438
29.629	-10.882	-3.5421	1.61227712190718
29.947	-10.855	-3.69	1.02950208084525
37.298	-6.2867	-4.72	1.11045193649812
38.155	-4.6891	-2.4946	-0.173537156837706
29.457	-8.1844	-4.6495	1.32025046948394
37.961	-6.4367	-2.1714	0.674456373868609
24.995	-12.011	-3.4335	1.645
37.283	-5.6156	0.019012	-0.389380579661103
36.059	-5.4499	-1.2052	0.00467661557973741
27.944	-0.12737	-6.92	-1.08957496502417
33.895	-8.0079	0.42918	0.788103228688757
34.547	-9.2514	-3.6529	1.61819460287597
27.474	2.3031	-0.87242	-1.645
36.897	-3.6054	-4.7352	0.0582833937657995
34.858	-0.90232	-5.1763	-0.505281996835313
27.282	1.8772	0.36123	-1.645
26.937	-11.434	-4.0353	1.645
34.051	-7.057	-4.9855	1.34629385383205
36.385	-6.6891	-0.91737	-0.194272553011226
36.707	-6.8401	-1.3848	-1.13557305818769
36.43	-6.2279	-0.72841	0.0589018544772794
37.485	-6.1472	-1.8209	-0.195816166742109
37.336	-4.2892	-1.3951	-0.171472077248401
36.534	-2.8847	-3.859	-0.00939365442289945
36.765	-2.6537	-0.90358	-0.985306046660077
38.365	-5.7093	-3.163	0.971545755543939
26.795	-1.38	0.76789	-1.32906407985511
37.736	-7.0645	-2.0451	0.377545949269249
27.947	-11.622	-3.3485	1.4528952232286
29.441	-2.4441	0.42788	-1.645
34.545	-0.57259	-5.36	-0.500526874605868
37.192	-7.2199	-0.97104	-0.462358488501947
35.643	-1.0173	-4.7475	-0.0506533412528543
29.467	-10.775	-3.9691	1.58175845378571
36.573	-8.3132	-1.1099	-0.0706139551394419
36.38	-6.6055	-0.06572	-0.563591360255628
36.872	-7.3054	-1.1125	-0.909133041345687
31.012	0.82625	-1.0063	-1.18407485431041
33.073	-10.383	-3.0347	1.06778641465214
33.721	-9.813	-3.1666	-0.0525883690713691
36.514	-2.8311	-4.6458	0.256522167983289
26.728	-2.4993	0.37058	-1.645
35.137	-7.474	-0.47603	0.330045684199639
33.092	-2.3509	-0.10809	-0.895749614235706
30.162	1.0924	-0.59141	-1.20303505966254
35.653	-8.8056	-2.0148	0.963432938778351
37.55	-2.3992	-4.0514	-0.142703936008965
28.167	2.2203	-0.26485	-1.22895464958985
37.262	-7.6743	-2.5575	0.780674138420871
28.68	-0.5989	-6.5866	-1.41950053414539
36.82	-6.8749	-0.3813	-0.831463594282294
37.969	-4.1044	-3.9668	0.451440247127558
27.04	-0.27364	-6.8262	-0.813979150590341
35.876	-2.8084	-4.9303	-0.226197497987239
36.613	-7.1136	-0.79163	-0.706700062093183
29.461	-1.419	0.7187	-1.645
33.343	-10.105	-3.3928	0.96801564547733
35.407	-6.9301	-1.0617	0.754179686746486
36.67	-6.252	-0.26205	-0.335004292522166
36.115	-6.9508	-0.31193	-0.473230466497412
30.193	1.2549	-0.92182	-1.07759147770864
36.741	-6.2321	-0.25214	-0.47057326975108
35.394	-6.7244	-4.8998	0.527017447575915
35.901	-7.5783	-1.5121	0.428429105726911
36.212	-2.8864	-4.4424	0.340420731428425
36.519	-6.8297	-1.8835	0.397992623540396
36.757	-4.3829	-1.9128	-0.282674058314453
37.299	-4.6356	-4.2258	1.40044126138592
36.961	-6.9266	-1.1732	-0.601122199313059
35.464	-9.2253	-3.2972	1.645
35.372	-7.55	0.094466	0.449918048290902
37.434	-3.8318	-1.858	-0.33103320766609
37.432	-2.5769	-3.2596	0.0550507145356122
35.832	-1.7551	-5.3572	-0.706515610511315
34.841	-1.1825	-5.6789	-0.836495719142903
35.748	-1.2876	-4.9432	-0.454209245378606
37.279	-7.3662	-1.4602	-0.571354535573701
33.607	-1.7542	0.66326	-1.37179899018268
36.366	-7.7739	-1.273	-0.209152784462661
29.524	1.8227	-0.21233	-1.30476916592892
24.281	-0.95431	1.6062	-0.925115344884575
37.71	-3.7762	-3.6003	0.765750987426548
37.127	-6.706	-1.4274	-0.150048500399153
37.568	-3.1113	-4.1591	-0.867984297217542
36.105	-7.3621	-0.27467	-0.274473050129487
36.68	-3.1089	-0.80076	-1.26277189537826
37.185	-5.435	-1.2468	0.0605247718786228
35.352	-7.529	-3.7597	0.646295381239468
37.144	-2.5994	-2.8073	-0.685993940209898
36.629	-7.321	-0.79914	-0.376693702045057
29.709	-1.2098	-6.7267	-1.05506477661776
28.639	-1.7463	0.11451	-1.43989218340246
33.884	-9.4559	-2.2002	0.0969203056617981
29.769	-1.6298	0.65782	-1.645
37.081	-2.2684	-3.7777	-0.37066530007636
36.206	-7.2978	-1.6692	0.207113869404547
25.402	-11.378	-4.1255	1.645
37.885	-6.1483	-4.0581	1.13116616908281
31.038	-10.399	-3.8462	1.64419134967571
36.67	-6.0862	-0.60603	-0.207311326176662
34.412	-0.72442	-5.3799	-0.795717261205174
29.81	-10.35	-3.8864	1.11121864625009
33.106	-8.9881	-4.6548	1.37756191487411
29.473	-0.48085	-6.5681	-0.587681286745538
35.74	-1.5646	-5.2828	-0.796726002008842
37.574	-2.8168	-1.8882	-0.455906390572591
32.89	0.72047	-2.1587	-1.20453406911392
36.778	-6.6332	-1.1096	0.194571348769051
37.034	-3.681	-5.0419	-0.434076887515504
27.479	-1.1421	0.8687	-1.25824865558457
35.114	-8.5241	-4.0748	1.645
35.997	-3.0534	-4.6892	-0.221349903392688
36.301	-1.469	-4.8456	-0.961700101754048
33.033	0.14127	-0.89016	-1.15494622158268
35.769	-1.0613	-4.7791	-0.319368740879176
24.668	-11.654	-3.2159	1.645
28.566	2.1575	-0.46418	-1.30510725011495
18.476	-11.922	-3.6567	1.645
31.902	-10.188	-3.1425	1.645
35.592	-6.7005	-0.93449	0.253336718230186
34.055	0.053927	-3.4849	-1.14549560957177
29.642	-1.2463	-6.7948	-0.98467370710045
37.359	-2.1066	-3.8716	-0.709231589256279
28.656	-0.89458	-6.9293	-1.30845419529327
37.672	-6.7785	-0.78609	0.0794254739907602
35.668	-7.5501	-1.0858	0.614111959273936
36.261	-6.8152	-1.5389	-0.226724186813457
36.834	-6.7319	-1.2722	-0.74433622766889
36.996	-7.5969	-1.0678	-0.840882158811185
30.542	-6.0829	-5.3952	1.02173893468479
35.304	-0.72865	-1.7241	-0.701185660342329
32.167	-10.434	-3.3169	0.943235551736972
37.241	-6.6798	-1.5083	0.406482605225898
37.692	-3.8642	-3.9815	-0.255249902588124
36.295	-7.3641	-1.1927	-0.414128020866797
36.177	-1.3727	-4.7834	-1.08502471192997
35.221	-1.4667	-5.6054	-1.01219665582812
36.195	-3.0407	-2.149	-0.689592529430489
20.821	-12.156	-3.2601	1.645
28.31	-11.059	-4.4058	1.645
37.112	-7.4161	-1.9881	0.286546651624492
35.304	-6.792	-4.5462	1.645
31.554	1.5166	-0.70294	-0.935025136487696
35.332	-3.4379	0.25797	-0.180818606997906
33.492	-9.8817	-3.9009	1.51349244397389
37.411	-6.3305	-1.4893	0.509137126031696
35.78	-6.7263	-1.6317	0.185607869439791
33.448	-0.77411	0.15523	-0.220116638290116
35.375	-5.2242	-0.81239	-0.0983269745254075
33.301	-0.8584	-6.2191	-0.664083168362001
33.996	-0.50546	-3.2843	-0.0614396564638634
36.135	-7.0239	-0.50614	0.0181782693228228
35.965	-2.0548	-5.2201	-0.602785249966981
36.394	-6.1789	-1.2919	-0.0893450996486658
37.406	-4.8724	-2.8986	-0.00807185964418382
36.04	-7.8278	-3.3901	0.743371272477416
36.003	-7.4847	-0.98669	0.446858004197092
37.505	-3.3844	-3.665	-0.00904734735289377
38.095	-4.4114	-3.0289	0.409297629175736
28.845	-0.3391	-6.3215	-0.313858420946191
31.873	1.1603	-1.4668	-1.04444464803952
37.224	-5.958	-1.089	0.231271897514297
37.745	-6.0125	-2.6235	0.543260095511348
32.761	-10.279	-3.5803	1.03464397614155
35.146	-6.8688	-1.1453	0.699212602293957
22.237	-11.81	-3.5527	1.645
36.309	-1.0166	-2.6914	-0.651726651295978
32.789	-9.4975	-3.0511	0.336640973979244
38.051	-7.0224	-2.7249	1.04061672082992
37.117	-7.0294	-1.3152	-0.1376230333031
29.757	-0.67542	-6.5392	-1.05685067182394
37.809	-6.3381	-1.42	0.360295805048236
37.268	-4.9914	-0.25184	-0.511120763399406
37.709	-3.5095	-2.5169	-0.628851781657531
29.359	-1.6151	0.50232	-1.645
35.72	-8.5251	-3.5035	1.60293768218302
35.965	-1.3746	-5.0021	-0.188740755178541
36.316	-4.3292	-0.2157	-0.405191060349058
32.677	-8.7274	-4.1685	1.645
38.36	-5.3256	-2.9136	0.256786088445278
36.221	-7.3412	-4.4751	0.930782801575217
34.415	-6.8325	0.075148	0.120252784377326
28.368	-0.59665	-6.7559	-0.586769096529706
36.759	-3.5836	-0.81804	-0.21170524787318
34.095	-9.7839	-3.228	0.640788484114259
37.368	-6.4768	-2.9922	0.741156777630984
37.332	-7.2515	-3.8961	1.30741280107823
35.258	-5.3219	-5.4431	0.367720937001344
36.321	-3.9637	-0.27042	-0.451645834426774
36.03	-6.7396	-2.2656	0.909967804430578
36.297	-6.6218	-1.3064	0.852965822144588
36.623	-2.2417	-4.4946	-0.530903977992102
30.035	-10.734	-3.8263	1.645
36.66	-6.6386	-0.37036	-0.728142301357093
21.515	-0.27706	1.74	-0.801675000113929
33.103	-10.306	-3.7632	1.645
36.952	-8.0395	-3.7747	1.25108527434543
22.571	-0.57713	1.5151	-0.955832978260442
37.393	-3.4946	-4.3244	-0.0312664463433359
29.076	-11.036	-4.0158	1.13892567276427
27.77	-11.555	-3.6482	1.645
37.578	-3.8494	-4.4812	-0.825301945231859
37.42	-3.8425	-1.2864	-0.147198726904397
26.936	-1.6129	1.3973	-1.15366280773947
36.112	-7.3194	-0.71772	-0.0812827124581231
35.791	-7.0583	-0.31701	-0.302509885566285
30.4	-10.876	-4.4696	1.645
35.159	-1.6508	-5.7185	-1.04742358832139
36.861	-1.5517	-4.234	-0.393631873652445
26.877	2.3493	0.26303	-1.28156515947214
20.474	-12.495	-3.206	1.645
27.177	-2.3797	0.14023	-1.38436217303654
37.496	-2.3662	-2.2257	-0.505833338525701
34.893	-8.2576	-0.2879	0.65299577754854
26.716	-11.636	-3.9302	1.645
34.889	-7.5416	-4.5362	1.64495994840543
36.442	-8.308	-1.1302	0.0210364675287795
35.773	-7.8802	-0.81617	-0.522501025113255
37.317	-6.8573	-3.3818	1.34400997042479
36.102	-3.0749	-5.1304	-0.212048705021888
37.105	-2.5589	-3.5756	-0.54511128956014
25.809	-11.625	-3.7767	1.645
31.857	1.6245	-3.1076	-0.804226097947244
26.788	-1.3344	0.7076	-1.2710436038798
37.049	-6.6954	-1.5441	0.0275090796144023
30.72	1.4517	-0.34053	-0.999745981512457
27.045	2.3681	0.63953	-0.855534742640644
20.617	-0.3175	1.6639	-0.590598399733704
37.887	-5.396	-1.5637	-0.0755462627199441
37.858	-5.3791	-3.9756	1.34063568937332
37.652	-4.4151	-4.0434	0.728443941664221
29.685	-10.994	-2.7076	1.645
33.751	-10.254	-2.9882	0.342782479781419
33.908	-0.57427	-1.1263	-1.22067210391461
36.426	-7.9875	-4.213	1.645
33.919	-7.0507	-5.0645	0.7455787638217
37.54	-3.8517	-4.3804	-0.606450206873394
35.577	-1.6453	-5.4049	-0.98683327467787
38.032	-3.8433	-2.5224	-0.581632771477139
26.259	-0.18253	-7.0548	-0.795851823916016
35.993	-7.0808	-1.3785	0.244860957583727
34.187	-1.4715	-5.6999	-1.04756578488182
38.371	-4.863	-2.051	0.0582138233588744
36.918	-7.5758	-1.5006	0.0214063361454616
36.473	-1.6404	-4.767	-0.847366031214678
28.657	-0.49517	-6.6234	-1.29645032292352
36.394	-7.593	-0.62675	-0.628751589676073
36.478	-7.1979	-2.0881	-0.449291234995636
35.184	-9.2901	-3.1965	1.645
33.753	-9.4761	-3.5559	1.02451062166473
38.074	-4.3028	-2.4632	0.606666154886613
36.292	-2.6554	-4.4174	-0.257889462657854
37.272	-6.8375	-1.1314	-0.296056877663012
33.715	-9.6432	-2.123	0.716467338647007
35.237	-0.69076	-4.8874	-0.472270202504202
24.414	-12.142	-3.2013	1.645
37.569	-6.5148	-1.4642	0.251413771638769
36.96	-6.9343	-1.0159	0.11867567626296
37.294	-1.9809	-3.4145	-0.2626773673434
37.737	-6.611	-1.2513	-0.0627920445952498
37.08	-2.6979	-1.4846	-0.812665725098413
37.508	-7.0244	-1.8393	0.00464110466966772
37.038	-4.3294	-1.0892	-0.0463327430529058
34.492	-7.3364	0.24994	-0.0240271267304929
27.619	-11.723	-3.0238	1.45234146271664
37.109	-7.0105	-0.90472	-0.985000537533252
33.954	-0.85081	-5.874	-0.340846109726683
25.499	-1.9116	0.89186	-1.12243062604035
33.203	-10.02	-3.7952	0.879971916595809
36.949	-4.5689	-2.2549	-0.0678505927807834
38.43	-6.1105	-2.4777	-0.18239290962946
36.281	-7.2612	-1.4428	0.306407872888184
36.205	-2.6511	-0.80731	-0.840246834076205
31.294	-7.8077	-4.7166	1.645
28.036	-0.32208	-6.6729	-0.899056979323672
37.033	-2.5461	-1.0928	-0.909512149688057
33.627	-10.262	-3.7998	0.717238647703421
28.89	2.0927	-0.92713	-1.07305607317229
36.811	-6.4165	0.35144	-0.664098541179099
37.011	-5.9559	-0.4383	0.00871735389164288
38.201	-3.9247	-2.182	-1.24369791033197
36.854	-3.5895	-4.6313	-0.425877878353741
37.373	-6.9962	-0.69014	-0.583788251543823
38.149	-5.5533	-1.2842	-1.21686696363932
36.144	-2.2189	-1.1147	-1.01882181161344
35.14	-0.37334	-2.7565	-0.893804449565963
36.902	-7.0363	-0.65284	-0.949066336815204
36.446	-6.3734	-4.8093	1.26574092662141
36.044	-8.7182	-2.4083	0.421709399075107
34.719	-9.8405	-3.3063	1.58444839686752
36.437	-3.6993	-4.3082	-0.998428864110825
34.532	-1.6199	-5.9276	-0.774597191320893
24.371	-1.4143	1.2245	-0.872855113017206
27.162	-11.286	-4.1317	0.502581826753408
35.233	-8.8871	-3.1131	1.645
34.886	-6.2481	-5.5571	0.346840988571198
34.45	-9.2067	-3.1109	0.915530213693422
35.822	-6.391	-2.1782	-0.144116197113794
35.733	-1.9219	-0.14499	-1.04204977367257
35.874	-8.6177	-1.8043	0.723525117246807
34.192	-8.3314	-3.5638	1.43063147999584
37.948	-6.3604	-1.6608	-0.0441232960020864
35.228	-8.4952	-3.2171	1.16833198908522
34.806	-6.9562	-0.62806	0.549294527390823
26.345	-1.1055	0.5634	-1.05901710379133
25.296	-0.72466	1.6146	-1.07755764666743
37.422	-3.4628	-2.3274	0.105343941952955
28.048	-11.488	-4.1721	1.645
37.105	-3.6061	-4.5524	0.14272463815302
36.419	-6.6899	-0.5559	-0.632491190217857
35.34	-2.5809	-4.242	0.639538019327746
33.407	-9.7397	-3.9947	1.55853925333043
32.896	-9.6574	-3.1526	0.720082795369605
36.359	-7.4549	-1.0004	-0.0899106480169817
35.12	-1.2742	-2.8903	0.400606391535675
37.498	-3.5547	-4.4466	-0.371154171884914
36.054	-7.6498	-0.76852	-0.264136332532046
37.167	-6.6659	-1.13	-0.544100782012807
37.129	-4.2692	-2.0975	-0.0181570623544839
36.978	-1.6567	-1.9199	-0.85740565728906
29.606	1.5715	-0.54431	-1.27806720422972
33.643	-1.3637	-2.5897	-1.3749812627094
34.789	-7.3388	-0.54573	1.05480651563857
28.725	1.7036	-0.72164	-1.4864765316402
24.712	2.8802	0.58317	-1.35810856163745
36.593	-5.8661	-0.6886	-0.278427758372086
36.284	-1.8405	-5.0251	-0.806608931422894
29.893	-1.3723	-6.5831	-0.804793828109027
36.546	-7.4554	-1.1895	-0.43719337696965
35.946	-6.5489	-1.2203	-0.251610016052993
36.537	-6.8783	-1.0337	-0.19862038835986
20.317	-12.541	-3.2969	1.44939021785643
34.361	-1.276	-5.9627	-0.387422880292889
37.923	-3.705	-3.5402	-0.938078157516318
37.259	-3.0075	-4.4835	-0.202250024217892
37.096	-3.0514	-4.6541	0.156306154396366
34.849	-9.695	-3.414	1.54400869464366
38.398	-5.8134	-1.1318	-0.0222412980653364
24.003	0.13853	1.4663	-1.11499940322289
37.122	-3.4666	-4.8168	-0.314420331712961
36.732	-7.2218	-0.73825	-0.751172823321026
33.778	-8.1256	-0.58235	0.561379587794398
31.849	-10.422	-3.1593	1.00202672988221
37.14	-3.9296	-2.3872	-0.225795433237746
36.72	-6.1892	-0.64828	0.129880832119127
36.229	-7.0194	-0.57746	-0.409876315554355
31.782	-10.612	-2.5976	1.5648699353544
33.339	-3.0923	-1.8954	0.2500592627421
31.845	1.0033	-1.1008	-1.13169664733592
34.623	-7.9058	-0.21977	0.603664970345317
36.82	-6.9642	-1.231	0.353264360056576
38.141	-4.2786	-2.7783	0.180078709158403
36.231	-6.2373	-5.1256	0.886195780700755
36.289	-2.5821	-5.4333	-0.80746505186376
37.38	-3.0814	-1.6637	-1.07069064281769
35.425	-1.3523	-5.359	-0.255992446488462
35.754	-8.7903	-3.0805	1.60705127245466
36.588	-2.8971	-0.65573	-0.687950056475847
28.461	0.98628	0.17033	-1.39222685307042
36.185	-1.9151	-5.1717	-0.198176606107814
36.577	-3.213	-5.146	-0.734438506058701
36.786	-8.3038	-2.0017	0.383295468022193
37.997	-4.8692	-1.9471	-0.357100045955928
37.103	-6.7509	-1.4273	-0.0041863437253804
38.09	-4.6696	-3.7878	1.37364938210814
25.277	-1.3055	1.488	-1.23647344164212
36.099	-2.2894	-4.5739	0.301884457189469
31.698	-1.481	-6.3148	-0.592771915948035
37.265	-6.8089	-1.3866	-0.627148798909109
32.951	-2.1329	0.73755	-0.624985718941924
35.127	-9.5065	-3.6642	1.645
36.16	-6.4134	-0.87063	-0.511269235669348
37.729	-4.9993	-4.3855	0.802848491162068
32.13	-10.432	-3.3767	1.0263767713309
37.573	-3.3045	-2.1576	-0.266139954803463
37.755	-3.5724	-3.9847	-1.00865507784532
37.348	-6.6439	-1.5268	0.378354703820741
37.925	-7.2268	-2.1791	1.5510225446526
36.177	-1.8567	-5.0243	-0.755815380901063
37.795	-6.7263	-1.3088	0.162244337150019
31.65	0.84958	-1.5053	-1.53312298476628
36.07	-7.6448	-1.1824	0.186313209210752
22.184	-12.39	-2.6067	1.645
30.247	-10.532	-3.9948	1.2588786991053
37.393	-6.592	-1.4972	0.032456937857528
37.554	-2.4907	-3.7862	-0.239185650560337
37.201	-7.6178	-1.6684	0.635317713445208
30.283	-1.7556	-6.5862	-0.774466304425601
25.356	-12.145	-2.9767	1.645
35.172	-5.0249	-0.59907	-0.679681450767371
37.305	-7.1596	-1.4898	-0.228990083601123
35.947	-3.498	-4.6138	-0.435167945277359
33.207	-10.28	-2.8261	0.62880705174047
28.016	2.2856	-0.45016	-1.26521619871549
22.195	-0.52443	1.9394	-0.882034422839374
35.802	-9.2502	-3.1529	1.645
36.956	-7.4289	-1.0991	-0.668417327878906
38.171	-4.4907	-2.327	-0.398469222134642
36.092	-7.0394	-3.7643	0.912583554364491
26.98	-11.301	-3.1408	1.05684275885976
35.669	-5.378	-5.4118	0.130055198327343
34.864	-0.4048	-2.0771	-0.359287436289208
36.613	-7.0288	-0.34779	-0.995950326223594
31.329	-9.8618	-4.0712	1.22514075137229
36.769	-3.844	-5.1959	-0.581219090462721
30.827	-10.451	-4.0079	1.645
37.061	-7.7577	-3.156	1.53226598728573
34.483	-1.1037	-5.7561	-0.994837020963943
35.73	-7.9709	-0.66978	0.144951848854323
26.612	-11.577	-3.6266	1.645
36.745	-7.1831	-2.3689	0.465466544663994
31.359	1.2267	-0.79001	-1.38702146039852
34.084	-5.1555	-0.37926	0.670180532817123
38.29	-5.6387	-2.4153	0.560531610656437
22.106	0.18732	1.8667	-1.27428143930486
35.735	-6.692	-0.29731	0.148511173224671
17.095	-12.321	-2.8753	1.645
36.501	-6.4825	-0.69156	-0.578067409436508
26.577	2.4753	-0.54886	-1.26644345257292
37.219	-2.0424	-2.5208	-1.10938919150587
36.172	-0.92643	-4.2247	-0.885276249309242
37.095	-4.2397	-4.9509	0.248741776254279
33.674	-1.1195	0.1615	-0.386378598592011
36.517	-7.0275	-0.29672	-0.916821275978596
31.972	-10.291	-4.3015	1.29125018888565
37.138	-4.5323	-4.5154	0.370061951446386
32.883	-8.6579	-4.8132	1.645
33.946	0.48495	-2.0193	-1.27823851038757
33.226	-8.1007	-3.0252	0.965940965928308
36.037	-8.4397	-2.6454	1.645
32.196	-1.6907	0.61627	-1.23342369067203
27.763	-0.19828	-6.7383	-1.06463975743473
36.339	-6.8364	-0.98471	-0.507300458317031
32.65	-0.74971	-6.2361	-0.995119163962775
36.261	-2.6379	-4.6789	-0.240457262781584
35.636	-9.2272	-3.3149	1.645
37.07	-2.1273	-3.4271	-0.231039453938989
36.04	-8.1498	-3.5092	1.59875320049239
37.255	-6.7602	-0.97143	-0.582604564228785
33.652	-9.6058	-2.9365	0.631081657332343
35.983	-8.1255	-2.4158	0.818734916776138
34.944	-8.9841	-4.1297	1.645
33.04	0.80558	-4.2231	-0.84992085897883
37.059	-7.1464	-0.47755	-0.693044548462864
35.629	-9.285	-3.1762	1.645
37.101	-2.5892	-4.5559	-0.318457710477914
33.365	0.518	-1.5642	-0.954211546951566
37.799	-3.4383	-3.9197	-0.456305096618555
37.502	-6.2755	-1.1577	0.219844683387087
37.352	-7.3788	-1.6396	0.0145169842200506
34.537	-0.89781	-0.21511	-0.665912316546672
34.933	-9.2861	-1.8374	0.578177558824036
34.882	-6.9392	-0.59267	-0.158063221487398
28.051	-11.463	-3.9954	1.645
38.583	-5.346	-2.3082	0.0272991579705483
35.765	-2.3939	-5.2168	-0.246597475780309
35.587	-2.51	-0.4416	-0.866372086357086
37.18	-7.2877	-2.0295	0.714404346431591
36.955	-6.6936	-0.62468	-0.687839366239577
33.145	0.72644	-3.0346	-1.16807456785707
36.358	-1.9963	-3.3979	-0.73299570480243
35.264	-7.1588	-0.50919	0.436525745901748
34.658	-0.62976	-5.3143	-0.388331598656886
36.36	-2.2355	-0.98092	-0.596605947021512
36.834	-7.6649	-2.6837	0.102807819729505
21.132	-1.0722	1.3773	-0.446423507133558
13.152	-11.939	-3.2046	1.645
36.426	-6.7145	-0.56541	-0.535930158010062
36.807	-6.8513	-1.4331	-0.822962673135263
36.444	-7.3508	-0.80357	-0.687137842873857
35.638	-1.1759	-3.9446	-0.208401404378603
27.737	-11.284	-3.2202	0.371570641163901
36.113	-7.5229	-1.1566	0.245743146941881
34.689	-0.28268	-3.6521	-0.578065803064073
37.379	-3.6702	-0.92475	-1.14194575124961
38.099	-4.1749	-2.0066	-0.325723809837067
38.276	-3.9029	-2.2387	-0.868475854618432
35.502	-5.9782	-1.6541	0.339848833584447
36.584	-6.9242	-0.77023	-0.707502886083277
35.672	-1.7917	-5.3377	-1.24669800173445
36.752	-3.5477	-2.6273	-0.267191391777594
34.205	-9.6351	-2.6179	0.500000862115279
36.673	-7.7313	-1.7312	-0.423831594368365
34.93	-7.4385	0.28604	0.0628818664770898
36.492	-7.1408	-1.0361	-0.602642695691939
37.788	-4.174	-1.7582	-0.618238837825932
36.965	-3.0487	-1.9398	-0.659882839185845
38.23	-4.9132	-3.4835	1.06266513222491
36.663	-3.1631	-0.3802	-0.820167188304773
33.099	0.055081	-5.2592	-0.855900855664776
31.239	-10.563	-3.4322	1.645
35.881	-1.4853	-5.1216	-0.744165598389597
33.57	-8.7984	-2.8098	0.193492802685146
37.128	-7.3755	-1.516	0.0324134861326076
33.552	-9.7298	-1.7604	0.135331919559572
35.169	-9.4052	-2.0994	1.31011012748932
33.728	-7.5046	-4.2941	1.645
31.148	1.1191	-1.7657	-0.931450033504702
36.1	-5.7452	-0.9397	-0.107244118650403
14.2	-12.25	-2.7913	1.645
33.449	-0.70302	-0.86649	-1.026135156892
36.735	-2.0513	-4.5974	-0.237881144144071
37.97	-6.9158	-1.8538	0.810972227379334
37.271	-6.6982	-1.6293	0.239078531899072
36.379	-3.7123	-1.4074	0.0263639375466466
24.282	-11.844	-3.4144	1.645
36.613	-3.0796	-0.94265	-0.259489507828253
35.771	-6.6465	-1.0204	0.0687100788389006
29.6	1.593	-1.8446	-1.04657181577423
37.883	-2.6633	-2.9858	-0.800115752995819
31.258	-10.897	-3.3516	1.645
28.835	-0.9672	-6.622	-0.736211330356577
26.632	-11.363	-3.9523	1.26082668061324
34.045	-9.3825	-2.7884	0.947988280642411
36.668	-5.7643	-0.36006	-0.244038114613382
33.156	0.051677	-0.95287	-1.26177535347759
33.764	-0.71277	-5.7633	-1.43633524529345
35.295	-7.3557	-2.6164	0.245245008186391
34.803	-7.3818	-0.18694	0.693165060244306
34.462	-9.6263	-2.7398	0.772418170760392
35.186	-7.3743	-0.73991	0.569307265430704
36.568	-6.7341	-0.43936	-0.839197300393782
37.311	-7.1319	-2.484	0.668525955195683
24.603	3.0977	0.72789	-1.26381360689038
30.903	0.73487	-0.78254	-1.47269040556987
36.998	-6.8792	-0.55387	-0.764108225727068
33.493	-0.10664	-5.5756	-1.44629472472273
38.411	-5.9434	-2.5654	0.240647844129048
23.875	-11.581	-3.7265	1.645
31.882	0.099737	0.85538	-1.10608561127694
31.935	-9.6442	-3.1092	1.37155551760467
26.959	-11.641	-3.4896	1.44219536273609
27.536	2.4938	-0.31686	-1.645
37.244	-6.5933	-1.2809	0.377248849111098
29.127	1.8274	-0.60295	-1.41686804896271
37.126	-1.7498	-4.0023	-0.261480084756946
37.964	-6.7002	-1.5893	0.718839157844657
29.648	-0.84476	0.71673	-1.13632128141989
37.316	-6.1483	-0.43037	0.0815547986289943
37.077	-7.9142	-1.4075	0.0442712984113214
33.288	-0.28058	-5.9272	-0.306091372293342
35.647	-8.0758	-4.3618	1.645
36.307	-7.1819	-0.72469	-0.179126956538327
37.012	-7.3768	-2.6185	-0.300069991579958
29.6	-10.915	-3.8914	1.645
37.241	-3.7254	-1.2785	-0.145945005938298
36.381	-6.3235	-0.97449	-0.332132595304402
38.228	-5.9979	-2.4075	-0.156952468893648
29.683	2.3099	-1.5653	-1.27394872431536
36.092	-3.3609	-0.37577	-1.02062684288072
36.459	-2.2777	-4.9212	0.123402823127743
26.628	-11.465	-3.5706	1.645
37.597	-4.7139	-4.268	0.810212225484015
37.638	-2.9456	-1.7393	-1.09137011553005
36.825	-5.2081	-2.5948	-0.27351673575948
37.001	-3.1956	-1.9825	-0.580064483261158
35.376	-7.6203	-0.86273	0.604438843743443
29.737	-10.997	-3.7093	1.34122614933464
36.646	-6.9621	-4.4572	1.14703137452722
35.599	-6.7579	-0.15719	-0.129844052162681
31.82	-1.1205	-6.6025	-0.588973291558142
36.406	-3.0178	-1.5552	-0.179484427222443
33.897	-9.3231	-3.4479	0.92610619707853
32.105	-1.7627	-0.10838	-0.860447430254288
36.277	-7.249	-0.71106	0.0703875750446994
36.737	-5.862	-0.77037	-0.102568474741301
36.388	-6.8777	-0.40505	-0.525598461299555
37.261	-2.7718	-4.19	-0.51348092601404
31.621	1.471	-2.1952	-1.645
37.684	-3.9188	-3.9944	-0.618761792067312
24.924	3.2424	0.63254	-0.993653881842985
35.866	-3.3966	-1.9231	-0.564048951536454
27.767	2.2237	-0.43318	-1.31250765394742
35.011	-9.3326	-3.6961	1.645
36.754	-3.0007	-4.6999	-0.29957947141724
28.246	-11.364	-3.9274	1.645
28.058	-0.40419	-6.5521	-1.16659392221435
36.427	-6.7942	-0.72939	-0.330082092633059
38.176	-3.9397	-2.3623	0.13213769710398
31.848	-10.514	-3.7276	1.645
32.421	-9.9028	-3.8736	0.531956432528546
37.445	-4.4388	-3.7318	0.553574087593299
35.951	-1.7764	-5.2628	-1.0978345873043
35.052	-2.3438	-0.25459	-0.502777613226979
37.046	-6.6266	-1.4054	-0.108345277165755
35.805	-0.27107	-3.7675	-0.0124063879021211
37.018	-2.1404	-3.4635	-0.601015328718624
29.485	-11.04	-4.0291	1.645
34.963	-0.91573	-4.2992	-0.944162332631029
35	-8.9277	-3.0689	1.22735174579477
37.03	-6.9054	-0.89318	-0.73183859445654
36.998	-6.6701	-0.68066	-0.342230221841908
28.959	-10.732	-3.9835	0.809292244212073
28.796	2.6423	-1.0447	-1.29509637668398
35.607	-1.8209	-5.5017	-1.09020267664159
29.049	2.1374	-1.2587	-0.92534818613691
36.564	-7.3469	-0.8169	-0.299072001060704
37.58	-5.6603	-2.0723	-0.383634027819268
31.865	0.77388	-1.3397	-1.645
29.143	-1.0016	-6.5471	-0.69090724632603
27.258	0.22043	-6.3336	-0.711260184574039
35.159	-8.7272	-4.1003	1.26175087533109
35.815	-7.8946	-0.37288	-0.232549757495237
37.493	-3.1652	-4.0554	-0.0395981533309184
36.963	-3.5361	-2.5995	-0.263204191808913
37.393	-5.8686	-0.98026	0.152668804250637
37.813	-3.2192	-2.0258	-0.789902906187981
37.005	-7.4155	-1.2923	-0.470660784535181
36.678	-7.6703	-1.4146	-0.23372692893255
36.409	-6.576	-1.957	0.270548332904453
36.077	-2.6253	-4.9514	0.383915716174472
36.243	-3.5794	-0.21717	-0.810324351947593
36.026	-6.626	-0.1023	-0.247104925165959
36.241	-3.1487	-1.2023	-0.515881715614803
26.151	2.5267	-0.32816	-1.24067091494639
37.961	-4.5137	-3.6152	0.730288485379848
34.751	-2.076	-4.7894	-0.408491950528032
35.408	-1.3801	-5.2085	-0.569460410327667
31.983	-8.192	0.43924	0.158299973669828
37.348	-4.3808	-3.4643	1.23103560555417
25.224	-11.867	-3.7074	1.645
29.185	-1.0694	-6.7569	-0.533621285601597
34.119	-1.5572	-3.3554	-0.683506457935133
35.665	-1.1446	-3.4708	-0.59845272781513
37.853	-6.0901	-2.2477	-0.307861155969694
36.103	-2.9022	-4.7952	-0.770679122741336
36.835	-3.5596	-0.94827	-0.990799627159251
36.17	-7.445	-0.85062	-0.396271248588361
26.906	2.3831	-0.26394	-1.2476362089814
36.06	-7.5642	-0.4854	-0.540665940049673
37.14	-4.964	-4.1295	1.645
36.254	-2.536	-4.605	-0.23566854625218
37.401	-2.788	-4.0256	0.42510288267813
36.424	-7.281	-0.91605	-0.559660089838536
35.811	-7.1054	-0.26252	-0.391022408247066
35.131	-7.9391	-1.5386	0.199381767805832
36.196	-2.2167	-5.2777	-0.0938182869679944
35.143	-3.4181	-0.3143	-0.606985634554575
35.111	-2.7285	-5.6907	-0.262038752148394
38.008	-3.2008	-3.5752	-1.22394248704771
35.136	-0.6424	-1.0237	-0.814751785648023
35.689	-6.7757	-2.8578	0.224332398076904
29.713	-1.3836	0.57155	-1.46696136240045
30.906	-10.083	-3.4443	1.645
34.883	-4.4287	-1.5223	-0.114683887336376
38.086	-4.8205	-3.8928	1.00653798096843
37.501	-3.63	-3.2459	-0.839930861009672
35.843	-6.6108	-1.5401	0.205428324890069
31.505	-10.677	-3.5357	1.32450676987854
37.16	-6.6232	-0.7396	-0.499653242470527
36.42	-7.2465	-0.79641	-0.520940371328196
31.917	-9.7447	-4.6294	0.91548661663501
37.031	-6.9763	-1.0374	-0.775320973572135
38.265	-5.2641	-1.6418	-0.549244370074065
37.023	-7.7618	-3.0738	1.02788680422249
35.848	-8.0086	-0.74692	-0.110357720161567
37.359	-3.4721	-4.3656	-0.597221865276166
37.919	-4.1884	-3.3612	0.296085292468249
31.151	-10.386	-3.707	1.645
37.056	-2.086	-4.1943	-0.28967565249293
38.006	-4.5622	-1.6132	-1.36898410461095
36.625	-3.1859	-5.035	-0.537112472823571
22.994	0.17768	1.5887	-1.26606799820483
37.974	-3.5713	-2.2629	-0.425387206158092
35.991	-7.1105	-0.27884	-0.26164602250229
34.046	-7.7115	-0.99998	0.241690841764228
28.049	-10.987	-4.007	1.645
24.626	2.8702	0.65734	-1.28956359359857
35.883	-6.8386	-4.8344	1.47143702864448
36.537	-6.301	-1.1695	-0.189409468698066
36.684	-6.916	-0.54257	-0.328433804715375
36.131	-6.7703	-0.6249	0.347777433664973
36.721	-7.1728	-1.6014	0.292421074724572
36.291	-3.2826	-5.4975	-0.499963713280017
37.998	-6.5588	-1.1578	-0.585630130856354
37.407	-3.279	-1.2402	-0.742083772580498
34.719	-0.76652	-0.38087	-0.856885115315834
24.667	-11.97	-3.4268	1.645
36.562	-7.8558	-2.4601	0.158629747685512
34.523	-6.4037	-5.2684	0.414767373975773
36.344	-2.7243	-5.0541	-0.309935818695857
28.704	-1.2358	0.73461	-1.46620062646056
35.112	-8.381	-1.5627	0.550498931037041
36.561	-8.08	-2.507	0.35828670224284
29.101	1.8205	-1.2912	-1.49085276867102
35.878	-8.1252	-1.6888	0.189705652263019
33.057	0.84632	-2.7147	-0.781810247807225
33.546	-0.34527	-5.445	-1.04354873214358
31.882	-0.57295	-5.8092	-0.265166518958669
24.91	-11.954	-3.5912	1.645
38.382	-5.4187	-2.2298	0.30937489401406
35.342	-0.84757	-4.9727	0.137111454815308
34.619	-5.6944	-5.4814	0.701414244860739
36.436	-7.5013	-0.96146	-0.726533315227234
37.02	-3.3083	-1.0167	-0.842354718308059
34.806	-8.8901	-2.973	1.08714953423496
34.347	-0.98887	-5.2431	-0.732902212584006
32.922	-10.36	-3.0592	0.716670645746511
37.436	-2.0099	-3.387	-0.291676899718938
27.802	-0.52154	-6.6001	-0.622319531982772
36.324	-7.7981	-3.4379	1.38205182157815
33.436	-1.2899	-6.2745	-0.861364003304531
33.177	-9.7487	-2.9992	0.63496544635435
27.274	2.4161	-0.10539	-1.29278991724204
25.93	-1.2025	0.87789	-0.888395982865005
36.272	-2.8487	-4.1937	-0.140425343925708
37.157	-2.2965	-4.1908	-0.307464781287173
30.682	1.0168	-1.2092	-1.32344708445544
34.541	-2.8555	-1.6681	0.101535022986837
33.291	0.40457	-1.8331	-1.13118434902131
37.406	-4.0066	-3.9598	0.408410252000411
24.997	-0.66669	1.1359	-1.01105128522017
36.12	-6.4143	-1.0835	-0.279665936289781
34.659	-1.9863	-5.9829	-0.63169868546585
36.488	-7.3251	-2.3262	0.871768987319778
27.032	-11.414	-3.9168	1.26966858430963
33.231	0.16905	-5.6528	-0.371668085502696
35.542	-6.5946	-1.1652	0.945832066105376
36.53	-7.222	-1.5122	0.142378662245564
35.769	-1.7993	-5.2612	-0.882770443661169
35.546	-8.9878	-2.0374	1.00352631800842
36.791	-7.3313	-1.4707	0.00511908484110004
29.891	1.399	-0.59674	-1.11192970442988
35.835	-5.3318	-5.5868	0.767170633095666
28.257	-0.68969	-6.8239	-0.646477692000144
37.377	-6.8635	-1.8859	0.657025066106724
27.464	-11.751	-2.8039	0.182978082827774
28.168	-0.41404	-6.7192	-1.27548640807234
37.75	-4.869	-1.3026	-0.996361144129188
35.944	-7.7459	-1.3209	0.0242117911776137
38.082	-5.3314	-2.1137	-0.89407854612979
33.007	0.29962	-0.29684	-1.3047804674809
38.541	-5.8464	-3.3132	0.202049803398368
36.802	-7.1285	-0.91854	-0.447861533658941
37.28	-2.8613	-4.4514	-0.380056313804697
27.788	-0.7983	-6.5807	-1.2411690543445
29.504	-10.993	-3.853	0.473032229216426
30.43	-10.246	-3.9492	1.645
35.675	-7.1694	-0.86933	-0.278695789199595
37.326	-5.6839	-4.4112	1.17937339422959
36.829	-3.054	-4.6771	-0.695043298474461
37.127	-7.6054	-3.972	0.826567308160545
32.465	0.75286	-1.4389	-1.50146728330497
33.046	-8.5364	-0.65937	0.763437789960546
32.73	-10.178	-2.8586	0.296619597814603
34.579	-9.3204	-3.3467	1.22326938877709
33.708	-1.6614	0.33322	-1.645
37.264	-6.7331	-1.3042	-0.0830781284699344
33.378	-9.128	-3.986	0.706311291996226
36.682	-6.2436	-0.22291	-0.857835531786995
30.821	-10.162	-3.2975	1.645
36.51	-8.369	-3.6788	1.645
24.884	-12.03	-3.7199	1.645
35.633	-2.7754	-0.42644	-0.224484005662517
36.718	-6.6751	-0.98773	0.0273390891443276
35.556	-2.9167	-0.96308	-0.284674518195817
27.416	-11.642	-3.608	1.645
35.042	-7.5012	-4.9165	1.23134171132236
37.034	-2.7736	-2.7544	-0.721507359189195
37.879	-3.3745	-3.9897	-1.3406759728473
28.693	1.9418	-0.84665	-1.17591595861829
36.863	-4.6665	-0.57369	-0.541752256831382
37.196	-2.9731	-1.8959	-0.812897510976927
28.874	-11.12	-4.0281	1.645
37.449	-6.7361	-1.3597	-0.372485661720016
35.503	-6.2815	0.51715	-0.170804149963521
24.869	-11.715	-3.337	1.645
37.136	-6.9179	-0.88602	-0.523114668243878
37.548	-3.7864	-2.5541	0.0564885546119639
36.034	-7.4432	-0.97491	-0.296148848581769
37.937	-4.7004	-4.0766	1.19202345671384
35.013	-1.0942	-0.74452	-1.10509928756617
37.172	-5.7699	-2.3884	-0.228611877542128
37.69	-2.9721	-2.3396	-0.601502987885461
36.99	-7.0988	-1.0916	-0.674027327454704
32.325	-6.7771	-5.2843	0.699346918431778
36.596	-8.2474	-2.108	0.50782067922128
34.624	-9.1756	-3.8766	1.645
36.626	-3.6918	-0.73483	-0.219202379379629
36.301	-7.5684	-2.2311	-0.320477476937439
35.615	-2.2489	-4.7724	0.153338793290377
37.742	-5.3859	-2.9074	0.279211086701214
36.329	-1.779	-4.8389	-0.508504315524408
33.853	-7.9412	-4.2012	0.810158483474054
36.495	-7.6701	-0.95526	0.187081979376007
32.664	-10.854	-2.59	0.674016678890858
34.45	-0.82641	-5.3395	-0.0272759092428298
31.683	-1.2044	1.0754	-1.645
36.139	-7.2369	-0.64364	-0.0308539427083302
37.14	-3.0531	-2.5682	0.197087378557038
37.645	-3.0373	-2.7639	-0.977942830694375
33.42	-1.847	-0.09335	-0.391435252993315
25.808	2.4843	0.20229	-1.645
36.558	-3.477	-0.7264	-0.65802220678642
37.076	-2.1343	-2.4981	-1.0942621762422
37.295	-3.7665	-1.2328	-0.694319020703823
36.868	-7.3659	-3.4925	1.645
25.14	-11.017	-4.1427	1.1529813626798
37.662	-2.5526	-3.9957	-0.0860906994510827
37.251	-3.3098	-4.4526	0.113741447519726
38.169	-4.0381	-2.3338	-0.336280131348234
32.388	-10.109	-3.1943	1.27036890898283
34.469	-3.1586	0.16337	-0.93524613000733
36.915	-7.9132	-1.4713	-0.241192486780072
28.759	-11.084	-4.2342	1.645
29.454	-1.0348	-6.7118	-0.726266502481823
36.981	-6.4968	-1.3048	-0.161505346176619
23.9	3.4724	0.17699	-0.920568823562273
36.503	-3.0435	-4.7703	-0.188774575973821
31.809	-9.8667	-4.0254	1.46482748046875
36.414	-2.6558	-5.1461	-0.255524964317229
37.586	-5.8647	-1.1041	-0.439455135244959
35.487	-7.1229	-0.32773	0.19188378717252
27.695	2.5926	-0.75992	-1.111760989185
36.496	-7.1131	-0.84695	0.750920801149927
36.57	-1.9504	-4.6956	-0.900290265283616
37.89	-3.3009	-2.8666	-0.465852160403791
35.773	-3.3263	-5.1052	0.178927908338338
36.89	-5.1349	-4.9182	0.779250977336836
36.339	-7.668	-3.0652	0.23336421518014
37.425	-4.7946	-3.5831	0.0835080934870596
36.89	-7.2192	-1.1222	-0.286853398545505
36.973	-4.4217	-0.99545	-0.428927928530705
18.117	-12.427	-2.7497	1.645
28.914	1.9943	-0.15523	-0.916473342038497
35.884	-6.3224	-0.51641	-0.72947959427255
22.895	-11.764	-3.655	1.645
29.674	1.9213	-1.1953	-1.27159390175748
34.349	-1.3018	-5.8695	-0.580543773953988
33.373	-6.1595	-5.613	0.821042234515817
36.107	-8.3833	-3.8955	1.645
33.708	-6.1344	-5.2625	0.750762770056578
25.941	-0.49807	1.7601	-1.24677945889991
24.148	-11.976	-3.5319	1.645
35.762	-2.4738	-4.9674	-0.354221914475642
34.387	-0.70831	-5.5504	-1.0498750967385
37.663	-3.1052	-2.6371	-0.682111686410818
37.474	-3.0541	-2.0965	-0.656744160423667
33.383	-10.034	-3.4276	0.307724755765115
28.812	1.5111	-0.18542	-1.12514392530376
36.922	-5.6457	-4.9601	1.62275295336891
37.488	-6.6095	-1.1444	0.154049574420319
28.073	-11.668	-3.1194	1.50167809816263
36.91	-3.242	-1.1441	-1.13889340894854
36.175	-7.537	-1.5303	0.345761810893596
36.358	-0.97953	-2.8211	-0.477970977687863
36.017	-3.9337	-0.15164	-0.720082334992205
38.576	-4.8825	-2.3728	-0.686591683912544
37.872	-5.7018	-1.026	-0.279905184462129
36.697	-2.4607	-4.6981	-0.638517546926163
36.349	-7.9935	-1.5244	0.389469544922446
37.175	-3.326	-4.0231	-0.78903250929614
36.928	-3.1836	-4.6119	-0.389048144919938
37.756	-7.1614	-3.4233	1.301999882389
37.301	-2.9975	-4.1287	-0.610693227810791
30.193	1.1488	-0.66419	-0.837848677428263
28.46	2.2846	-2.1237	-1.63045415441885
24.401	-1.0807	0.94528	-0.859901901532621
27.402	2.3625	-0.79184	-1.57978458200731
37.872	-6.6212	-3.506	0.974720042863206
29.53	-11.489	-3.1516	0.98852220115053
27.857	-1.7479	0.28644	-1.38254165514165
35.484	-8.9282	-1.9391	0.92384222087583
27.673	-11.413	-4.0307	1.645
36.204	-0.51726	-2.602	-0.737961469975772
28.13	-0.42296	-6.6429	-1.08241421394353
29.047	-11.285	-3.5116	1.25662774977667
37.948	-3.335	-3.8358	-0.703955872413062
36.671	-6.1766	-4.2952	1.02762370431025
36.841	-6.0594	-5.141	0.944145111185417
36.965	-4.6772	-4.0313	-0.201794503864645
36.056	-7.7506	-4.4819	1.645
33.524	-0.99915	-6.1235	-0.488111846095288
35.209	-2.4738	-5.3197	-0.534207430768396
27.447	-11.476	-3.9333	1.645
36.676	-4.9225	-0.54227	-0.514309939160502
36.187	-1.3059	-1.2429	-0.822849606576271
29.373	-1.8565	0.38733	-1.6076208910505
29.141	-10.738	-4.3405	1.40111898749608
37.819	-3.8939	-4.081	-0.311261323978657
35.461	-6.7856	0.21	-0.456479104194008
33.537	-8.6364	-4.1537	1.12558709759458
35.576	-2.7145	-1.1661	-0.284688354927036
36.729	-7.5145	-3.1312	0.861016664399289
36.088	-6.6977	-0.52185	-0.277676406210784
32.739	0.91199	-2.6954	-1.37200062150542
37.836	-4.3579	-3.3202	0.818387066675934
36.018	-6.3323	-1.1371	0.137432929298947
37.469	-3.0494	-4.2007	-0.387208604439334
35.606	-2.0846	-5.5897	-0.636577729227985
35.933	-6.8829	-0.44488	0.0898552707402549
35.493	-9.2462	-3.3582	1.645
37.53	-4.251	-3.1865	0.482040844949502
30.092	-11.065	-3.1338	1.40585575236741
32.99	-8.9546	-0.21807	0.497318198840579
37.519	-7.3869	-2.6661	1.00941171409243
37.079	-6.2808	-0.77346	-0.0294536021981909
36.022	-6.828	-0.57731	-0.665108619296945
37.918	-7.0786	-3.0856	0.842344511595375
28.343	-11.733	-3.5872	1.645
37.494	-5.8069	-1.0089	-0.33885962794888
34.273	-0.69818	-5.6839	-0.950430908073628
26.188	-1.2389	0.73822	-1.0424710754608
29.477	-10.678	-4.2809	1.645
29.977	-11.456	-3.3584	0.98427993375536
36.939	-3.7073	-4.6069	-0.828811553925379
37.59	-3.4846	-3.6459	-0.739705615303006
28.11	-1.8263	0.47221	-1.26891502332301
35.99	-2.0913	-5.2288	-0.52643712699506
31.074	0.26967	-6.3372	-0.927959697809085
37.27	-6.4269	-1.0324	-0.172214700849731
34.091	-7.9047	-4.067	1.645
36.52	-7.3394	-3.0192	1.34542251598594
37.4	-6.6576	-3.761	0.921506276783318
29.113	-0.98121	-6.9442	-0.505103421512823
37.029	-4.7412	-3.0954	0.678801009798877
33.037	0.75239	-2.4438	-1.19566899409912
22.655	-11.631	-3.7513	1.53631470574954
37.766	-3.2181	-1.9562	-0.887039754120272
37.838	-3.7151	-3.567	-0.950640600200918
37.285	-3.4399	-4.4883	-0.5889640510017
27.184	-1.4529	0.40133	-1.32131087209879
38.26	-5.4613	-2.6107	-0.0205753581939362
35.989	-1.6761	-5.1643	-1.24193292187057
37.247	-5.6924	-4.4819	1.645
34.351	-9.3416	-4.3517	1.54713915226632
32.942	-10.187	-3.8424	1.645
36.258	-3.1272	-2.1291	-0.104516626084176
37.522	-6.8014	-1.605	0.101260740646314
34.875	-7.5634	-0.67985	-0.129738095038447
36.805	-6.8704	-0.46855	-0.626198078078261
36.438	-5.6209	-1.0791	-0.533454945685299
36.039	-7.5015	-0.37316	-0.212819652274572
35.992	-6.343	-0.027214	-0.780438650983618
38.018	-4.0021	-3.4175	-0.147822050556617
36.085	-8.2433	-1.0166	0.497877076117818
38.197	-3.1683	-2.8039	-1.05035211718215
37.221	-6.2661	-0.70586	-0.35968321955327
24.495	-0.80438	1.506	-0.719880747098306
19.894	-12.408	-3.0023	1.645
32.857	-1.747	1.0811	-1.52422740765441
38.182	-4.7359	-4.0348	1.44883312269457
32.564	-8.7826	-4.3392	1.12627030545661
33.424	-10.297	-2.9498	0.679657639047637
37.001	-1.8216	-3.9956	-0.238966624915457
32.612	-9.982	-3.3678	0.799826237492233
26.104	2.9775	0.38525	-1.41223066698233
35.856	-6.2175	-4.9262	0.709975360288592
34.29	-0.70505	-5.4116	-0.936842158472785
35.119	-8.7121	-3.9509	1.645
32.294	1.3388	-1.5872	-1.31605827102704
26.933	2.2884	0.38868	-1.47233493356157
27.989	0.13398	0.8053	-1.18255531170407
37.348	-6.549	-3.1685	0.963139963351132
34.481	-0.83471	-4.8208	-0.86454266428728
36.976	-6.7599	-1.9741	0.638340164861405
36.879	-7.3031	-1.1171	-0.267173256977658
37.988	-3.183	-3.7179	-0.693101916453
37.929	-6.679	-1.6821	0.37993341485739
35.328	-8.9384	-1.7754	0.74522342157032
34.271	-9.6149	-3.6763	0.804487264799073
33.023	-9.9253	-4.2566	0.742675093650731
36.927	-6.6277	-0.54409	-0.181491071100973
37.587	-7.0356	-2.9008	0.755291626747062
36.719	-7.5573	-3.667	1.13404313434425
37.13	-6.6506	-0.87502	-0.308358003503293
33.331	-10.091	-3.2853	0.405870149832564
36.513	-6.807	-1.1852	-0.381567755238332
28.452	-0.64826	-6.6807	-0.912960494414674
35.608	-8.7425	-3.6319	1.28536213404687
36.084	-6.9266	-1.1155	-0.885500288270018
34.803	-1.1978	-5.5854	-0.927090432397544
30.623	-10.628	-2.3359	1.645
34.746	-0.83355	-5.3832	-0.905071057159789
37.674	-6.0117	-3.9316	1.21696957383303
35.239	-7.2057	-0.80222	0.116753609546797
30.909	-10.532	-3.6165	1.645
34.081	-0.19025	-0.19369	-0.927693396778651
36.16	-6.2388	-4.6065	0.580287826941893
34.061	-9.7107	-2.6267	0.365173405382269
28.401	-0.6673	-6.6758	-0.88978642237555
34.108	-1.3907	0.43458	-1.31029063839583
36.911	-4.0324	-0.88935	0.0308495993839536
36.133	-7.4211	-1.9201	0.32866570662805
35.653	-7.9359	-0.91161	-0.253024973211874
27.563	-1.7829	0.9933	-1.35253428895261
35.686	-6.1698	-4.8122	0.263348974563248
35.599	-6.05	-5.0311	0.337115009023527
33.647	-9.5361	-2.9473	0.975577252384122
37.439	-7.1052	-1.3532	0.232352773680494
23.069	-0.86413	1.3787	-0.855008779850997
37.717	-5.9636	-3.8253	1.645
37.26	-1.8777	-3.7953	-0.432566723469313
37.331	-2.3602	-3.1346	0.532008180564622
29.747	1.7848	-0.64182	-1.07491773637882
31.26	-1.5383	-6.2118	-0.724556919572932
28.79	-0.60836	-6.4231	-0.762982714701136
28.577	-1.9917	0.59004	-1.2699885341012
36.944	-6.5048	0.15745	-0.448463281576279
27.399	1.8644	0.060854	-1.645
34.571	-8.8569	-2.5749	1.06642476801685
37.024	-6.2246	-3.3113	0.853551918538621
37.905	-5.2701	-3.6581	1.57198754351221
37.467	-3.1874	-2.2578	-1.05612463045219
35.937	-7.7764	-1.2843	-0.259022124249384
37.269	-6.4643	-1.3187	0.0403343627293831
35.22	-2.8647	-5.4605	-0.485491967878952
36.327	-3.639	-5.216	-0.231017988642371
37.298	-5.8161	-0.65225	0.0902182550815521
37.658	-4.6228	-3.5033	1.41797965207241
33.532	-9.5404	-3.8361	0.461023868848781
38.11	-4.4154	-1.7878	-1.08875610309359
33.965	0.34185	-2.8306	-0.95050887441293
18.681	-11.853	-3.5342	1.645
37.578	-6.9156	-1.9975	0.596883384848489
22.178	3.5218	0.97528	-1.1785099846427
34.324	-1.491	-0.028499	-1.09616073553068
27.877	-10.224	-4.2064	1.645
35.796	-7.3764	-0.93857	0.489141920478319
36.21	-7.1793	-0.91817	-0.352854888033879
33.756	0.78472	-3.7174	-1.09239748407764
34.832	-1.3266	-5.3939	-1.51939983033267
36.693	-6.5135	-1.0092	0.00707993209279591
37.262	-3.681	-4.3805	-0.892152071607123
37.664	-2.5775	-2.7475	-0.479530388604264
33.114	-0.44001	-5.9828	-0.771692862981861
35.83	-8.0329	-0.94709	-0.1629956326814
37.168	-2.8936	-4.4433	-0.412682103829194
37.252	-3.2123	-4.5515	-0.00895296537535687
37.485	-6.3438	-1.5371	0.615723770701896
36.79	-1.1179	-1.9369	-0.737786194858976
36.986	-3.4192	-4.8641	-0.114209739155964
28.187	-2.0153	0.64751	-1.40181745485371
36.115	-2.5821	-0.79798	-0.284926297156211
32.441	-8.4786	-4.6004	0.944369178099604
32.516	-10.186	-4.2238	1.14858434340083
34.865	-8.7229	-3.4379	1.645
37.744	-4.8284	-2.8158	0.424453484672691
36.311	-6.2684	-0.71261	-0.387799048294346
37.547	-3.1049	-3.4645	-0.215376929972115
38.079	-6.2421	-1.3115	-0.607613734229089
37.974	-3.6555	-3.1281	-0.644707549921934
28.696	-0.68077	-6.8741	-1.08363986275006
30.852	1.7849	-1.8279	-1.17389073048984
34.821	-6.2335	-5.3327	0.0286217822017361
14.631	-11.506	-3.6427	1.645
34.669	-0.46744	-3.1166	-0.769639816745057
37.859	-5.8203	-2.0456	-0.6857735562199
36.787	-5.5935	-0.20183	-0.414598614911899
36.693	-3.4679	-1.3316	-0.791971701995441
24.838	-11.328	-3.8629	1.52188396580563
35.763	-0.51963	-3.4807	-0.310345869138165
35.201	-6.4466	-4.6978	0.619506170928866
32.044	-10.644	-3.7583	1.645
36.194	-6.8002	-1.6144	-0.0201641561819101
36.007	-6.7848	-4.2244	1.33132003522113
35.927	-7.6408	-0.39627	0.261428532552743
35.868	-8.013	-3.1225	0.946152323174447
36.808	-7.1617	-1.0805	-0.121534294602947
36.946	-7.765	-1.2246	-0.275530488757415
36.325	-6.6188	-4.8643	0.919937509398137
35.549	-6.4596	-0.15332	-0.805950706272951
30.435	-2.0178	-5.0573	-0.60983095809922
36.901	-2.8551	-4.7309	-0.728675483266575
37.149	-6.3657	-1.3475	0.0772245190437761
36.787	-3.2912	-4.7881	-0.629501700837603
37.496	-2.7345	-3.0657	0.00817746495326763
32.833	-9.925	-3.8629	1.645
37.75	-6.5893	-1.4592	0.888040868774571
36.038	-0.75241	-2.4819	-1.08510184747614
28.133	-11.456	-3.6026	1.53907724170304
30.447	1.4981	0.012136	-1.15751337237071
37.759	-5.8941	-2.4694	0.151488496320033
36.523	-6.9224	-0.55317	-0.993266375873806
37.667	-3.3869	-1.5302	-1.33991523738332
35.259	-0.56743	-3.8436	-0.400592395209007
21.996	-12.117	-3.2949	1.645
36.696	-3.7296	-4.7045	-0.501460248500353
36.844	-2.8627	-4.1771	0.420220337835322
35.141	-7.3093	-1.8385	0.927697194931391
37.236	-5.8353	-2.0778	0.402893968105407
27.895	2.1727	-0.70999	-1.16278961408451
35.937	-7.577	-0.66075	-0.468957123786886
36.415	-3.3798	-0.64911	-0.548617478543868
37.914	-4.9455	-1.6546	-0.489637046414952
37.81	-6.0972	-2.6215	0.502953821960139
36.059	-6.6724	0.099282	-0.413669611451917
33.831	-0.82131	-5.9073	-0.429885492946364
37.488	-4.8809	-1.9614	-0.216564583218855
34.309	-1.5814	-3.0886	-0.741504978484387
16.546	-12.122	-3.0507	1.645
26.475	2.8001	-0.13414	-1.41705333375432
36.584	-3.2355	-4.7375	-0.368006284736984
36.968	-3.0594	-1.5917	-0.719908162118544
36.022	-5.6927	-0.69924	-0.267290512593902
22.905	-1.2773	1.3333	-0.845973472835837
36.937	-6.6664	-1.0888	-0.384093584991331
38.435	-6.2835	-2.839	0.802685624510136
35.405	-0.70375	-4.8046	-0.617097771803773
36.121	-2.9466	-5.1363	-0.00354172729605247
36.896	-1.6696	-2.1151	-0.331061207748391
27.474	-0.29098	-6.7196	-0.945765888333601
34.672	-9.018	-2.7887	1.29911020176339
36.78	-7.3321	-1.024	-0.312141315944825
31.309	1.3203	-2.1248	-1.52918746466179
34.816	-1.9829	-0.24815	-0.767343742890929
31.034	2.13	-1.503	-0.543466183468886
38.1	-4.3733	-2.6288	0.658497007427152
33.506	-8.587	-3.743	1.15868082992501
36.038	-5.389	-5.311	0.495516986030737
34.702	-1.6396	-3.8829	0.473055425310135
32.373	0.99622	-2.1654	-1.14487015050211
35.958	-2.3821	-5.0615	0.0278666619478432
37.447	-2.7711	-3.2962	-0.522728408654054
34.224	-1.4421	-5.2872	-0.945823348185579
25.823	2.7506	-0.30933	-1.59246022785027
36.853	-6.3522	-2.1496	0.260212190985576
34.92	-2.181	-0.95545	-0.320375529948696
31.384	-10.126	-3.673	1.645
36.331	-7.1059	-0.41523	0.495415502545222
29.704	-11.031	-4.1478	1.22704461598492
35.609	-7.1077	-0.68315	0.0771415414805176
35.818	-1.2328	-4.9674	-0.223113435542043
35.623	-7.3392	-1.1323	0.463118158020832
32.987	0.16537	-5.4076	-0.406944258833932
36.38	-3.1166	-4.3906	-0.443171979516413
36.763	-2.5223	-2.4664	0.141023414637052
30.806	-9.287	-3.5933	1.645
31.819	0.77723	-1.5751	-1.54874415183009
34.867	-2.1455	-5.957	-0.281875260979043
36.432	-2.9785	-1.8557	-0.544668852375397
37.33	-2.1802	-2.9054	-0.585327409279346
35.886	-6.8034	-0.66589	0.0408647980217014
34.169	-2.2291	-0.29475	-0.762671626472374
27.676	-0.63697	-6.9622	-1.07672398359868
36.642	-7.6993	-2.0698	-0.0860953725513621
36.441	-7.3309	-1.0821	0.283078346196569
36.404	-0.77396	-3.045	-1.20188446530897
32.197	1.205	-4.1368	-1.55876128875583
33.119	-10.31	-2.9906	0.746192281283506
37.344	-5.4244	-3.918	1.07862053946905
30.026	1.6761	-1.1057	-1.34374587598281
37.878	-4.0903	-2.2179	-0.242664230870209
37.108	-2.6266	-1.3105	-0.595032742597346
36.482	-1.3979	-3.6565	-0.406854785666528
31.452	-9.1478	-3.2273	1.645
35.595	-7.1083	-1.4836	0.605705619498898
37.93	-4.6532	-1.5629	-0.758987018678981
28.339	-11.288	-3.7747	1.61158041218179
34.572	-0.91389	-5.3163	-1.17324931565494
27.025	-1.1452	0.8769	-1.10404920848445
34.079	-9.9018	-3.0968	0.977912611221592
35.222	-7.552	-0.12993	0.297636196528933
37.707	-3.9647	-4.055	0.560937565421429
37.055	-7.808	-1.365	-0.691389222314785
37.028	-8.0319	-2.3737	0.6685907945668
37.484	-2.9589	-2.2054	-1.10974480014827
36.636	-1.8449	-4.6217	-0.355006913368953
24.255	-1.0753	1.209	-0.592081547180482
37.908	-5.4849	-2.8675	0.543141356703008
28.144	-11.285	-3.6351	1.03754203364629
36.304	-3.0943	-4.7781	0.223764620724046
36.383	-6.8969	0.11651	-0.526003383343506
36.032	-2.4254	-5.2954	-0.582515324291224
37.693	-6.9362	-2.1968	0.872813045790266
35.196	-7.2738	-0.20346	0.0504028281585724
36.191	-1.9754	-1.1911	-0.58337478857237
35.949	-7.0988	0.036498	-0.35194424353902
32.924	-0.29634	0.38633	-0.902699591462776
36.636	-8.1869	-3.6598	1.645
35.702	-1.5553	-5.3066	-0.873604032782047
37.827	-3.3669	-2.5679	-0.981073603394534
34.952	-6.4194	-5.1862	1.32055112796534
25.703	0.22142	-6.7138	-0.674744711472299
37.718	-6.805	-2.3753	1.10170211391202
20.57	-11.951	-3.571	1.645
33.204	0.41913	-3.6203	-1.28594384684589
36.349	-7.4662	-1.0629	-0.234105129785472
32.301	0.83282	-1.4899	-1.50380755522135
36.889	-6.3605	-0.64418	-0.198673050518858
37.364	-6.6113	-2.4395	0.867669075434727
36.557	-6.012	0.058335	-0.759576350124854
34.899	-8.9036	-2.1978	0.548652833042668
34.392	-0.67005	-5.3893	-0.665335717884203
36.058	-0.71232	-3.8443	0.0344710363011294
35.914	-2.1429	-5.1293	-0.179448973968244
38.175	-6.4615	-2.3743	0.655545244452773
37.269	-6.594	-4.1428	1.05616576292719
36.296	-3.9297	-1.4904	-0.253508153711051
34.929	-9.3154	-3.3453	1.41257639966342
33.624	-9.7678	-3.2114	0.5311969875635
35.452	-7.5059	-1.1164	0.24822888489687
36.034	-7.7111	-0.66814	-0.388745647958343
37.161	-2.9571	-4.3767	-0.342119644572949
35.801	-6.039	-0.10692	-0.665857763182338
38.018	-6.5426	-1.8973	0.417996539945368
37.065	-2.8718	-1.9238	-1.12641039584629
37.741	-3.5231	-1.6764	-0.958413574296256
36.429	-1.94	-1.5444	-0.714063957777205
38.124	-5.9004	-1.833	-0.267866182081001
37.088	-2.7651	-4.3048	-0.542126216912464
37.718	-6.2576	-0.89144	-0.0713706918633605
32.946	-10.118	-3.8613	0.953103066207497
38.042	-4.4673	-2.5642	-0.166529476897211
35.311	-1.2939	-5.3454	-0.76361407810143
36.716	-1.7406	-3.0904	-0.854694639398224
37.657	-5.2865	-0.77623	-0.690043443694433
28.415	-1.9853	0.6287	-1.40281277002425
35.913	-2.1991	-5.1813	-0.0342046197546585
37.832	-5.746	-1.2789	-0.257053718586366
37.809	-7.1081	-3.5919	1.24290310265309
37.022	-7.8526	-1.9066	0.2370171499928
35.963	-2.9456	-4.6888	-0.00916836583588254
29.139	-10.899	-4.2139	1.39887025243224
38.328	-5.5245	-1.6957	-0.424273385827426
35.913	-3.5353	-0.26692	-0.310787837577413
36.624	-2.5872	-4.7152	-0.0599796715180848
35.732	-7.4659	-0.892	0.0517377786491531
37.405	-2.8884	-4.2719	-0.799282703196829
27.224	-11.557	-2.9923	1.09856724834035
34.219	-0.7002	-5.219	-1.32944118850935
36.409	-6.4671	-0.54685	-0.319247946141253
29.133	0.029435	-6.8166	-1.03131235166549
34.285	-0.88002	-5.7289	-0.858812204391589
35.879	-1.4706	-5.0897	-0.560396192995708
33.331	-0.8698	-4.6621	-0.838397234976176
28.562	-11.373	-3.9338	1.61015144484169
34.954	-8.59	-1.2637	0.309372148655144
12.655	-12.024	-3.1062	1.645
33.259	-0.86748	-5.1327	-0.952141788755816
38.313	-5.8634	-3.2643	-0.129480025405167
36.875	-2.9204	-4.2667	-0.954801096315038
36.875	-6.5702	-0.73131	-0.420039802807014
32.785	0.6827	-1.7577	-1.00080978627516
36.807	-2.7145	-1.7884	-0.269191666289257
36.197	-2.5887	-0.88178	-0.848833464808491
37.29	-3.1505	-4.2486	-0.623354392148778
33.099	0.48603	-1.4884	-0.985426477708621
34.092	-8.9227	-4.1576	1.645
37.012	-7.5666	-2.4787	1.33770808550797
36.947	-6.3535	-1.4057	0.164635083763387
24.144	-11.871	-4.1725	1.645
37.294	-5.8666	-0.45628	-0.149991151578092
38.453	-6.2205	-2.5167	-0.00398092200796859
38.205	-3.7763	-2.7418	-0.488493288665708
29.42	-11.225	-3.3753	0.998273998704245
37.148	-5.3387	-0.68234	-0.0616174958014915
26.075	-11.349	-3.6326	1.20155277809311
34.237	-0.72906	-5.5845	-0.741476007689935
35.409	-7.9537	-0.78786	0.568619496298451
36.261	-5.9674	-0.39885	-0.703796770220228
35.769	-1.1302	-4.9338	-0.277848322343228
34.05	-7.3166	-5.0561	1.44551404756641
33.716	-7.4941	-2.944	0.705875444307755
36.741	-6.3389	-1.159	-0.215510670631379
36.513	-7.4862	-2.793	0.457295585585859
36.212	-4.2356	-0.11937	-0.518434972301229
30.542	1.6715	-0.25718	-1.3097102551476
37.523	-5.7548	-4.5898	1.16527519773749
28.667	1.635	-0.37636	-1.492768922754
37.356	-5.2576	-1.0494	-0.0629445928218
36.478	-7.7756	-0.57777	-0.596146168877106
37.883	-3.842	-3.38	-0.542487426570332
35.131	-9.2436	-3.3567	1.645
37.587	-5.2175	-1.004	-0.0236832379703648
36.221	-2.9564	-0.61513	-0.805045327655054
38.637	-6.5948	-1.8103	0.706287312253327
36.956	-3.2025	-4.4751	-0.236732864948456
29.985	-11.016	-3.6217	0.782011276948463
31.672	-6.1599	-5.747	1.10908814935562
36.491	-1.3732	-4.2775	-0.961044256261302
37.131	-4.5617	-0.87893	-0.605087280407438
31.827	0.24387	-1.1057	-1.59665333754716
36.602	-7.2462	-0.74841	-0.3603549055845
35.527	-1.6899	-5.4983	-1.15114458214328
28.143	-0.79826	-6.7107	-0.931138864826743
36.361	-7.4636	-0.51885	-0.194735369790127
36.981	-6.59	-0.49138	-0.813818286067978
37.82	-7.0502	-1.9993	0.0889978466904209
36.574	-8.6753	-3.4189	1.57684618479675
37.993	-6.6047	-0.58157	-0.206604486898296
36.619	-3.3442	-5.008	0.180741122497903
37.163	-4.0055	-1.8496	-0.126030187999829
27.841	-0.46924	-6.7153	-0.780861702102192
33.362	0.38835	-1.7634	-1.56511290492786
38.275	-5.2304	-2.3682	0.0229408735372073
36.744	-6.6862	-0.47204	-0.354568490895856
29.038	-11.463	-3.3336	1.49816658948637
32	-9.0904	-4.758	1.13941703060162
34.952	-1.4921	-5.7799	-1.48525573074271
35.586	-6.7863	-0.30952	0.181858759086527
29.473	-2.0004	1.2233	-0.544888226632051
36.946	-7.1431	-0.98937	-0.00409950444269914
35.2	-1.6433	-5.5416	-1.09981502582997
38.265	-6.0586	-2.7998	0.565280350667325
33.966	-0.18969	-0.95979	-0.837975483333797
37.105	-2.5879	-1.2599	-0.850558726667279
37.342	-6.7824	-1.0638	0.165720332705184
36.545	-7.0306	-0.54223	-0.197151830455677
35.679	-7.0002	-1.2115	0.123443026699973
35.984	-1.9774	-4.2136	-0.498410440846312
35.308	-9.5027	-2.4343	1.25277463297706
33.845	-9.7813	-3.7695	0.84523612977451
33.349	-0.35116	-2.0425	-1.26590671156248
27.568	-0.41487	-6.818	-0.338431253929618
33.366	-9.9976	-3.4617	1.0981610840279
19.483	-12.108	-3.7965	1.645
37.162	-5.5491	-4.7764	1.2096496527628
35.769	-6.9619	-0.47515	-0.31943800517428
35.88	-8.2388	-4.4135	1.56120332230572
35.04	-7.5716	-1.0808	-0.0217330331003614
35.22	-1.6653	-1.0212	-1.54061786988365
36.935	-5.5179	-1.3782	-0.194106834938225
35.664	-1.6218	-5.105	-0.652893752945908
26.332	2.8248	-0.26543	-1.42360810698212
38.305	-4.7921	-2.3396	-0.232824548978662
37.264	-6.0234	-0.95589	-0.743539544944123
24.961	-12.173	-3.2356	1.645
36.493	-3.2037	-1.737	-0.266136942006359
37.016	-2.6871	-3.6991	0.0551031376710383
35.521	-7.0953	-0.81215	0.369058771533354
37.573	-6.2663	-0.94834	-0.330175225704088
36.713	-2.7918	-3.6785	-0.740945971123945
37.267	-2.9412	-1.1413	-0.845299536911122
36.105	-7.5793	-1.0388	0.195432898283361
36.149	-3.6882	-0.088772	-0.352558140546413
29.561	-2.1923	-0.92529	-1.4409512598671
28.421	-10.501	-3.8962	1.645
37.543	-6.6177	-3.9242	0.617494560828099
36.013	-5.2962	-5.2194	0.309754502300887
31.616	-10.133	-3.0478	1.645
26.865	-11.889	-3.6093	1.46543023176736
34.944	-1.8333	-5.6746	-1.08980512189335
33.974	-0.2086	-5.4289	-0.588538060678572
27.421	-11.915	-3.1716	0.827085716513192
24.068	-11.949	-3.7635	1.645
36.904	-2.4271	-4.0264	-0.616968419828004
32.829	-2.2829	-5.3286	0.132149968672705
36.607	-2.9684	-1.1872	-0.522796985388179
36.922	-6.114	-0.78434	-0.171614804431838
37.221	-6.042	-1.2144	0.141330168921554
35.954	-7.1988	-1.5628	0.390421649446427
35.692	-8.8069	-1.7571	1.0873149796517
37.491	-6.0219	-1.2997	0.236711816999464
35.9	-7.2416	-0.67509	-0.357399646038025
36.618	-7.6655	-0.98104	-0.230208431197845
29.945	-1.3699	-6.7296	-0.952542487525259
32.161	0.91575	-1.7862	-1.49434471015099
37.605	-6.5111	-0.87244	0.328861074648554
35.517	-6.5056	-0.50915	-0.174905902929115
32.059	1.3109	-2.4168	-1.3854130022031
29.196	-10.899	-4.0629	0.326314634306796
24.476	-1.1701	0.93116	-0.640752911286178
36.747	-2.8716	-4.7368	-0.386525090129148
38.014	-3.428	-3.3169	-0.971096960546274
36.001	-6.2461	-0.9769	-0.995634757219779
36.332	-6.6978	-0.47076	-0.313353389963526
38.3	-5.7317	-1.6831	-0.428108283221251
29.979	-11.824	-2.9049	1.08961855657063
37.151	-6.3028	-0.5405	-0.421607727470345
36.12	-6.1442	-0.35725	-0.777245685034427
36.271	-7.3453	-1.3238	-0.178813438054635
36.488	-6.1858	-3.8549	0.42579143651503
35.366	-1.8119	-5.5672	-1.02671517700225
36.371	-1.3748	-4.149	-0.557601948291907
31.428	1.6486	-2.2588	-1.645
30.715	1.0071	-0.9415	-1.06962905845472
37.231	-3.9099	-4.7721	-0.580189600953925
34.721	-8.3715	-4.579	1.645
36.514	-8.5327	-2.2652	0.737139542952167
36.083	-2.6015	-0.39972	-1.11025896193031
35.498	-8.087	-2.6598	0.418985789072631
30.178	1.4558	-0.55411	-0.580382287546186
33.074	-10.314	-3.0415	0.367372893245607
34.568	-8.0682	-4.3868	1.645
36.881	-6.9741	-1.2878	-0.58720879641644
31.206	-10.908	-3.2517	1.50986962500548
20.185	-12.42	-3.592	1.645
37.199	-1.6237	-2.4917	-0.267215570473671
36.947	-7.3373	-1.2444	-0.400984571697215
33.778	0.11392	-0.5513	-0.940593409689543
36.98	-3.2319	-1.217	-0.564907043868845
36.125	-7.0592	-0.43751	-0.352212714772517
30.989	1.3364	-1.2695	-1.4264367006533
37.721	-2.718	-3.5393	-0.720226595173872
36.492	-7.4624	-0.46387	-0.712398108290252
35.897	-8.9728	-2.3728	1.37440629913683
36.92	-3.6492	-4.6394	-0.845176639703966
36.993	-4.0546	-1.8566	0.216537914736629
34.583	-9.2741	-3.2361	1.34355293634289
34.344	-1.2254	-5.6987	-0.598891330338827
35.742	-8.0212	-3.8443	1.645
37.001	-2.4226	-2.9225	-0.0812566531750787
35.171	-6.1369	-1.2886	-0.559674294799401
37.028	-3.37	-4.176	0.103637882180046
33.298	0.35184	-3.695	-1.01253780555578
30.361	0.79431	-0.83387	-0.270016921474615
35.436	-6.7361	-0.95815	0.763722019335024
37.41	-6.4188	-0.83121	0.407956476690793
36.383	-1.4084	-1.6501	-0.65946235528332
28.632	2.1882	-0.58482	-1.48824590003728
34.186	-2.9176	0.81454	-0.574468245755138
36.195	-4.2493	-5.2274	-0.426537283142413
26.47	-1.2093	0.66759	-1.38162866543764
36.233	-7.5856	-0.90686	-0.0188176564845318
36.421	-8.4179	-2.0881	0.00958667935416437
37.469	-3.1858	-2.9957	-0.723423495410168
35.257	-2.0901	-4.006	-0.213884738534124
36.163	-7.092	-0.771	-0.0261568748602599
37.734	-5.9544	-4.0513	1.19226729509749
37.902	-5.9908	-2.0936	-0.174899167308923
37.448	-6.4351	-3.4083	1.645
36.099	-7.3386	-0.73775	-0.445233176878322
38.19	-5.2303	-3.4668	0.25763425192908
32.123	0.60269	-0.86491	-1.36040600835077
32.053	1.3059	-1.5197	-0.955716216431846
36.699	-4.6467	0.089536	-0.375104548510901
27.83	-11.511	-3.6894	1.645
35.927	-2.6184	-5.194	0.485045331556223
36.378	-8.7082	-2.2334	1.59389494822493
37.434	-4.6484	-2.4277	0.533893201339425
36.422	-2.8263	-5.0446	-0.311508525251922
37.128	-7.3771	-0.91807	-0.333569984507353
36.806	-7.1946	-1.9069	0.140244353571191
34.659	-0.55942	-4.4261	-0.49063946830187
36.328	-7.1272	-0.93379	-0.202899053285531
36.281	-2.7152	-5.341	-0.133656712736124
37.412	-6.2447	-2.696	0.288010008063283
35.967	-2.729	-0.69909	-0.634350489826261
36.783	-8.0664	-2.712	0.725534750105134
36.508	-6.9874	-0.76697	-0.63775170051179
37.295	-4.7406	-4.9434	-0.15715399391615
37.907	-5.6622	-1.514	-0.351938367248468
36.54	-2.6445	-3.9797	-0.234069665348092
34.705	-0.88028	-5.109	-1.07949374466081
35.571	-0.535	-3.7779	-0.213150936189055
36.023	-3.1128	-0.9772	0.00404078789006473
36.969	-6.9389	-2.1567	0.119042037483671
30.821	-10.653	-3.8519	1.645
34.81	-1.815	-0.71735	-0.84655303195899
37.007	-3.2381	-4.6457	0.254901363341834
22.98	3.3486	0.063496	-1.24125984025923
32.159	-10.433	-3.0039	1.645
37.195	-6.8729	-0.94274	-0.0441990751872926
34.005	-0.32428	-5.4688	-0.803544080479387
37.776	-3.2527	-3.708	-0.656593405594058
25.345	2.9604	0.81839	-1.52638205080252
37.704	-6.9036	-3.5007	1.42146646029949
25.232	-11.836	-3.4376	1.63610622985342
35.212	-2.5121	-5.7232	-0.790314320913045
38.366	-5.4234	-2.4492	-0.0348096708143197
29.989	-1.4419	-6.6104	-0.485737239140021
37.702	-3.2554	-2.2478	-0.882713116811706
36.695	-8.3244	-3.4796	1.54996985106282
22.216	-0.28528	1.8218	-1.08967018663619
27.938	-0.14693	-6.4389	-0.812495798179102
37.215	-2.1692	-3.2804	-0.211039468388611
24.948	-1.1145	1.1193	-1.1251995749822
35.868	-5.9551	-0.76246	-0.790197872679479
28.015	-11.269	-3.5031	1.09309594239176
36.415	-2.8229	-5.3315	-0.401661834482055
36.026	-2.1342	-5.1439	-0.208480947530841
36.861	-6.3361	-0.60656	-0.462711737237012
34.486	-9.5717	-3.7802	1.40495537576488
22.352	3.0673	1.2586	-1.29003126298132
35.219	-2.1202	-1.3575	-1.645
36.39	-6.9544	-0.46647	-0.199246031087955
32.516	-0.5129	-6.2823	-0.942398150453062
37.032	-6.1426	-0.88556	-0.335190798104877
28.289	2.0839	-1.1024	-0.877619528980845
33.548	-1.5978	0.067007	0.422669772333046
35.336	-1.5855	-5.3664	-0.769922433168928
35.391	-7.7354	-2.7639	0.545460503808798
36.84	-7.9578	-3.3052	0.983525442258464
37.095	-3.2146	-1.7715	-0.559549314610578
33.859	-9.2605	-2.5721	0.505537975291666
35.877	-8.4213	-3.4308	1.3636068919896
34.549	-0.84299	-5.6394	-0.998780934473909
36.996	-7.5551	-2.6668	1.38344467621466
34.832	-7.3907	0.24362	0.0764335107524634
33.235	-10.72	-2.9872	0.313819778234483
37.307	-6.0201	-1.5607	0.281851846370732
37.418	-2.9354	-2.5082	-0.755619124789596
34.343	-1.6947	-5.9695	-1.28285818611233
35.852	-6.3953	-0.66102	-0.379909141629097
23.219	-11.625	-3.7246	1.645
25.658	-11.743	-4.0632	1.645
36.408	-7.0685	-0.74929	0.425046808153491
34.872	-9.2335	-3.1798	1.52420171895354
32.521	-10.366	-3.3013	0.614424115578665
35.301	-7.1362	-0.87532	0.212872771504146
36.981	-7.338	-4.1057	1.39961698448321
36.532	-2.2219	-4.9142	-0.00596117475645458
36.587	-6.9588	-0.9185	-0.566768291603303
37.804	-3.758	-2.5106	0.0144952515769779
37.188	-3.3266	-4.129	-1.06597678308164
36.601	-3.3263	-0.83788	-0.172792453287857
20.494	-12.103	-3.3423	1.645
37.343	-6.62	-3.3463	1.645
34.74	-1.4122	-5.6472	-0.329912021815071
33.679	-0.86234	-0.17042	-1.05424861415563
36.655	-3.0677	-4.4207	-1.04785112934226
34.85	-8.5722	-4.0191	1.56098550045533
30.867	-10.809	-3.5384	1.645
37.307	-3.9139	-4.5918	-0.439780379316387
36.667	-6.7386	-0.78268	-0.520827524781593
31.457	-0.30158	-6.5963	-0.543740773943462
35.913	-7.6121	-0.87189	0.00248377559791542
36.13	-2.8164	-5.1146	-0.243852607660494
35.209	-0.0088546	-1.6024	-1.2091498908362
37.083	-6.3311	-0.76982	-0.102290319886816
36.223	-7.7271	-1.0545	-0.0616863231216633
30.474	-10.434	-3.6727	1.645
35.745	-6.4161	-0.72233	-0.279292560819282
34.25	-0.42419	-5.4538	-0.498450713928191
35.158	-7.4175	-0.57039	0.202616600510163
37.835	-4.0336	-3.727	0.564599217489419
29.205	-1.0063	-6.6398	-0.790313584894111
35.456	-3.3218	0.088323	-0.807460033524308
29.803	-10.77	-3.5859	1.18409709603015
37.4	-5.3887	-1.203	-0.27021017431414
38.39	-4.8164	-3.1837	0.344285053272874
28.169	-10.539	-4.4468	1.645
37.101	-6.2474	-1.5272	-0.369479789115692
36.103	-2.9353	-0.50444	-0.661892196922488
33.597	-0.56617	-5.3621	-0.818905898169469
34.55	-8.264	-2.9045	0.671866052433339
35.071	-9.1648	-1.7033	0.747710080162823
37.21	-4.2579	-4.7383	0.286329474652149
35.826	-8.9178	-2.6398	1.11401588025757
29.572	-9.596	-4.4341	1.645
38.35	-4.2938	-3.138	0.36714232022022
33.688	-2.6749	1.0381	-1.00717765879797
36.474	-2.0151	-4.8982	-0.0297936003287961
36.528	-6.7207	-0.3798	-0.512312024084416
33.424	-10.084	-3.4669	0.540977113469522
35.861	-2.605	-5.277	0.193310613999116
34.46	-9.1908	-4.2253	1.645
38.32	-4.8525	-3.1108	0.311083926661199
37.496	-3.2443	-4.1554	0.572751629786572
26.909	2.6637	0.026832	-1.44007009680505
23.052	-12.064	-3.317	1.645
37.644	-6.4692	-2.6675	0.941346912508431
36.848	-6.5595	-2.1398	1.05425901258594
29.035	1.6447	-0.066406	-1.22429482001313
35.626	-7.5125	-0.57968	0.263672236832159
37.322	-7.6218	-1.4826	-0.569655246755898
35.285	-8.2893	-0.64382	0.08847374357555
20.084	-12.312	-3.48	1.645
28.865	1.751	-0.48839	-1.03498672586134
29.709	-10.969	-3.9119	0.623322037286978
37.772	-3.5059	-3.3861	-1.11772140759424
36.942	-6.4637	-0.66239	-0.787326353335836
33.758	0.38343	-3.2386	-0.759955422085554
36.282	-1.236	-3.9953	-0.527909456508258
36.872	-6.6326	-0.5159	-0.488002043158689
27.991	-1.7102	0.46544	-1.32532696610231
34.467	-0.7789	-5.5486	-1.21469829673801
28.91	-10.416	-4.3339	1.645
36.451	-2.0925	-4.9467	-0.65492007383829
29.772	1.7553	-0.20628	-1.25599168118609
37.46	-4.4038	-1.0835	-0.579868897982838
30.47	-9.6622	-4.3325	1.645
31.478	0.98321	-0.87069	-1.31547452918186
36.431	-1.4634	-3.8262	0.0284560407078952
36	-9.0717	-3.5695	1.645
37.711	-5.9719	-3.357	0.468421102012358
27.558	-11.495	-3.2371	1.00984496046048
24.502	-11.889	-4.0808	1.645
36.522	-7.3306	-1.1206	-0.164795197923707
34.234	-9.0501	-4.1876	1.645
34.039	-8.7942	-4.1058	1.645
36.049	-2.8343	-0.31658	-1.18707094444599
35.726	-3.108	-0.29894	-0.643818785912777
37.247	-6.3258	-0.74275	0.117495644341539
36.663	-8.0185	-1.3392	-0.716623824086495
36.819	-2.209	-4.6629	-0.329368263345204
36.367	-7.0131	-1.7098	0.232838426544208
37.603	-3.5366	-2.3554	-0.967964931919447
37.32	-2.9559	-2.0473	-0.568733828423002
36.358	-3.1915	-4.9347	-0.35849721827831
18.772	-12.196	-3.1299	1.645
32.75	-10.422	-2.8005	0.340298496278807
36.785	-1.4031	-3.5604	-0.303860713359121
35.477	-1.5291	-5.0441	-0.369482856610461
28.024	-11.618	-3.2678	1.645
38.028	-3.372	-3.8422	-0.818818898692421
35.983	-6.7157	-0.25748	-0.40425300303825
37.675	-7.2641	-2.5191	1.50059151793215
38.285	-6.068	-1.6478	-0.16673989163823
37.648	-2.9954	-2.6871	-0.241046750986671
36.758	-6.2914	-0.49534	-0.438527928622084
37.3	-4.165	-1.6175	-0.403430570835459
27.805	2.13	0.2655	-1.19988903659651
33.741	-1.9733	-5.4226	-0.623636413683222
36.11	-7.4497	-1.499	-0.235717449465424
37.13	-3.482	-3.5833	-0.0990405523523681
37.065	-7.2034	-1.1197	0.0139778959415231
35.676	-1.5634	-5.343	-1.1379656037253
25.634	-1.2253	0.94194	-0.81130480008942
36.345	-2.7504	-1.3676	-0.5117649821199
35.006	-5.2704	-0.66318	-0.685581377777128
21.515	-0.82075	1.3352	-0.0705268828723899
36.934	-7.1197	-1.3898	-0.0652863676527201
35.563	-2.7773	-0.24283	-1.16773158298042
37.173	-2.6245	-3.9132	-0.208497829235398
36.387	-2.0945	-4.6511	-0.556929380043642
35.784	-2.114	-0.96068	-0.471893849955411
37.664	-3.9756	-1.3644	-0.976655518892725
33.453	-9.9212	-3.2833	0.455084144118981
28.418	-11.12	-3.9506	1.645
35.617	-3.9137	0.42156	-0.27395006120859
35.863	-2.4069	-2.5622	0.0396758579443802
35.028	-7.1752	-0.66195	0.0164826869903978
35.812	-5.4805	-0.52955	-0.591509585261414
35.948	-1.8128	-5.129	-0.534765918545822
36.383	-2.5713	-5.1106	-0.474711860911074
37.161	-6.9458	-4.105	0.670978968557062
33.48	-0.64767	-5.7709	0.193576105142068
36.767	-7.3284	-1.2693	-0.169002626973048
34.688	-1.4445	-4.5017	-0.396129416182637
35.727	-1.6297	-5.1851	-0.641638395383563
27.955	2.3396	-0.87238	-1.03834100600988
33.377	-10.479	-2.644	0.400218643900851
32.498	-1.6331	0.075498	-0.761448846485772
37.362	-2.3661	-4.0574	-0.438294949711549
37.957	-5.771	-1.0749	-0.405994983412487
36.775	-7.7189	-0.67347	-0.569929615543389
37.412	-4.5111	-2.4789	-0.148619904379292
36.828	-7.5118	-1.7764	-0.279682549285049
34.807	-9.2413	-0.70097	0.49703191715287
37.16	-6.5484	-1.2193	0.25135492809013
36.12	-6.8519	-0.23334	-0.25864304387044
38.418	-4.7373	-1.7362	-0.557562648368969
33.209	-1.3065	0.58739	-0.922201920269699
36.674	-2.2954	-4.338	-0.112084246479678
36.732	-2.5374	-4.5019	0.113406225451739
37.642	-6.2693	-1.2363	0.0404630414186356
34.288	-1.2429	-5.9811	-0.28167903437631
34.357	-6.5455	-4.6842	1.00277613500725
33.459	-6.2113	-5.0877	0.675086782336948
34.398	-1.8175	-6.1834	-1.12799432997738
28.402	1.6858	-0.84161	-1.28696268306543
36.054	-8.1439	-2.2738	0.590040162080272
36.711	-5.4696	-0.059321	-0.735090353117129
36.851	-6.8	-1.1773	-0.227609353363176
38.242	-5.918	-2.1091	0.0760207967432595
37.137	-3.3898	-4.8805	-0.335180619088583
37.779	-6.3044	-1.8107	-0.525447683854971
34.925	-1.4506	-5.7603	-1.18308893719365
36.307	-6.6518	-5.0565	1.645
37.216	-7.7869	-1.3901	0.487875071763812
34.201	-6.8832	-5.1613	1.26370291994836
37.024	-5.0281	-5.0016	-0.063534723732919
31.076	-10.596	-3.1788	1.645
37.732	-3.9914	-1.8724	-0.577666480093376
28.05	2.1178	-0.84351	-1.645
29.068	1.9082	-0.13313	-0.618628810754968
38.105	-6.1144	-1.8308	0.133744935826775
31.208	-10.341	-3.9103	1.645
37.164	-3.1932	-4.4762	-0.336255470115554
35.947	-7.6318	-0.92707	0.19073336110837
26.384	-11.718	-3.1602	1.50102022765652
17.539	-12.176	-3.6076	1.645
27.847	-1.0006	-6.7591	-0.999656654859247
28.06	-11.31	-4.1272	1.645
26.252	2.4373	0.2568	-1.53925695969415
36.415	-1.8489	-3.4901	-0.399699679336955
36.414	-6.6305	-0.54073	-0.857771111309051
36.926	-6.1455	-1.226	0.519279741447604
37.013	-1.3675	-2.5758	-0.586371630690139
31.516	-1.6663	-1.0651	-0.132920595075242
23.685	-0.6064	0.95115	-0.637039027888618
27.546	2.3168	-0.11179	-1.29511426390432
36.582	-3.2051	-5.0006	-0.493271191177051
37.103	-6.8195	-0.88503	-0.421299827769671
36.399	-7.0935	-1.8265	0.168451450409255
35.481	-2.2084	-0.77026	-0.385344184999485
27.377	2.5778	-0.06166	-1.32915271803093
29.712	-0.9678	-6.7499	-0.562044776470308
37.899	-7.3266	-2.9614	1.21192143597913
36.681	-7.6883	-1.3233	-0.228526631063941
36.539	-6.8839	-1.4043	0.193399959482776
36.927	-2.4784	-4.6331	-0.187342198128609
37.289	-5.8562	-1.1742	0.012271962204845
36.35	-1.06	-3.5694	-0.492225944176213
36.839	-2.8458	-4.6107	-0.407503781007557
34.409	-9.3628	-3.4874	0.442899379551959
21.749	-12.082	-3.1072	1.645
36.479	-2.3034	-4.7111	0.284940878846241
35.35	-9.2134	-2.9742	1.645
37.069	-7.3037	-1.1191	-0.250339320712959
37.293	-2.0806	-4.0461	0.167243472328565
37.112	-7.3561	-1.2594	0.132905227157848
35.298	-7.0473	-0.77197	0.00562559733643911
34.237	-8.2289	-3.8283	1.35111839069098
38.056	-5.1676	-2.5888	0.596801060533092
35.642	-2.2581	-5.5624	-0.291097369570033
37.132	-6.4566	-0.84542	0.146314788380431
33.381	-2.7503	-0.92077	-0.234493172185718
36.842	-7.1254	-1.1484	-0.151807274798783
36.903	-6.0825	-1.1782	0.125944355873552
36.19	-1.7172	-3.5639	-0.679113716431221
34.92	-2.2908	-0.34357	-1.11228024573267
38.043	-4.5569	-3.3936	1.20808579194841
35.541	-0.99494	-3.919	-0.999772044885432
37.769	-5.0176	-1.871	-0.452453074862848
35.269	-8.6907	-0.96378	0.290061475548872
36.885	-8.2585	-1.4113	-0.216355036948931
34.961	-9.0902	-2.5955	0.484437694585726
36.838	-3.1052	-0.58324	-0.571242977641107
27.664	-10.9	-3.9195	0.797976962875883
23.422	-0.66444	0.89025	-1.116159325219
29.878	1.9333	-3.6835	-1.17249730577985
38.515	-5.1784	-2.2231	-0.24771116637769
38.137	-5.8416	-1.5113	-0.408870265743391
37.654	-2.3191	-2.4915	-0.645231131786469
35.139	-7.3104	-0.6746	0.240005632794722
29.667	-0.36181	-6.2471	-1.12445452809078
34.572	-9.5317	-2.8881	0.689742890940765
36.627	-2.2565	-4.6513	-0.139273010803784
38.041	-6.1191	-1.0396	-0.00785575945780652
35.898	-7.0416	-0.93679	0.612158386477081
33.998	-7.9864	-0.16569	0.279415697745145
35.179	-4.4275	-0.35156	0.275331185121073
35.475	-6.9959	-0.76676	0.279533251289504
32.07	1.4293	-2.3833	-1.16840034484196
35.045	-8.4451	-3.0206	0.700111872174092
36.626	-6.7312	-0.7282	-0.833128797348735
28.783	-1.1034	-6.5278	-1.35840684817034
35.933	-8.4365	-1.8553	0.674563520850258
32.506	-10.224	-2.3987	0.503187397711689
34.744	-7.6455	-4.2175	1.04462650570476
35.716	-8.4489	-2.1184	0.767590276431382
31.72	-0.96702	0.3544	-1.21716266057231
36.751	-6.7733	-0.83624	-0.489215371252504
26.305	2.5123	-0.34699	-1.1917698317457
37.254	-3.0555	-4.385	0.0540267843709696
34.17	-1.3725	0.13005	-1.31688706861144
36.772	-2.0808	-3.8427	-0.00492507283704596
28.764	-0.51537	-6.6424	-1.25621723726244
38.014	-5.9577	-1.8809	-0.12321933032276
34.574	-3.6874	0.49795	-1.05771122766942
36.293	-1.505	-4.5643	-0.47325350007106
36.234	-7.6629	-0.97961	-0.225422840991688
34.65	-7.5723	-2.293	0.88534780050402
36.083	-8.5847	-3.8822	1.645
27.103	-1.7895	0.51807	-1.52111207478006
36.16	-3.0067	-5.1595	-0.461689411935727
33.832	-9.4165	-3.2844	1.02762674265898
35.349	-1.7696	-4.8635	-1.09062256026408
37.166	-4.2299	-4.5378	0.0381924100492807
34.808	-9.1052	-3.57	1.3785989338196
35.873	-6.1718	0.076158	-0.260595949092367
35.622	-2.128	-5.639	-0.463146806656672
37.437	-6.1818	-4.1612	0.934021518386983
36.152	-7.3342	-0.95071	-0.284141083580331
35.261	-1.5128	-5.0484	-1.18939138046177
33.824	-9.9319	-3.7705	1.64400763995716
35.159	-5.0452	-1.1061	-0.288190263471298
30.039	-10.6	-3.9322	1.645
30.135	-9.1454	-4.2499	1.03828698068779
29.138	-11.188	-3.8476	1.12918752493757
35.92	-6.9901	-0.49628	-0.00100768233844289
31.224	0.17342	-5.7504	-1.20820695443118
35.622	-3.6657	-1.0615	-0.448060860597793
37.487	-6.2291	-1.7669	-0.486303898846827
35.929	-8.1243	-1.4357	-0.0650170409909745
33.353	-0.15211	-5.6436	-0.765991115136806
34.134	-10.156	-2.7773	0.435311420724271
35.54	-1.4891	-4.931	-0.535889531063224
34.026	-9.7903	-3.2879	0.60766670823974
36.626	-5.7911	-1.2278	0.00682905060168495
24.178	-11.704	-3.6301	1.645
37.404	-5.4861	-1.3972	-0.104121243356844
33.892	-0.68384	-5.8885	-0.67452800449336
24.368	3.7988	0.25655	-1.32346080978946
25.316	0.0397	0.96357	-1.06053810274822
36.37	-2.9592	-4.9675	-0.663980792798317
36.177	-2.5183	-1.6875	-0.49762236127594
34.494	-0.21675	-1.9609	-0.737758616958
36.989	-2.1522	-4.4694	-0.316810716393336
29.538	-10.738	-4.0519	1.56526040586569
37.198	-6.5255	-1.0386	-0.266539196209679
36.164	-7.808	-2.0116	0.147441393960938
26.615	-11.683	-3.4185	1.47992555665747
35.959	-8.016	-1.3819	0.171286928921505
37.27	-6.2276	-1.1357	0.194243739316108
36.454	-6.533	0.32032	-0.965164244424379
36.452	-2.8956	-0.53636	-0.338309641396431
33.279	-10.124	-3.4263	0.928642744874416
26.736	2.6919	-0.6298	-1.39282028888773
37.768	-2.7583	-2.6984	-0.345992276101058
35.59	-2.7801	-5.4654	0.216087033890559
37.579	-7.1001	-2.0947	0.853888350265152
36.093	-8.6628	-3.2445	1.645
33.734	-9.5652	-3.4776	0.693233945949067
38.216	-4.6273	-2.5373	-0.362486669377091
27.089	-11.553	-3.8875	1.60920664233719
32.801	-10.494	-2.9191	1.00978767362711
38.241	-4.5629	-4.0563	0.883483143160454
37.785	-3.759	-1.4766	-0.699446292646753
38.276	-5.2348	-2.0977	-0.0712191217352782
37.742	-3.366	-3.0438	-0.522109803410938
27.815	-0.57083	-6.707	-0.798082218967753
28.23	-0.50422	-6.5389	-1.1586741411911
29.63	-0.92416	-6.7941	-0.755444864481389
33.189	-2.0783	0.76822	-1.14416795317992
34.078	-0.040589	-5.3448	-0.761157073939948
36.923	-2.6406	-4.693	-0.646881344166272
30.923	-10.273	-3.951	1.645
33.454	-0.75361	-5.856	-1.26177910783548
37.946	-3.4073	-2.4633	-0.535106623796958
24.271	-12.112	-3.4109	1.645
36.432	-7.4201	-0.80639	-0.540935896258457
35.365	-1.0409	-4.4356	-0.142949253713297
36.627	-4.0545	-5.0559	-0.600006071729557
36.92	-5.8143	-0.62305	-0.206659516549506
36.617	-3.1258	-4.9507	-0.293425325746009
35.936	-1.5523	-5.1143	-0.66134935632163
22.13	-12.369	-2.9595	1.645
35.285	-7.5377	0.066807	0.130680453475835
34.246	-1.9271	-6.1455	-0.610199959397536
35.563	-0.78294	-4.4159	-0.455634214709785
37.246	-2.3567	-4.2847	0.186139532347883
36.836	-2.003	-4.5542	-0.616009607657448
35.681	-7.0142	0.034118	-0.381019930408853
28.476	2.3052	-0.21928	-0.971512012171463
36.702	-4.5632	-0.72328	-0.602616220312289
35.022	-2.2931	-0.30106	-0.717382255517042
36.997	-2.8596	-4.6194	-0.231723198588859
31.828	1.1086	-2.2523	-1.21556236319311
35.129	-7.3311	-0.43908	0.323219319543763
35.687	-2.4359	-5.3201	-0.274904188908763
26.988	-0.92323	0.91876	-1.26258085935821
31.846	-3.3065	-0.63738	-0.429571658861347
33.401	-1.0653	-5.7202	-0.602469486923448
36.04	-6.7814	-0.20054	-0.443591260341271
34.114	-0.95412	-5.5611	-0.328322792099989
36.599	-6.6278	-0.62335	-0.310224296373541
37.135	-6.6056	-1.2216	-0.580017306916959
38.176	-5.8106	-2.8118	-0.278130333829326
37.58	-4.0989	-3.3811	0.494984467406892
35.637	-6.7245	-0.37612	0.12283979648283
35.282	-0.54191	-4.5888	-0.113541684500977
35.082	-1.3413	-5.5522	-0.747317768450426
35.866	-8.262	-4.0059	1.35509908593346
37.104	-7.4099	-0.84084	-0.391315497935875
35.513	-9.1151	-3.2543	1.645
36.187	-7.133	-0.64214	-0.217166558154597
35.107	-0.70271	-4.7009	-0.58719619627466
37.184	-1.7013	-2.732	-0.339049219151992
37.267	-6.9481	-1.9059	0.032221213843399
32.963	-0.82231	0.13576	-1.42411278972404
35.467	-1.2018	-5.1814	-0.474866199856701
19.144	-11.629	-3.5846	1.645
35.444	-3.6749	-0.45329	0.260598505757891
33.256	-0.209	-5.6186	-0.926604979775198
38.277	-5.7043	-2.5148	-0.0696629485070629
35.262	-6.5396	-0.11959	-0.354743656357775
36.147	-2.2079	-4.9607	0.409093286351236
25.063	2.6942	0.50611	-1.645
35.954	-7.1833	-0.97152	0.15111325085736
31.359	1.133	-1.4757	-0.830989124054421
36.883	-3.2841	-4.7561	-0.341113250863603
37.07	-3.5895	-4.5398	-0.0143335429328073
29.455	1.4441	-0.33154	-0.69245326624916
30.771	-10.607	-3.8479	1.645
35.249	-6.5454	-5.549	0.171055048508399
37.709	-3.0288	-3.4199	-0.787832932849796
36.433	-4.7672	-1.4114	-0.106789663368733
27.534	-0.34665	-6.4868	-0.51234864010524
36.086	-7.7136	-1.5338	-0.0656645399280555
38.056	-6.0844	-2.1369	-0.130829760480548
34.733	-2.7372	-1.1845	-0.312178469685066
34.09	-1.9336	-5.9096	-0.567866124234609
30.214	-10.125	-4.3742	1.5058344198797
36.733	-2.908	-4.739	0.0628469103782602
32.649	-1.5728	0.16861	-0.676921300839149
35.94	-8.616	-2.4003	0.31479392215771
38.211	-6.7695	-2.7243	1.645
34.473	-6.0424	-5.0366	0.395752742769293
36.627	-6.1571	-0.69163	-0.464889841550748
36.064	-7.1385	-1.2273	0.124376983594526
28.21	-11.078	-3.6007	1.16312782892322
33.526	-9.8154	-3.646	0.490940357873946
37.809	-4.4404	-2.6843	0.158196131821386
36.294	-2.8729	-4.9081	0.329046752017645
36.932	-2.2441	-4.676	-0.553177270170675
34.882	-7.8087	-4.7386	1.38914569864674
36.476	-7.382	-1.0621	-0.615911083207959
37.275	-3.0113	-4.2995	-0.297344911078231
37.16	-7.4515	-1.5202	0.253752000764544
29.493	-2.0896	-0.37662	-1.645
36.008	-4.144	0.37998	-0.279593632302286
33.871	-0.68123	-5.6772	-1.11899553319513
26.97	-0.27744	-6.7405	-0.730286965670455
34.878	-7.421	-4.5206	1.28099034568953
36.796	-7.0838	-1.2456	-0.686767664469605
36.362	-7.0014	-1.1047	-0.0273511985400626
20.626	-11.99	-3.1838	1.645
37.31	-7.5264	-2.6178	0.869341266515863
30.671	-0.85242	-6.8893	-0.317031963385827
16.859	-12.177	-3.2421	1.645
36.905	-4.2578	-0.4808	-0.389023726037566
35.511	-1.8353	-5.3157	-0.292251665194105
21.085	3.772	0.79139	-1.1168196229535
37.367	-3.737	-1.2535	-1.37475850725151
36.651	-7.5829	-1.2475	-0.372143382134774
35.014	-8.2377	-0.58041	0.00874887310862511
36.616	-6.8313	-0.47681	-0.788102257613694
36.201	-2.0957	-4.461	0.314265262799517
36.759	-7.1446	-0.57465	-0.2414969057906
35.043	-1.2339	-5.4064	-0.873964843045032
36.334	-6.388	-0.29077	-0.175621840437593
35.239	-3.0074	-0.11223	-0.907056913171587
33.832	-8.7472	-3.3011	1.18116671921933
29.377	1.7668	-0.97623	-0.944146179228439
36.531	-6.2769	-0.45093	-0.564095731458675
35.735	-6.5504	-5.0381	0.912354888189218
36.185	-8.2947	-3.287	1.645
30.382	1.5907	-0.49021	-1.208016884696
36.292	-7.3381	-2.103	-0.348221275111424
30.558	0.84485	-0.90212	-1.18655619670953
