30.252	-10.709	-4.2735	1.63580423820853
37.784	-3.0457	-3.1938	-0.275092805905844
35.233	-1.7225	-5.4094	-0.562892130042572
36.304	-5.6636	-0.46282	-1.13150567435859
34.958	-1.4558	-5.6443	-0.714460390378092
35.711	-7.1492	-0.48083	-0.0869265433774591
35.577	-2.1617	-5.7207	-0.240555511735248
30.384	-1.1125	-6.3906	-0.0452158277909751
35.662	-6.8765	-0.14067	-0.772086368353891
37.208	-4.7836	-0.79393	-0.157716310907422
35.031	-0.73919	-5.3013	-0.405561932531326
30.639	-1.4277	-6.4224	-0.587337735288624
30.396	1.5929	-2.7118	1.49009084633275
37.36	-1.9229	-3.4248	-0.0537725527670709
38.053	-4.9272	-3.8114	0.235578950467992
25.215	3.2448	-0.1568	0.777787356051638
37.946	-3.3618	-3.7233	-0.772214476124095
36.345	-3.4584	-0.40195	-0.333845558888411
29.468	1.8323	-1.3242	1.645
35.221	-8.5458	-1.1697	-0.509784620839931
37.076	-4.767	-1.1442	-0.236866441237009
38.1	-6.0953	-1.2467	-0.590238184967434
37.421	-4.2265	-4.3602	-0.136666660690783
37.609	-6.1563	-1.2378	-0.892193250029899
29.628	1.4832	-0.091737	1.645
30.886	-9.9839	-3.954	1.645
36.237	-7.9567	-0.56517	-0.68941973521038
38.043	-6.8756	-1.8666	-0.63747582804842
37.508	-3.0489	-2.1855	0.783161404684423
38.329	-4.7319	-3.6869	-0.539329422472086
34.7	-1.2137	-5.6412	-0.577349020390093
38.1	-3.8544	-2.0497	-0.530098368162603
35.969	-7.2747	-0.90899	-1.07377317479806
27.088	0.10397	-6.6888	-0.824136544394364
37.973	-4.0567	-3.8317	-0.33028318527287
27.649	-11.462	-3.5438	0.665095938602399
35.681	-8.7417	-2.8366	0.0944584898221654
27.506	2.6504	-0.70193	1.30060260990057
29.352	-10.501	-3.6657	1.645
36.904	-6.9214	-1.6942	-0.535600634765961
35.473	-9.362	-2.7353	-0.769270486034927
36.27	-3.1772	-4.7845	0.149121628750251
28.019	-0.25125	-6.6692	-0.437737635407458
33.485	-9.167	-3.831	0.12644548361627
34.236	-10.016	-2.8261	0.0724837268420228
33.449	-0.6842	-5.706	0.243560392529695
36.817	-3.992	-1.0023	-0.243906016319971
36.439	-2.5243	-2.1194	-0.0737448421615369
34.364	-0.084456	-4.3062	-0.11513021403248
35.596	-0.68966	-4.4515	1.06661047919643
36.24	-2.3286	-1.4169	0.139606840597436
36.865	-7.6925	-1.6333	-0.599804611155888
37.22	-6.5674	-1.1292	-1.39917959850745
37.897	-4.8967	-1.5729	-0.821311231991871
35.228	-2.001	-3.9949	0.233903253160883
33.384	-0.71081	-6.05	0.761590754555508
36.605	-7.0821	-2.621	0.304617130773439
34.196	-9.5363	-3.2052	0.101315538947783
30.378	-9.9318	-4.0164	1.645
35.451	-2.0421	-5.2604	-0.437585330548812
37.029	-6.5279	-1.0449	-0.892398602223254
36.22	-7.0306	-1.8249	-1.27793585997536
35.361	-7.6139	-0.68234	-0.936907137510142
37.68	-3.1829	-3.9933	-0.791408756566916
34.157	-1.6204	0.0068926	0.171305184802392
37.485	-7.2194	-1.5734	-1.18640283192266
36.966	-5.8746	-2.2644	-0.898545527431519
36.318	-6.8931	-3.2431	-0.0155000362971494
34.278	-8.7974	-3.7387	0.5829449627619
31.307	-10.824	-3.7747	1.58903975585919
37.731	-4.9146	-1.0312	0.0490139601991133
23.754	-11.761	-3.3614	1.645
36.647	-7.5774	-0.80506	-1.27647103426815
37.798	-6.4612	-2.1662	-0.524808878012208
37.754	-3.583	-4.2792	-0.949157543821617
35.975	-7.482	-0.79263	-1.12260554390419
37.505	-6.6685	-2.6847	0.0350119735653298
35.53	-1.198	-4.9193	0.288187568587061
37.23	-3.1353	-2.1204	0.585019041808258
36.382	-2.1964	-0.9519	-0.144501285625698
24.761	3.1961	0.59405	0.491811512698013
33.85	-8.5339	-4.1833	-0.413065329451507
31.588	-10.845	-3.7152	1.645
34.348	-1.5875	-5.124	-0.535737897159185
35.855	-8.5351	-4.1011	-0.259868136795397
35.188	-7.5203	-0.50527	-0.808851413829096
29.408	-0.87213	-6.5897	-0.308465920788002
29.318	-10.906	-4.083	1.645
36.734	-4.8522	-4.9762	0.307110676567054
36.425	-0.63911	-3.5397	0.696301946103316
35.68	-4.0853	-5.459	-0.145629591164278
37.21	-7.0648	-0.9211	-1.04107657663682
35.97	-1.7404	-1.3486	-0.00341527342947552
36.73	-2.8421	-4.3338	-0.279817792609325
35.127	-8.9068	-3.2601	-0.234866966626223
34.516	-1.442	0.39769	0.317916634174373
26.621	-0.41676	-6.7491	-0.661021468694102
33.447	-0.099584	0.24688	-0.139917483099918
35.417	-9.3933	-3.2228	-0.449309717672389
37.061	-6.5184	-1.2337	-1.32330642319189
36.761	-4.0431	-2.5386	0.293833608257076
36.51	-6.2637	-0.54518	-0.668312970859832
36.466	-7.3544	-0.70317	-1.313417460973
28.861	-2.2487	0.5869	0.287050045718831
37.211	-6.4572	-0.88182	-0.967867908122096
37.444	-6.7964	-3.6172	0.40764580760122
36.601	-7.2495	-1.0362	-1.05217457354646
27.931	-0.28496	-6.5634	-0.0774142552686027
31.618	-10.13	-4.2517	1.645
36.223	-7.4272	-1.0084	-1.01693224704099
29.629	-10.882	-3.5421	1.645
29.947	-10.855	-3.69	1.645
37.298	-6.2867	-4.72	0.679326388965102
38.155	-4.6891	-2.4946	0.101624557875488
29.457	-8.1844	-4.6495	1.645
37.961	-6.4367	-2.1714	-0.344115550118613
24.995	-12.011	-3.4335	1.645
37.283	-5.6156	0.019012	-0.610985922351845
36.059	-5.4499	-1.2052	-0.170949962016455
27.944	-0.12737	-6.92	0.119472755350443
33.895	-8.0079	0.42918	-0.61037940270491
34.547	-9.2514	-3.6529	-0.246360059737098
27.474	2.3031	-0.87242	1.38553728110754
36.897	-3.6054	-4.7352	0.207506429909829
34.858	-0.90232	-5.1763	-0.140994195399498
27.282	1.8772	0.36123	0.802581832080167
26.937	-11.434	-4.0353	1.645
34.051	-7.057	-4.9855	-0.0927713314759201
36.385	-6.6891	-0.91737	-1.16413186453502
36.707	-6.8401	-1.3848	-1.06321603953192
36.43	-6.2279	-0.72841	-1.44728438414805
37.485	-6.1472	-1.8209	-0.742281122692199
37.336	-4.2892	-1.3951	0.035046265339293
36.534	-2.8847	-3.859	-0.016106345901442
36.765	-2.6537	-0.90358	-0.234318801176209
38.365	-5.7093	-3.163	0.91243882846829
26.795	-1.38	0.76789	-0.824783729099434
37.736	-7.0645	-2.0451	-1.07290350477682
27.947	-11.622	-3.3485	1.21291438244121
29.441	-2.4441	0.42788	-0.517475966424887
34.545	-0.57259	-5.36	-0.872969065327339
37.192	-7.2199	-0.97104	-0.74266490926923
35.643	-1.0173	-4.7475	0.349836105717515
29.467	-10.775	-3.9691	1.645
36.573	-8.3132	-1.1099	-0.78737186780684
36.38	-6.6055	-0.06572	-1.31946951313498
36.872	-7.3054	-1.1125	-1.09990025182326
31.012	0.82625	-1.0063	1.28383000095482
33.073	-10.383	-3.0347	1.645
33.721	-9.813	-3.1666	0.324501625733477
36.514	-2.8311	-4.6458	0.0884029500510402
26.728	-2.4993	0.37058	-0.791732294186945
35.137	-7.474	-0.47603	-0.630704886951326
33.092	-2.3509	-0.10809	0.799638557066955
30.162	1.0924	-0.59141	1.645
35.653	-8.8056	-2.0148	0.587452583281096
37.55	-2.3992	-4.0514	-0.749628998730261
28.167	2.2203	-0.26485	1.645
37.262	-7.6743	-2.5575	-0.0026539502382938
28.68	-0.5989	-6.5866	-0.583307218607911
36.82	-6.8749	-0.3813	-1.645
37.969	-4.1044	-3.9668	-0.786417942167034
27.04	-0.27364	-6.8262	-0.792285823864936
35.876	-2.8084	-4.9303	0.152432456672512
36.613	-7.1136	-0.79163	-1.56510309921643
29.461	-1.419	0.7187	0.133682593043418
33.343	-10.105	-3.3928	-0.155156942178193
35.407	-6.9301	-1.0617	-1.13286499896264
36.67	-6.252	-0.26205	-0.970240700201468
36.115	-6.9508	-0.31193	-1.2375234589687
30.193	1.2549	-0.92182	1.645
36.741	-6.2321	-0.25214	-0.928278722386159
35.394	-6.7244	-4.8998	-0.184719757181096
35.901	-7.5783	-1.5121	-0.881880497810373
36.212	-2.8864	-4.4424	0.069345009013734
36.519	-6.8297	-1.8835	-0.222364132138087
36.757	-4.3829	-1.9128	-0.40881993697175
37.299	-4.6356	-4.2258	0.560542057583681
36.961	-6.9266	-1.1732	-1.00890130536815
35.464	-9.2253	-3.2972	-0.422775438968733
35.372	-7.55	0.094466	-0.550167160018512
37.434	-3.8318	-1.858	-0.366293073984708
37.432	-2.5769	-3.2596	-0.565622526420619
35.832	-1.7551	-5.3572	-0.232062394510164
34.841	-1.1825	-5.6789	-0.392845145691404
35.748	-1.2876	-4.9432	0.510486034866102
37.279	-7.3662	-1.4602	-1.36913566977756
33.607	-1.7542	0.66326	0.203260301911478
36.366	-7.7739	-1.273	-0.817413031106812
29.524	1.8227	-0.21233	1.645
24.281	-0.95431	1.6062	-0.961786105576967
37.71	-3.7762	-3.6003	-0.601015998695883
37.127	-6.706	-1.4274	-0.94915504311299
37.568	-3.1113	-4.1591	-0.531512160415068
36.105	-7.3621	-0.27467	-1.17350815104531
36.68	-3.1089	-0.80076	0.00805877145011115
37.185	-5.435	-1.2468	-0.734111883425574
35.352	-7.529	-3.7597	0.233083334728102
37.144	-2.5994	-2.8073	-0.365836284102352
36.629	-7.321	-0.79914	-1.2501172544918
29.709	-1.2098	-6.7267	-0.657164311057895
28.639	-1.7463	0.11451	1.645
33.884	-9.4559	-2.2002	0.0298087067450369
29.769	-1.6298	0.65782	-0.767413317231479
37.081	-2.2684	-3.7777	-0.756179782971572
36.206	-7.2978	-1.6692	-0.541611585976201
25.402	-11.378	-4.1255	1.57256484700922
37.885	-6.1483	-4.0581	0.150329726222841
31.038	-10.399	-3.8462	1.645
36.67	-6.0862	-0.60603	-0.734124587971723
34.412	-0.72442	-5.3799	-0.975564012751822
29.81	-10.35	-3.8864	1.645
33.106	-8.9881	-4.6548	1.33070988013171
29.473	-0.48085	-6.5681	-0.00335227784239357
35.74	-1.5646	-5.2828	0.0308838175765415
37.574	-2.8168	-1.8882	0.41360337601026
32.89	0.72047	-2.1587	0.254529372060198
36.778	-6.6332	-1.1096	-0.749218900114078
37.034	-3.681	-5.0419	-0.105937093332059
27.479	-1.1421	0.8687	-0.708104539256976
35.114	-8.5241	-4.0748	-0.225325495469258
35.997	-3.0534	-4.6892	-0.652273873755269
36.301	-1.469	-4.8456	0.152092262306032
33.033	0.14127	-0.89016	0.571558343158179
35.769	-1.0613	-4.7791	1.645
24.668	-11.654	-3.2159	1.645
28.566	2.1575	-0.46418	1.645
18.476	-11.922	-3.6567	1.17108370328625
31.902	-10.188	-3.1425	1.06817911156335
35.592	-6.7005	-0.93449	-1.30308460995794
34.055	0.053927	-3.4849	-0.235612080123361
29.642	-1.2463	-6.7948	-0.681859566127794
37.359	-2.1066	-3.8716	-0.843175744541632
28.656	-0.89458	-6.9293	-0.510971175535931
37.672	-6.7785	-0.78609	-1.06918836614264
35.668	-7.5501	-1.0858	-0.973131110872937
36.261	-6.8152	-1.5389	-0.850851309682875
36.834	-6.7319	-1.2722	0.932020705851836
36.996	-7.5969	-1.0678	-1.07965249578617
30.542	-6.0829	-5.3952	0.225244543786385
35.304	-0.72865	-1.7241	0.735219436597792
32.167	-10.434	-3.3169	0.448844604704089
37.241	-6.6798	-1.5083	-0.992954728101534
37.692	-3.8642	-3.9815	-0.275700068512619
36.295	-7.3641	-1.1927	-1.21836908723039
36.177	-1.3727	-4.7834	0.0780559496829704
35.221	-1.4667	-5.6054	-0.283837704276863
36.195	-3.0407	-2.149	0.218840969961296
20.821	-12.156	-3.2601	1.18414945839113
28.31	-11.059	-4.4058	1.645
37.112	-7.4161	-1.9881	-1.0394958276669
35.304	-6.792	-4.5462	0.439378619822129
31.554	1.5166	-0.70294	1.53533769613863
35.332	-3.4379	0.25797	-0.294420333040455
33.492	-9.8817	-3.9009	0.27821617740136
37.411	-6.3305	-1.4893	-1.4264144061398
35.78	-6.7263	-1.6317	-0.945819212809651
33.448	-0.77411	0.15523	1.645
35.375	-5.2242	-0.81239	-0.864966003672134
33.301	-0.8584	-6.2191	0.522406794635483
33.996	-0.50546	-3.2843	0.14437534644863
36.135	-7.0239	-0.50614	-0.686987541012238
35.965	-2.0548	-5.2201	-0.530619393765926
36.394	-6.1789	-1.2919	-0.605089688673632
37.406	-4.8724	-2.8986	0.199691440154514
36.04	-7.8278	-3.3901	-0.104450811816244
36.003	-7.4847	-0.98669	-0.946179091601745
37.505	-3.3844	-3.665	-0.449468622358696
38.095	-4.4114	-3.0289	-0.753912642104257
28.845	-0.3391	-6.3215	-0.778685359418569
31.873	1.1603	-1.4668	1.2790055483416
37.224	-5.958	-1.089	-1.44485420596334
37.745	-6.0125	-2.6235	0.431961590493358
32.761	-10.279	-3.5803	1.58921391037298
35.146	-6.8688	-1.1453	-0.941362424758315
22.237	-11.81	-3.5527	1.645
36.309	-1.0166	-2.6914	0.265857497780383
32.789	-9.4975	-3.0511	0.413342502250903
38.051	-7.0224	-2.7249	0.23413580309319
37.117	-7.0294	-1.3152	-1.06734048193074
29.757	-0.67542	-6.5392	-0.00544672190658504
37.809	-6.3381	-1.42	-0.911263754087429
37.268	-4.9914	-0.25184	0.533758077639114
37.709	-3.5095	-2.5169	0.616680495555687
29.359	-1.6151	0.50232	0.145535646458629
35.72	-8.5251	-3.5035	-0.102683156771045
35.965	-1.3746	-5.0021	0.531194508234351
36.316	-4.3292	-0.2157	0.493778518857876
32.677	-8.7274	-4.1685	0.244660740526337
38.36	-5.3256	-2.9136	0.582650083255375
36.221	-7.3412	-4.4751	-0.0148077942233016
34.415	-6.8325	0.075148	-0.700906343742224
28.368	-0.59665	-6.7559	-0.467778805807021
36.759	-3.5836	-0.81804	0.0911674069178558
34.095	-9.7839	-3.228	-0.194438184410697
37.368	-6.4768	-2.9922	0.0518603344346716
37.332	-7.2515	-3.8961	0.458596813404642
35.258	-5.3219	-5.4431	-0.325220146863069
36.321	-3.9637	-0.27042	-0.331420604206761
36.03	-6.7396	-2.2656	-1.10199206574926
36.297	-6.6218	-1.3064	-1.17201846684558
36.623	-2.2417	-4.4946	-0.242518967979966
30.035	-10.734	-3.8263	1.32802743301847
36.66	-6.6386	-0.37036	-1.40162609527691
21.515	-0.27706	1.74	-1.05058459840838
33.103	-10.306	-3.7632	0.555224426533801
36.952	-8.0395	-3.7747	0.00404038780191302
22.571	-0.57713	1.5151	-1.08073510717467
37.393	-3.4946	-4.3244	-0.508203211892239
29.076	-11.036	-4.0158	1.645
27.77	-11.555	-3.6482	1.62069300073882
37.578	-3.8494	-4.4812	-0.363973784949314
37.42	-3.8425	-1.2864	-0.101997787522805
26.936	-1.6129	1.3973	-0.626790944264303
36.112	-7.3194	-0.71772	-1.24917628809264
35.791	-7.0583	-0.31701	-0.881999625028594
30.4	-10.876	-4.4696	1.645
35.159	-1.6508	-5.7185	-0.414177421728324
36.861	-1.5517	-4.234	-0.428511269642918
26.877	2.3493	0.26303	1.09674400175787
20.474	-12.495	-3.206	1.12269891196729
27.177	-2.3797	0.14023	-0.803071183233196
37.496	-2.3662	-2.2257	0.307490939041001
34.893	-8.2576	-0.2879	-0.85485653521739
26.716	-11.636	-3.9302	1.645
34.889	-7.5416	-4.5362	-0.226855431343055
36.442	-8.308	-1.1302	-0.862139353362224
35.773	-7.8802	-0.81617	-0.964448143892424
37.317	-6.8573	-3.3818	-0.286238796775209
36.102	-3.0749	-5.1304	0.230873348095249
37.105	-2.5589	-3.5756	-0.547131097696341
25.809	-11.625	-3.7767	1.645
31.857	1.6245	-3.1076	1.05484299980245
26.788	-1.3344	0.7076	-0.756405637746237
37.049	-6.6954	-1.5441	-1.13925391973753
30.72	1.4517	-0.34053	1.645
27.045	2.3681	0.63953	1.11851516419695
20.617	-0.3175	1.6639	-0.928430396578036
37.887	-5.396	-1.5637	-0.806761564360361
37.858	-5.3791	-3.9756	0.260434423555088
37.652	-4.4151	-4.0434	0.474856130944418
29.685	-10.994	-2.7076	0.909772585807423
33.751	-10.254	-2.9882	0.56934825821353
33.908	-0.57427	-1.1263	0.392129793610836
36.426	-7.9875	-4.213	0.260877751455776
33.919	-7.0507	-5.0645	-0.19104864914847
37.54	-3.8517	-4.3804	-0.411548316376178
35.577	-1.6453	-5.4049	0.69618296220231
38.032	-3.8433	-2.5224	-0.0331368442942255
26.259	-0.18253	-7.0548	-0.42788467247481
35.993	-7.0808	-1.3785	-1.37873308547934
34.187	-1.4715	-5.6999	-0.415554318856165
38.371	-4.863	-2.051	0.0285249258816006
36.918	-7.5758	-1.5006	-0.765635517753281
36.473	-1.6404	-4.767	-0.342338064309598
28.657	-0.49517	-6.6234	-0.934140217631093
36.394	-7.593	-0.62675	-1.09646436485602
36.478	-7.1979	-2.0881	-1.02325983112912
35.184	-9.2901	-3.1965	0.283633662756064
33.753	-9.4761	-3.5559	-0.0814941474507993
38.074	-4.3028	-2.4632	-0.602686504010342
36.292	-2.6554	-4.4174	-0.548064297219864
37.272	-6.8375	-1.1314	-0.692518531749562
33.715	-9.6432	-2.123	1.645
35.237	-0.69076	-4.8874	-0.56486595664927
24.414	-12.142	-3.2013	1.645
37.569	-6.5148	-1.4642	-0.554652798621552
36.96	-6.9343	-1.0159	-0.388324867231668
37.294	-1.9809	-3.4145	-0.549666370821863
37.737	-6.611	-1.2513	-0.785601107284642
37.08	-2.6979	-1.4846	-0.034378287923289
37.508	-7.0244	-1.8393	-1.46713531128598
37.038	-4.3294	-1.0892	-0.144180353488977
34.492	-7.3364	0.24994	-0.875754535003473
27.619	-11.723	-3.0238	1.645
37.109	-7.0105	-0.90472	-0.87762862144391
33.954	-0.85081	-5.874	0.0457319003899056
25.499	-1.9116	0.89186	-1.13975536888925
33.203	-10.02	-3.7952	0.912881061955283
36.949	-4.5689	-2.2549	0.15988863367488
38.43	-6.1105	-2.4777	0.30482008475533
36.281	-7.2612	-1.4428	-0.985938072789896
36.205	-2.6511	-0.80731	-0.452678215361902
31.294	-7.8077	-4.7166	1.5510194530257
28.036	-0.32208	-6.6729	-0.607064849773388
37.033	-2.5461	-1.0928	-0.414820297581404
33.627	-10.262	-3.7998	-0.0354024017789675
28.89	2.0927	-0.92713	1.645
36.811	-6.4165	0.35144	-1.357539720983
37.011	-5.9559	-0.4383	-0.248702490115041
38.201	-3.9247	-2.182	-1.05299830436756
36.854	-3.5895	-4.6313	-0.103292612751524
37.373	-6.9962	-0.69014	-1.4520922747433
38.149	-5.5533	-1.2842	-1.0630982999345
36.144	-2.2189	-1.1147	-0.349330812516491
35.14	-0.37334	-2.7565	0.142161989151241
36.902	-7.0363	-0.65284	-1.52708965183965
36.446	-6.3734	-4.8093	-0.321809565479451
36.044	-8.7182	-2.4083	-0.286475595294546
34.719	-9.8405	-3.3063	-0.52862063935739
36.437	-3.6993	-4.3082	0.0265853938926894
34.532	-1.6199	-5.9276	0.0515169241093136
24.371	-1.4143	1.2245	-0.951493297693356
27.162	-11.286	-4.1317	0.525201335571092
35.233	-8.8871	-3.1131	-0.0843040915003449
34.886	-6.2481	-5.5571	-0.649254450493027
34.45	-9.2067	-3.1109	-0.223300092386012
35.822	-6.391	-2.1782	-0.155715168873766
35.733	-1.9219	-0.14499	-0.0238706271265265
35.874	-8.6177	-1.8043	-0.400039195191209
34.192	-8.3314	-3.5638	0.0605397965347219
37.948	-6.3604	-1.6608	-0.853047108834634
35.228	-8.4952	-3.2171	-0.329267306314234
34.806	-6.9562	-0.62806	-0.772717422165446
26.345	-1.1055	0.5634	-0.933397475447924
25.296	-0.72466	1.6146	-1.02262254458732
37.422	-3.4628	-2.3274	0.177898189488831
28.048	-11.488	-4.1721	1.645
37.105	-3.6061	-4.5524	-0.409967028732065
36.419	-6.6899	-0.5559	-1.03921312634371
35.34	-2.5809	-4.242	0.570708891630485
33.407	-9.7397	-3.9947	0.837896872924799
32.896	-9.6574	-3.1526	0.339734918702727
36.359	-7.4549	-1.0004	-1.19492998645288
35.12	-1.2742	-2.8903	1.645
37.498	-3.5547	-4.4466	-0.50123160168082
36.054	-7.6498	-0.76852	-1.11715321903571
37.167	-6.6659	-1.13	-1.18622628779455
37.129	-4.2692	-2.0975	-0.475174443042311
36.978	-1.6567	-1.9199	-0.285841550727798
29.606	1.5715	-0.54431	1.645
33.643	-1.3637	-2.5897	-0.646626403003382
34.789	-7.3388	-0.54573	-0.862014631521925
28.725	1.7036	-0.72164	1.645
24.712	2.8802	0.58317	0.369516976411416
36.593	-5.8661	-0.6886	-0.443151727441463
36.284	-1.8405	-5.0251	-0.436026185092584
29.893	-1.3723	-6.5831	-0.359175036555208
36.546	-7.4554	-1.1895	-1.32733364367065
35.946	-6.5489	-1.2203	-1.08614982078369
36.537	-6.8783	-1.0337	-0.796785404511006
20.317	-12.541	-3.2969	0.910111625375231
34.361	-1.276	-5.9627	0.186688555281398
37.923	-3.705	-3.5402	-0.791863621281787
37.259	-3.0075	-4.4835	-0.173585271603056
37.096	-3.0514	-4.6541	-0.00175216248887073
34.849	-9.695	-3.414	-0.474153441139552
38.398	-5.8134	-1.1318	-0.363951932719052
24.003	0.13853	1.4663	-0.875502759473705
37.122	-3.4666	-4.8168	0.100649341745253
36.732	-7.2218	-0.73825	-1.08375519663592
33.778	-8.1256	-0.58235	-0.775055422077145
31.849	-10.422	-3.1593	0.217413773035909
37.14	-3.9296	-2.3872	0.725262140098784
36.72	-6.1892	-0.64828	-0.167977415620064
36.229	-7.0194	-0.57746	-0.765066947184792
31.782	-10.612	-2.5976	0.893604748774475
33.339	-3.0923	-1.8954	0.17675709021413
31.845	1.0033	-1.1008	0.847333367570861
34.623	-7.9058	-0.21977	-0.775492915313894
36.82	-6.9642	-1.231	-0.853324195995475
38.141	-4.2786	-2.7783	-0.257187688335358
36.231	-6.2373	-5.1256	0.0207350467056596
36.289	-2.5821	-5.4333	-0.366256474857222
37.38	-3.0814	-1.6637	0.208445840905543
35.425	-1.3523	-5.359	0.493329995572546
35.754	-8.7903	-3.0805	-0.322924958199671
36.588	-2.8971	-0.65573	-0.237645811187883
28.461	0.98628	0.17033	1.645
36.185	-1.9151	-5.1717	-0.721598538289524
36.577	-3.213	-5.146	-0.0675305627296861
36.786	-8.3038	-2.0017	-0.963990446245469
37.997	-4.8692	-1.9471	-0.475635235432154
37.103	-6.7509	-1.4273	-0.894949070687911
38.09	-4.6696	-3.7878	0.601539567295513
25.277	-1.3055	1.488	-1.05806971545815
36.099	-2.2894	-4.5739	-0.373603749371247
31.698	-1.481	-6.3148	-0.0708732692153955
37.265	-6.8089	-1.3866	-1.17293842308369
32.951	-2.1329	0.73755	0.527696445340277
35.127	-9.5065	-3.6642	-0.028185247326942
36.16	-6.4134	-0.87063	-1.08166940379404
37.729	-4.9993	-4.3855	0.49752014756304
32.13	-10.432	-3.3767	0.695753831731714
37.573	-3.3045	-2.1576	0.381557011916769
37.755	-3.5724	-3.9847	-0.558055229051655
37.348	-6.6439	-1.5268	-1.26082127060702
37.925	-7.2268	-2.1791	-0.432901726723028
36.177	-1.8567	-5.0243	-0.671025435065106
37.795	-6.7263	-1.3088	-1.12538829788202
31.65	0.84958	-1.5053	1.645
36.07	-7.6448	-1.1824	-1.26140575107469
22.184	-12.39	-2.6067	1.645
30.247	-10.532	-3.9948	1.07979853967667
37.393	-6.592	-1.4972	-1.00702360603055
37.554	-2.4907	-3.7862	-0.777032460724704
37.201	-7.6178	-1.6684	-0.955972969745923
30.283	-1.7556	-6.5862	-0.217301531770696
25.356	-12.145	-2.9767	1.645
35.172	-5.0249	-0.59907	-0.744106957810365
37.305	-7.1596	-1.4898	-0.571156535438713
35.947	-3.498	-4.6138	0.573868846673927
33.207	-10.28	-2.8261	0.984720799095582
28.016	2.2856	-0.45016	1.645
22.195	-0.52443	1.9394	-1.00480762941519
35.802	-9.2502	-3.1529	-0.503705037653325
36.956	-7.4289	-1.0991	-0.855203534528614
38.171	-4.4907	-2.327	-0.529294110711187
36.092	-7.0394	-3.7643	-0.0894128135928894
26.98	-11.301	-3.1408	1.14421842039957
35.669	-5.378	-5.4118	-0.363899921116354
34.864	-0.4048	-2.0771	0.221368790660949
36.613	-7.0288	-0.34779	-1.56816213069789
31.329	-9.8618	-4.0712	1.645
36.769	-3.844	-5.1959	-0.177778625625711
30.827	-10.451	-4.0079	1.645
37.061	-7.7577	-3.156	0.466014190602654
34.483	-1.1037	-5.7561	-0.304836157171125
35.73	-7.9709	-0.66978	-0.736529440484474
26.612	-11.577	-3.6266	1.645
36.745	-7.1831	-2.3689	-0.25506210269823
31.359	1.2267	-0.79001	1.645
34.084	-5.1555	-0.37926	-0.986976921963584
38.29	-5.6387	-2.4153	0.813942593256905
22.106	0.18732	1.8667	-0.959106024142897
35.735	-6.692	-0.29731	-1.05970046060479
17.095	-12.321	-2.8753	1.45942603639787
36.501	-6.4825	-0.69156	-1.00458135351761
26.577	2.4753	-0.54886	0.717261482443414
37.219	-2.0424	-2.5208	0.38753520288388
36.172	-0.92643	-4.2247	-0.169637568365277
37.095	-4.2397	-4.9509	-0.127591692071336
33.674	-1.1195	0.1615	0.609703719742899
36.517	-7.0275	-0.29672	-1.48782029959644
31.972	-10.291	-4.3015	1.55195479226323
37.138	-4.5323	-4.5154	0.455728326988997
32.883	-8.6579	-4.8132	0.651348847311464
33.946	0.48495	-2.0193	0.386918960175524
33.226	-8.1007	-3.0252	-0.301085961502398
36.037	-8.4397	-2.6454	-0.496398165642371
32.196	-1.6907	0.61627	0.133658825375962
27.763	-0.19828	-6.7383	0.173746239219614
36.339	-6.8364	-0.98471	-1.28406014746528
32.65	-0.74971	-6.2361	0.188148986439508
36.261	-2.6379	-4.6789	-0.385208027792473
35.636	-9.2272	-3.3149	-0.361687913799703
37.07	-2.1273	-3.4271	-0.394196408864026
36.04	-8.1498	-3.5092	-0.138178358281858
37.255	-6.7602	-0.97143	-1.38105543689948
33.652	-9.6058	-2.9365	0.967722632523126
35.983	-8.1255	-2.4158	-0.127100363142397
34.944	-8.9841	-4.1297	-0.0387318442572459
33.04	0.80558	-4.2231	0.840287185898984
37.059	-7.1464	-0.47755	-0.652294004057731
35.629	-9.285	-3.1762	-0.325299985061402
37.101	-2.5892	-4.5559	-0.583265109602584
33.365	0.518	-1.5642	0.518744147003152
37.799	-3.4383	-3.9197	-1.29003909611803
37.502	-6.2755	-1.1577	-1.20224985771855
37.352	-7.3788	-1.6396	-1.11115180708259
34.537	-0.89781	-0.21511	-0.233985686634966
34.933	-9.2861	-1.8374	-0.536845257859512
34.882	-6.9392	-0.59267	-0.730101824329346
28.051	-11.463	-3.9954	1.26385149136855
38.583	-5.346	-2.3082	0.169960766242732
35.765	-2.3939	-5.2168	-0.173941176547685
35.587	-2.51	-0.4416	-0.356032866351337
37.18	-7.2877	-2.0295	-1.02058087057005
36.955	-6.6936	-0.62468	-1.39824737238458
33.145	0.72644	-3.0346	1.02714689877242
36.358	-1.9963	-3.3979	-1.15675863195041
35.264	-7.1588	-0.50919	-0.824084005867079
34.658	-0.62976	-5.3143	-0.361235033859115
36.36	-2.2355	-0.98092	0.478037591874721
36.834	-7.6649	-2.6837	0.119547017975308
21.132	-1.0722	1.3773	-0.894233061366927
13.152	-11.939	-3.2046	1.18814555699755
36.426	-6.7145	-0.56541	-0.89425443837613
36.807	-6.8513	-1.4331	-1.07744251663731
36.444	-7.3508	-0.80357	-1.02320995017385
35.638	-1.1759	-3.9446	0.576771655901074
27.737	-11.284	-3.2202	0.881925571527434
36.113	-7.5229	-1.1566	-0.923074602535027
34.689	-0.28268	-3.6521	-0.29690756636184
37.379	-3.6702	-0.92475	0.215644222715782
38.099	-4.1749	-2.0066	0.439776675098276
38.276	-3.9029	-2.2387	-0.636364396981863
35.502	-5.9782	-1.6541	-0.613282672772801
36.584	-6.9242	-0.77023	-1.16612967972392
35.672	-1.7917	-5.3377	-0.407876442307986
36.752	-3.5477	-2.6273	-0.259076812607866
34.205	-9.6351	-2.6179	0.140590686159751
36.673	-7.7313	-1.7312	-1.09906893606508
34.93	-7.4385	0.28604	-0.420230488221431
36.492	-7.1408	-1.0361	-0.909636726039315
37.788	-4.174	-1.7582	0.217948563571104
36.965	-3.0487	-1.9398	0.187305168478475
38.23	-4.9132	-3.4835	-0.68745156835822
36.663	-3.1631	-0.3802	-0.212906080457135
33.099	0.055081	-5.2592	1.49560039496765
31.239	-10.563	-3.4322	1.645
35.881	-1.4853	-5.1216	-0.387376590319845
33.57	-8.7984	-2.8098	-0.28590940271024
37.128	-7.3755	-1.516	-1.13775068422544
33.552	-9.7298	-1.7604	0.797549171130797
35.169	-9.4052	-2.0994	-0.91152578688332
33.728	-7.5046	-4.2941	-0.0138981969064975
31.148	1.1191	-1.7657	1.645
36.1	-5.7452	-0.9397	-0.593419971773244
14.2	-12.25	-2.7913	1.645
33.449	-0.70302	-0.86649	0.830764335642326
36.735	-2.0513	-4.5974	-0.503124466265166
37.97	-6.9158	-1.8538	-1.1042198228394
37.271	-6.6982	-1.6293	-0.730778369948232
36.379	-3.7123	-1.4074	0.170540718097385
24.282	-11.844	-3.4144	1.645
36.613	-3.0796	-0.94265	-0.341937152737968
35.771	-6.6465	-1.0204	-0.969526458017867
29.6	1.593	-1.8446	1.645
37.883	-2.6633	-2.9858	0.238522775596513
31.258	-10.897	-3.3516	1.645
28.835	-0.9672	-6.622	-0.576174761810322
26.632	-11.363	-3.9523	0.603508629577103
34.045	-9.3825	-2.7884	-0.0746718313951582
36.668	-5.7643	-0.36006	-0.584201547883722
33.156	0.051677	-0.95287	0.135558046697875
33.764	-0.71277	-5.7633	-0.0962970252082061
35.295	-7.3557	-2.6164	-0.400625295389728
34.803	-7.3818	-0.18694	-0.809838270520604
34.462	-9.6263	-2.7398	0.00484466670234555
35.186	-7.3743	-0.73991	-0.841338012888859
36.568	-6.7341	-0.43936	-1.41895089534084
37.311	-7.1319	-2.484	-0.797750001304884
24.603	3.0977	0.72789	0.60264770495861
30.903	0.73487	-0.78254	0.887075401257646
36.998	-6.8792	-0.55387	-1.645
33.493	-0.10664	-5.5756	0.664717077053989
38.411	-5.9434	-2.5654	0.41207276570464
23.875	-11.581	-3.7265	1.55896173550215
31.882	0.099737	0.85538	0.241095239098897
31.935	-9.6442	-3.1092	1.19664063635061
26.959	-11.641	-3.4896	1.645
27.536	2.4938	-0.31686	0.446049366176839
37.244	-6.5933	-1.2809	-1.05115568324727
29.127	1.8274	-0.60295	1.645
37.126	-1.7498	-4.0023	-0.667299086372319
37.964	-6.7002	-1.5893	-0.862994927307422
29.648	-0.84476	0.71673	0.205998456897694
37.316	-6.1483	-0.43037	-0.769493488711245
37.077	-7.9142	-1.4075	-1.17827178417812
33.288	-0.28058	-5.9272	1.12458958097852
35.647	-8.0758	-4.3618	0.278195515278274
36.307	-7.1819	-0.72469	-1.28469561604027
37.012	-7.3768	-2.6185	-0.860574222938745
29.6	-10.915	-3.8914	1.645
37.241	-3.7254	-1.2785	0.300759432523409
36.381	-6.3235	-0.97449	-0.800648287177124
38.228	-5.9979	-2.4075	-0.10935547630687
29.683	2.3099	-1.5653	1.645
36.092	-3.3609	-0.37577	-0.195761849193214
36.459	-2.2777	-4.9212	0.0526536771829308
26.628	-11.465	-3.5706	1.645
37.597	-4.7139	-4.268	0.207855021743609
37.638	-2.9456	-1.7393	-0.190316341876882
36.825	-5.2081	-2.5948	-0.289854936936905
37.001	-3.1956	-1.9825	-0.596114094721533
35.376	-7.6203	-0.86273	-0.957156535954953
29.737	-10.997	-3.7093	1.14286023551403
36.646	-6.9621	-4.4572	0.0721637261021954
35.599	-6.7579	-0.15719	-0.809549686945084
31.82	-1.1205	-6.6025	1.07266185957168
36.406	-3.0178	-1.5552	-0.780779272285749
33.897	-9.3231	-3.4479	0.068160598469657
32.105	-1.7627	-0.10838	0.498319007499442
36.277	-7.249	-0.71106	-1.29818809548239
36.737	-5.862	-0.77037	-1.08964869236697
36.388	-6.8777	-0.40505	-1.10836249868783
37.261	-2.7718	-4.19	-0.511932513692417
31.621	1.471	-2.1952	1.44339736049538
37.684	-3.9188	-3.9944	-0.422896004368437
24.924	3.2424	0.63254	1.1575661040121
35.866	-3.3966	-1.9231	-0.573702735899643
27.767	2.2237	-0.43318	1.645
35.011	-9.3326	-3.6961	-0.127756384744846
36.754	-3.0007	-4.6999	0.121179084238213
28.246	-11.364	-3.9274	1.645
28.058	-0.40419	-6.5521	-0.54103367546555
36.427	-6.7942	-0.72939	-1.38732221175892
38.176	-3.9397	-2.3623	-0.661207851309539
31.848	-10.514	-3.7276	1.38701690067625
32.421	-9.9028	-3.8736	1.19196159475995
37.445	-4.4388	-3.7318	0.254946136393861
35.951	-1.7764	-5.2628	-0.49839913643313
35.052	-2.3438	-0.25459	0.608528619307106
37.046	-6.6266	-1.4054	-1.03984813596413
35.805	-0.27107	-3.7675	1.07134228675216
37.018	-2.1404	-3.4635	-0.111704968346516
29.485	-11.04	-4.0291	1.645
34.963	-0.91573	-4.2992	-0.0959529668426715
35	-8.9277	-3.0689	-0.422047462000693
37.03	-6.9054	-0.89318	-1.08844512249175
36.998	-6.6701	-0.68066	-1.03259841946002
28.959	-10.732	-3.9835	1.645
28.796	2.6423	-1.0447	1.645
35.607	-1.8209	-5.5017	-0.438739516067432
29.049	2.1374	-1.2587	1.645
36.564	-7.3469	-0.8169	-0.954250610556626
37.58	-5.6603	-2.0723	0.0545287451493502
31.865	0.77388	-1.3397	1.46940901623408
29.143	-1.0016	-6.5471	-0.82791533377284
27.258	0.22043	-6.3336	-0.441403413996491
35.159	-8.7272	-4.1003	0.714353385575502
35.815	-7.8946	-0.37288	-0.794865611598657
37.493	-3.1652	-4.0554	-0.600971937232131
36.963	-3.5361	-2.5995	0.0798801257893104
37.393	-5.8686	-0.98026	-0.563757605908832
37.813	-3.2192	-2.0258	-0.627112945918857
37.005	-7.4155	-1.2923	-0.998949951558373
36.678	-7.6703	-1.4146	-1.00689443079276
36.409	-6.576	-1.957	-0.973093461259464
36.077	-2.6253	-4.9514	-0.154154575415045
36.243	-3.5794	-0.21717	-0.5347373191108
36.026	-6.626	-0.1023	-1.13711381806372
36.241	-3.1487	-1.2023	0.359011345727462
26.151	2.5267	-0.32816	0.734526349096435
37.961	-4.5137	-3.6152	0.751721377578515
34.751	-2.076	-4.7894	-0.166271374354611
35.408	-1.3801	-5.2085	0.0800485685599479
31.983	-8.192	0.43924	-0.701793931344227
37.348	-4.3808	-3.4643	-0.0863867656118861
25.224	-11.867	-3.7074	1.645
29.185	-1.0694	-6.7569	-0.692839988586109
34.119	-1.5572	-3.3554	0.0907334750371672
35.665	-1.1446	-3.4708	-0.317752790381086
37.853	-6.0901	-2.2477	-0.500375965741238
36.103	-2.9022	-4.7952	-0.104515945178152
36.835	-3.5596	-0.94827	0.172137604399895
36.17	-7.445	-0.85062	-1.1983366291599
26.906	2.3831	-0.26394	1.23127807400798
36.06	-7.5642	-0.4854	-1.24804463170872
37.14	-4.964	-4.1295	0.996325889078344
36.254	-2.536	-4.605	0.631858800227327
37.401	-2.788	-4.0256	-0.862285385274601
36.424	-7.281	-0.91605	-1.25356749420468
35.811	-7.1054	-0.26252	-0.900766689302912
35.131	-7.9391	-1.5386	-1.09018603419528
36.196	-2.2167	-5.2777	-0.341922174034256
35.143	-3.4181	-0.3143	-0.711572882330971
35.111	-2.7285	-5.6907	-0.348599108895651
38.008	-3.2008	-3.5752	-0.706621985799475
35.136	-0.6424	-1.0237	-0.067685984840527
35.689	-6.7757	-2.8578	-0.310311803014484
29.713	-1.3836	0.57155	-0.764570820998543
30.906	-10.083	-3.4443	1.48233579577806
34.883	-4.4287	-1.5223	-0.856187707680273
38.086	-4.8205	-3.8928	0.479401419748274
37.501	-3.63	-3.2459	0.0183945850187071
35.843	-6.6108	-1.5401	-0.829466803072137
31.505	-10.677	-3.5357	1.02140058761044
37.16	-6.6232	-0.7396	-1.12653291278704
36.42	-7.2465	-0.79641	-1.12972397450865
31.917	-9.7447	-4.6294	1.645
37.031	-6.9763	-1.0374	-0.838885333675151
38.265	-5.2641	-1.6418	-0.261642074125123
37.023	-7.7618	-3.0738	0.0132769128748732
35.848	-8.0086	-0.74692	-0.846706249334395
37.359	-3.4721	-4.3656	-0.0122841891887702
37.919	-4.1884	-3.3612	-0.217553326439908
31.151	-10.386	-3.707	1.645
37.056	-2.086	-4.1943	-0.452350596914534
38.006	-4.5622	-1.6132	-0.391679237582032
36.625	-3.1859	-5.035	0.047148459986184
22.994	0.17768	1.5887	-1.00235532985458
37.974	-3.5713	-2.2629	-0.663933413866645
35.991	-7.1105	-0.27884	-0.446303344258713
34.046	-7.7115	-0.99998	-1.0118355204997
28.049	-10.987	-4.007	1.645
24.626	2.8702	0.65734	0.531118266780193
35.883	-6.8386	-4.8344	0.177546290890511
36.537	-6.301	-1.1695	-0.498979957032949
36.684	-6.916	-0.54257	-1.43667458729376
36.131	-6.7703	-0.6249	-0.955533986048942
36.721	-7.1728	-1.6014	0.302383811108216
36.291	-3.2826	-5.4975	-0.244104212969832
37.998	-6.5588	-1.1578	-0.923244313830079
37.407	-3.279	-1.2402	-0.499910865710685
34.719	-0.76652	-0.38087	-0.134394660332646
24.667	-11.97	-3.4268	1.645
36.562	-7.8558	-2.4601	-0.281866734309801
34.523	-6.4037	-5.2684	-0.817309059014301
36.344	-2.7243	-5.0541	0.120072159710033
28.704	-1.2358	0.73461	-0.731462102802045
35.112	-8.381	-1.5627	-0.793745581430538
36.561	-8.08	-2.507	-0.524139527071362
29.101	1.8205	-1.2912	1.645
35.878	-8.1252	-1.6888	-0.676515683428864
33.057	0.84632	-2.7147	1.43031873486544
33.546	-0.34527	-5.445	-0.326982734358922
31.882	-0.57295	-5.8092	0.972401081530274
24.91	-11.954	-3.5912	1.645
38.382	-5.4187	-2.2298	-0.09653891905025
35.342	-0.84757	-4.9727	0.733805523848242
34.619	-5.6944	-5.4814	-0.505160262226116
36.436	-7.5013	-0.96146	-1.175618509066
37.02	-3.3083	-1.0167	-0.361768876110138
34.806	-8.8901	-2.973	-0.689783205188933
34.347	-0.98887	-5.2431	0.363629654305292
32.922	-10.36	-3.0592	0.569868091962533
37.436	-2.0099	-3.387	-0.651908314425149
27.802	-0.52154	-6.6001	-0.337591838295549
36.324	-7.7981	-3.4379	-0.472946670218754
33.436	-1.2899	-6.2745	0.0868134136252752
33.177	-9.7487	-2.9992	0.929643313116318
27.274	2.4161	-0.10539	0.763053938718916
25.93	-1.2025	0.87789	-1.01487765819332
36.272	-2.8487	-4.1937	-0.522410305566812
37.157	-2.2965	-4.1908	-0.796873574610121
30.682	1.0168	-1.2092	0.75914080715317
34.541	-2.8555	-1.6681	0.223809796244079
33.291	0.40457	-1.8331	0.182467412587124
37.406	-4.0066	-3.9598	-0.431865995489328
24.997	-0.66669	1.1359	-0.775659616429057
36.12	-6.4143	-1.0835	-0.959729074729359
34.659	-1.9863	-5.9829	-0.992891784152351
36.488	-7.3251	-2.3262	-0.617024851546518
27.032	-11.414	-3.9168	1.47359386491202
33.231	0.16905	-5.6528	0.794851253577905
35.542	-6.5946	-1.1652	-0.977001006681332
36.53	-7.222	-1.5122	-1.34712502793978
35.769	-1.7993	-5.2612	-0.546403877516888
35.546	-8.9878	-2.0374	-0.219292622288343
36.791	-7.3313	-1.4707	-0.747560172778699
29.891	1.399	-0.59674	0.911602184493346
35.835	-5.3318	-5.5868	0.40940690130323
28.257	-0.68969	-6.8239	-0.533241236412582
37.377	-6.8635	-1.8859	-1.0027529413579
27.464	-11.751	-2.8039	1.18595166739655
28.168	-0.41404	-6.7192	-0.610627039764545
37.75	-4.869	-1.3026	0.00840637157985987
35.944	-7.7459	-1.3209	-0.763244136553587
38.082	-5.3314	-2.1137	-0.0512842470541121
33.007	0.29962	-0.29684	0.380997080445492
38.541	-5.8464	-3.3132	0.350948055822376
36.802	-7.1285	-0.91854	-0.559003864845631
37.28	-2.8613	-4.4514	-0.400202345502678
27.788	-0.7983	-6.5807	-0.129479521933869
29.504	-10.993	-3.853	1.29945234526667
30.43	-10.246	-3.9492	1.49060930513807
35.675	-7.1694	-0.86933	-0.978548972271296
37.326	-5.6839	-4.4112	0.501522817072815
36.829	-3.054	-4.6771	0.340909044912047
37.127	-7.6054	-3.972	-0.0157248852308731
32.465	0.75286	-1.4389	1.645
33.046	-8.5364	-0.65937	-0.30680006153786
32.73	-10.178	-2.8586	0.714180727546314
34.579	-9.3204	-3.3467	-0.319638901814329
33.708	-1.6614	0.33322	-0.313165545449789
37.264	-6.7331	-1.3042	-0.693504647188417
33.378	-9.128	-3.986	1.02356034438634
36.682	-6.2436	-0.22291	-1.07309423956028
30.821	-10.162	-3.2975	0.944835478623018
36.51	-8.369	-3.6788	0.289332434066121
24.884	-12.03	-3.7199	1.645
35.633	-2.7754	-0.42644	-0.207209413578888
36.718	-6.6751	-0.98773	-0.922711152812215
35.556	-2.9167	-0.96308	0.446723377263483
27.416	-11.642	-3.608	1.645
35.042	-7.5012	-4.9165	-0.239988179531244
37.034	-2.7736	-2.7544	-0.0306344155990827
37.879	-3.3745	-3.9897	-0.519547330830685
28.693	1.9418	-0.84665	1.645
36.863	-4.6665	-0.57369	-0.211975611980353
37.196	-2.9731	-1.8959	-0.50376267404842
28.874	-11.12	-4.0281	1.645
37.449	-6.7361	-1.3597	-1.30853023444579
35.503	-6.2815	0.51715	-0.812577061736848
24.869	-11.715	-3.337	1.52076316804087
37.136	-6.9179	-0.88602	-1.2726810574919
37.548	-3.7864	-2.5541	-0.190624436994278
36.034	-7.4432	-0.97491	-0.905819678922033
37.937	-4.7004	-4.0766	-0.138882025279813
35.013	-1.0942	-0.74452	-0.73666390068975
37.172	-5.7699	-2.3884	-0.335651557334632
37.69	-2.9721	-2.3396	0.0846375799392945
36.99	-7.0988	-1.0916	-0.642692786104436
32.325	-6.7771	-5.2843	0.0683348035222226
36.596	-8.2474	-2.108	-0.196556824379306
34.624	-9.1756	-3.8766	0.34451029703922
36.626	-3.6918	-0.73483	0.320128102142009
36.301	-7.5684	-2.2311	-0.173870004145984
35.615	-2.2489	-4.7724	-0.0343602410797
37.742	-5.3859	-2.9074	0.19759395809799
36.329	-1.779	-4.8389	-0.45126944256564
33.853	-7.9412	-4.2012	0.6186413454892
36.495	-7.6701	-0.95526	-0.787046574601135
32.664	-10.854	-2.59	0.76256100340984
34.45	-0.82641	-5.3395	-0.522449966753797
31.683	-1.2044	1.0754	-0.230090433011714
36.139	-7.2369	-0.64364	-1.07322221142947
37.14	-3.0531	-2.5682	-0.353697970444637
37.645	-3.0373	-2.7639	-0.20791616940591
33.42	-1.847	-0.09335	1.16293262702384
25.808	2.4843	0.20229	0.518410105916659
36.558	-3.477	-0.7264	0.0893760800058775
37.076	-2.1343	-2.4981	-0.274191095316346
37.295	-3.7665	-1.2328	0.657226071554561
36.868	-7.3659	-3.4925	-0.623627869617944
25.14	-11.017	-4.1427	1.645
37.662	-2.5526	-3.9957	-1.09791866946412
37.251	-3.3098	-4.4526	-0.755223461788994
38.169	-4.0381	-2.3338	-0.528103511997742
32.388	-10.109	-3.1943	0.343090987617358
34.469	-3.1586	0.16337	-0.285779758811487
36.915	-7.9132	-1.4713	-0.982220004811299
28.759	-11.084	-4.2342	1.645
29.454	-1.0348	-6.7118	-1.08885233286425
36.981	-6.4968	-1.3048	-0.986083273742327
23.9	3.4724	0.17699	0.225011181248014
36.503	-3.0435	-4.7703	0.30270958557015
31.809	-9.8667	-4.0254	0.63326066158005
36.414	-2.6558	-5.1461	-0.136519262262048
37.586	-5.8647	-1.1041	-0.135179108306845
35.487	-7.1229	-0.32773	-0.955635929266991
27.695	2.5926	-0.75992	1.645
36.496	-7.1131	-0.84695	-1.37108060564528
36.57	-1.9504	-4.6956	-0.591665593800091
37.89	-3.3009	-2.8666	0.126009119333961
35.773	-3.3263	-5.1052	-0.0806883525534977
36.89	-5.1349	-4.9182	0.423024302184541
36.339	-7.668	-3.0652	0.0433190680010146
37.425	-4.7946	-3.5831	-0.535657337815561
36.89	-7.2192	-1.1222	-0.312335458027389
36.973	-4.4217	-0.99545	0.8356598844822
18.117	-12.427	-2.7497	1.645
28.914	1.9943	-0.15523	1.645
35.884	-6.3224	-0.51641	-1.04679102142548
22.895	-11.764	-3.655	1.4991686178984
29.674	1.9213	-1.1953	1.645
34.349	-1.3018	-5.8695	-0.510767097283337
33.373	-6.1595	-5.613	-0.306831974775816
36.107	-8.3833	-3.8955	0.106494099146105
33.708	-6.1344	-5.2625	-0.436569785308641
25.941	-0.49807	1.7601	-0.599187733314507
24.148	-11.976	-3.5319	1.645
35.762	-2.4738	-4.9674	-0.390707771883421
34.387	-0.70831	-5.5504	-0.355127150120441
37.663	-3.1052	-2.6371	0.0682231169437106
37.474	-3.0541	-2.0965	-0.103307621522453
33.383	-10.034	-3.4276	0.369284054154946
28.812	1.5111	-0.18542	1.645
36.922	-5.6457	-4.9601	0.716818576781096
37.488	-6.6095	-1.1444	-1.12173211953356
28.073	-11.668	-3.1194	1.645
36.91	-3.242	-1.1441	-0.405969849530172
36.175	-7.537	-1.5303	-0.493468110037299
36.358	-0.97953	-2.8211	0.36410468714348
36.017	-3.9337	-0.15164	-0.276115282249204
38.576	-4.8825	-2.3728	-0.0900760664490519
37.872	-5.7018	-1.026	-0.356977649097725
36.697	-2.4607	-4.6981	-0.491634980603322
36.349	-7.9935	-1.5244	-0.48174511494557
37.175	-3.326	-4.0231	-0.597582390168798
36.928	-3.1836	-4.6119	-0.0395088894098859
37.756	-7.1614	-3.4233	-0.129715635534455
37.301	-2.9975	-4.1287	-0.477259239924851
30.193	1.1488	-0.66419	1.645
28.46	2.2846	-2.1237	1.645
24.401	-1.0807	0.94528	-1.16047095164067
27.402	2.3625	-0.79184	1.645
37.872	-6.6212	-3.506	-0.0259056938289939
29.53	-11.489	-3.1516	1.41065085122455
27.857	-1.7479	0.28644	-0.507055596519239
35.484	-8.9282	-1.9391	0.0492569298749786
27.673	-11.413	-4.0307	1.645
36.204	-0.51726	-2.602	0.847134242354658
28.13	-0.42296	-6.6429	-0.344869309115963
29.047	-11.285	-3.5116	1.645
37.948	-3.335	-3.8358	-0.708185752698173
36.671	-6.1766	-4.2952	1.06055236695727
36.841	-6.0594	-5.141	0.419486705838023
36.965	-4.6772	-4.0313	0.536125421441604
36.056	-7.7506	-4.4819	-0.0263144416430282
33.524	-0.99915	-6.1235	1.24582493964365
35.209	-2.4738	-5.3197	-0.210328218450294
27.447	-11.476	-3.9333	1.645
36.676	-4.9225	-0.54227	-0.270785616899551
36.187	-1.3059	-1.2429	-0.109232874862517
29.373	-1.8565	0.38733	0.168075707283182
29.141	-10.738	-4.3405	1.645
37.819	-3.8939	-4.081	-0.340369293230548
35.461	-6.7856	0.21	-0.892411947705065
33.537	-8.6364	-4.1537	0.438488013664202
35.576	-2.7145	-1.1661	-0.631360224036369
36.729	-7.5145	-3.1312	-0.364374452101895
36.088	-6.6977	-0.52185	-1.14846844349071
32.739	0.91199	-2.6954	0.94075644166266
37.836	-4.3579	-3.3202	0.606278666222354
36.018	-6.3323	-1.1371	-0.767497073145562
37.469	-3.0494	-4.2007	-0.956176891622715
35.606	-2.0846	-5.5897	-0.497530288514451
35.933	-6.8829	-0.44488	-0.865890398503716
35.493	-9.2462	-3.3582	-0.653537122082298
37.53	-4.251	-3.1865	-0.361252509666763
30.092	-11.065	-3.1338	1.645
32.99	-8.9546	-0.21807	-0.232163220308858
37.519	-7.3869	-2.6661	-0.125987991630499
37.079	-6.2808	-0.77346	-0.804932162769555
36.022	-6.828	-0.57731	-0.859227217209852
37.918	-7.0786	-3.0856	-0.22193563511326
28.343	-11.733	-3.5872	1.645
37.494	-5.8069	-1.0089	-0.643544514665515
34.273	-0.69818	-5.6839	0.227494802845616
26.188	-1.2389	0.73822	-1.04024339564803
29.477	-10.678	-4.2809	1.645
29.977	-11.456	-3.3584	1.645
36.939	-3.7073	-4.6069	0.642857556789956
37.59	-3.4846	-3.6459	-0.452332948438397
28.11	-1.8263	0.47221	-0.561271951893064
35.99	-2.0913	-5.2288	-0.359560170765888
31.074	0.26967	-6.3372	-0.422320478918345
37.27	-6.4269	-1.0324	-1.13949148306911
34.091	-7.9047	-4.067	0.513946486872568
36.52	-7.3394	-3.0192	-0.2703208572587
37.4	-6.6576	-3.761	0.0276987485306548
29.113	-0.98121	-6.9442	-0.704353991476643
37.029	-4.7412	-3.0954	0.132427910519101
33.037	0.75239	-2.4438	0.58594218629072
22.655	-11.631	-3.7513	1.03194701261831
37.766	-3.2181	-1.9562	0.417429576306662
37.838	-3.7151	-3.567	-0.588903315945572
37.285	-3.4399	-4.4883	-0.203786221088177
27.184	-1.4529	0.40133	-0.625473400170437
38.26	-5.4613	-2.6107	0.0904782652008044
35.989	-1.6761	-5.1643	-0.294153609679036
37.247	-5.6924	-4.4819	0.698756760081208
34.351	-9.3416	-4.3517	0.39040666432354
32.942	-10.187	-3.8424	1.22997185735468
36.258	-3.1272	-2.1291	0.0374074779023932
37.522	-6.8014	-1.605	-0.966947595713722
34.875	-7.5634	-0.67985	-0.576921250999729
36.805	-6.8704	-0.46855	-1.54616610692989
36.438	-5.6209	-1.0791	-0.725251645808563
36.039	-7.5015	-0.37316	-0.841308476737197
35.992	-6.343	-0.027214	-0.882153407919243
38.018	-4.0021	-3.4175	-0.599885281370141
36.085	-8.2433	-1.0166	0.0259156418184313
38.197	-3.1683	-2.8039	-0.424916183434526
37.221	-6.2661	-0.70586	-0.922492850201398
24.495	-0.80438	1.506	-0.786702765000025
19.894	-12.408	-3.0023	1.59924875823607
32.857	-1.747	1.0811	-0.146901474082126
38.182	-4.7359	-4.0348	-0.276421166338327
32.564	-8.7826	-4.3392	0.610931157068043
33.424	-10.297	-2.9498	1.45989355133307
37.001	-1.8216	-3.9956	-0.835630787659022
32.612	-9.982	-3.3678	1.645
26.104	2.9775	0.38525	0.546513599058789
35.856	-6.2175	-4.9262	-0.3022578642563
34.29	-0.70505	-5.4116	0.0356705388970598
35.119	-8.7121	-3.9509	0.156663632277327
32.294	1.3388	-1.5872	0.772980982302566
26.933	2.2884	0.38868	1.01543841238559
27.989	0.13398	0.8053	-0.737427619323351
37.348	-6.549	-3.1685	-0.0924729246179076
34.481	-0.83471	-4.8208	-0.396292151549435
36.976	-6.7599	-1.9741	-0.685417329627877
36.879	-7.3031	-1.1171	-1.17277310440399
37.988	-3.183	-3.7179	-0.273717053108278
37.929	-6.679	-1.6821	-0.785773714052308
35.328	-8.9384	-1.7754	-0.17145226382009
34.271	-9.6149	-3.6763	-0.00783760211998438
33.023	-9.9253	-4.2566	0.625400764245136
36.927	-6.6277	-0.54409	-0.930220442687139
37.587	-7.0356	-2.9008	-0.0521126797143054
36.719	-7.5573	-3.667	0.052034109982005
37.13	-6.6506	-0.87502	-0.888542835356269
33.331	-10.091	-3.2853	0.249013946833502
36.513	-6.807	-1.1852	-0.46888714339833
28.452	-0.64826	-6.6807	-0.531019939752391
35.608	-8.7425	-3.6319	-0.313366766218867
36.084	-6.9266	-1.1155	-1.40154271137479
34.803	-1.1978	-5.5854	-0.401611209418952
30.623	-10.628	-2.3359	1.42266632341259
34.746	-0.83355	-5.3832	-0.64910135643964
37.674	-6.0117	-3.9316	0.518166815087497
35.239	-7.2057	-0.80222	-1.01442761560262
30.909	-10.532	-3.6165	1.2558788409114
34.081	-0.19025	-0.19369	-0.189934514822978
36.16	-6.2388	-4.6065	0.649788403702621
34.061	-9.7107	-2.6267	0.109672030603889
28.401	-0.6673	-6.6758	-0.0988848676507296
34.108	-1.3907	0.43458	-0.228838749769236
36.911	-4.0324	-0.88935	0.696176832558929
36.133	-7.4211	-1.9201	-1.20229523159399
35.653	-7.9359	-0.91161	-0.976535760209112
27.563	-1.7829	0.9933	-0.656061557823885
35.686	-6.1698	-4.8122	-0.381383343037265
35.599	-6.05	-5.0311	-0.275424027898613
33.647	-9.5361	-2.9473	-0.0570104216226982
37.439	-7.1052	-1.3532	-0.917477038214461
23.069	-0.86413	1.3787	-0.979686918789605
37.717	-5.9636	-3.8253	0.844660345153309
37.26	-1.8777	-3.7953	-0.803489776750268
37.331	-2.3602	-3.1346	-0.57472038246583
29.747	1.7848	-0.64182	1.645
31.26	-1.5383	-6.2118	-0.515922834687672
28.79	-0.60836	-6.4231	-0.85524644435317
28.577	-1.9917	0.59004	-0.520405676952979
36.944	-6.5048	0.15745	-1.28037309950672
27.399	1.8644	0.060854	0.0149852767013518
34.571	-8.8569	-2.5749	-0.676076067805027
37.024	-6.2246	-3.3113	0.268888805976584
37.905	-5.2701	-3.6581	0.566839400093411
37.467	-3.1874	-2.2578	0.0362608900764628
35.937	-7.7764	-1.2843	-0.989263489744263
37.269	-6.4643	-1.3187	-1.14272772331742
35.22	-2.8647	-5.4605	-0.220596112409898
36.327	-3.639	-5.216	0.868615754715703
37.298	-5.8161	-0.65225	-0.411852083274396
37.658	-4.6228	-3.5033	0.0635369856013811
33.532	-9.5404	-3.8361	0.87106350276315
38.11	-4.4154	-1.7878	0.282774027061339
33.965	0.34185	-2.8306	0.336701481373826
18.681	-11.853	-3.5342	1.02768064837805
37.578	-6.9156	-1.9975	-0.441489799461015
22.178	3.5218	0.97528	0.566799600711494
34.324	-1.491	-0.028499	0.835849628892855
27.877	-10.224	-4.2064	1.645
35.796	-7.3764	-0.93857	-1.16005560505357
36.21	-7.1793	-0.91817	-1.41398806147925
33.756	0.78472	-3.7174	-0.0295831732902891
34.832	-1.3266	-5.3939	-0.83689891303291
36.693	-6.5135	-1.0092	-0.819674159539295
37.262	-3.681	-4.3805	-0.0581357609339905
37.664	-2.5775	-2.7475	-0.308579963778716
33.114	-0.44001	-5.9828	1.10196109477734
35.83	-8.0329	-0.94709	-0.911003476210034
37.168	-2.8936	-4.4433	0.275817262404912
37.252	-3.2123	-4.5515	-0.393932679744024
37.485	-6.3438	-1.5371	-1.13825307102834
36.79	-1.1179	-1.9369	0.47440372962773
36.986	-3.4192	-4.8641	0.271493832970152
28.187	-2.0153	0.64751	-0.115842916468173
36.115	-2.5821	-0.79798	0.285789106504938
32.441	-8.4786	-4.6004	0.76148549722046
32.516	-10.186	-4.2238	1.49780299916726
34.865	-8.7229	-3.4379	0.728065509421756
37.744	-4.8284	-2.8158	0.695472678817414
36.311	-6.2684	-0.71261	-0.943607696676053
37.547	-3.1049	-3.4645	-0.688949362708467
38.079	-6.2421	-1.3115	-0.927426480228385
37.974	-3.6555	-3.1281	-0.471621176584398
28.696	-0.68077	-6.8741	-0.147304719625695
30.852	1.7849	-1.8279	1.44845005160223
34.821	-6.2335	-5.3327	-0.687678184273547
14.631	-11.506	-3.6427	1.55972478081367
34.669	-0.46744	-3.1166	0.0938694165268252
37.859	-5.8203	-2.0456	-0.367954954032282
36.787	-5.5935	-0.20183	-0.55167508153145
36.693	-3.4679	-1.3316	-0.115073306742742
24.838	-11.328	-3.8629	1.19089339580515
35.763	-0.51963	-3.4807	0.624657582799924
35.201	-6.4466	-4.6978	-0.659104447493833
32.044	-10.644	-3.7583	1.37429042527807
36.194	-6.8002	-1.6144	-1.166062452215
36.007	-6.7848	-4.2244	-0.287564820533655
35.927	-7.6408	-0.39627	-0.693384207235549
35.868	-8.013	-3.1225	0.153257991976755
36.808	-7.1617	-1.0805	-1.21776625633174
36.946	-7.765	-1.2246	-0.823151343056854
36.325	-6.6188	-4.8643	0.0723341646271647
35.549	-6.4596	-0.15332	-0.667037241632126
30.435	-2.0178	-5.0573	-0.15564206168242
36.901	-2.8551	-4.7309	0.786284223876943
37.149	-6.3657	-1.3475	-1.08296511317462
36.787	-3.2912	-4.7881	-0.230909100729556
37.496	-2.7345	-3.0657	-0.0808195349134117
32.833	-9.925	-3.8629	1.645
37.75	-6.5893	-1.4592	-1.20149210154366
36.038	-0.75241	-2.4819	-0.100501045919189
28.133	-11.456	-3.6026	0.380760368285359
30.447	1.4981	0.012136	1.04532095136777
37.759	-5.8941	-2.4694	-0.0898906300211304
36.523	-6.9224	-0.55317	-1.47593603315096
37.667	-3.3869	-1.5302	0.0597277286916233
35.259	-0.56743	-3.8436	0.515889325068827
21.996	-12.117	-3.2949	1.645
36.696	-3.7296	-4.7045	0.491646337034797
36.844	-2.8627	-4.1771	-0.372823316865423
35.141	-7.3093	-1.8385	-1.01091098126279
37.236	-5.8353	-2.0778	-1.04824870640215
27.895	2.1727	-0.70999	1.645
35.937	-7.577	-0.66075	-1.27017943066169
36.415	-3.3798	-0.64911	-0.131295244728655
37.914	-4.9455	-1.6546	-0.0468241201384677
37.81	-6.0972	-2.6215	1.08521429016221
36.059	-6.6724	0.099282	-0.917929829514551
33.831	-0.82131	-5.9073	0.134812183415665
37.488	-4.8809	-1.9614	-0.452532903670206
34.309	-1.5814	-3.0886	-0.138225518749994
16.546	-12.122	-3.0507	1.645
26.475	2.8001	-0.13414	0.823264165090133
36.584	-3.2355	-4.7375	-0.0203113734703596
36.968	-3.0594	-1.5917	0.114355436497946
36.022	-5.6927	-0.69924	-0.737441185178071
22.905	-1.2773	1.3333	-0.751737770041871
36.937	-6.6664	-1.0888	-0.890008978199545
38.435	-6.2835	-2.839	-0.0256318157440833
35.405	-0.70375	-4.8046	0.486069372258595
36.121	-2.9466	-5.1363	-0.33134631057209
36.896	-1.6696	-2.1151	-0.0291530375843794
27.474	-0.29098	-6.7196	0.05555846158738
34.672	-9.018	-2.7887	0.939279266099397
36.78	-7.3321	-1.024	-0.912797247324139
31.309	1.3203	-2.1248	1.645
34.816	-1.9829	-0.24815	0.0254295700530775
31.034	2.13	-1.503	1.35424332088853
38.1	-4.3733	-2.6288	-0.317292207315708
33.506	-8.587	-3.743	0.0594275323108968
36.038	-5.389	-5.311	0.0946189455653238
34.702	-1.6396	-3.8829	0.220834501870178
32.373	0.99622	-2.1654	1.19305452436368
35.958	-2.3821	-5.0615	-0.216919480424383
37.447	-2.7711	-3.2962	-0.472894871829203
34.224	-1.4421	-5.2872	0.374923546609783
25.823	2.7506	-0.30933	0.207220093549131
36.853	-6.3522	-2.1496	-1.07915391620665
34.92	-2.181	-0.95545	-0.539076062337657
31.384	-10.126	-3.673	1.49807127488014
36.331	-7.1059	-0.41523	-1.22420956456699
29.704	-11.031	-4.1478	1.645
35.609	-7.1077	-0.68315	-1.16543590536555
35.818	-1.2328	-4.9674	0.328830779918447
35.623	-7.3392	-1.1323	-1.1001532070937
32.987	0.16537	-5.4076	0.946037682647162
36.38	-3.1166	-4.3906	0.502663965558849
36.763	-2.5223	-2.4664	0.138376731310705
30.806	-9.287	-3.5933	1.645
31.819	0.77723	-1.5751	1.51098133271984
34.867	-2.1455	-5.957	-0.728665855263885
36.432	-2.9785	-1.8557	-0.0633319330702412
37.33	-2.1802	-2.9054	-0.292021685265328
35.886	-6.8034	-0.66589	-1.20812764684085
34.169	-2.2291	-0.29475	1.645
27.676	-0.63697	-6.9622	-0.355425772905453
36.642	-7.6993	-2.0698	-1.09670204317151
36.441	-7.3309	-1.0821	-1.24438114487254
36.404	-0.77396	-3.045	0.387025575835756
32.197	1.205	-4.1368	1.20260160053621
33.119	-10.31	-2.9906	0.801051397871262
37.344	-5.4244	-3.918	1.645
30.026	1.6761	-1.1057	1.21419814186469
37.878	-4.0903	-2.2179	-0.485004449537368
37.108	-2.6266	-1.3105	-0.045442321963902
36.482	-1.3979	-3.6565	-0.0981921307046089
31.452	-9.1478	-3.2273	1.4570130369145
35.595	-7.1083	-1.4836	-1.18166908049408
37.93	-4.6532	-1.5629	-1.07710143988986
28.339	-11.288	-3.7747	1.18481837960093
34.572	-0.91389	-5.3163	-0.215400441009415
27.025	-1.1452	0.8769	-0.911038411273236
34.079	-9.9018	-3.0968	1.23866982733004
35.222	-7.552	-0.12993	-0.665006448436401
37.707	-3.9647	-4.055	-0.379840451340882
37.055	-7.808	-1.365	-1.07887960864597
37.028	-8.0319	-2.3737	-0.540827433303538
37.484	-2.9589	-2.2054	0.0607289829297389
36.636	-1.8449	-4.6217	-0.582817709013557
24.255	-1.0753	1.209	-0.923549288501838
37.908	-5.4849	-2.8675	0.218384782200474
28.144	-11.285	-3.6351	1.645
36.304	-3.0943	-4.7781	0.0622929596213414
36.383	-6.8969	0.11651	-1.1452415722893
36.032	-2.4254	-5.2954	-0.434049307863334
37.693	-6.9362	-2.1968	-0.672123642678607
35.196	-7.2738	-0.20346	-0.369661116467606
36.191	-1.9754	-1.1911	0.284965116365486
35.949	-7.0988	0.036498	-0.935043954922619
32.924	-0.29634	0.38633	0.419516676329443
36.636	-8.1869	-3.6598	0.619435024816524
35.702	-1.5553	-5.3066	0.163177274703797
37.827	-3.3669	-2.5679	-0.409274647524926
34.952	-6.4194	-5.1862	-0.349115365452208
25.703	0.22142	-6.7138	0.262629267210547
37.718	-6.805	-2.3753	0.383613196865934
20.57	-11.951	-3.571	1.645
33.204	0.41913	-3.6203	0.17140585957224
36.349	-7.4662	-1.0629	-1.11345924814946
32.301	0.83282	-1.4899	1.645
36.889	-6.3605	-0.64418	-0.692038328356473
37.364	-6.6113	-2.4395	-1.2031936690336
36.557	-6.012	0.058335	-0.580926689615499
34.899	-8.9036	-2.1978	-0.0164698273537092
34.392	-0.67005	-5.3893	-0.103128312266849
36.058	-0.71232	-3.8443	1.52061276379075
35.914	-2.1429	-5.1293	-0.501135800929169
38.175	-6.4615	-2.3743	0.463525232869141
37.269	-6.594	-4.1428	1.08762254368615
36.296	-3.9297	-1.4904	0.385945502197282
34.929	-9.3154	-3.3453	-0.373037557190367
33.624	-9.7678	-3.2114	0.555065882904022
35.452	-7.5059	-1.1164	-0.970511098882489
36.034	-7.7111	-0.66814	-0.89946742340447
37.161	-2.9571	-4.3767	-0.220274764377496
35.801	-6.039	-0.10692	-1.24681418659331
38.018	-6.5426	-1.8973	-0.650603692518254
37.065	-2.8718	-1.9238	-0.474989413440383
37.741	-3.5231	-1.6764	0.621387691753249
36.429	-1.94	-1.5444	0.477355379333937
38.124	-5.9004	-1.833	-0.623528628822125
37.088	-2.7651	-4.3048	-0.577675140437651
37.718	-6.2576	-0.89144	-1.04985068722112
32.946	-10.118	-3.8613	1.18426144582275
38.042	-4.4673	-2.5642	0.0724736786686728
35.311	-1.2939	-5.3454	-0.614401635710998
36.716	-1.7406	-3.0904	0.160696583316468
37.657	-5.2865	-0.77623	-0.622305645343921
28.415	-1.9853	0.6287	-0.75530048042412
35.913	-2.1991	-5.1813	-0.516265024284957
37.832	-5.746	-1.2789	-0.848087885734874
37.809	-7.1081	-3.5919	-0.365012327868162
37.022	-7.8526	-1.9066	-0.953412567243195
35.963	-2.9456	-4.6888	0.192265123885804
29.139	-10.899	-4.2139	1.645
38.328	-5.5245	-1.6957	-0.357205035908798
35.913	-3.5353	-0.26692	0.0958165287358187
36.624	-2.5872	-4.7152	0.235762702785744
35.732	-7.4659	-0.892	-1.01443638564448
37.405	-2.8884	-4.2719	-0.495160185805955
27.224	-11.557	-2.9923	1.48451642952589
34.219	-0.7002	-5.219	-0.955128356627114
36.409	-6.4671	-0.54685	-0.660735464854215
29.133	0.029435	-6.8166	-0.577050107163023
34.285	-0.88002	-5.7289	-0.64292222599953
35.879	-1.4706	-5.0897	0.189173395523265
33.331	-0.8698	-4.6621	0.0366164191149855
28.562	-11.373	-3.9338	1.645
34.954	-8.59	-1.2637	-0.728732539494079
12.655	-12.024	-3.1062	1.35657477008815
33.259	-0.86748	-5.1327	0.0438920229537431
38.313	-5.8634	-3.2643	0.413700450085273
36.875	-2.9204	-4.2667	0.204392587909892
36.875	-6.5702	-0.73131	-1.34265937127276
32.785	0.6827	-1.7577	0.363723113108496
36.807	-2.7145	-1.7884	-0.468929438448868
36.197	-2.5887	-0.88178	-0.546440194029893
37.29	-3.1505	-4.2486	-0.223945013890602
33.099	0.48603	-1.4884	1.325150229613
34.092	-8.9227	-4.1576	0.412064617646809
37.012	-7.5666	-2.4787	-0.227947623054861
36.947	-6.3535	-1.4057	-1.14279199137044
24.144	-11.871	-4.1725	1.645
37.294	-5.8666	-0.45628	-0.346045320674337
38.453	-6.2205	-2.5167	-0.0458384302526055
38.205	-3.7763	-2.7418	-0.67012058757229
29.42	-11.225	-3.3753	1.50994474531072
37.148	-5.3387	-0.68234	-0.364665936460521
26.075	-11.349	-3.6326	1.41371119131828
34.237	-0.72906	-5.5845	0.132918056996194
35.409	-7.9537	-0.78786	-0.936544528371799
36.261	-5.9674	-0.39885	-0.921814711035257
35.769	-1.1302	-4.9338	0.223958231318023
34.05	-7.3166	-5.0561	-0.470718658867827
33.716	-7.4941	-2.944	0.0469918079361285
36.741	-6.3389	-1.159	-0.958298033026571
36.513	-7.4862	-2.793	0.231055936673755
36.212	-4.2356	-0.11937	-0.336454625892175
30.542	1.6715	-0.25718	0.896391145326357
37.523	-5.7548	-4.5898	0.611860080497482
28.667	1.635	-0.37636	1.645
37.356	-5.2576	-1.0494	-0.356723068807334
36.478	-7.7756	-0.57777	-0.991992568189945
37.883	-3.842	-3.38	-0.688070885436903
35.131	-9.2436	-3.3567	-0.0598313540511274
37.587	-5.2175	-1.004	-0.757284419454492
36.221	-2.9564	-0.61513	-0.917104074507731
38.637	-6.5948	-1.8103	-0.522460670595564
36.956	-3.2025	-4.4751	-0.248621932403303
29.985	-11.016	-3.6217	1.56131130053081
31.672	-6.1599	-5.747	0.23893584044407
36.491	-1.3732	-4.2775	0.077949552905095
37.131	-4.5617	-0.87893	0.133943929597776
31.827	0.24387	-1.1057	1.17059333152179
36.602	-7.2462	-0.74841	-1.34988039555907
35.527	-1.6899	-5.4983	-0.654331078806938
28.143	-0.79826	-6.7107	-0.0231934043423221
36.361	-7.4636	-0.51885	-0.925697592675874
36.981	-6.59	-0.49138	-0.647805615363494
37.82	-7.0502	-1.9993	-0.927862324174491
36.574	-8.6753	-3.4189	0.308708769081478
37.993	-6.6047	-0.58157	-1.00867903659536
36.619	-3.3442	-5.008	0.411683369859527
37.163	-4.0055	-1.8496	-0.522574842457789
27.841	-0.46924	-6.7153	-0.616968787556305
33.362	0.38835	-1.7634	0.897593934583196
38.275	-5.2304	-2.3682	0.0245233764821564
36.744	-6.6862	-0.47204	-1.0121904504305
29.038	-11.463	-3.3336	1.645
32	-9.0904	-4.758	1.63627010457666
34.952	-1.4921	-5.7799	-0.753842439127212
35.586	-6.7863	-0.30952	-0.705299404512004
29.473	-2.0004	1.2233	0.347826406417376
36.946	-7.1431	-0.98937	-0.732634420800297
35.2	-1.6433	-5.5416	-0.765942227081538
38.265	-6.0586	-2.7998	0.618409262970784
33.966	-0.18969	-0.95979	0.29699618677648
37.105	-2.5879	-1.2599	0.0816557229325057
37.342	-6.7824	-1.0638	-0.419430417355001
36.545	-7.0306	-0.54223	-1.28354928543394
35.679	-7.0002	-1.2115	-0.708451319133239
35.984	-1.9774	-4.2136	-0.411909166268968
35.308	-9.5027	-2.4343	-0.781101856146982
33.845	-9.7813	-3.7695	0.440703975120362
33.349	-0.35116	-2.0425	1.645
27.568	-0.41487	-6.818	-0.146892087334978
33.366	-9.9976	-3.4617	0.369831569821711
19.483	-12.108	-3.7965	1.645
37.162	-5.5491	-4.7764	0.682040036708413
35.769	-6.9619	-0.47515	-0.805461144219669
35.88	-8.2388	-4.4135	0.897586700300043
35.04	-7.5716	-1.0808	-1.06397164261112
35.22	-1.6653	-1.0212	-0.318764008158865
36.935	-5.5179	-1.3782	-0.242410087089226
35.664	-1.6218	-5.105	0.551816566873797
26.332	2.8248	-0.26543	0.463355446987656
38.305	-4.7921	-2.3396	-0.201441058117664
37.264	-6.0234	-0.95589	-0.256315639981442
24.961	-12.173	-3.2356	1.46483223686212
36.493	-3.2037	-1.737	0.281293410486268
37.016	-2.6871	-3.6991	-0.262828736031193
35.521	-7.0953	-0.81215	-1.12556664289821
37.573	-6.2663	-0.94834	-1.00700012144829
36.713	-2.7918	-3.6785	0.086223286258195
37.267	-2.9412	-1.1413	0.824998721659694
36.105	-7.5793	-1.0388	-1.03471584752266
36.149	-3.6882	-0.088772	-0.698252801368454
29.561	-2.1923	-0.92529	-0.139183716827156
28.421	-10.501	-3.8962	1.645
37.543	-6.6177	-3.9242	0.301297011230549
36.013	-5.2962	-5.2194	-0.28750812905941
31.616	-10.133	-3.0478	0.674421557367438
26.865	-11.889	-3.6093	1.29900055971827
34.944	-1.8333	-5.6746	-0.939181104657623
33.974	-0.2086	-5.4289	0.575411220111207
27.421	-11.915	-3.1716	1.22775372473
24.068	-11.949	-3.7635	1.645
36.904	-2.4271	-4.0264	-0.833774091334498
32.829	-2.2829	-5.3286	0.138943497468386
36.607	-2.9684	-1.1872	-0.651541040347998
36.922	-6.114	-0.78434	-0.827694414728605
37.221	-6.042	-1.2144	-1.45203630921733
35.954	-7.1988	-1.5628	-1.32361090300867
35.692	-8.8069	-1.7571	-0.0386926150547194
37.491	-6.0219	-1.2997	-0.818527722913686
35.9	-7.2416	-0.67509	-1.18924410961417
36.618	-7.6655	-0.98104	-0.620841906393556
29.945	-1.3699	-6.7296	-0.364839854246219
32.161	0.91575	-1.7862	1.33388003058166
37.605	-6.5111	-0.87244	-0.878929770983819
35.517	-6.5056	-0.50915	-0.726574981482227
32.059	1.3109	-2.4168	0.852293504720398
29.196	-10.899	-4.0629	1.30236680950012
24.476	-1.1701	0.93116	-1.18506210749398
36.747	-2.8716	-4.7368	0.0930373260466979
38.014	-3.428	-3.3169	-0.199551144729163
36.001	-6.2461	-0.9769	-1.07282328722895
36.332	-6.6978	-0.47076	-0.99545907005718
38.3	-5.7317	-1.6831	-0.50562653959925
29.979	-11.824	-2.9049	1.645
37.151	-6.3028	-0.5405	-0.832889806582019
36.12	-6.1442	-0.35725	-1.11773390271714
36.271	-7.3453	-1.3238	-1.05483867499319
36.488	-6.1858	-3.8549	0.320792401672013
35.366	-1.8119	-5.5672	-0.234513224257503
36.371	-1.3748	-4.149	-0.026524025408482
31.428	1.6486	-2.2588	1.07161081037551
30.715	1.0071	-0.9415	1.645
37.231	-3.9099	-4.7721	-0.603296171443166
34.721	-8.3715	-4.579	1.33235679515725
36.514	-8.5327	-2.2652	-0.290621284347511
36.083	-2.6015	-0.39972	-0.518574230530058
35.498	-8.087	-2.6598	-0.304930719092707
30.178	1.4558	-0.55411	1.645
33.074	-10.314	-3.0415	1.26926720757537
34.568	-8.0682	-4.3868	0.565746665742653
36.881	-6.9741	-1.2878	-0.72904931319721
31.206	-10.908	-3.2517	1.17735787241654
20.185	-12.42	-3.592	0.889162373044506
37.199	-1.6237	-2.4917	0.0883732177501848
36.947	-7.3373	-1.2444	-1.16687971384546
33.778	0.11392	-0.5513	0.179160885766101
36.98	-3.2319	-1.217	-0.118532243542274
36.125	-7.0592	-0.43751	-1.00460684979975
30.989	1.3364	-1.2695	0.865778593567931
37.721	-2.718	-3.5393	-0.453773854078418
36.492	-7.4624	-0.46387	-1.28146618264934
35.897	-8.9728	-2.3728	-1.04448058613639
36.92	-3.6492	-4.6394	0.382119797239982
36.993	-4.0546	-1.8566	-0.162469097438291
34.583	-9.2741	-3.2361	-0.641876807375384
34.344	-1.2254	-5.6987	-0.850378395217804
35.742	-8.0212	-3.8443	0.02454957624196
37.001	-2.4226	-2.9225	0.334767343018052
35.171	-6.1369	-1.2886	-0.867943743576647
37.028	-3.37	-4.176	-0.982699304672023
33.298	0.35184	-3.695	0.760158874599419
30.361	0.79431	-0.83387	1.645
35.436	-6.7361	-0.95815	-0.977633740946426
37.41	-6.4188	-0.83121	-1.03491326779211
36.383	-1.4084	-1.6501	-0.0533668982178191
28.632	2.1882	-0.58482	1.645
34.186	-2.9176	0.81454	-0.693135678148774
36.195	-4.2493	-5.2274	0.25671963703762
26.47	-1.2093	0.66759	-1.04677817788678
36.233	-7.5856	-0.90686	-1.18323493230814
36.421	-8.4179	-2.0881	-0.605684433337326
37.469	-3.1858	-2.9957	-0.0127412317378632
35.257	-2.0901	-4.006	0.219364767742002
36.163	-7.092	-0.771	-1.19934132585525
37.734	-5.9544	-4.0513	0.771602972556828
37.902	-5.9908	-2.0936	-0.013099726635777
37.448	-6.4351	-3.4083	0.854263855997939
36.099	-7.3386	-0.73775	-1.09730116351371
38.19	-5.2303	-3.4668	0.45273089359968
32.123	0.60269	-0.86491	1.34703325422013
32.053	1.3059	-1.5197	1.64221267588487
36.699	-4.6467	0.089536	-0.118658465620863
27.83	-11.511	-3.6894	1.645
35.927	-2.6184	-5.194	-0.0544509257668749
36.378	-8.7082	-2.2334	-0.61187739143573
37.434	-4.6484	-2.4277	-0.252241206756537
36.422	-2.8263	-5.0446	0.0619840014323701
37.128	-7.3771	-0.91807	-1.00538442712846
36.806	-7.1946	-1.9069	-0.767892837289979
34.659	-0.55942	-4.4261	-0.391494734554088
36.328	-7.1272	-0.93379	-1.06694565602244
36.281	-2.7152	-5.341	-0.174547475746277
37.412	-6.2447	-2.696	-0.215529761924449
35.967	-2.729	-0.69909	0.291630536121507
36.783	-8.0664	-2.712	-0.19567551744283
36.508	-6.9874	-0.76697	-1.25289827014992
37.295	-4.7406	-4.9434	0.0150652263066718
37.907	-5.6622	-1.514	-0.754403929793464
36.54	-2.6445	-3.9797	-0.097266655220523
34.705	-0.88028	-5.109	-0.992243883872148
35.571	-0.535	-3.7779	0.622516756613689
36.023	-3.1128	-0.9772	-0.624429186324379
36.969	-6.9389	-2.1567	-0.719465928709692
30.821	-10.653	-3.8519	1.645
34.81	-1.815	-0.71735	-0.362373126042556
37.007	-3.2381	-4.6457	-0.465503596626678
22.98	3.3486	0.063496	0.188086212250596
32.159	-10.433	-3.0039	1.645
37.195	-6.8729	-0.94274	-0.820462737915054
34.005	-0.32428	-5.4688	0.0356223666016269
37.776	-3.2527	-3.708	-0.682817370817021
25.345	2.9604	0.81839	0.545716532984501
37.704	-6.9036	-3.5007	0.0233759154697948
25.232	-11.836	-3.4376	1.61075376791443
35.212	-2.5121	-5.7232	-0.859943428145949
38.366	-5.4234	-2.4492	0.364765443560653
29.989	-1.4419	-6.6104	-0.569067154630057
37.702	-3.2554	-2.2478	-0.116584509472185
36.695	-8.3244	-3.4796	-0.0501993953500441
22.216	-0.28528	1.8218	-1.01191117950719
27.938	-0.14693	-6.4389	-0.214155177026961
37.215	-2.1692	-3.2804	-0.419126553711343
24.948	-1.1145	1.1193	-1.09497990693692
35.868	-5.9551	-0.76246	-0.563395018058579
28.015	-11.269	-3.5031	0.858717143627807
36.415	-2.8229	-5.3315	-0.0732687600798537
36.026	-2.1342	-5.1439	-0.315477876459504
36.861	-6.3361	-0.60656	-1.48532329644578
34.486	-9.5717	-3.7802	-0.0881256122033377
22.352	3.0673	1.2586	1.17860820826329
35.219	-2.1202	-1.3575	-0.767495610449296
36.39	-6.9544	-0.46647	-1.27338469948838
32.516	-0.5129	-6.2823	0.126621070753458
37.032	-6.1426	-0.88556	-1.19172679810386
28.289	2.0839	-1.1024	1.645
33.548	-1.5978	0.067007	1.38502962256107
35.336	-1.5855	-5.3664	-0.00194636961556732
35.391	-7.7354	-2.7639	-0.0747122005772016
36.84	-7.9578	-3.3052	0.0129073809693034
37.095	-3.2146	-1.7715	-0.511984579072319
33.859	-9.2605	-2.5721	0.485775712930538
35.877	-8.4213	-3.4308	-0.132492458924579
34.549	-0.84299	-5.6394	-0.353264212419543
36.996	-7.5551	-2.6668	-0.0744470195035828
34.832	-7.3907	0.24362	-0.714853407792578
33.235	-10.72	-2.9872	0.914655180914545
37.307	-6.0201	-1.5607	-1.5342018765697
37.418	-2.9354	-2.5082	-0.0646943029731009
34.343	-1.6947	-5.9695	-0.795107823704271
35.852	-6.3953	-0.66102	-0.938845443884266
23.219	-11.625	-3.7246	1.645
25.658	-11.743	-4.0632	1.645
36.408	-7.0685	-0.74929	-1.3389693526551
34.872	-9.2335	-3.1798	-0.224623570640481
32.521	-10.366	-3.3013	1.15963489350605
35.301	-7.1362	-0.87532	-1.01611934323395
36.981	-7.338	-4.1057	0.0719370824781932
36.532	-2.2219	-4.9142	-0.467502865726332
36.587	-6.9588	-0.9185	-0.610900786065334
37.804	-3.758	-2.5106	-0.179076963167751
37.188	-3.3266	-4.129	0.819986855449324
36.601	-3.3263	-0.83788	-0.126162727574181
20.494	-12.103	-3.3423	1.645
37.343	-6.62	-3.3463	0.430353261472154
34.74	-1.4122	-5.6472	-0.282334457040957
33.679	-0.86234	-0.17042	-0.481500460539401
36.655	-3.0677	-4.4207	-0.333360652114586
34.85	-8.5722	-4.0191	-0.411636185929805
30.867	-10.809	-3.5384	0.838510549537532
37.307	-3.9139	-4.5918	0.0553882918020352
36.667	-6.7386	-0.78268	-1.55192003098498
31.457	-0.30158	-6.5963	0.87407623318007
35.913	-7.6121	-0.87189	-0.809908788839013
36.13	-2.8164	-5.1146	-0.191589833763696
35.209	-0.0088546	-1.6024	0.139805136637098
37.083	-6.3311	-0.76982	-1.08513974533455
36.223	-7.7271	-1.0545	-1.06870031912157
30.474	-10.434	-3.6727	1.645
35.745	-6.4161	-0.72233	-1.09833669003281
34.25	-0.42419	-5.4538	-0.160241033213662
35.158	-7.4175	-0.57039	-0.699953401522744
37.835	-4.0336	-3.727	-0.494619158907515
29.205	-1.0063	-6.6398	-0.591799941446362
35.456	-3.3218	0.088323	0.0047127134214404
29.803	-10.77	-3.5859	1.645
37.4	-5.3887	-1.203	-0.307358148776338
38.39	-4.8164	-3.1837	0.119679554864309
28.169	-10.539	-4.4468	1.645
37.101	-6.2474	-1.5272	-0.545061663732789
36.103	-2.9353	-0.50444	-0.142773650754479
33.597	-0.56617	-5.3621	0.0602905046506849
34.55	-8.264	-2.9045	-0.0622300524972838
35.071	-9.1648	-1.7033	-0.150233740110365
37.21	-4.2579	-4.7383	-0.0684587321541681
35.826	-8.9178	-2.6398	-0.682880134070832
29.572	-9.596	-4.4341	1.645
38.35	-4.2938	-3.138	-0.702793304567328
33.688	-2.6749	1.0381	-0.609465582980994
36.474	-2.0151	-4.8982	-0.508350730871061
36.528	-6.7207	-0.3798	-1.16169415571559
33.424	-10.084	-3.4669	0.637147672972537
35.861	-2.605	-5.277	0.043718555362452
34.46	-9.1908	-4.2253	0.0301496622620608
38.32	-4.8525	-3.1108	-0.470842762501625
37.496	-3.2443	-4.1554	-0.606629543012685
26.909	2.6637	0.026832	0.924515357981931
23.052	-12.064	-3.317	1.01202838771567
37.644	-6.4692	-2.6675	-1.2569513318448
36.848	-6.5595	-2.1398	-1.01338166532621
29.035	1.6447	-0.066406	1.645
35.626	-7.5125	-0.57968	-1.10739521336737
37.322	-7.6218	-1.4826	-1.21335285785996
35.285	-8.2893	-0.64382	-0.658470177839512
20.084	-12.312	-3.48	1.02227018526035
28.865	1.751	-0.48839	1.645
29.709	-10.969	-3.9119	1.53543749974317
37.772	-3.5059	-3.3861	-0.383024326738177
36.942	-6.4637	-0.66239	-0.643499570357809
33.758	0.38343	-3.2386	-0.0307267062712396
36.282	-1.236	-3.9953	0.12087849649925
36.872	-6.6326	-0.5159	-1.36787267417557
27.991	-1.7102	0.46544	-0.569681045076916
34.467	-0.7789	-5.5486	-0.0517720656788117
28.91	-10.416	-4.3339	1.645
36.451	-2.0925	-4.9467	-0.543331656320749
29.772	1.7553	-0.20628	1.645
37.46	-4.4038	-1.0835	0.381599508758069
30.47	-9.6622	-4.3325	1.48412975984626
31.478	0.98321	-0.87069	1.34854809784082
36.431	-1.4634	-3.8262	-0.284791179051045
36	-9.0717	-3.5695	0.23293796906819
37.711	-5.9719	-3.357	-0.196134686952605
27.558	-11.495	-3.2371	0.985980258793922
24.502	-11.889	-4.0808	1.645
36.522	-7.3306	-1.1206	-1.21831063138364
34.234	-9.0501	-4.1876	0.0427343055866718
34.039	-8.7942	-4.1058	-0.150971150933885
36.049	-2.8343	-0.31658	0.275072950024736
35.726	-3.108	-0.29894	-0.179453056607869
37.247	-6.3258	-0.74275	-1.1273390653664
36.663	-8.0185	-1.3392	-0.593421158575396
36.819	-2.209	-4.6629	-0.280840530342548
36.367	-7.0131	-1.7098	-0.711110435252355
37.603	-3.5366	-2.3554	-0.303027864138534
37.32	-2.9559	-2.0473	-0.475030767672475
36.358	-3.1915	-4.9347	-0.109945015475989
18.772	-12.196	-3.1299	0.985183484240739
32.75	-10.422	-2.8005	0.69500369215989
36.785	-1.4031	-3.5604	-0.30985601912269
35.477	-1.5291	-5.0441	0.4349045411049
28.024	-11.618	-3.2678	1.645
38.028	-3.372	-3.8422	-1.01610735149439
35.983	-6.7157	-0.25748	-1.23335316205031
37.675	-7.2641	-2.5191	-0.128868135591181
38.285	-6.068	-1.6478	0.0878619281461529
37.648	-2.9954	-2.6871	0.0850015710824845
36.758	-6.2914	-0.49534	-0.894212547826891
37.3	-4.165	-1.6175	-0.0985602842501384
27.805	2.13	0.2655	0.782984829007632
33.741	-1.9733	-5.4226	-0.438566438106861
36.11	-7.4497	-1.499	-0.180461547324925
37.13	-3.482	-3.5833	-0.749671608051777
37.065	-7.2034	-1.1197	-1.25356860871743
35.676	-1.5634	-5.343	-0.122208556248477
25.634	-1.2253	0.94194	-0.866932147754187
36.345	-2.7504	-1.3676	-0.56787388541899
35.006	-5.2704	-0.66318	-0.947362503686995
21.515	-0.82075	1.3352	-0.894654186201006
36.934	-7.1197	-1.3898	-0.671339246430916
35.563	-2.7773	-0.24283	0.373893898166635
37.173	-2.6245	-3.9132	-0.543488494469471
36.387	-2.0945	-4.6511	-0.665896930868331
35.784	-2.114	-0.96068	-0.599688869431458
37.664	-3.9756	-1.3644	-0.845769703393638
33.453	-9.9212	-3.2833	0.348633175705835
28.418	-11.12	-3.9506	1.645
35.617	-3.9137	0.42156	-0.193561565052008
35.863	-2.4069	-2.5622	-0.402184523551229
35.028	-7.1752	-0.66195	-0.908827845863507
35.812	-5.4805	-0.52955	-0.862254279682331
35.948	-1.8128	-5.129	-0.356907262344574
36.383	-2.5713	-5.1106	-0.0789460108891318
37.161	-6.9458	-4.105	-0.0221437488927899
33.48	-0.64767	-5.7709	0.499185022475211
36.767	-7.3284	-1.2693	-0.585345989996476
34.688	-1.4445	-4.5017	-0.40187616751678
35.727	-1.6297	-5.1851	0.41319988052795
27.955	2.3396	-0.87238	1.53542072965039
33.377	-10.479	-2.644	0.85705214817331
32.498	-1.6331	0.075498	0.474405595555547
37.362	-2.3661	-4.0574	-0.44241195500322
37.957	-5.771	-1.0749	-0.773357418614616
36.775	-7.7189	-0.67347	-0.983306001832035
37.412	-4.5111	-2.4789	-0.266780604206839
36.828	-7.5118	-1.7764	-0.527394872699793
34.807	-9.2413	-0.70097	-0.629837292694574
37.16	-6.5484	-1.2193	-1.12471481122101
36.12	-6.8519	-0.23334	-0.890880412548297
38.418	-4.7373	-1.7362	-0.829253538921579
33.209	-1.3065	0.58739	1.56613701878764
36.674	-2.2954	-4.338	-0.764619503591461
36.732	-2.5374	-4.5019	-0.307899924985726
37.642	-6.2693	-1.2363	-0.85080006312956
34.288	-1.2429	-5.9811	-0.428965272499632
34.357	-6.5455	-4.6842	-0.729280553352094
33.459	-6.2113	-5.0877	-0.457814802715092
34.398	-1.8175	-6.1834	-0.612773343612092
28.402	1.6858	-0.84161	1.44721596520739
36.054	-8.1439	-2.2738	-0.684590560628391
36.711	-5.4696	-0.059321	-0.34450014457911
36.851	-6.8	-1.1773	-0.442035686908134
38.242	-5.918	-2.1091	-0.052234074315426
37.137	-3.3898	-4.8805	-0.343326754472002
37.779	-6.3044	-1.8107	-0.68321182427891
34.925	-1.4506	-5.7603	-0.635696571244644
36.307	-6.6518	-5.0565	-0.0235076684468237
37.216	-7.7869	-1.3901	-0.815832003532995
34.201	-6.8832	-5.1613	-0.38066919518104
37.024	-5.0281	-5.0016	0.353754857187932
31.076	-10.596	-3.1788	1.645
37.732	-3.9914	-1.8724	-0.320537329754744
28.05	2.1178	-0.84351	1.645
29.068	1.9082	-0.13313	1.12975427289094
38.105	-6.1144	-1.8308	-0.643997691195079
31.208	-10.341	-3.9103	1.645
37.164	-3.1932	-4.4762	-0.306119924881713
35.947	-7.6318	-0.92707	-0.653068751974916
26.384	-11.718	-3.1602	1.3997480377459
17.539	-12.176	-3.6076	1.41967760754233
27.847	-1.0006	-6.7591	-0.362437637655722
28.06	-11.31	-4.1272	1.645
26.252	2.4373	0.2568	0.736055487197573
36.415	-1.8489	-3.4901	-0.339503969328266
36.414	-6.6305	-0.54073	-1.00940695971876
36.926	-6.1455	-1.226	-0.857405108074012
37.013	-1.3675	-2.5758	0.479532682934459
31.516	-1.6663	-1.0651	1.645
23.685	-0.6064	0.95115	-1.11067816150707
27.546	2.3168	-0.11179	1.645
36.582	-3.2051	-5.0006	0.274221832809814
37.103	-6.8195	-0.88503	-1.18333212828652
36.399	-7.0935	-1.8265	-1.24289444650541
35.481	-2.2084	-0.77026	-0.0858336045937577
27.377	2.5778	-0.06166	0.586726637215943
29.712	-0.9678	-6.7499	-0.0838499448068269
37.899	-7.3266	-2.9614	1.37770445901367
36.681	-7.6883	-1.3233	-1.16195244649259
36.539	-6.8839	-1.4043	-1.18577366665735
36.927	-2.4784	-4.6331	0.240953627381033
37.289	-5.8562	-1.1742	-0.797392839587517
36.35	-1.06	-3.5694	-0.0716164436882968
36.839	-2.8458	-4.6107	-0.134120419007633
34.409	-9.3628	-3.4874	0.663165705807958
21.749	-12.082	-3.1072	1.6253395780134
36.479	-2.3034	-4.7111	-0.153654248595272
35.35	-9.2134	-2.9742	-0.79382479221984
37.069	-7.3037	-1.1191	-1.22713820342482
37.293	-2.0806	-4.0461	-0.586253985770847
37.112	-7.3561	-1.2594	-1.18476652847117
35.298	-7.0473	-0.77197	-0.999373438828462
34.237	-8.2289	-3.8283	0.723836354029314
38.056	-5.1676	-2.5888	-0.19733075918015
35.642	-2.2581	-5.5624	-0.665571032851386
37.132	-6.4566	-0.84542	-0.811628165575572
33.381	-2.7503	-0.92077	1.16100297734049
36.842	-7.1254	-1.1484	-0.727663488941047
36.903	-6.0825	-1.1782	-0.891696118061835
36.19	-1.7172	-3.5639	-0.768665478295129
34.92	-2.2908	-0.34357	-0.462192963913919
38.043	-4.5569	-3.3936	-0.643144411004414
35.541	-0.99494	-3.919	-0.234725857865796
37.769	-5.0176	-1.871	-0.376563351714333
35.269	-8.6907	-0.96378	-0.613445112454705
36.885	-8.2585	-1.4113	-0.744583680454151
34.961	-9.0902	-2.5955	0.572558785211287
36.838	-3.1052	-0.58324	0.0208454442760822
27.664	-10.9	-3.9195	1.645
23.422	-0.66444	0.89025	-0.978345606115786
29.878	1.9333	-3.6835	1.645
38.515	-5.1784	-2.2231	1.2944464133041
38.137	-5.8416	-1.5113	-0.760473526938129
37.654	-2.3191	-2.4915	0.0523443891798877
35.139	-7.3104	-0.6746	-0.832065066812334
29.667	-0.36181	-6.2471	0.258674798067699
34.572	-9.5317	-2.8881	0.738261272118638
36.627	-2.2565	-4.6513	0.0142976910674845
38.041	-6.1191	-1.0396	-0.927463095632978
35.898	-7.0416	-0.93679	-1.02597683737184
33.998	-7.9864	-0.16569	-0.733034119412433
35.179	-4.4275	-0.35156	-0.487771042688225
35.475	-6.9959	-0.76676	-1.07724616767749
32.07	1.4293	-2.3833	1.57514133992275
35.045	-8.4451	-3.0206	-0.302172826069259
36.626	-6.7312	-0.7282	-1.0097872816513
28.783	-1.1034	-6.5278	-0.822717532596593
35.933	-8.4365	-1.8553	-0.231895980743634
32.506	-10.224	-2.3987	0.628287877161898
34.744	-7.6455	-4.2175	-0.417942032066302
35.716	-8.4489	-2.1184	0.0566350824298179
31.72	-0.96702	0.3544	0.8741421822393
36.751	-6.7733	-0.83624	-1.56217285334015
26.305	2.5123	-0.34699	0.688417692469993
37.254	-3.0555	-4.385	-0.642542443368512
34.17	-1.3725	0.13005	0.448054985049022
36.772	-2.0808	-3.8427	-0.282996533845306
28.764	-0.51537	-6.6424	-0.5620069810929
38.014	-5.9577	-1.8809	-0.291197414419572
34.574	-3.6874	0.49795	-0.221821871949114
36.293	-1.505	-4.5643	-0.309255907297123
36.234	-7.6629	-0.97961	-0.846406891276818
34.65	-7.5723	-2.293	0.363858436334553
36.083	-8.5847	-3.8822	0.560044501971568
27.103	-1.7895	0.51807	-0.776678802530653
36.16	-3.0067	-5.1595	0.0701436228842802
33.832	-9.4165	-3.2844	-0.122127674535
35.349	-1.7696	-4.8635	-0.658696804047878
37.166	-4.2299	-4.5378	-0.294010558769337
34.808	-9.1052	-3.57	-0.161508493404726
35.873	-6.1718	0.076158	-1.08847922749088
35.622	-2.128	-5.639	-0.830736687503231
37.437	-6.1818	-4.1612	1.23276403263609
36.152	-7.3342	-0.95071	-1.28130785028259
35.261	-1.5128	-5.0484	-0.430620048024297
33.824	-9.9319	-3.7705	1.12691388388984
35.159	-5.0452	-1.1061	-0.795796525772815
30.039	-10.6	-3.9322	1.645
30.135	-9.1454	-4.2499	1.645
29.138	-11.188	-3.8476	1.645
35.92	-6.9901	-0.49628	-1.13744264229504
31.224	0.17342	-5.7504	1.38454432310409
35.622	-3.6657	-1.0615	-0.399895293874384
37.487	-6.2291	-1.7669	-0.641954112183701
35.929	-8.1243	-1.4357	-0.632605660905687
33.353	-0.15211	-5.6436	0.926459480525132
34.134	-10.156	-2.7773	0.419943109724358
35.54	-1.4891	-4.931	-0.451615313420356
34.026	-9.7903	-3.2879	0.120230165466473
36.626	-5.7911	-1.2278	-0.517799732991809
24.178	-11.704	-3.6301	1.645
37.404	-5.4861	-1.3972	-0.346023754385957
33.892	-0.68384	-5.8885	0.806482248781682
24.368	3.7988	0.25655	0.217897921595384
25.316	0.0397	0.96357	-0.19150683890025
36.37	-2.9592	-4.9675	-0.0150267024401587
36.177	-2.5183	-1.6875	-0.175047919723022
34.494	-0.21675	-1.9609	0.216126115170844
36.989	-2.1522	-4.4694	-0.564912350255462
29.538	-10.738	-4.0519	1.645
37.198	-6.5255	-1.0386	-0.794255895435224
36.164	-7.808	-2.0116	-0.473123260669173
26.615	-11.683	-3.4185	1.39690444262237
35.959	-8.016	-1.3819	-0.616934941274071
37.27	-6.2276	-1.1357	-0.781691199107427
36.454	-6.533	0.32032	-1.12715765838447
36.452	-2.8956	-0.53636	-0.749908607808316
33.279	-10.124	-3.4263	0.176574875157987
26.736	2.6919	-0.6298	0.688883766659478
37.768	-2.7583	-2.6984	0.648094325894281
35.59	-2.7801	-5.4654	-0.507206988496221
37.579	-7.1001	-2.0947	-0.515967907908031
36.093	-8.6628	-3.2445	0.151133606788543
33.734	-9.5652	-3.4776	0.234175652700957
38.216	-4.6273	-2.5373	-0.168582544375155
27.089	-11.553	-3.8875	1.07752913662799
32.801	-10.494	-2.9191	0.158650610443214
38.241	-4.5629	-4.0563	0.484362142846742
37.785	-3.759	-1.4766	-0.154267049192109
38.276	-5.2348	-2.0977	-0.295522829159377
37.742	-3.366	-3.0438	0.0524297522060697
27.815	-0.57083	-6.707	-0.567729743594418
28.23	-0.50422	-6.5389	-0.400144697122908
29.63	-0.92416	-6.7941	-0.100732036718381
33.189	-2.0783	0.76822	0.362607383053603
34.078	-0.040589	-5.3448	0.101788976231269
36.923	-2.6406	-4.693	-0.305064773249915
30.923	-10.273	-3.951	1.645
33.454	-0.75361	-5.856	0.272372656292525
37.946	-3.4073	-2.4633	-0.566916268636077
24.271	-12.112	-3.4109	1.645
36.432	-7.4201	-0.80639	-1.17672499013702
35.365	-1.0409	-4.4356	0.0421093838171245
36.627	-4.0545	-5.0559	-0.245923862649227
36.92	-5.8143	-0.62305	-0.087814602693848
36.617	-3.1258	-4.9507	0.550937773727692
35.936	-1.5523	-5.1143	-0.218601492086956
22.13	-12.369	-2.9595	1.645
35.285	-7.5377	0.066807	-0.51623743136355
34.246	-1.9271	-6.1455	-0.668201770482386
35.563	-0.78294	-4.4159	0.716497399976818
37.246	-2.3567	-4.2847	-0.46066215712229
36.836	-2.003	-4.5542	-0.641214097796562
35.681	-7.0142	0.034118	-0.954424630551009
28.476	2.3052	-0.21928	1.43718909319877
36.702	-4.5632	-0.72328	-0.0214877260264178
35.022	-2.2931	-0.30106	0.839640658850419
36.997	-2.8596	-4.6194	-0.103522073573017
31.828	1.1086	-2.2523	1.645
35.129	-7.3311	-0.43908	-0.726655679027532
35.687	-2.4359	-5.3201	-0.202735702343908
26.988	-0.92323	0.91876	-1.11982868422466
31.846	-3.3065	-0.63738	1.645
33.401	-1.0653	-5.7202	0.277633002638077
36.04	-6.7814	-0.20054	-0.8369800607542
34.114	-0.95412	-5.5611	0.0847075702663484
36.599	-6.6278	-0.62335	-1.23678963349993
37.135	-6.6056	-1.2216	-1.09506450683206
38.176	-5.8106	-2.8118	0.744599195646094
37.58	-4.0989	-3.3811	0.47247631269128
35.637	-6.7245	-0.37612	-1.20731359344488
35.282	-0.54191	-4.5888	0.990730168545977
35.082	-1.3413	-5.5522	0.242576643643462
35.866	-8.262	-4.0059	0.272401022732553
37.104	-7.4099	-0.84084	-1.19601163847542
35.513	-9.1151	-3.2543	-0.302731293932191
36.187	-7.133	-0.64214	-1.25038661612402
35.107	-0.70271	-4.7009	-0.0636172600611938
37.184	-1.7013	-2.732	-0.00148562458770865
37.267	-6.9481	-1.9059	-1.12501872747849
32.963	-0.82231	0.13576	0.609731384172153
35.467	-1.2018	-5.1814	-0.0174523851799854
19.144	-11.629	-3.5846	1.29678573569868
35.444	-3.6749	-0.45329	-0.532810571156875
33.256	-0.209	-5.6186	0.967235128394077
38.277	-5.7043	-2.5148	0.196840807824669
35.262	-6.5396	-0.11959	-0.9272976196471
36.147	-2.2079	-4.9607	-0.166815557176951
25.063	2.6942	0.50611	0.93432078254761
35.954	-7.1833	-0.97152	-0.971769600407813
31.359	1.133	-1.4757	1.645
36.883	-3.2841	-4.7561	-0.298024613606939
37.07	-3.5895	-4.5398	-0.620669897125477
29.455	1.4441	-0.33154	1.645
30.771	-10.607	-3.8479	1.645
35.249	-6.5454	-5.549	-0.646576094868338
37.709	-3.0288	-3.4199	-0.374021458518141
36.433	-4.7672	-1.4114	-0.184902835184395
27.534	-0.34665	-6.4868	-0.236224542203999
36.086	-7.7136	-1.5338	-0.882393004679501
38.056	-6.0844	-2.1369	-0.303304479152856
34.733	-2.7372	-1.1845	-0.00461028358935942
34.09	-1.9336	-5.9096	-0.258163050462638
30.214	-10.125	-4.3742	1.645
36.733	-2.908	-4.739	0.140298521524167
32.649	-1.5728	0.16861	0.791538495282065
35.94	-8.616	-2.4003	0.448713761963626
38.211	-6.7695	-2.7243	0.370355948179239
34.473	-6.0424	-5.0366	-0.701220380204166
36.627	-6.1571	-0.69163	-0.815613374206105
36.064	-7.1385	-1.2273	-1.12780457831966
28.21	-11.078	-3.6007	1.08648823058657
33.526	-9.8154	-3.646	0.388311246352076
37.809	-4.4404	-2.6843	0.501548837391981
36.294	-2.8729	-4.9081	-0.00587047598654116
36.932	-2.2441	-4.676	-0.352825332991597
34.882	-7.8087	-4.7386	0.0736551527851042
36.476	-7.382	-1.0621	-1.43208103304347
37.275	-3.0113	-4.2995	-0.605245338660214
37.16	-7.4515	-1.5202	-0.565667226883087
29.493	-2.0896	-0.37662	-0.35252837158249
36.008	-4.144	0.37998	-0.199408481865968
33.871	-0.68123	-5.6772	0.316344032884665
26.97	-0.27744	-6.7405	-0.891528530000461
34.878	-7.421	-4.5206	-0.0319520511300864
36.796	-7.0838	-1.2456	-1.19707548128624
36.362	-7.0014	-1.1047	-1.26158936752256
20.626	-11.99	-3.1838	1.29977961142859
37.31	-7.5264	-2.6178	-0.286749850768714
30.671	-0.85242	-6.8893	0.132848063377534
16.859	-12.177	-3.2421	1.6260638889107
36.905	-4.2578	-0.4808	0.778762125800174
35.511	-1.8353	-5.3157	-0.0389690416270145
21.085	3.772	0.79139	0.631887765106828
37.367	-3.737	-1.2535	-0.213144239522982
36.651	-7.5829	-1.2475	-1.25841605921497
35.014	-8.2377	-0.58041	-0.825613880630731
36.616	-6.8313	-0.47681	-1.12106801766623
36.201	-2.0957	-4.461	0.413200882132843
36.759	-7.1446	-0.57465	-1.49348575195296
35.043	-1.2339	-5.4064	-0.658469436629507
36.334	-6.388	-0.29077	-1.22994265130342
35.239	-3.0074	-0.11223	0.0529303081627559
33.832	-8.7472	-3.3011	-0.422214639824464
29.377	1.7668	-0.97623	1.645
36.531	-6.2769	-0.45093	-0.881839892556086
35.735	-6.5504	-5.0381	-0.0912708515791111
36.185	-8.2947	-3.287	-0.325316596763381
30.382	1.5907	-0.49021	1.645
36.292	-7.3381	-2.103	-1.21007711719446
30.558	0.84485	-0.90212	1.645
