30.252	-10.709	-4.2735	-1.645
37.784	-3.0457	-3.1938	1.0325936872364
35.233	-1.7225	-5.4094	1.07643374165951
36.304	-5.6636	-0.46282	1.01539311384654
34.958	-1.4558	-5.6443	1.14911628841759
35.711	-7.1492	-0.48083	-0.795578547276915
35.577	-2.1617	-5.7207	1.645
30.384	-1.1125	-6.3906	1.57714762112007
35.662	-6.8765	-0.14067	-0.688764278198557
37.208	-4.7836	-0.79393	0.229373231144881
35.031	-0.73919	-5.3013	1.01315068577331
30.639	-1.4277	-6.4224	1.645
30.396	1.5929	-2.7118	-0.372359150845927
37.36	-1.9229	-3.4248	0.971291538293636
38.053	-4.9272	-3.8114	-0.0496492017936931
25.215	3.2448	-0.1568	-0.110725752209001
37.946	-3.3618	-3.7233	0.503945528761723
36.345	-3.4584	-0.40195	-0.573708888126837
29.468	1.8323	-1.3242	-0.298019679330156
35.221	-8.5458	-1.1697	0.567033835825174
37.076	-4.767	-1.1442	0.31432932530846
38.1	-6.0953	-1.2467	-0.0236932470380383
37.421	-4.2265	-4.3602	1.03872403233636
37.609	-6.1563	-1.2378	-0.586540356192096
29.628	1.4832	-0.091737	0.111097067945705
30.886	-9.9839	-3.954	-1.645
36.237	-7.9567	-0.56517	-0.0598050168254039
38.043	-6.8756	-1.8666	-0.0370600065940176
37.508	-3.0489	-2.1855	1.64013484531916
38.329	-4.7319	-3.6869	-0.284100912342018
34.7	-1.2137	-5.6412	1.645
38.1	-3.8544	-2.0497	1.1139858577084
35.969	-7.2747	-0.90899	0.377609062301252
27.088	0.10397	-6.6888	1.20054482912329
37.973	-4.0567	-3.8317	0.661065386231099
27.649	-11.462	-3.5438	-0.82670977865539
35.681	-8.7417	-2.8366	-0.522311046362675
27.506	2.6504	-0.70193	1.12110772687091
29.352	-10.501	-3.6657	-1.02653444296106
36.904	-6.9214	-1.6942	-1.06968696598004
35.473	-9.362	-2.7353	-0.609688475639451
36.27	-3.1772	-4.7845	0.222171386849523
28.019	-0.25125	-6.6692	0.444588637762416
33.485	-9.167	-3.831	-0.970939874657562
34.236	-10.016	-2.8261	-1.645
33.449	-0.6842	-5.706	1.645
36.817	-3.992	-1.0023	0.925447889813107
36.439	-2.5243	-2.1194	-0.308588952439094
34.364	-0.084456	-4.3062	0.463108240228664
35.596	-0.68966	-4.4515	0.0273025206661504
36.24	-2.3286	-1.4169	1.22894995944685
36.865	-7.6925	-1.6333	-0.304791529637157
37.22	-6.5674	-1.1292	-1.07998214704478
37.897	-4.8967	-1.5729	-0.477925496098866
35.228	-2.001	-3.9949	-0.489818917663857
33.384	-0.71081	-6.05	1.645
36.605	-7.0821	-2.621	-1.08675290693417
34.196	-9.5363	-3.2052	-1.28797475583319
30.378	-9.9318	-4.0164	-1.44521300313741
35.451	-2.0421	-5.2604	0.0634903560203033
37.029	-6.5279	-1.0449	0.218366376793386
36.22	-7.0306	-1.8249	-0.790535339950885
35.361	-7.6139	-0.68234	0.117213824142457
37.68	-3.1829	-3.9933	0.658827771028665
34.157	-1.6204	0.0068926	0.407713664217031
37.485	-7.2194	-1.5734	0.393295025701362
36.966	-5.8746	-2.2644	-0.803388479429477
36.318	-6.8931	-3.2431	-1.645
34.278	-8.7974	-3.7387	-1.15668114610059
31.307	-10.824	-3.7747	-0.492862098103235
37.731	-4.9146	-1.0312	0.434557761314442
23.754	-11.761	-3.3614	-1.42825156856705
36.647	-7.5774	-0.80506	-0.681740606587616
37.798	-6.4612	-2.1662	-1.22014773795498
37.754	-3.583	-4.2792	0.113652349434426
35.975	-7.482	-0.79263	0.521366374240433
37.505	-6.6685	-2.6847	-0.723019791294595
35.53	-1.198	-4.9193	1.23450763803061
37.23	-3.1353	-2.1204	1.645
36.382	-2.1964	-0.9519	0.911357985596574
24.761	3.1961	0.59405	0.880367862843473
33.85	-8.5339	-4.1833	-1.22068619940666
31.588	-10.845	-3.7152	-1.00611471685111
34.348	-1.5875	-5.124	1.18696476689061
35.855	-8.5351	-4.1011	-0.334689278777156
35.188	-7.5203	-0.50527	-0.230321274333837
29.408	-0.87213	-6.5897	1.645
29.318	-10.906	-4.083	-1.32836804248349
36.734	-4.8522	-4.9762	0.0684565189705722
36.425	-0.63911	-3.5397	-0.452948448506322
35.68	-4.0853	-5.459	0.13870893799696
37.21	-7.0648	-0.9211	0.525406023629635
35.97	-1.7404	-1.3486	1.645
36.73	-2.8421	-4.3338	0.589550629071565
35.127	-8.9068	-3.2601	-0.675800751658518
34.516	-1.442	0.39769	0.342530535869893
26.621	-0.41676	-6.7491	1.2297415569939
33.447	-0.099584	0.24688	-0.479851946951925
35.417	-9.3933	-3.2228	-1.16899540439366
37.061	-6.5184	-1.2337	-0.188005097991456
36.761	-4.0431	-2.5386	0.643149276044033
36.51	-6.2637	-0.54518	0.251599471842395
36.466	-7.3544	-0.70317	-1.31325066862474
28.861	-2.2487	0.5869	1.645
37.211	-6.4572	-0.88182	-0.235380073559949
37.444	-6.7964	-3.6172	1.58173432081822
36.601	-7.2495	-1.0362	-0.470410635923372
27.931	-0.28496	-6.5634	0.810991366731593
31.618	-10.13	-4.2517	-1.645
36.223	-7.4272	-1.0084	-1.01624634134011
29.629	-10.882	-3.5421	-1.645
29.947	-10.855	-3.69	0.235750263468413
37.298	-6.2867	-4.72	-0.804694141918265
38.155	-4.6891	-2.4946	0.56885269602038
29.457	-8.1844	-4.6495	-1.38568255053224
37.961	-6.4367	-2.1714	0.151612298980904
24.995	-12.011	-3.4335	-1.4408274645099
37.283	-5.6156	0.019012	0.784041803226241
36.059	-5.4499	-1.2052	-0.245748018622818
27.944	-0.12737	-6.92	0.253815599247948
33.895	-8.0079	0.42918	-0.647053385019807
34.547	-9.2514	-3.6529	-1.04798950080075
27.474	2.3031	-0.87242	0.264064550496069
36.897	-3.6054	-4.7352	0.486972362404284
34.858	-0.90232	-5.1763	1.05965450110101
27.282	1.8772	0.36123	0.600145534122151
26.937	-11.434	-4.0353	-1.645
34.051	-7.057	-4.9855	-0.908299598813228
36.385	-6.6891	-0.91737	-0.105094440609677
36.707	-6.8401	-1.3848	-0.786519858937779
36.43	-6.2279	-0.72841	-0.169220557265159
37.485	-6.1472	-1.8209	-0.605227805174956
37.336	-4.2892	-1.3951	1.00349927608701
36.534	-2.8847	-3.859	0.365759870268376
36.765	-2.6537	-0.90358	-0.683166356465259
38.365	-5.7093	-3.163	-0.164483520964103
26.795	-1.38	0.76789	1.05710795436148
37.736	-7.0645	-2.0451	-0.242864360456161
27.947	-11.622	-3.3485	-0.811939663773717
29.441	-2.4441	0.42788	1.645
34.545	-0.57259	-5.36	1.33074933768185
37.192	-7.2199	-0.97104	0.834065932429095
35.643	-1.0173	-4.7475	0.672506194655604
29.467	-10.775	-3.9691	-1.645
36.573	-8.3132	-1.1099	-0.588312339558596
36.38	-6.6055	-0.06572	0.42084815475023
36.872	-7.3054	-1.1125	-0.956944437495541
31.012	0.82625	-1.0063	-0.464174626151616
33.073	-10.383	-3.0347	-1.645
33.721	-9.813	-3.1666	-1.40849094334148
36.514	-2.8311	-4.6458	0.842318496015073
26.728	-2.4993	0.37058	-0.34850714114568
35.137	-7.474	-0.47603	-0.145016706015606
33.092	-2.3509	-0.10809	0.563560866644694
30.162	1.0924	-0.59141	-0.0795327405826947
35.653	-8.8056	-2.0148	0.306338874735649
37.55	-2.3992	-4.0514	1.645
28.167	2.2203	-0.26485	0.647278399416435
37.262	-7.6743	-2.5575	0.532112004055014
28.68	-0.5989	-6.5866	0.931594532558211
36.82	-6.8749	-0.3813	-0.326617957302562
37.969	-4.1044	-3.9668	-0.105994051391607
27.04	-0.27364	-6.8262	1.645
35.876	-2.8084	-4.9303	0.428510464503965
36.613	-7.1136	-0.79163	-1.34955845992898
29.461	-1.419	0.7187	1.645
33.343	-10.105	-3.3928	-1.60085343776776
35.407	-6.9301	-1.0617	-0.364673517417716
36.67	-6.252	-0.26205	0.873040563902391
36.115	-6.9508	-0.31193	-0.195156023185226
30.193	1.2549	-0.92182	0.265886142032307
36.741	-6.2321	-0.25214	-0.310337263779892
35.394	-6.7244	-4.8998	-0.763011571217364
35.901	-7.5783	-1.5121	-1.24953921209127
36.212	-2.8864	-4.4424	-0.208194200775974
36.519	-6.8297	-1.8835	-1.32794807371927
36.757	-4.3829	-1.9128	0.613914427490034
37.299	-4.6356	-4.2258	0.0491938361821498
36.961	-6.9266	-1.1732	-0.872721577177602
35.464	-9.2253	-3.2972	-0.494656400457042
35.372	-7.55	0.094466	0.214859385835275
37.434	-3.8318	-1.858	1.645
37.432	-2.5769	-3.2596	0.535026769439378
35.832	-1.7551	-5.3572	1.09212777403434
34.841	-1.1825	-5.6789	1.49616357635514
35.748	-1.2876	-4.9432	1.20792995248721
37.279	-7.3662	-1.4602	-0.331346574275555
33.607	-1.7542	0.66326	0.908595677707008
36.366	-7.7739	-1.273	-1.04931851456889
29.524	1.8227	-0.21233	-0.443259649626196
24.281	-0.95431	1.6062	1.5567871849869
37.71	-3.7762	-3.6003	0.77103006996646
37.127	-6.706	-1.4274	-0.187452915004769
37.568	-3.1113	-4.1591	0.87981859525131
36.105	-7.3621	-0.27467	-0.321668851466221
36.68	-3.1089	-0.80076	-0.47842338994819
37.185	-5.435	-1.2468	-0.0709177324636058
35.352	-7.529	-3.7597	-0.578932634293377
37.144	-2.5994	-2.8073	1.645
36.629	-7.321	-0.79914	-1.53205722418869
29.709	-1.2098	-6.7267	1.645
28.639	-1.7463	0.11451	0.507347861694417
33.884	-9.4559	-2.2002	-1.11217680548129
29.769	-1.6298	0.65782	0.145684450862496
37.081	-2.2684	-3.7777	0.859378065610223
36.206	-7.2978	-1.6692	-0.953393217557384
25.402	-11.378	-4.1255	-1.645
37.885	-6.1483	-4.0581	0.751177238294575
31.038	-10.399	-3.8462	-0.500753645616281
36.67	-6.0862	-0.60603	-0.0734155683468043
34.412	-0.72442	-5.3799	1.645
29.81	-10.35	-3.8864	-1.10146297787
33.106	-8.9881	-4.6548	-1.17615693090924
29.473	-0.48085	-6.5681	1.645
35.74	-1.5646	-5.2828	1.48107080902818
37.574	-2.8168	-1.8882	0.131269767461171
32.89	0.72047	-2.1587	0.275396674592626
36.778	-6.6332	-1.1096	-0.608465139572007
37.034	-3.681	-5.0419	0.460407885274701
27.479	-1.1421	0.8687	0.681811965500115
35.114	-8.5241	-4.0748	-0.899184411496335
35.997	-3.0534	-4.6892	0.532267985216065
36.301	-1.469	-4.8456	1.44182847087944
33.033	0.14127	-0.89016	0.374943745794133
35.769	-1.0613	-4.7791	1.3271189019511
24.668	-11.654	-3.2159	-1.47158309176392
28.566	2.1575	-0.46418	-0.00778552963885756
18.476	-11.922	-3.6567	-0.400403619534438
31.902	-10.188	-3.1425	-0.389890063219975
35.592	-6.7005	-0.93449	0.425103405361108
34.055	0.053927	-3.4849	0.437576743457781
29.642	-1.2463	-6.7948	1.645
37.359	-2.1066	-3.8716	0.959576360779401
28.656	-0.89458	-6.9293	0.424211963281782
37.672	-6.7785	-0.78609	-0.643331120641722
35.668	-7.5501	-1.0858	0.227154529954564
36.261	-6.8152	-1.5389	-1.12975058926434
36.834	-6.7319	-1.2722	-0.800821506382462
36.996	-7.5969	-1.0678	0.0743866325079158
30.542	-6.0829	-5.3952	-1.15195497623047
35.304	-0.72865	-1.7241	0.795511664151229
32.167	-10.434	-3.3169	-1.40081218637381
37.241	-6.6798	-1.5083	-0.766300496293634
37.692	-3.8642	-3.9815	1.01264393254258
36.295	-7.3641	-1.1927	-1.01382231267178
36.177	-1.3727	-4.7834	0.727418478155801
35.221	-1.4667	-5.6054	0.900967793033157
36.195	-3.0407	-2.149	-0.269006157702005
20.821	-12.156	-3.2601	-1.10567955267034
28.31	-11.059	-4.4058	-1.645
37.112	-7.4161	-1.9881	-1.05201446517648
35.304	-6.792	-4.5462	-0.899718543196517
31.554	1.5166	-0.70294	0.16007722911125
35.332	-3.4379	0.25797	0.21159664502287
33.492	-9.8817	-3.9009	-1.645
37.411	-6.3305	-1.4893	-0.513253793148382
35.78	-6.7263	-1.6317	0.00701298456697616
33.448	-0.77411	0.15523	-0.13751650740287
35.375	-5.2242	-0.81239	0.773506883020031
33.301	-0.8584	-6.2191	1.645
33.996	-0.50546	-3.2843	0.217527041383742
36.135	-7.0239	-0.50614	-0.758485874883519
35.965	-2.0548	-5.2201	0.449311708347649
36.394	-6.1789	-1.2919	0.819101232757944
37.406	-4.8724	-2.8986	0.184035033512798
36.04	-7.8278	-3.3901	-1.5260692059382
36.003	-7.4847	-0.98669	-0.16843971996313
37.505	-3.3844	-3.665	1.645
38.095	-4.4114	-3.0289	0.196574629519951
28.845	-0.3391	-6.3215	0.833646391844858
31.873	1.1603	-1.4668	-0.0839882058206129
37.224	-5.958	-1.089	-0.501420051828677
37.745	-6.0125	-2.6235	-0.495264013643025
32.761	-10.279	-3.5803	-1.15694036984578
35.146	-6.8688	-1.1453	0.145067139252433
22.237	-11.81	-3.5527	-1.12697833272781
36.309	-1.0166	-2.6914	0.54461216273145
32.789	-9.4975	-3.0511	-0.887262405745612
38.051	-7.0224	-2.7249	-0.0084869994436812
37.117	-7.0294	-1.3152	-0.688148052905908
29.757	-0.67542	-6.5392	1.645
37.809	-6.3381	-1.42	0.312580795465791
37.268	-4.9914	-0.25184	0.0257441607383622
37.709	-3.5095	-2.5169	1.645
29.359	-1.6151	0.50232	1.14950005502948
35.72	-8.5251	-3.5035	-0.436458353552449
35.965	-1.3746	-5.0021	1.19686262149754
36.316	-4.3292	-0.2157	0.383141558318176
32.677	-8.7274	-4.1685	-1.46670286405663
38.36	-5.3256	-2.9136	0.00176310129116024
36.221	-7.3412	-4.4751	-0.836825181467569
34.415	-6.8325	0.075148	-1.06347048397568
28.368	-0.59665	-6.7559	0.946906425821298
36.759	-3.5836	-0.81804	1.29157170134556
34.095	-9.7839	-3.228	-1.08273292734689
37.368	-6.4768	-2.9922	0.456520881473413
37.332	-7.2515	-3.8961	1.1903765349013
35.258	-5.3219	-5.4431	-0.253820348051153
36.321	-3.9637	-0.27042	1.20843893129157
36.03	-6.7396	-2.2656	-0.962943978877274
36.297	-6.6218	-1.3064	-0.546928949284899
36.623	-2.2417	-4.4946	0.0717361776970899
30.035	-10.734	-3.8263	-1.645
36.66	-6.6386	-0.37036	-0.598353610550304
21.515	-0.27706	1.74	0.820191670391301
33.103	-10.306	-3.7632	-1.36377862209079
36.952	-8.0395	-3.7747	-1.09501176415513
22.571	-0.57713	1.5151	0.79373813179865
37.393	-3.4946	-4.3244	-0.0195181174332872
29.076	-11.036	-4.0158	-0.562715041748275
27.77	-11.555	-3.6482	-1.645
37.578	-3.8494	-4.4812	-0.0813495043283543
37.42	-3.8425	-1.2864	-0.656589927362192
26.936	-1.6129	1.3973	0.679647865181124
36.112	-7.3194	-0.71772	0.137579136212562
35.791	-7.0583	-0.31701	-0.274304096851051
30.4	-10.876	-4.4696	-1.645
35.159	-1.6508	-5.7185	1.32296762036111
36.861	-1.5517	-4.234	0.790421193866535
26.877	2.3493	0.26303	0.585984283996011
20.474	-12.495	-3.206	-1.17650831121909
27.177	-2.3797	0.14023	0.284877465089459
37.496	-2.3662	-2.2257	0.100766158968587
34.893	-8.2576	-0.2879	0.168609126818175
26.716	-11.636	-3.9302	-1.645
34.889	-7.5416	-4.5362	-0.151543344789919
36.442	-8.308	-1.1302	-0.756485115481545
35.773	-7.8802	-0.81617	-0.702460020117531
37.317	-6.8573	-3.3818	-0.821127456269434
36.102	-3.0749	-5.1304	0.30818983273811
37.105	-2.5589	-3.5756	0.909572493882815
25.809	-11.625	-3.7767	-1.645
31.857	1.6245	-3.1076	0.266425423139904
26.788	-1.3344	0.7076	0.471740363524365
37.049	-6.6954	-1.5441	-0.567888586325341
30.72	1.4517	-0.34053	0.0494886539663448
27.045	2.3681	0.63953	0.464723043601212
20.617	-0.3175	1.6639	1.62896846530844
37.887	-5.396	-1.5637	-0.362668802674672
37.858	-5.3791	-3.9756	0.49614994048212
37.652	-4.4151	-4.0434	-0.125101727083059
29.685	-10.994	-2.7076	0.144104468009507
33.751	-10.254	-2.9882	-1.41367887070914
33.908	-0.57427	-1.1263	0.1888053337701
36.426	-7.9875	-4.213	-0.720201570898491
33.919	-7.0507	-5.0645	-1.19657001182068
37.54	-3.8517	-4.3804	-0.0787749168967598
35.577	-1.6453	-5.4049	1.32532522603364
38.032	-3.8433	-2.5224	1.38108650933346
26.259	-0.18253	-7.0548	1.15251322487825
35.993	-7.0808	-1.3785	0.0459579754917696
34.187	-1.4715	-5.6999	0.827701918068591
38.371	-4.863	-2.051	0.692512203699075
36.918	-7.5758	-1.5006	-0.735972913523121
36.473	-1.6404	-4.767	1.01400267733858
28.657	-0.49517	-6.6234	0.494590097128642
36.394	-7.593	-0.62675	-1.43839666052449
36.478	-7.1979	-2.0881	-0.919463053339209
35.184	-9.2901	-3.1965	-1.2163558656778
33.753	-9.4761	-3.5559	-1.14614240788983
38.074	-4.3028	-2.4632	1.38023033093932
36.292	-2.6554	-4.4174	0.740143908949173
37.272	-6.8375	-1.1314	0.0865708016891948
33.715	-9.6432	-2.123	-1.61490340615053
35.237	-0.69076	-4.8874	1.02721897405435
24.414	-12.142	-3.2013	-1.41935366956171
37.569	-6.5148	-1.4642	0.11317319234764
36.96	-6.9343	-1.0159	-1.01827621019456
37.294	-1.9809	-3.4145	0.786332568916253
37.737	-6.611	-1.2513	-0.621477715273658
37.08	-2.6979	-1.4846	-0.805533137305879
37.508	-7.0244	-1.8393	-0.540896669994432
37.038	-4.3294	-1.0892	0.431374201738446
34.492	-7.3364	0.24994	-1.11745104972565
27.619	-11.723	-3.0238	-1.05609355733679
37.109	-7.0105	-0.90472	0.893775078027252
33.954	-0.85081	-5.874	1.40592015502828
25.499	-1.9116	0.89186	1.28951738100355
33.203	-10.02	-3.7952	-1.46967804001737
36.949	-4.5689	-2.2549	0.226545573212998
38.43	-6.1105	-2.4777	-0.219093319155681
36.281	-7.2612	-1.4428	-1.2278814605345
36.205	-2.6511	-0.80731	-0.0948915230900254
31.294	-7.8077	-4.7166	-1.645
28.036	-0.32208	-6.6729	1.24441984508905
37.033	-2.5461	-1.0928	0.683303541978277
33.627	-10.262	-3.7998	-1.51112001535063
28.89	2.0927	-0.92713	0.992748284156874
36.811	-6.4165	0.35144	0.576873993921492
37.011	-5.9559	-0.4383	0.136269450480556
38.201	-3.9247	-2.182	0.248976359826116
36.854	-3.5895	-4.6313	0.0446351052985167
37.373	-6.9962	-0.69014	0.317729933975692
38.149	-5.5533	-1.2842	0.522036002486301
36.144	-2.2189	-1.1147	1.15748907041035
35.14	-0.37334	-2.7565	0.656785744061174
36.902	-7.0363	-0.65284	0.054292866242172
36.446	-6.3734	-4.8093	-1.1083107173022
36.044	-8.7182	-2.4083	-0.169815688658869
34.719	-9.8405	-3.3063	-0.61044732983714
36.437	-3.6993	-4.3082	0.447419981820849
34.532	-1.6199	-5.9276	1.03194742324608
24.371	-1.4143	1.2245	1.14877639127382
27.162	-11.286	-4.1317	-1.645
35.233	-8.8871	-3.1131	-1.4292382489256
34.886	-6.2481	-5.5571	-0.47451987234002
34.45	-9.2067	-3.1109	-0.940304146111711
35.822	-6.391	-2.1782	-1.29641930579153
35.733	-1.9219	-0.14499	-0.247965159009735
35.874	-8.6177	-1.8043	0.320017667381419
34.192	-8.3314	-3.5638	-0.392893218558388
37.948	-6.3604	-1.6608	-0.922248717393513
35.228	-8.4952	-3.2171	-0.417088383545886
34.806	-6.9562	-0.62806	-0.607273023676948
26.345	-1.1055	0.5634	1.60564043091405
25.296	-0.72466	1.6146	0.350454912674844
37.422	-3.4628	-2.3274	0.686595960453744
28.048	-11.488	-4.1721	-1.645
37.105	-3.6061	-4.5524	0.833070633408469
36.419	-6.6899	-0.5559	-0.252394050851744
35.34	-2.5809	-4.242	-0.30242584575144
33.407	-9.7397	-3.9947	-0.485139786554735
32.896	-9.6574	-3.1526	-1.45525190726045
36.359	-7.4549	-1.0004	-0.83185276661463
35.12	-1.2742	-2.8903	-0.0514654774617199
37.498	-3.5547	-4.4466	0.271044666397111
36.054	-7.6498	-0.76852	-0.0645294991865475
37.167	-6.6659	-1.13	0.449280321391109
37.129	-4.2692	-2.0975	0.206227635250794
36.978	-1.6567	-1.9199	-0.583366548472041
29.606	1.5715	-0.54431	0.0762362831641013
33.643	-1.3637	-2.5897	1.21109496554959
34.789	-7.3388	-0.54573	-0.566955862132908
28.725	1.7036	-0.72164	0.360097546325566
24.712	2.8802	0.58317	0.682528794643794
36.593	-5.8661	-0.6886	0.524479232970443
36.284	-1.8405	-5.0251	-0.104166586508979
29.893	-1.3723	-6.5831	1.645
36.546	-7.4554	-1.1895	-0.93792649804712
35.946	-6.5489	-1.2203	-0.264535780618045
36.537	-6.8783	-1.0337	-0.584130253911205
20.317	-12.541	-3.2969	-1.19238254443582
34.361	-1.276	-5.9627	1.33386096990931
37.923	-3.705	-3.5402	0.349504772733988
37.259	-3.0075	-4.4835	0.928855714792904
37.096	-3.0514	-4.6541	0.407273779620608
34.849	-9.695	-3.414	-0.696208472861076
38.398	-5.8134	-1.1318	-0.453004395203006
24.003	0.13853	1.4663	0.716056153558564
37.122	-3.4666	-4.8168	0.526213091712657
36.732	-7.2218	-0.73825	-0.0545539125747211
33.778	-8.1256	-0.58235	-0.446552967787881
31.849	-10.422	-3.1593	-1.20171055097869
37.14	-3.9296	-2.3872	0.792319541363445
36.72	-6.1892	-0.64828	-0.0757308973341399
36.229	-7.0194	-0.57746	-0.217760412518333
31.782	-10.612	-2.5976	-0.535969064951123
33.339	-3.0923	-1.8954	0.832509819495877
31.845	1.0033	-1.1008	-0.677255788066333
34.623	-7.9058	-0.21977	-0.1186544964531
36.82	-6.9642	-1.231	-0.538764220280081
38.141	-4.2786	-2.7783	0.316756004833241
36.231	-6.2373	-5.1256	-1.26700426401027
36.289	-2.5821	-5.4333	0.191021671904521
37.38	-3.0814	-1.6637	-0.0792716482830305
35.425	-1.3523	-5.359	1.645
35.754	-8.7903	-3.0805	-0.670737955920133
36.588	-2.8971	-0.65573	0.270229959851641
28.461	0.98628	0.17033	0.223857990442928
36.185	-1.9151	-5.1717	0.367468664794853
36.577	-3.213	-5.146	0.311891514613042
36.786	-8.3038	-2.0017	-0.136745072242722
37.997	-4.8692	-1.9471	-0.159525716721327
37.103	-6.7509	-1.4273	-1.19071581095188
38.09	-4.6696	-3.7878	0.586093933854655
25.277	-1.3055	1.488	0.618090718757271
36.099	-2.2894	-4.5739	0.211092487569051
31.698	-1.481	-6.3148	1.645
37.265	-6.8089	-1.3866	0.119482542535165
32.951	-2.1329	0.73755	0.498919561189147
35.127	-9.5065	-3.6642	0.389443118289129
36.16	-6.4134	-0.87063	-0.309077298772029
37.729	-4.9993	-4.3855	0.255771705419106
32.13	-10.432	-3.3767	-1.57306253835218
37.573	-3.3045	-2.1576	0.00694329097418676
37.755	-3.5724	-3.9847	0.922183100430875
37.348	-6.6439	-1.5268	-0.220251304328908
37.925	-7.2268	-2.1791	-0.167007438850523
36.177	-1.8567	-5.0243	0.489543712064054
37.795	-6.7263	-1.3088	-0.159664969783401
31.65	0.84958	-1.5053	-1.13096996124652
36.07	-7.6448	-1.1824	-0.950396696034867
22.184	-12.39	-2.6067	-1.00160300971982
30.247	-10.532	-3.9948	-1.645
37.393	-6.592	-1.4972	-1.31757105289152
37.554	-2.4907	-3.7862	1.4980556841791
37.201	-7.6178	-1.6684	0.228556110881449
30.283	-1.7556	-6.5862	1.645
25.356	-12.145	-2.9767	-0.538086524393559
35.172	-5.0249	-0.59907	0.200360526226616
37.305	-7.1596	-1.4898	0.127050014806878
35.947	-3.498	-4.6138	-0.0183918469572579
33.207	-10.28	-2.8261	-1.645
28.016	2.2856	-0.45016	0.304873177042649
22.195	-0.52443	1.9394	0.421746945796153
35.802	-9.2502	-3.1529	-0.862918677487157
36.956	-7.4289	-1.0991	-0.115632199536907
38.171	-4.4907	-2.327	1.11172779944788
36.092	-7.0394	-3.7643	-1.14193462285066
26.98	-11.301	-3.1408	-1.645
35.669	-5.378	-5.4118	0.0231885011026242
34.864	-0.4048	-2.0771	0.38492188053725
36.613	-7.0288	-0.34779	-0.202687351741993
31.329	-9.8618	-4.0712	-1.41633016596718
36.769	-3.844	-5.1959	0.264141726490418
30.827	-10.451	-4.0079	-0.845652037044341
37.061	-7.7577	-3.156	-1.645
34.483	-1.1037	-5.7561	1.41947063415475
35.73	-7.9709	-0.66978	-0.228620596277379
26.612	-11.577	-3.6266	-1.645
36.745	-7.1831	-2.3689	-1.1953372675913
31.359	1.2267	-0.79001	-0.564033658795753
34.084	-5.1555	-0.37926	0.0745780995049471
38.29	-5.6387	-2.4153	-0.821031786237749
22.106	0.18732	1.8667	0.463651960030234
35.735	-6.692	-0.29731	-0.0715444602352603
17.095	-12.321	-2.8753	-0.964455667414155
36.501	-6.4825	-0.69156	0.370224732621947
26.577	2.4753	-0.54886	-0.0853739014770554
37.219	-2.0424	-2.5208	0.550712027353809
36.172	-0.92643	-4.2247	0.775654773391618
37.095	-4.2397	-4.9509	-0.635090937150819
33.674	-1.1195	0.1615	0.366061331112468
36.517	-7.0275	-0.29672	-0.6259421220106
31.972	-10.291	-4.3015	-1.34199772213365
37.138	-4.5323	-4.5154	0.230910231101271
32.883	-8.6579	-4.8132	-1.07334391320477
33.946	0.48495	-2.0193	1.22929226919401
33.226	-8.1007	-3.0252	-1.43527578757943
36.037	-8.4397	-2.6454	-0.76620215644073
32.196	-1.6907	0.61627	-0.0933458779954355
27.763	-0.19828	-6.7383	1.34169025180356
36.339	-6.8364	-0.98471	-0.173587850701634
32.65	-0.74971	-6.2361	1.645
36.261	-2.6379	-4.6789	1.26968898964527
35.636	-9.2272	-3.3149	-0.506028988739494
37.07	-2.1273	-3.4271	0.914894783237672
36.04	-8.1498	-3.5092	-1.43018341574277
37.255	-6.7602	-0.97143	0.296095927039912
33.652	-9.6058	-2.9365	-1.645
35.983	-8.1255	-2.4158	-0.534354774662533
34.944	-8.9841	-4.1297	-1.01004804941241
33.04	0.80558	-4.2231	0.760687990974266
37.059	-7.1464	-0.47755	-0.148677736610242
35.629	-9.285	-3.1762	-1.31647574479067
37.101	-2.5892	-4.5559	1.44610905438968
33.365	0.518	-1.5642	0.345260609285512
37.799	-3.4383	-3.9197	0.268936811894643
37.502	-6.2755	-1.1577	-0.084004525357557
37.352	-7.3788	-1.6396	-0.28697437645954
34.537	-0.89781	-0.21511	0.578797239243134
34.933	-9.2861	-1.8374	0.605068955459743
34.882	-6.9392	-0.59267	-0.518917263188448
28.051	-11.463	-3.9954	-0.490930151528878
38.583	-5.346	-2.3082	-0.0639425262058303
35.765	-2.3939	-5.2168	0.93719667962805
35.587	-2.51	-0.4416	0.422296391833388
37.18	-7.2877	-2.0295	-0.463529726502996
36.955	-6.6936	-0.62468	-0.170265384104916
33.145	0.72644	-3.0346	0.263685214602427
36.358	-1.9963	-3.3979	0.216988613897767
35.264	-7.1588	-0.50919	-0.516750684426609
34.658	-0.62976	-5.3143	1.62818892233667
36.36	-2.2355	-0.98092	0.925552652892157
36.834	-7.6649	-2.6837	-0.630071453657526
21.132	-1.0722	1.3773	1.645
13.152	-11.939	-3.2046	-0.791009483886525
36.426	-6.7145	-0.56541	-0.472527726611652
36.807	-6.8513	-1.4331	-0.634123942090469
36.444	-7.3508	-0.80357	-1.21467281814996
35.638	-1.1759	-3.9446	0.324597326014076
27.737	-11.284	-3.2202	-1.6311504939609
36.113	-7.5229	-1.1566	-0.479290843485991
34.689	-0.28268	-3.6521	0.611504313680107
37.379	-3.6702	-0.92475	-1.12260907405353
38.099	-4.1749	-2.0066	0.302352138551903
38.276	-3.9029	-2.2387	0.882363474659462
35.502	-5.9782	-1.6541	-0.232107822155413
36.584	-6.9242	-0.77023	-0.17740706143854
35.672	-1.7917	-5.3377	0.92641173736555
36.752	-3.5477	-2.6273	0.226781290937835
34.205	-9.6351	-2.6179	-1.55824930858401
36.673	-7.7313	-1.7312	-0.69456386879314
34.93	-7.4385	0.28604	-0.816175249867928
36.492	-7.1408	-1.0361	-1.34310287025077
37.788	-4.174	-1.7582	0.324663678700729
36.965	-3.0487	-1.9398	1.34809113389753
38.23	-4.9132	-3.4835	0.213210002291056
36.663	-3.1631	-0.3802	-0.36564403773412
33.099	0.055081	-5.2592	1.645
31.239	-10.563	-3.4322	-0.500148247650101
35.881	-1.4853	-5.1216	1.5620178439804
33.57	-8.7984	-2.8098	-0.558386225898964
37.128	-7.3755	-1.516	0.478835614448631
33.552	-9.7298	-1.7604	-0.853736959910604
35.169	-9.4052	-2.0994	0.187445450739024
33.728	-7.5046	-4.2941	-1.24104664695875
31.148	1.1191	-1.7657	-0.743603086427847
36.1	-5.7452	-0.9397	0.255938682552036
14.2	-12.25	-2.7913	-0.702307679890933
33.449	-0.70302	-0.86649	-0.0963482749307258
36.735	-2.0513	-4.5974	0.390308773873064
37.97	-6.9158	-1.8538	0.0222286989818238
37.271	-6.6982	-1.6293	-0.00759894810379387
36.379	-3.7123	-1.4074	-0.597386944958068
24.282	-11.844	-3.4144	-1.50927478229591
36.613	-3.0796	-0.94265	-0.543528859593415
35.771	-6.6465	-1.0204	0.864266610665178
29.6	1.593	-1.8446	0.672097882451795
37.883	-2.6633	-2.9858	0.869420924005918
31.258	-10.897	-3.3516	-1.52900217818301
28.835	-0.9672	-6.622	0.843678970809363
26.632	-11.363	-3.9523	-1.58486878543092
34.045	-9.3825	-2.7884	-0.973541718026797
36.668	-5.7643	-0.36006	0.512986002890729
33.156	0.051677	-0.95287	-0.10561320607821
33.764	-0.71277	-5.7633	1.28150947550047
35.295	-7.3557	-2.6164	-0.772469572025423
34.803	-7.3818	-0.18694	-0.268960863367184
34.462	-9.6263	-2.7398	-1.17420485657771
35.186	-7.3743	-0.73991	-0.589338032590285
36.568	-6.7341	-0.43936	-0.542421809986011
37.311	-7.1319	-2.484	-0.289277704563757
24.603	3.0977	0.72789	0.628201214106082
30.903	0.73487	-0.78254	-0.564574198842361
36.998	-6.8792	-0.55387	-0.516615378828163
33.493	-0.10664	-5.5756	1.09123557566313
38.411	-5.9434	-2.5654	-0.705533975803027
23.875	-11.581	-3.7265	-1.23191584250483
31.882	0.099737	0.85538	0.234838509472481
31.935	-9.6442	-3.1092	-1.645
26.959	-11.641	-3.4896	-1.645
27.536	2.4938	-0.31686	0.939000667573416
37.244	-6.5933	-1.2809	-0.0775769748789715
29.127	1.8274	-0.60295	0.36781178909895
37.126	-1.7498	-4.0023	1.30764743104706
37.964	-6.7002	-1.5893	-0.0140462363460597
29.648	-0.84476	0.71673	0.554738373897469
37.316	-6.1483	-0.43037	-0.00623859057350763
37.077	-7.9142	-1.4075	-0.674274641640314
33.288	-0.28058	-5.9272	1.645
35.647	-8.0758	-4.3618	-0.590447699002991
36.307	-7.1819	-0.72469	-0.318359537057261
37.012	-7.3768	-2.6185	-0.779694131735409
29.6	-10.915	-3.8914	-1.645
37.241	-3.7254	-1.2785	-0.633092411711967
36.381	-6.3235	-0.97449	0.62779407557156
38.228	-5.9979	-2.4075	-0.99583405041217
29.683	2.3099	-1.5653	0.0966061490596191
36.092	-3.3609	-0.37577	0.440689180367189
36.459	-2.2777	-4.9212	0.871736831554444
26.628	-11.465	-3.5706	-1.37061844773311
37.597	-4.7139	-4.268	0.193940050673991
37.638	-2.9456	-1.7393	-0.297122390306117
36.825	-5.2081	-2.5948	-0.829154896802161
37.001	-3.1956	-1.9825	1.03623127263508
35.376	-7.6203	-0.86273	0.174850626955542
29.737	-10.997	-3.7093	-0.9830270575153
36.646	-6.9621	-4.4572	0.0546538962965334
35.599	-6.7579	-0.15719	-0.843000395751987
31.82	-1.1205	-6.6025	1.645
36.406	-3.0178	-1.5552	0.085887741285295
33.897	-9.3231	-3.4479	-1.10713548990111
32.105	-1.7627	-0.10838	1.17605032553201
36.277	-7.249	-0.71106	0.00362385293544801
36.737	-5.862	-0.77037	-0.150594340301793
36.388	-6.8777	-0.40505	-0.243360078721047
37.261	-2.7718	-4.19	1.22134237916846
31.621	1.471	-2.1952	-0.643250437879845
37.684	-3.9188	-3.9944	0.0566769367372455
24.924	3.2424	0.63254	0.742572618362681
35.866	-3.3966	-1.9231	0.157311480098851
27.767	2.2237	-0.43318	1.07933048088993
35.011	-9.3326	-3.6961	-1.09506185081916
36.754	-3.0007	-4.6999	0.495867388502927
28.246	-11.364	-3.9274	-1.645
28.058	-0.40419	-6.5521	1.645
36.427	-6.7942	-0.72939	-0.151647079159558
38.176	-3.9397	-2.3623	0.988589001028086
31.848	-10.514	-3.7276	-0.86858998796269
32.421	-9.9028	-3.8736	-1.38242795643481
37.445	-4.4388	-3.7318	-0.0300970493981206
35.951	-1.7764	-5.2628	0.401454438675748
35.052	-2.3438	-0.25459	-0.263127476612021
37.046	-6.6266	-1.4054	-0.408658667413949
35.805	-0.27107	-3.7675	-0.0747830349549778
37.018	-2.1404	-3.4635	1.14325743552723
29.485	-11.04	-4.0291	-1.645
34.963	-0.91573	-4.2992	0.455747969629964
35	-8.9277	-3.0689	-0.532827521711938
37.03	-6.9054	-0.89318	0.122232962172103
36.998	-6.6701	-0.68066	0.456068077175728
28.959	-10.732	-3.9835	-1.02487931648878
28.796	2.6423	-1.0447	0.375160356841876
35.607	-1.8209	-5.5017	1.34491659080109
29.049	2.1374	-1.2587	0.314664492013914
36.564	-7.3469	-0.8169	-0.843517299927445
37.58	-5.6603	-2.0723	-0.273758142983858
31.865	0.77388	-1.3397	-0.654572210794049
29.143	-1.0016	-6.5471	1.645
27.258	0.22043	-6.3336	1.48493839249522
35.159	-8.7272	-4.1003	-0.0648758533269292
35.815	-7.8946	-0.37288	0.875580083955642
37.493	-3.1652	-4.0554	0.866804891829763
36.963	-3.5361	-2.5995	1.46527523811969
37.393	-5.8686	-0.98026	-0.401481444259149
37.813	-3.2192	-2.0258	1.03810046363205
37.005	-7.4155	-1.2923	-1.20381489823296
36.678	-7.6703	-1.4146	-0.873385029368169
36.409	-6.576	-1.957	-1.01105219591202
36.077	-2.6253	-4.9514	-0.0617319503147555
36.243	-3.5794	-0.21717	1.645
36.026	-6.626	-0.1023	-0.489136405126051
36.241	-3.1487	-1.2023	1.05657172801576
26.151	2.5267	-0.32816	0.312587074184188
37.961	-4.5137	-3.6152	0.387772637694589
34.751	-2.076	-4.7894	0.35920877770775
35.408	-1.3801	-5.2085	1.13884237583906
31.983	-8.192	0.43924	-0.739451728266709
37.348	-4.3808	-3.4643	-0.0938349044116511
25.224	-11.867	-3.7074	-1.59154638185423
29.185	-1.0694	-6.7569	1.645
34.119	-1.5572	-3.3554	0.299959220988466
35.665	-1.1446	-3.4708	-0.0721051372563661
37.853	-6.0901	-2.2477	-0.467066023576819
36.103	-2.9022	-4.7952	-0.206596228103431
36.835	-3.5596	-0.94827	-0.802690859601979
36.17	-7.445	-0.85062	-0.640137635862533
26.906	2.3831	-0.26394	0.563616683446872
36.06	-7.5642	-0.4854	-0.591821625561605
37.14	-4.964	-4.1295	0.478170783330385
36.254	-2.536	-4.605	0.431094075021269
37.401	-2.788	-4.0256	1.61633742879148
36.424	-7.281	-0.91605	-1.55566225610005
35.811	-7.1054	-0.26252	-0.76472788907141
35.131	-7.9391	-1.5386	-0.673372373427897
36.196	-2.2167	-5.2777	0.393983194427531
35.143	-3.4181	-0.3143	0.143773657720029
35.111	-2.7285	-5.6907	1.03102717004183
38.008	-3.2008	-3.5752	0.117678192391467
35.136	-0.6424	-1.0237	0.206388087722296
35.689	-6.7757	-2.8578	-1.08448374096269
29.713	-1.3836	0.57155	1.07613335717354
30.906	-10.083	-3.4443	-0.854274150708892
34.883	-4.4287	-1.5223	-0.0704445848516452
38.086	-4.8205	-3.8928	0.0329355623890728
37.501	-3.63	-3.2459	0.817919693713039
35.843	-6.6108	-1.5401	-0.0811261928863389
31.505	-10.677	-3.5357	-0.65249078714134
37.16	-6.6232	-0.7396	0.197634183282827
36.42	-7.2465	-0.79641	0.10195988088504
31.917	-9.7447	-4.6294	-1.35509368599517
37.031	-6.9763	-1.0374	-0.195391337336273
38.265	-5.2641	-1.6418	-0.35061373785904
37.023	-7.7618	-3.0738	-0.135092249725315
35.848	-8.0086	-0.74692	-1.0224099355167
37.359	-3.4721	-4.3656	0.0883354905087731
37.919	-4.1884	-3.3612	-0.0814150330959518
31.151	-10.386	-3.707	-0.924410537373854
37.056	-2.086	-4.1943	0.55192117315505
38.006	-4.5622	-1.6132	0.474782628195917
36.625	-3.1859	-5.035	0.637793730874178
22.994	0.17768	1.5887	0.158118223257252
37.974	-3.5713	-2.2629	1.47929614245196
35.991	-7.1105	-0.27884	0.0912594228460106
34.046	-7.7115	-0.99998	-0.236591410428557
28.049	-10.987	-4.007	-1.645
24.626	2.8702	0.65734	0.469610155284805
35.883	-6.8386	-4.8344	-1.23414836512428
36.537	-6.301	-1.1695	0.49506803418564
36.684	-6.916	-0.54257	-0.162276226185806
36.131	-6.7703	-0.6249	0.259068768364239
36.721	-7.1728	-1.6014	-0.748028349053919
36.291	-3.2826	-5.4975	0.387516761252352
37.998	-6.5588	-1.1578	-0.126515764244542
37.407	-3.279	-1.2402	-1.03384183671887
34.719	-0.76652	-0.38087	0.09772492129965
24.667	-11.97	-3.4268	-1.593808111847
36.562	-7.8558	-2.4601	-0.615792697710355
34.523	-6.4037	-5.2684	-0.634373943978755
36.344	-2.7243	-5.0541	0.0565499499033175
28.704	-1.2358	0.73461	-0.0839108451257364
35.112	-8.381	-1.5627	-0.567130580811981
36.561	-8.08	-2.507	-0.959135296996836
29.101	1.8205	-1.2912	-0.412542044230724
35.878	-8.1252	-1.6888	0.547576208517443
33.057	0.84632	-2.7147	0.0812315745737419
33.546	-0.34527	-5.445	1.53902736991142
31.882	-0.57295	-5.8092	1.645
24.91	-11.954	-3.5912	-1.24548781137121
38.382	-5.4187	-2.2298	0.160813403641406
35.342	-0.84757	-4.9727	1.645
34.619	-5.6944	-5.4814	-0.753774184242557
36.436	-7.5013	-0.96146	-0.810489785657595
37.02	-3.3083	-1.0167	-0.382135445625179
34.806	-8.8901	-2.973	-0.186424773048091
34.347	-0.98887	-5.2431	1.645
32.922	-10.36	-3.0592	-1.645
37.436	-2.0099	-3.387	1.645
27.802	-0.52154	-6.6001	0.791562933865131
36.324	-7.7981	-3.4379	-1.28446290743969
33.436	-1.2899	-6.2745	1.645
33.177	-9.7487	-2.9992	-1.13580276696527
27.274	2.4161	-0.10539	0.926224119812025
25.93	-1.2025	0.87789	1.645
36.272	-2.8487	-4.1937	1.50347858802042
37.157	-2.2965	-4.1908	1.35350358715832
30.682	1.0168	-1.2092	0.215199119149156
34.541	-2.8555	-1.6681	0.38249802151111
33.291	0.40457	-1.8331	0.750514777101126
37.406	-4.0066	-3.9598	-0.119605242594321
24.997	-0.66669	1.1359	0.630050807311013
36.12	-6.4143	-1.0835	0.701701895306051
34.659	-1.9863	-5.9829	0.738732967306771
36.488	-7.3251	-2.3262	-0.628538205693464
27.032	-11.414	-3.9168	-1.645
33.231	0.16905	-5.6528	1.645
35.542	-6.5946	-1.1652	0.521301814647086
36.53	-7.222	-1.5122	-1.51116346416559
35.769	-1.7993	-5.2612	0.476445722177576
35.546	-8.9878	-2.0374	-0.0371663399946763
36.791	-7.3313	-1.4707	-0.5068457443496
29.891	1.399	-0.59674	-0.23266403154299
35.835	-5.3318	-5.5868	-0.744311766303563
28.257	-0.68969	-6.8239	1.03714064121322
37.377	-6.8635	-1.8859	-0.42733177071281
27.464	-11.751	-2.8039	-1.28126645327189
28.168	-0.41404	-6.7192	1.58318477415295
37.75	-4.869	-1.3026	0.819625109411116
35.944	-7.7459	-1.3209	-0.647174017318691
38.082	-5.3314	-2.1137	0.897667863721927
33.007	0.29962	-0.29684	0.178058243904509
38.541	-5.8464	-3.3132	0.0204816490156694
36.802	-7.1285	-0.91854	0.816167787266967
37.28	-2.8613	-4.4514	1.17429205874853
27.788	-0.7983	-6.5807	0.426780055981817
29.504	-10.993	-3.853	-0.491194833928943
30.43	-10.246	-3.9492	-1.645
35.675	-7.1694	-0.86933	-0.317855090975648
37.326	-5.6839	-4.4112	0.610623171762583
36.829	-3.054	-4.6771	0.635155549507985
37.127	-7.6054	-3.972	0.557881741418115
32.465	0.75286	-1.4389	-0.608129268371033
33.046	-8.5364	-0.65937	-0.220252205956975
32.73	-10.178	-2.8586	-1.645
34.579	-9.3204	-3.3467	-1.22072163765186
33.708	-1.6614	0.33322	0.256689136541678
37.264	-6.7331	-1.3042	-0.697899877488907
33.378	-9.128	-3.986	-1.03391009188575
36.682	-6.2436	-0.22291	0.327318497301664
30.821	-10.162	-3.2975	0.1363305942325
36.51	-8.369	-3.6788	-1.06851145581859
24.884	-12.03	-3.7199	-1.15306330621616
35.633	-2.7754	-0.42644	-0.26180669426221
36.718	-6.6751	-0.98773	-0.486627334753781
35.556	-2.9167	-0.96308	0.901818420885165
27.416	-11.642	-3.608	-1.645
35.042	-7.5012	-4.9165	-0.809661868469394
37.034	-2.7736	-2.7544	1.645
37.879	-3.3745	-3.9897	0.116713393118029
28.693	1.9418	-0.84665	0.0499246813363411
36.863	-4.6665	-0.57369	1.645
37.196	-2.9731	-1.8959	0.171888364017355
28.874	-11.12	-4.0281	-1.645
37.449	-6.7361	-1.3597	-1.27146984122283
35.503	-6.2815	0.51715	-0.270059737147279
24.869	-11.715	-3.337	-1.36569112204946
37.136	-6.9179	-0.88602	0.508235345498762
37.548	-3.7864	-2.5541	1.645
36.034	-7.4432	-0.97491	-1.05574732178368
37.937	-4.7004	-4.0766	0.559153232277383
35.013	-1.0942	-0.74452	0.58584212286337
37.172	-5.7699	-2.3884	-0.928101379055431
37.69	-2.9721	-2.3396	1.645
36.99	-7.0988	-1.0916	0.145576211566921
32.325	-6.7771	-5.2843	-0.505697011850122
36.596	-8.2474	-2.108	-0.0965312670996593
34.624	-9.1756	-3.8766	-0.923881617689824
36.626	-3.6918	-0.73483	0.947463569957829
36.301	-7.5684	-2.2311	-0.90957192148019
35.615	-2.2489	-4.7724	0.575006070392946
37.742	-5.3859	-2.9074	0.521435243747016
36.329	-1.779	-4.8389	0.537669138229885
33.853	-7.9412	-4.2012	-1.05856407252213
36.495	-7.6701	-0.95526	-1.14040741413102
32.664	-10.854	-2.59	-0.893916574914563
34.45	-0.82641	-5.3395	1.645
31.683	-1.2044	1.0754	0.0878758721017432
36.139	-7.2369	-0.64364	-0.179468313846047
37.14	-3.0531	-2.5682	1.5686042315185
37.645	-3.0373	-2.7639	0.501127253161597
33.42	-1.847	-0.09335	0.325328310231581
25.808	2.4843	0.20229	0.245637143514441
36.558	-3.477	-0.7264	0.581941464929793
37.076	-2.1343	-2.4981	0.210197620784744
37.295	-3.7665	-1.2328	0.444032742748832
36.868	-7.3659	-3.4925	0.209130903389763
25.14	-11.017	-4.1427	-1.34836295205164
37.662	-2.5526	-3.9957	1.645
37.251	-3.3098	-4.4526	0.548589545404808
38.169	-4.0381	-2.3338	1.19036216894288
32.388	-10.109	-3.1943	-1.26206750373979
34.469	-3.1586	0.16337	0.494248305672987
36.915	-7.9132	-1.4713	-1.09113139425059
28.759	-11.084	-4.2342	-1.645
29.454	-1.0348	-6.7118	1.645
36.981	-6.4968	-1.3048	-1.23018618150513
23.9	3.4724	0.17699	0.0418827807766396
36.503	-3.0435	-4.7703	0.423365597487752
31.809	-9.8667	-4.0254	-1.31223110425071
36.414	-2.6558	-5.1461	0.446963216137437
37.586	-5.8647	-1.1041	0.177438247934958
35.487	-7.1229	-0.32773	-0.291845273421055
27.695	2.5926	-0.75992	0.524148940044169
36.496	-7.1131	-0.84695	-0.740437349481813
36.57	-1.9504	-4.6956	0.265786732627215
37.89	-3.3009	-2.8666	0.600723707199905
35.773	-3.3263	-5.1052	0.199028528759863
36.89	-5.1349	-4.9182	0.258557071511423
36.339	-7.668	-3.0652	-1.51629760787737
37.425	-4.7946	-3.5831	0.180780910789236
36.89	-7.2192	-1.1222	-0.201117687368825
36.973	-4.4217	-0.99545	0.831520139148315
18.117	-12.427	-2.7497	-1.05105750556814
28.914	1.9943	-0.15523	0.0484044409091493
35.884	-6.3224	-0.51641	0.25849377181896
22.895	-11.764	-3.655	-1.13820667339304
29.674	1.9213	-1.1953	-0.520839886961322
34.349	-1.3018	-5.8695	1.57636694516786
33.373	-6.1595	-5.613	-0.445007097612184
36.107	-8.3833	-3.8955	-0.999271981767353
33.708	-6.1344	-5.2625	-0.297036567838773
25.941	-0.49807	1.7601	0.0897604674705516
24.148	-11.976	-3.5319	-1.38362099998945
35.762	-2.4738	-4.9674	0.0812237441824865
34.387	-0.70831	-5.5504	0.99582394278955
37.663	-3.1052	-2.6371	1.32346082495932
37.474	-3.0541	-2.0965	0.0616748207868404
33.383	-10.034	-3.4276	-1.52431641076226
28.812	1.5111	-0.18542	0.59284319161232
36.922	-5.6457	-4.9601	-0.578794384985225
37.488	-6.6095	-1.1444	-0.217782358097711
28.073	-11.668	-3.1194	-1.645
36.91	-3.242	-1.1441	-0.172137560377779
36.175	-7.537	-1.5303	-0.978590356998365
36.358	-0.97953	-2.8211	0.564920158880265
36.017	-3.9337	-0.15164	1.2802104216166
38.576	-4.8825	-2.3728	1.36088530277777
37.872	-5.7018	-1.026	-0.235250803795392
36.697	-2.4607	-4.6981	0.232305707180389
36.349	-7.9935	-1.5244	-0.0892933557377306
37.175	-3.326	-4.0231	0.822193832672853
36.928	-3.1836	-4.6119	0.445987071657596
37.756	-7.1614	-3.4233	-0.114906783322069
37.301	-2.9975	-4.1287	1.03003209752812
30.193	1.1488	-0.66419	-0.00509667085024807
28.46	2.2846	-2.1237	0.236010326131992
24.401	-1.0807	0.94528	1.08948283568853
27.402	2.3625	-0.79184	0.0069363307761347
37.872	-6.6212	-3.506	0.921770408373064
29.53	-11.489	-3.1516	-0.794175554492115
27.857	-1.7479	0.28644	0.203141424762397
35.484	-8.9282	-1.9391	1.52205252910245
27.673	-11.413	-4.0307	-1.645
36.204	-0.51726	-2.602	1.06089648284327
28.13	-0.42296	-6.6429	1.28999248450642
29.047	-11.285	-3.5116	-1.51180798465972
37.948	-3.335	-3.8358	-0.243748851846557
36.671	-6.1766	-4.2952	0.0433372582608875
36.841	-6.0594	-5.141	-0.53968734703743
36.965	-4.6772	-4.0313	0.580600775240224
36.056	-7.7506	-4.4819	-0.632140505156774
33.524	-0.99915	-6.1235	1.47420571181706
35.209	-2.4738	-5.3197	0.14976800955398
27.447	-11.476	-3.9333	-1.645
36.676	-4.9225	-0.54227	0.0723268866556583
36.187	-1.3059	-1.2429	1.07478048756386
29.373	-1.8565	0.38733	0.642383900685799
29.141	-10.738	-4.3405	-1.645
37.819	-3.8939	-4.081	-0.229473572742241
35.461	-6.7856	0.21	-0.321924285531845
33.537	-8.6364	-4.1537	-0.846537779583181
35.576	-2.7145	-1.1661	-0.939030260983491
36.729	-7.5145	-3.1312	-0.424368051895336
36.088	-6.6977	-0.52185	0.460264812326363
32.739	0.91199	-2.6954	0.22095073812826
37.836	-4.3579	-3.3202	0.676375399484585
36.018	-6.3323	-1.1371	0.234455695994568
37.469	-3.0494	-4.2007	1.645
35.606	-2.0846	-5.5897	0.727451582198144
35.933	-6.8829	-0.44488	-0.0881263482638566
35.493	-9.2462	-3.3582	-0.641563916021677
37.53	-4.251	-3.1865	0.330928367510996
30.092	-11.065	-3.1338	-0.79843749733277
32.99	-8.9546	-0.21807	-0.56311847810504
37.519	-7.3869	-2.6661	-0.353587295335161
37.079	-6.2808	-0.77346	0.222320620422575
36.022	-6.828	-0.57731	0.190165220667058
37.918	-7.0786	-3.0856	0.125726771506308
28.343	-11.733	-3.5872	-1.645
37.494	-5.8069	-1.0089	-0.0929425377089145
34.273	-0.69818	-5.6839	1.27427977064293
26.188	-1.2389	0.73822	1.2267176140031
29.477	-10.678	-4.2809	-1.645
29.977	-11.456	-3.3584	-1.06264312762503
36.939	-3.7073	-4.6069	0.722904280763521
37.59	-3.4846	-3.6459	0.0435222604704518
28.11	-1.8263	0.47221	0.53940368787353
35.99	-2.0913	-5.2288	1.18930242444311
31.074	0.26967	-6.3372	1.645
37.27	-6.4269	-1.0324	-0.10366152049691
34.091	-7.9047	-4.067	-1.08752379478046
36.52	-7.3394	-3.0192	0.660090271565893
37.4	-6.6576	-3.761	0.61867485494182
29.113	-0.98121	-6.9442	1.24471149318856
37.029	-4.7412	-3.0954	0.781464691459267
33.037	0.75239	-2.4438	0.587397433431778
22.655	-11.631	-3.7513	-1.13352372974051
37.766	-3.2181	-1.9562	0.301895453300203
37.838	-3.7151	-3.567	-0.524806336141728
37.285	-3.4399	-4.4883	0.244086401931222
27.184	-1.4529	0.40133	0.283104340915704
38.26	-5.4613	-2.6107	-0.552106465286674
35.989	-1.6761	-5.1643	1.23320184579539
37.247	-5.6924	-4.4819	-0.303122924607499
34.351	-9.3416	-4.3517	-0.970191663804208
32.942	-10.187	-3.8424	-1.20799457228941
36.258	-3.1272	-2.1291	0.0378101073588718
37.522	-6.8014	-1.605	-1.55693598408217
34.875	-7.5634	-0.67985	-0.614433922081549
36.805	-6.8704	-0.46855	-0.907137076930012
36.438	-5.6209	-1.0791	0.155632070076846
36.039	-7.5015	-0.37316	-0.942925635072546
35.992	-6.343	-0.027214	0.988821255384563
38.018	-4.0021	-3.4175	-0.0300927692602203
36.085	-8.2433	-1.0166	-0.280008803267347
38.197	-3.1683	-2.8039	0.947367599808156
37.221	-6.2661	-0.70586	-0.0171808992766987
24.495	-0.80438	1.506	0.702145045855213
19.894	-12.408	-3.0023	-0.999207194883845
32.857	-1.747	1.0811	1.19112014836173
38.182	-4.7359	-4.0348	0.648445161362827
32.564	-8.7826	-4.3392	-0.98277622339885
33.424	-10.297	-2.9498	-1.28347382893079
37.001	-1.8216	-3.9956	1.41045168347218
32.612	-9.982	-3.3678	-1.12626165067964
26.104	2.9775	0.38525	1.00388712633273
35.856	-6.2175	-4.9262	-1.23088851207896
34.29	-0.70505	-5.4116	1.27224810425398
35.119	-8.7121	-3.9509	-0.704290416502899
32.294	1.3388	-1.5872	-0.0466478563629797
26.933	2.2884	0.38868	1.39381190141445
27.989	0.13398	0.8053	1.645
37.348	-6.549	-3.1685	-0.775558384998468
34.481	-0.83471	-4.8208	0.393511170059245
36.976	-6.7599	-1.9741	-0.632790202981514
36.879	-7.3031	-1.1171	-0.501071144218921
37.988	-3.183	-3.7179	-0.102760477762633
37.929	-6.679	-1.6821	-0.166052665224774
35.328	-8.9384	-1.7754	1.22685787231662
34.271	-9.6149	-3.6763	-0.902008786565485
33.023	-9.9253	-4.2566	-1.645
36.927	-6.6277	-0.54409	-0.00824106738651151
37.587	-7.0356	-2.9008	1.645
36.719	-7.5573	-3.667	0.534298203089649
37.13	-6.6506	-0.87502	-0.25012334920587
33.331	-10.091	-3.2853	-1.22215473046736
36.513	-6.807	-1.1852	-0.814866368704478
28.452	-0.64826	-6.6807	0.831892467137591
35.608	-8.7425	-3.6319	-1.15068638047169
36.084	-6.9266	-1.1155	-0.836246268630797
34.803	-1.1978	-5.5854	1.645
30.623	-10.628	-2.3359	-0.852763306158197
34.746	-0.83355	-5.3832	0.934499538336832
37.674	-6.0117	-3.9316	0.0901886462466289
35.239	-7.2057	-0.80222	-0.500723477697943
30.909	-10.532	-3.6165	-0.552009073399046
34.081	-0.19025	-0.19369	0.0851337512797147
36.16	-6.2388	-4.6065	-0.110467185356347
34.061	-9.7107	-2.6267	-0.761267821234713
28.401	-0.6673	-6.6758	0.99746378777283
34.108	-1.3907	0.43458	0.195443464421757
36.911	-4.0324	-0.88935	0.371525549356976
36.133	-7.4211	-1.9201	-0.992948259338166
35.653	-7.9359	-0.91161	-0.277137805229666
27.563	-1.7829	0.9933	0.887689825781525
35.686	-6.1698	-4.8122	-1.2588793043105
35.599	-6.05	-5.0311	-0.993924827985855
33.647	-9.5361	-2.9473	-1.5539218005757
37.439	-7.1052	-1.3532	0.506321351686494
23.069	-0.86413	1.3787	0.775975457020966
37.717	-5.9636	-3.8253	1.46741583143403
37.26	-1.8777	-3.7953	0.798219648012548
37.331	-2.3602	-3.1346	1.41401834185077
29.747	1.7848	-0.64182	-0.259715514556408
31.26	-1.5383	-6.2118	1.645
28.79	-0.60836	-6.4231	1.02057472179652
28.577	-1.9917	0.59004	0.618159774899065
36.944	-6.5048	0.15745	0.151165990999159
27.399	1.8644	0.060854	1.02777611480771
34.571	-8.8569	-2.5749	-1.50249155294466
37.024	-6.2246	-3.3113	-1.40414484992981
37.905	-5.2701	-3.6581	0.345624725886903
37.467	-3.1874	-2.2578	1.14469129093201
35.937	-7.7764	-1.2843	-0.721960848283282
37.269	-6.4643	-1.3187	-0.744346817053173
35.22	-2.8647	-5.4605	0.845792976472982
36.327	-3.639	-5.216	0.0807683328609071
37.298	-5.8161	-0.65225	0.357700466318738
37.658	-4.6228	-3.5033	1.04979963336422
33.532	-9.5404	-3.8361	-1.17228250126959
38.11	-4.4154	-1.7878	0.807782227998321
33.965	0.34185	-2.8306	0.666927540992698
18.681	-11.853	-3.5342	-0.972285122461943
37.578	-6.9156	-1.9975	-0.423395776736017
22.178	3.5218	0.97528	-0.268833315063364
34.324	-1.491	-0.028499	0.15550518965675
27.877	-10.224	-4.2064	-1.645
35.796	-7.3764	-0.93857	0.181840808054599
36.21	-7.1793	-0.91817	-0.570688436483991
33.756	0.78472	-3.7174	0.934201319032333
34.832	-1.3266	-5.3939	-0.149891424052102
36.693	-6.5135	-1.0092	0.452755263444396
37.262	-3.681	-4.3805	1.37515255985326
37.664	-2.5775	-2.7475	0.56294924098043
33.114	-0.44001	-5.9828	1.645
35.83	-8.0329	-0.94709	0.0706809010336078
37.168	-2.8936	-4.4433	1.14741398944808
37.252	-3.2123	-4.5515	0.703880527105905
37.485	-6.3438	-1.5371	-0.48980581595432
36.79	-1.1179	-1.9369	0.0274599027169053
36.986	-3.4192	-4.8641	0.369633239675445
28.187	-2.0153	0.64751	1.49482955131332
36.115	-2.5821	-0.79798	-0.272282104045007
32.441	-8.4786	-4.6004	-1.45048436830616
32.516	-10.186	-4.2238	-1.12543979063979
34.865	-8.7229	-3.4379	-1.38797790139693
37.744	-4.8284	-2.8158	0.277774399390865
36.311	-6.2684	-0.71261	0.256428871519455
37.547	-3.1049	-3.4645	1.645
38.079	-6.2421	-1.3115	-0.342679553746738
37.974	-3.6555	-3.1281	0.633074121792334
28.696	-0.68077	-6.8741	0.579852247856038
30.852	1.7849	-1.8279	0.172360457874584
34.821	-6.2335	-5.3327	-0.365602919211773
14.631	-11.506	-3.6427	-0.546392567171374
34.669	-0.46744	-3.1166	0.53128324843108
37.859	-5.8203	-2.0456	-0.197425343228624
36.787	-5.5935	-0.20183	-0.0266368071185427
36.693	-3.4679	-1.3316	0.406547683045515
24.838	-11.328	-3.8629	-1.645
35.763	-0.51963	-3.4807	-0.251506548410578
35.201	-6.4466	-4.6978	-0.139035961462168
32.044	-10.644	-3.7583	-1.40260043241465
36.194	-6.8002	-1.6144	0.0961814792614691
36.007	-6.7848	-4.2244	-0.939779775603256
35.927	-7.6408	-0.39627	0.0736869068927083
35.868	-8.013	-3.1225	-0.843485856342423
36.808	-7.1617	-1.0805	-0.564593832941866
36.946	-7.765	-1.2246	-1.4248943931982
36.325	-6.6188	-4.8643	-0.625046316930025
35.549	-6.4596	-0.15332	-0.215577062387838
30.435	-2.0178	-5.0573	1.645
36.901	-2.8551	-4.7309	0.423596007621314
37.149	-6.3657	-1.3475	-1.34859784410924
36.787	-3.2912	-4.7881	0.346644189721637
37.496	-2.7345	-3.0657	0.868392460129831
32.833	-9.925	-3.8629	-1.645
37.75	-6.5893	-1.4592	-0.249095723462012
36.038	-0.75241	-2.4819	0.189886757678878
28.133	-11.456	-3.6026	0.655177455022668
30.447	1.4981	0.012136	0.619387931824299
37.759	-5.8941	-2.4694	0.639623320487821
36.523	-6.9224	-0.55317	0.494309375504201
37.667	-3.3869	-1.5302	-0.414932322084993
35.259	-0.56743	-3.8436	0.698208499996759
21.996	-12.117	-3.2949	-1.38852488621279
36.696	-3.7296	-4.7045	0.589689962369437
36.844	-2.8627	-4.1771	1.27885187099205
35.141	-7.3093	-1.8385	-0.359705375468986
37.236	-5.8353	-2.0778	-0.532895096552974
27.895	2.1727	-0.70999	0.619537587020001
35.937	-7.577	-0.66075	0.471443081556069
36.415	-3.3798	-0.64911	0.90089640339279
37.914	-4.9455	-1.6546	0.988068029153162
37.81	-6.0972	-2.6215	-0.185637900124815
36.059	-6.6724	0.099282	-0.597470420824236
33.831	-0.82131	-5.9073	1.4072846767661
37.488	-4.8809	-1.9614	0.541446767539656
34.309	-1.5814	-3.0886	0.252310513855463
16.546	-12.122	-3.0507	-0.63030238463211
26.475	2.8001	-0.13414	0.710711589911279
36.584	-3.2355	-4.7375	0.626160928570407
36.968	-3.0594	-1.5917	-0.795728344188514
36.022	-5.6927	-0.69924	1.44435637004945
22.905	-1.2773	1.3333	1.19460004382421
36.937	-6.6664	-1.0888	-0.0875831790572559
38.435	-6.2835	-2.839	-1.19679685895299
35.405	-0.70375	-4.8046	0.351945069423161
36.121	-2.9466	-5.1363	0.628824517824248
36.896	-1.6696	-2.1151	1.5854827308138
27.474	-0.29098	-6.7196	1.25756672226979
34.672	-9.018	-2.7887	-0.540177952407204
36.78	-7.3321	-1.024	0.0755609515405932
31.309	1.3203	-2.1248	-0.807170826629148
34.816	-1.9829	-0.24815	0.36763874864763
31.034	2.13	-1.503	-0.440008811214814
38.1	-4.3733	-2.6288	1.25738589513387
33.506	-8.587	-3.743	-1.43989721988286
36.038	-5.389	-5.311	-1.43677447275508
34.702	-1.6396	-3.8829	0.991219031051601
32.373	0.99622	-2.1654	0.164545472436263
35.958	-2.3821	-5.0615	-0.125886826827408
37.447	-2.7711	-3.2962	0.783986965417117
34.224	-1.4421	-5.2872	1.39819130124875
25.823	2.7506	-0.30933	-0.133231795834153
36.853	-6.3522	-2.1496	-0.819431333036731
34.92	-2.181	-0.95545	-0.490873794782173
31.384	-10.126	-3.673	-0.729853611349324
36.331	-7.1059	-0.41523	-0.748798474413651
29.704	-11.031	-4.1478	-1.645
35.609	-7.1077	-0.68315	0.10781593856829
35.818	-1.2328	-4.9674	1.49988261040112
35.623	-7.3392	-1.1323	-0.0812791994027625
32.987	0.16537	-5.4076	1.1911511523392
36.38	-3.1166	-4.3906	0.432241498302773
36.763	-2.5223	-2.4664	1.35980836197388
30.806	-9.287	-3.5933	-1.645
31.819	0.77723	-1.5751	-0.600059966984825
34.867	-2.1455	-5.957	0.890624837730716
36.432	-2.9785	-1.8557	0.243226232505297
37.33	-2.1802	-2.9054	0.485650182668086
35.886	-6.8034	-0.66589	-0.0781712263417709
34.169	-2.2291	-0.29475	0.349055122677334
27.676	-0.63697	-6.9622	0.935489381191976
36.642	-7.6993	-2.0698	-1.03698721671272
36.441	-7.3309	-1.0821	-0.848933681452837
36.404	-0.77396	-3.045	0.140020720994516
32.197	1.205	-4.1368	0.159821842039201
33.119	-10.31	-2.9906	-1.645
37.344	-5.4244	-3.918	0.414073720084135
30.026	1.6761	-1.1057	-0.564328790437435
37.878	-4.0903	-2.2179	1.12969417871862
37.108	-2.6266	-1.3105	0.494393930295037
36.482	-1.3979	-3.6565	0.772289445673671
31.452	-9.1478	-3.2273	-1.645
35.595	-7.1083	-1.4836	-0.176282805346499
37.93	-4.6532	-1.5629	-0.420206486414778
28.339	-11.288	-3.7747	-1.19770762302425
34.572	-0.91389	-5.3163	0.355018088322572
27.025	-1.1452	0.8769	1.49784741878371
34.079	-9.9018	-3.0968	-0.567311170586658
35.222	-7.552	-0.12993	-0.23902912487376
37.707	-3.9647	-4.055	0.0308840926684755
37.055	-7.808	-1.365	0.100823417735683
37.028	-8.0319	-2.3737	1.645
37.484	-2.9589	-2.2054	1.38523256576783
36.636	-1.8449	-4.6217	0.870426425834699
24.255	-1.0753	1.209	1.06873954778633
37.908	-5.4849	-2.8675	-0.210843534814281
28.144	-11.285	-3.6351	-0.561013277388899
36.304	-3.0943	-4.7781	0.335528539342602
36.383	-6.8969	0.11651	-0.0513561411284695
36.032	-2.4254	-5.2954	0.788461421504825
37.693	-6.9362	-2.1968	-0.482142006940991
35.196	-7.2738	-0.20346	-0.614905355039844
36.191	-1.9754	-1.1911	0.858973554537302
35.949	-7.0988	0.036498	-0.448186228061603
32.924	-0.29634	0.38633	-0.0986897960357291
36.636	-8.1869	-3.6598	-0.0137782703446278
35.702	-1.5553	-5.3066	1.645
37.827	-3.3669	-2.5679	1.645
34.952	-6.4194	-5.1862	-0.840813843608399
25.703	0.22142	-6.7138	1.15597556994783
37.718	-6.805	-2.3753	0.277032588798923
20.57	-11.951	-3.571	-0.390639764692893
33.204	0.41913	-3.6203	0.686582879710205
36.349	-7.4662	-1.0629	-1.39067418707146
32.301	0.83282	-1.4899	-0.772337064098775
36.889	-6.3605	-0.64418	0.00159859339872776
37.364	-6.6113	-2.4395	-0.85064040457277
36.557	-6.012	0.058335	-0.290065187385459
34.899	-8.9036	-2.1978	-0.259137186616916
34.392	-0.67005	-5.3893	0.768623676237101
36.058	-0.71232	-3.8443	0.785468064754712
35.914	-2.1429	-5.1293	0.563532496734911
38.175	-6.4615	-2.3743	0.85759032212595
37.269	-6.594	-4.1428	0.202950248696906
36.296	-3.9297	-1.4904	1.29687039552409
34.929	-9.3154	-3.3453	-0.94370423871728
33.624	-9.7678	-3.2114	-1.16092743401914
35.452	-7.5059	-1.1164	-0.226827141285198
36.034	-7.7111	-0.66814	-0.348229067311192
37.161	-2.9571	-4.3767	0.678220572364564
35.801	-6.039	-0.10692	0.0405572377600767
38.018	-6.5426	-1.8973	-0.189346945539745
37.065	-2.8718	-1.9238	-0.277173508860277
37.741	-3.5231	-1.6764	-0.601546590701323
36.429	-1.94	-1.5444	1.645
38.124	-5.9004	-1.833	-1.07465944816708
37.088	-2.7651	-4.3048	1.0257666313965
37.718	-6.2576	-0.89144	-0.290475213530669
32.946	-10.118	-3.8613	-1.32767728012113
38.042	-4.4673	-2.5642	1.24619554299122
35.311	-1.2939	-5.3454	1.32060202230155
36.716	-1.7406	-3.0904	0.658765499110507
37.657	-5.2865	-0.77623	-0.46612952250831
28.415	-1.9853	0.6287	1.645
35.913	-2.1991	-5.1813	0.335871450751678
37.832	-5.746	-1.2789	-0.293981001216896
37.809	-7.1081	-3.5919	0.576497369770916
37.022	-7.8526	-1.9066	-0.443217038294038
35.963	-2.9456	-4.6888	0.547880935231203
29.139	-10.899	-4.2139	-1.645
38.328	-5.5245	-1.6957	0.0619436268344479
35.913	-3.5353	-0.26692	0.641113868473122
36.624	-2.5872	-4.7152	0.42616236991377
35.732	-7.4659	-0.892	0.250316149848967
37.405	-2.8884	-4.2719	0.445153652827463
27.224	-11.557	-2.9923	-1.645
34.219	-0.7002	-5.219	0.600468830038433
36.409	-6.4671	-0.54685	0.366612199426525
29.133	0.029435	-6.8166	0.940383495927764
34.285	-0.88002	-5.7289	1.645
35.879	-1.4706	-5.0897	1.06208649229142
33.331	-0.8698	-4.6621	1.40775335315724
28.562	-11.373	-3.9338	-1.56430846889455
34.954	-8.59	-1.2637	-0.100777772305015
12.655	-12.024	-3.1062	-0.628915663207675
33.259	-0.86748	-5.1327	0.747228631655322
38.313	-5.8634	-3.2643	-0.723486292917283
36.875	-2.9204	-4.2667	1.43193789877421
36.875	-6.5702	-0.73131	-0.0516655757748253
32.785	0.6827	-1.7577	0.429713360996526
36.807	-2.7145	-1.7884	1.645
36.197	-2.5887	-0.88178	-0.435148189698639
37.29	-3.1505	-4.2486	1.04822082752346
33.099	0.48603	-1.4884	-0.553797850323753
34.092	-8.9227	-4.1576	-0.9143380252167
37.012	-7.5666	-2.4787	-0.749336852007656
36.947	-6.3535	-1.4057	-1.11866359139427
24.144	-11.871	-4.1725	0.0653061349451285
37.294	-5.8666	-0.45628	0.239564007925498
38.453	-6.2205	-2.5167	-0.436919867555538
38.205	-3.7763	-2.7418	0.37054753038585
29.42	-11.225	-3.3753	-0.639108521616549
37.148	-5.3387	-0.68234	0.15427304952853
26.075	-11.349	-3.6326	-1.645
34.237	-0.72906	-5.5845	1.645
35.409	-7.9537	-0.78786	-0.131545979268051
36.261	-5.9674	-0.39885	0.766683377994064
35.769	-1.1302	-4.9338	1.37771855816284
34.05	-7.3166	-5.0561	-1.2004345002082
33.716	-7.4941	-2.944	-0.488105484906357
36.741	-6.3389	-1.159	-0.457184492413303
36.513	-7.4862	-2.793	-1.38000506124629
36.212	-4.2356	-0.11937	0.709956340712247
30.542	1.6715	-0.25718	0.341739845803927
37.523	-5.7548	-4.5898	0.0791339394208466
28.667	1.635	-0.37636	0.493233641467597
37.356	-5.2576	-1.0494	-0.231998610905644
36.478	-7.7756	-0.57777	-1.23515496426926
37.883	-3.842	-3.38	0.386118298116123
35.131	-9.2436	-3.3567	-0.758124438243161
37.587	-5.2175	-1.004	0.276160707985888
36.221	-2.9564	-0.61513	0.466269495279927
38.637	-6.5948	-1.8103	0.428292363637071
36.956	-3.2025	-4.4751	0.0159585404552534
29.985	-11.016	-3.6217	-0.397253484200896
31.672	-6.1599	-5.747	-1.04704039864907
36.491	-1.3732	-4.2775	0.322056444833388
37.131	-4.5617	-0.87893	1.47953275410959
31.827	0.24387	-1.1057	-0.915086687911689
36.602	-7.2462	-0.74841	-1.07332648112055
35.527	-1.6899	-5.4983	0.716454675816222
28.143	-0.79826	-6.7107	1.31678890282895
36.361	-7.4636	-0.51885	-0.859635025357255
36.981	-6.59	-0.49138	-0.839761929527313
37.82	-7.0502	-1.9993	0.343878634269487
36.574	-8.6753	-3.4189	-0.348415393173259
37.993	-6.6047	-0.58157	-0.207683099555682
36.619	-3.3442	-5.008	0.235260003986477
37.163	-4.0055	-1.8496	0.73582898877699
27.841	-0.46924	-6.7153	1.645
33.362	0.38835	-1.7634	-0.441540462388877
38.275	-5.2304	-2.3682	1.03725025075268
36.744	-6.6862	-0.47204	-0.402313910124048
29.038	-11.463	-3.3336	-1.63982227477018
32	-9.0904	-4.758	-0.728519436665548
34.952	-1.4921	-5.7799	0.274898085661517
35.586	-6.7863	-0.30952	-0.149166476830703
29.473	-2.0004	1.2233	0.702290251284542
36.946	-7.1431	-0.98937	0.510383754849815
35.2	-1.6433	-5.5416	0.128419258889294
38.265	-6.0586	-2.7998	-0.33233832890992
33.966	-0.18969	-0.95979	0.84009263817859
37.105	-2.5879	-1.2599	1.56993271673668
37.342	-6.7824	-1.0638	-0.189557477785536
36.545	-7.0306	-0.54223	-0.774246989111606
35.679	-7.0002	-1.2115	0.521080713997938
35.984	-1.9774	-4.2136	0.161259242035498
35.308	-9.5027	-2.4343	-0.999159352258833
33.845	-9.7813	-3.7695	-0.826586368490753
33.349	-0.35116	-2.0425	-0.246699712487891
27.568	-0.41487	-6.818	1.645
33.366	-9.9976	-3.4617	-1.29181237823797
19.483	-12.108	-3.7965	-0.808013639124202
37.162	-5.5491	-4.7764	-0.420167702833762
35.769	-6.9619	-0.47515	-0.364535527735106
35.88	-8.2388	-4.4135	-0.280489918152592
35.04	-7.5716	-1.0808	0.441209753156849
35.22	-1.6653	-1.0212	0.783809841920952
36.935	-5.5179	-1.3782	-1.08525305224923
35.664	-1.6218	-5.105	1.645
26.332	2.8248	-0.26543	0.357048240155273
38.305	-4.7921	-2.3396	0.502451586163639
37.264	-6.0234	-0.95589	-0.466412011601384
24.961	-12.173	-3.2356	-1.37677321159678
36.493	-3.2037	-1.737	0.735470073120839
37.016	-2.6871	-3.6991	1.645
35.521	-7.0953	-0.81215	0.492201515621804
37.573	-6.2663	-0.94834	0.186890756279806
36.713	-2.7918	-3.6785	0.920801511553803
37.267	-2.9412	-1.1413	0.4773573929905
36.105	-7.5793	-1.0388	-0.00178645366269813
36.149	-3.6882	-0.088772	1.32939952389911
29.561	-2.1923	-0.92529	-0.401683702788213
28.421	-10.501	-3.8962	-1.645
37.543	-6.6177	-3.9242	1.645
36.013	-5.2962	-5.2194	-0.379102409180978
31.616	-10.133	-3.0478	-0.394434372728889
26.865	-11.889	-3.6093	-1.645
34.944	-1.8333	-5.6746	1.42647076529203
33.974	-0.2086	-5.4289	0.722357122610722
27.421	-11.915	-3.1716	-1.645
24.068	-11.949	-3.7635	-1.41678228029426
36.904	-2.4271	-4.0264	1.61854799080258
32.829	-2.2829	-5.3286	1.31193937945435
36.607	-2.9684	-1.1872	-0.986774512890724
36.922	-6.114	-0.78434	1.645
37.221	-6.042	-1.2144	-0.593525622464571
35.954	-7.1988	-1.5628	-0.56721436337657
35.692	-8.8069	-1.7571	0.364566385156141
37.491	-6.0219	-1.2997	0.0575891631673302
35.9	-7.2416	-0.67509	-0.548881006484633
36.618	-7.6655	-0.98104	-0.474407404686161
29.945	-1.3699	-6.7296	1.645
32.161	0.91575	-1.7862	-0.310445318644563
37.605	-6.5111	-0.87244	0.226526801451259
35.517	-6.5056	-0.50915	0.0955412575575625
32.059	1.3109	-2.4168	-0.422323083740363
29.196	-10.899	-4.0629	-0.0323298745123047
24.476	-1.1701	0.93116	0.663115462556923
36.747	-2.8716	-4.7368	0.264406486519822
38.014	-3.428	-3.3169	0.825965965598822
36.001	-6.2461	-0.9769	0.27239392491196
36.332	-6.6978	-0.47076	0.00680377240467697
38.3	-5.7317	-1.6831	-0.571970764358089
29.979	-11.824	-2.9049	-1.20820773937714
37.151	-6.3028	-0.5405	-0.159518423194425
36.12	-6.1442	-0.35725	0.484544798027528
36.271	-7.3453	-1.3238	-0.958029186811119
36.488	-6.1858	-3.8549	-0.73980147251831
35.366	-1.8119	-5.5672	0.413489894757582
36.371	-1.3748	-4.149	0.162514661102612
31.428	1.6486	-2.2588	-0.467957310991339
30.715	1.0071	-0.9415	-0.57685958102517
37.231	-3.9099	-4.7721	-0.309384451543608
34.721	-8.3715	-4.579	-1.16170142410933
36.514	-8.5327	-2.2652	0.333240520846696
36.083	-2.6015	-0.39972	0.39959257325658
35.498	-8.087	-2.6598	0.347230051109351
30.178	1.4558	-0.55411	0.198982886975398
33.074	-10.314	-3.0415	-1.645
34.568	-8.0682	-4.3868	-0.47186861061498
36.881	-6.9741	-1.2878	0.220221306810277
31.206	-10.908	-3.2517	-1.645
20.185	-12.42	-3.592	-1.26955673449031
37.199	-1.6237	-2.4917	0.426934974972011
36.947	-7.3373	-1.2444	-0.0633501057100108
33.778	0.11392	-0.5513	-0.0843226894791157
36.98	-3.2319	-1.217	1.03129977954377
36.125	-7.0592	-0.43751	-0.584018924399373
30.989	1.3364	-1.2695	-0.286922473411417
37.721	-2.718	-3.5393	1.22385656843826
36.492	-7.4624	-0.46387	-0.921672906170434
35.897	-8.9728	-2.3728	0.594396756099824
36.92	-3.6492	-4.6394	0.118291520869905
36.993	-4.0546	-1.8566	0.472440577188214
34.583	-9.2741	-3.2361	-1.28543393335001
34.344	-1.2254	-5.6987	1.39030602378301
35.742	-8.0212	-3.8443	-0.977945064411713
37.001	-2.4226	-2.9225	0.965040737024661
35.171	-6.1369	-1.2886	-0.209280254820877
37.028	-3.37	-4.176	1.29225816252099
33.298	0.35184	-3.695	0.827150598649237
30.361	0.79431	-0.83387	-0.197322931237512
35.436	-6.7361	-0.95815	0.242702146412809
37.41	-6.4188	-0.83121	-0.330306709084528
36.383	-1.4084	-1.6501	0.545838833387451
28.632	2.1882	-0.58482	0.582913355534184
34.186	-2.9176	0.81454	-0.107377848464657
36.195	-4.2493	-5.2274	-0.0188627606935344
26.47	-1.2093	0.66759	0.47823770526148
36.233	-7.5856	-0.90686	-0.784488908951099
36.421	-8.4179	-2.0881	-0.83991319514385
37.469	-3.1858	-2.9957	1.03354383484307
35.257	-2.0901	-4.006	-0.488485547484805
36.163	-7.092	-0.771	0.171934733798942
37.734	-5.9544	-4.0513	-0.19655832447523
37.902	-5.9908	-2.0936	-0.757111932909285
37.448	-6.4351	-3.4083	-0.695321043164317
36.099	-7.3386	-0.73775	-0.0184029826504813
38.19	-5.2303	-3.4668	0.104500672993459
32.123	0.60269	-0.86491	-0.686658556301542
32.053	1.3059	-1.5197	-0.433524486974725
36.699	-4.6467	0.089536	0.24779353394409
27.83	-11.511	-3.6894	-1.645
35.927	-2.6184	-5.194	0.79952593131888
36.378	-8.7082	-2.2334	0.0850624408950819
37.434	-4.6484	-2.4277	0.956434235906495
36.422	-2.8263	-5.0446	0.072891009245636
37.128	-7.3771	-0.91807	0.99990276749359
36.806	-7.1946	-1.9069	-1.15736128008991
34.659	-0.55942	-4.4261	1.01920567730102
36.328	-7.1272	-0.93379	-0.314581612105426
36.281	-2.7152	-5.341	0.170502910154007
37.412	-6.2447	-2.696	-0.86920471271603
35.967	-2.729	-0.69909	1.22335910823082
36.783	-8.0664	-2.712	-0.892476123205433
36.508	-6.9874	-0.76697	-0.522200576797298
37.295	-4.7406	-4.9434	0.50575948126718
37.907	-5.6622	-1.514	-0.280426398674619
36.54	-2.6445	-3.9797	1.49082393227717
34.705	-0.88028	-5.109	1.15901204172201
35.571	-0.535	-3.7779	-0.0719533721460947
36.023	-3.1128	-0.9772	1.16327499807898
36.969	-6.9389	-2.1567	-0.999288911701462
30.821	-10.653	-3.8519	-1.645
34.81	-1.815	-0.71735	-0.597412991316069
37.007	-3.2381	-4.6457	0.419336464317396
22.98	3.3486	0.063496	-0.132153800938921
32.159	-10.433	-3.0039	-1.29216638626555
37.195	-6.8729	-0.94274	0.478595061163313
34.005	-0.32428	-5.4688	1.645
37.776	-3.2527	-3.708	0.244745151084216
25.345	2.9604	0.81839	0.475342987171745
37.704	-6.9036	-3.5007	1.645
25.232	-11.836	-3.4376	-1.51005251237067
35.212	-2.5121	-5.7232	0.637677930826237
38.366	-5.4234	-2.4492	0.304518576211596
29.989	-1.4419	-6.6104	1.645
37.702	-3.2554	-2.2478	1.35553924741928
36.695	-8.3244	-3.4796	-1.04704582179915
22.216	-0.28528	1.8218	0.16240258268464
27.938	-0.14693	-6.4389	0.420227807297857
37.215	-2.1692	-3.2804	1.077514322055
24.948	-1.1145	1.1193	0.797185037477081
35.868	-5.9551	-0.76246	0.740493883141008
28.015	-11.269	-3.5031	-0.861446069522364
36.415	-2.8229	-5.3315	0.576715203560084
36.026	-2.1342	-5.1439	-0.416602084870997
36.861	-6.3361	-0.60656	0.0488494604897552
34.486	-9.5717	-3.7802	-1.28725722186169
22.352	3.0673	1.2586	-0.319840261697256
35.219	-2.1202	-1.3575	0.865989145983294
36.39	-6.9544	-0.46647	-0.129916194946392
32.516	-0.5129	-6.2823	1.53847280300426
37.032	-6.1426	-0.88556	-0.194220160762435
28.289	2.0839	-1.1024	0.942759025088476
33.548	-1.5978	0.067007	0.0588077056265199
35.336	-1.5855	-5.3664	0.909696556446591
35.391	-7.7354	-2.7639	-1.24204338695184
36.84	-7.9578	-3.3052	-0.661229586869586
37.095	-3.2146	-1.7715	1.21807389696487
33.859	-9.2605	-2.5721	-0.859858476183047
35.877	-8.4213	-3.4308	-1.09387263489724
34.549	-0.84299	-5.6394	0.724123395003545
36.996	-7.5551	-2.6668	-1.23336848327644
34.832	-7.3907	0.24362	-1.01213557738117
33.235	-10.72	-2.9872	-1.645
37.307	-6.0201	-1.5607	-1.19751222122476
37.418	-2.9354	-2.5082	1.42714714933099
34.343	-1.6947	-5.9695	1.53361699495432
35.852	-6.3953	-0.66102	1.02363456729223
23.219	-11.625	-3.7246	-1.01786242677621
25.658	-11.743	-4.0632	-1.645
36.408	-7.0685	-0.74929	-0.824426598001808
34.872	-9.2335	-3.1798	-1.645
32.521	-10.366	-3.3013	-1.645
35.301	-7.1362	-0.87532	0.246782070453253
36.981	-7.338	-4.1057	-0.305712020565551
36.532	-2.2219	-4.9142	-0.0676885336553795
36.587	-6.9588	-0.9185	-0.567227102290531
37.804	-3.758	-2.5106	0.836037684902901
37.188	-3.3266	-4.129	0.915943715814492
36.601	-3.3263	-0.83788	-0.447792317421057
20.494	-12.103	-3.3423	-0.222679448295685
37.343	-6.62	-3.3463	-0.735441104357119
34.74	-1.4122	-5.6472	1.48839374357551
33.679	-0.86234	-0.17042	0.396359510098931
36.655	-3.0677	-4.4207	1.48274035828762
34.85	-8.5722	-4.0191	-0.851536183286215
30.867	-10.809	-3.5384	-0.107230917992023
37.307	-3.9139	-4.5918	0.319433047312608
36.667	-6.7386	-0.78268	-0.00555924945957036
31.457	-0.30158	-6.5963	1.645
35.913	-7.6121	-0.87189	-0.349737974577739
36.13	-2.8164	-5.1146	0.448610930695501
35.209	-0.0088546	-1.6024	-0.273910011267126
37.083	-6.3311	-0.76982	-0.300540572769031
36.223	-7.7271	-1.0545	-1.12892639536284
30.474	-10.434	-3.6727	-1.645
35.745	-6.4161	-0.72233	-0.136299065316384
34.25	-0.42419	-5.4538	1.645
35.158	-7.4175	-0.57039	-0.614361200548845
37.835	-4.0336	-3.727	0.881566993348374
29.205	-1.0063	-6.6398	1.645
35.456	-3.3218	0.088323	0.232555912393466
29.803	-10.77	-3.5859	-1.10515074958273
37.4	-5.3887	-1.203	0.739574753628063
38.39	-4.8164	-3.1837	0.461755679329759
28.169	-10.539	-4.4468	-1.645
37.101	-6.2474	-1.5272	-0.166914359548575
36.103	-2.9353	-0.50444	0.351114833980299
33.597	-0.56617	-5.3621	1.24226284319818
34.55	-8.264	-2.9045	-0.560648318677163
35.071	-9.1648	-1.7033	1.50673318891988
37.21	-4.2579	-4.7383	-0.326312449187192
35.826	-8.9178	-2.6398	0.466525965728997
29.572	-9.596	-4.4341	-1.645
38.35	-4.2938	-3.138	0.453101489494658
33.688	-2.6749	1.0381	0.0399359325821264
36.474	-2.0151	-4.8982	0.357091263962175
36.528	-6.7207	-0.3798	-0.0763901500245814
33.424	-10.084	-3.4669	-0.963214903607963
35.861	-2.605	-5.277	0.327034208619272
34.46	-9.1908	-4.2253	-0.310023544105288
38.32	-4.8525	-3.1108	0.14502974905518
37.496	-3.2443	-4.1554	1.38473073707252
26.909	2.6637	0.026832	0.746627580100875
23.052	-12.064	-3.317	-0.977721456668583
37.644	-6.4692	-2.6675	0.112156415512129
36.848	-6.5595	-2.1398	-1.07667494164581
29.035	1.6447	-0.066406	0.146701315364471
35.626	-7.5125	-0.57968	0.182132712433996
37.322	-7.6218	-1.4826	-0.122932493442971
35.285	-8.2893	-0.64382	0.173463265532512
20.084	-12.312	-3.48	-0.880075351565118
28.865	1.751	-0.48839	-0.0916712084742184
29.709	-10.969	-3.9119	-1.00272253106725
37.772	-3.5059	-3.3861	0.761085047236121
36.942	-6.4637	-0.66239	0.0488683532843368
33.758	0.38343	-3.2386	1.00099681448313
36.282	-1.236	-3.9953	0.505099911041497
36.872	-6.6326	-0.5159	-0.281667988499102
27.991	-1.7102	0.46544	0.755807490294252
34.467	-0.7789	-5.5486	1.24433241978994
28.91	-10.416	-4.3339	-1.645
36.451	-2.0925	-4.9467	1.26082758637324
29.772	1.7553	-0.20628	0.658336733719153
37.46	-4.4038	-1.0835	0.753402386432378
30.47	-9.6622	-4.3325	-0.16989022877127
31.478	0.98321	-0.87069	0.130587017520348
36.431	-1.4634	-3.8262	0.685115543043931
36	-9.0717	-3.5695	-1.05005203489766
37.711	-5.9719	-3.357	-1.11429328639181
27.558	-11.495	-3.2371	-1.645
24.502	-11.889	-4.0808	-0.802223169795513
36.522	-7.3306	-1.1206	-0.984958410520443
34.234	-9.0501	-4.1876	-1.41320607388544
34.039	-8.7942	-4.1058	-1.05966918529056
36.049	-2.8343	-0.31658	1.47302653862879
35.726	-3.108	-0.29894	0.114902127748649
37.247	-6.3258	-0.74275	-0.224514458113141
36.663	-8.0185	-1.3392	-0.900217518907291
36.819	-2.209	-4.6629	0.629803277914736
36.367	-7.0131	-1.7098	-1.42890642036213
37.603	-3.5366	-2.3554	1.34530355086633
37.32	-2.9559	-2.0473	0.203035790500779
36.358	-3.1915	-4.9347	0.967910019377248
18.772	-12.196	-3.1299	-1.1896846803591
32.75	-10.422	-2.8005	-1.645
36.785	-1.4031	-3.5604	0.357108644517003
35.477	-1.5291	-5.0441	0.871656257762127
28.024	-11.618	-3.2678	-1.645
38.028	-3.372	-3.8422	0.262148218238618
35.983	-6.7157	-0.25748	-0.368101501581454
37.675	-7.2641	-2.5191	0.829952167629195
38.285	-6.068	-1.6478	-0.458582439210856
37.648	-2.9954	-2.6871	1.01674229744553
36.758	-6.2914	-0.49534	0.6686654516767
37.3	-4.165	-1.6175	0.393062387418582
27.805	2.13	0.2655	0.016944666072484
33.741	-1.9733	-5.4226	1.58621954516989
36.11	-7.4497	-1.499	-1.00399673017384
37.13	-3.482	-3.5833	1.50481171415269
37.065	-7.2034	-1.1197	0.149848668495498
35.676	-1.5634	-5.343	0.855364939790504
25.634	-1.2253	0.94194	0.931617712462427
36.345	-2.7504	-1.3676	-0.854085736942706
35.006	-5.2704	-0.66318	0.206263860057015
21.515	-0.82075	1.3352	1.645
36.934	-7.1197	-1.3898	0.259412084100624
35.563	-2.7773	-0.24283	0.178342900238163
37.173	-2.6245	-3.9132	1.645
36.387	-2.0945	-4.6511	0.933015203424867
35.784	-2.114	-0.96068	-0.016109548455007
37.664	-3.9756	-1.3644	0.455538332128748
33.453	-9.9212	-3.2833	-1.00297938537334
28.418	-11.12	-3.9506	-1.645
35.617	-3.9137	0.42156	0.561633769868177
35.863	-2.4069	-2.5622	1.18348616146953
35.028	-7.1752	-0.66195	-0.114734948601755
35.812	-5.4805	-0.52955	0.626329183776698
35.948	-1.8128	-5.129	0.678158694623512
36.383	-2.5713	-5.1106	0.370792939732166
37.161	-6.9458	-4.105	0.0885621641398002
33.48	-0.64767	-5.7709	1.645
36.767	-7.3284	-1.2693	-0.199997531953591
34.688	-1.4445	-4.5017	1.00060605299716
35.727	-1.6297	-5.1851	0.0682815303196168
27.955	2.3396	-0.87238	0.816149858566151
33.377	-10.479	-2.644	-1.645
32.498	-1.6331	0.075498	0.985345783304641
37.362	-2.3661	-4.0574	1.30969080945637
37.957	-5.771	-1.0749	0.482078899452552
36.775	-7.7189	-0.67347	-1.06745285652823
37.412	-4.5111	-2.4789	1.30664398459607
36.828	-7.5118	-1.7764	-0.415002733015956
34.807	-9.2413	-0.70097	0.871120554434239
37.16	-6.5484	-1.2193	-0.66775612543108
36.12	-6.8519	-0.23334	-0.25324913543928
38.418	-4.7373	-1.7362	-0.180251246313052
33.209	-1.3065	0.58739	0.563471253318437
36.674	-2.2954	-4.338	1.06152122516393
36.732	-2.5374	-4.5019	1.10803384681216
37.642	-6.2693	-1.2363	-1.04830271528919
34.288	-1.2429	-5.9811	1.645
34.357	-6.5455	-4.6842	-1.10826183222141
33.459	-6.2113	-5.0877	-0.640835655623678
34.398	-1.8175	-6.1834	1.02079616631602
28.402	1.6858	-0.84161	0.315217959650323
36.054	-8.1439	-2.2738	-0.136723414179584
36.711	-5.4696	-0.059321	0.125462794207504
36.851	-6.8	-1.1773	-0.460575923113229
38.242	-5.918	-2.1091	-0.361883396814271
37.137	-3.3898	-4.8805	0.138339274468095
37.779	-6.3044	-1.8107	0.158402678484303
34.925	-1.4506	-5.7603	0.748372170482568
36.307	-6.6518	-5.0565	-0.228125034022597
37.216	-7.7869	-1.3901	0.354899825940023
34.201	-6.8832	-5.1613	-0.569616979947296
37.024	-5.0281	-5.0016	0.138542937565589
31.076	-10.596	-3.1788	-0.96134857057733
37.732	-3.9914	-1.8724	0.928192074911272
28.05	2.1178	-0.84351	0.181487711768347
29.068	1.9082	-0.13313	-0.212042722548452
38.105	-6.1144	-1.8308	-0.344328653030772
31.208	-10.341	-3.9103	-1.645
37.164	-3.1932	-4.4762	1.62920587827197
35.947	-7.6318	-0.92707	-0.0271554256940554
26.384	-11.718	-3.1602	-1.645
17.539	-12.176	-3.6076	-1.14483119625149
27.847	-1.0006	-6.7591	0.697358703951495
28.06	-11.31	-4.1272	-1.645
26.252	2.4373	0.2568	0.25849953473804
36.415	-1.8489	-3.4901	0.921708735569987
36.414	-6.6305	-0.54073	0.21515235242363
36.926	-6.1455	-1.226	-1.0266754717237
37.013	-1.3675	-2.5758	0.164098299976988
31.516	-1.6663	-1.0651	0.327922587544535
23.685	-0.6064	0.95115	1.48084164118578
27.546	2.3168	-0.11179	1.54524200437342
36.582	-3.2051	-5.0006	0.154435748903471
37.103	-6.8195	-0.88503	0.72502522184249
36.399	-7.0935	-1.8265	-0.243284688119613
35.481	-2.2084	-0.77026	0.705990396695975
27.377	2.5778	-0.06166	0.434115658053268
29.712	-0.9678	-6.7499	1.3924551064924
37.899	-7.3266	-2.9614	0.523988559630775
36.681	-7.6883	-1.3233	-0.198004280615566
36.539	-6.8839	-1.4043	-0.556682080906427
36.927	-2.4784	-4.6331	0.969385241481305
37.289	-5.8562	-1.1742	-0.512952634782663
36.35	-1.06	-3.5694	0.077292445935431
36.839	-2.8458	-4.6107	0.813530626217919
34.409	-9.3628	-3.4874	-1.17447007540307
21.749	-12.082	-3.1072	-1.23072937596577
36.479	-2.3034	-4.7111	1.30659128118977
35.35	-9.2134	-2.9742	-0.940157266662738
37.069	-7.3037	-1.1191	0.0242308685661445
37.293	-2.0806	-4.0461	1.57324231095972
37.112	-7.3561	-1.2594	-0.237140510121342
35.298	-7.0473	-0.77197	-0.627295649814676
34.237	-8.2289	-3.8283	-1.24534638221062
38.056	-5.1676	-2.5888	-0.269019231407817
35.642	-2.2581	-5.5624	1.32835517138153
37.132	-6.4566	-0.84542	-0.924172630441293
33.381	-2.7503	-0.92077	-0.01887389724872
36.842	-7.1254	-1.1484	-0.829970611952676
36.903	-6.0825	-1.1782	-0.293603998577189
36.19	-1.7172	-3.5639	0.976742335795144
34.92	-2.2908	-0.34357	-0.609175817900707
38.043	-4.5569	-3.3936	-0.120642517961951
35.541	-0.99494	-3.919	0.16233091394329
37.769	-5.0176	-1.871	0.44852303465929
35.269	-8.6907	-0.96378	0.316866629312637
36.885	-8.2585	-1.4113	-0.312161711175918
34.961	-9.0902	-2.5955	0.530276610216927
36.838	-3.1052	-0.58324	0.714585720996701
27.664	-10.9	-3.9195	-1.36257501581789
23.422	-0.66444	0.89025	0.522748495699384
29.878	1.9333	-3.6835	0.0136017253978592
38.515	-5.1784	-2.2231	-0.115188141019873
38.137	-5.8416	-1.5113	0.0769866906922505
37.654	-2.3191	-2.4915	0.436257680757989
35.139	-7.3104	-0.6746	-0.327637161710533
29.667	-0.36181	-6.2471	1.19941168029122
34.572	-9.5317	-2.8881	-0.419270983031773
36.627	-2.2565	-4.6513	1.48681622989954
38.041	-6.1191	-1.0396	-0.946957448695726
35.898	-7.0416	-0.93679	0.328013269608119
33.998	-7.9864	-0.16569	-0.324425475428654
35.179	-4.4275	-0.35156	-0.357657681551311
35.475	-6.9959	-0.76676	-0.61097075042122
32.07	1.4293	-2.3833	-0.106708672291341
35.045	-8.4451	-3.0206	-0.171106176162223
36.626	-6.7312	-0.7282	-0.199372046060112
28.783	-1.1034	-6.5278	1.645
35.933	-8.4365	-1.8553	-0.179910945800725
32.506	-10.224	-2.3987	-1.645
34.744	-7.6455	-4.2175	-1.34248715707402
35.716	-8.4489	-2.1184	-0.627473273494531
31.72	-0.96702	0.3544	-0.180786164869258
36.751	-6.7733	-0.83624	0.273178360445197
26.305	2.5123	-0.34699	0.119562576955735
37.254	-3.0555	-4.385	0.97761346017767
34.17	-1.3725	0.13005	0.494974494786367
36.772	-2.0808	-3.8427	0.99533846780733
28.764	-0.51537	-6.6424	1.46847887873485
38.014	-5.9577	-1.8809	0.28291114041398
34.574	-3.6874	0.49795	0.593184479281364
36.293	-1.505	-4.5643	0.582191337994936
36.234	-7.6629	-0.97961	-0.460624048311669
34.65	-7.5723	-2.293	-0.358560890934906
36.083	-8.5847	-3.8822	-1.16238149266652
27.103	-1.7895	0.51807	-0.0773764175114886
36.16	-3.0067	-5.1595	0.000295031364189693
33.832	-9.4165	-3.2844	-1.19865711705526
35.349	-1.7696	-4.8635	0.458794833422353
37.166	-4.2299	-4.5378	-0.221518641521884
34.808	-9.1052	-3.57	-0.612884797165459
35.873	-6.1718	0.076158	1.08283357699824
35.622	-2.128	-5.639	0.871616115151617
37.437	-6.1818	-4.1612	0.27959941895774
36.152	-7.3342	-0.95071	-0.673329085288374
35.261	-1.5128	-5.0484	0.704640444392446
33.824	-9.9319	-3.7705	-0.893463812799558
35.159	-5.0452	-1.1061	0.263190151265018
30.039	-10.6	-3.9322	-1.645
30.135	-9.1454	-4.2499	-0.41156457988512
29.138	-11.188	-3.8476	-1.645
35.92	-6.9901	-0.49628	-0.553500931734379
31.224	0.17342	-5.7504	1.645
35.622	-3.6657	-1.0615	-0.975719808719871
37.487	-6.2291	-1.7669	-0.517119689537653
35.929	-8.1243	-1.4357	-0.171473157716892
33.353	-0.15211	-5.6436	1.645
34.134	-10.156	-2.7773	-1.34351530518205
35.54	-1.4891	-4.931	0.367058227306123
34.026	-9.7903	-3.2879	-1.01394341572158
36.626	-5.7911	-1.2278	0.127850329843706
24.178	-11.704	-3.6301	-1.645
37.404	-5.4861	-1.3972	-0.80432518958268
33.892	-0.68384	-5.8885	1.43362295445705
24.368	3.7988	0.25655	0.302611777078832
25.316	0.0397	0.96357	0.932867121776419
36.37	-2.9592	-4.9675	-0.211300239277652
36.177	-2.5183	-1.6875	-0.614929723119465
34.494	-0.21675	-1.9609	-0.0420240834810872
36.989	-2.1522	-4.4694	0.954825874367707
29.538	-10.738	-4.0519	-1.645
37.198	-6.5255	-1.0386	-0.189984385670459
36.164	-7.808	-2.0116	0.278086801122123
26.615	-11.683	-3.4185	-1.645
35.959	-8.016	-1.3819	-0.651029361297633
37.27	-6.2276	-1.1357	-0.113591891963475
36.454	-6.533	0.32032	0.0602207103763079
36.452	-2.8956	-0.53636	-0.360377947068264
33.279	-10.124	-3.4263	-1.645
26.736	2.6919	-0.6298	-0.33177989581315
37.768	-2.7583	-2.6984	0.0177074649394365
35.59	-2.7801	-5.4654	0.667691198256577
37.579	-7.1001	-2.0947	-0.982250687711177
36.093	-8.6628	-3.2445	-0.719005400258572
33.734	-9.5652	-3.4776	-1.10968644541101
38.216	-4.6273	-2.5373	1.00552510680528
27.089	-11.553	-3.8875	-1.645
32.801	-10.494	-2.9191	-1.50557654707883
38.241	-4.5629	-4.0563	0.542895490221845
37.785	-3.759	-1.4766	0.151603587119043
38.276	-5.2348	-2.0977	0.587233936886779
37.742	-3.366	-3.0438	0.301810146290519
27.815	-0.57083	-6.707	1.645
28.23	-0.50422	-6.5389	1.12294577699539
29.63	-0.92416	-6.7941	1.59971859491241
33.189	-2.0783	0.76822	0.377468997232891
34.078	-0.040589	-5.3448	0.965112335516166
36.923	-2.6406	-4.693	0.604238516305932
30.923	-10.273	-3.951	-1.645
33.454	-0.75361	-5.856	1.11956698735286
37.946	-3.4073	-2.4633	1.49235201296061
24.271	-12.112	-3.4109	-1.20670978343441
36.432	-7.4201	-0.80639	-1.13583752857722
35.365	-1.0409	-4.4356	0.0696530113347655
36.627	-4.0545	-5.0559	0.302663123499773
36.92	-5.8143	-0.62305	-0.1531622465796
36.617	-3.1258	-4.9507	0.0954346892642446
35.936	-1.5523	-5.1143	0.985861068653325
22.13	-12.369	-2.9595	-1.14234722454241
35.285	-7.5377	0.066807	-0.873562574460498
34.246	-1.9271	-6.1455	0.830241335350867
35.563	-0.78294	-4.4159	0.0910438582409384
37.246	-2.3567	-4.2847	1.07300066836974
36.836	-2.003	-4.5542	0.812251571913325
35.681	-7.0142	0.034118	-0.516985186558678
28.476	2.3052	-0.21928	0.436876232603626
36.702	-4.5632	-0.72328	1.645
35.022	-2.2931	-0.30106	0.262749536831296
36.997	-2.8596	-4.6194	1.33317262338342
31.828	1.1086	-2.2523	-1.18888424756305
35.129	-7.3311	-0.43908	-0.238474952450603
35.687	-2.4359	-5.3201	0.903164370066218
26.988	-0.92323	0.91876	0.362273407639008
31.846	-3.3065	-0.63738	-0.165917803211548
33.401	-1.0653	-5.7202	1.09033041467522
36.04	-6.7814	-0.20054	-0.640786803816231
34.114	-0.95412	-5.5611	1.32807885144403
36.599	-6.6278	-0.62335	0.262889088139793
37.135	-6.6056	-1.2216	-0.397938242773353
38.176	-5.8106	-2.8118	-1.07436845695659
37.58	-4.0989	-3.3811	0.624774542331897
35.637	-6.7245	-0.37612	0.472058031853309
35.282	-0.54191	-4.5888	0.821297460445835
35.082	-1.3413	-5.5522	1.35920773057502
35.866	-8.262	-4.0059	-0.490815456254462
37.104	-7.4099	-0.84084	-1.14698726926137
35.513	-9.1151	-3.2543	-0.570913889466109
36.187	-7.133	-0.64214	-0.526534156111545
35.107	-0.70271	-4.7009	1.08443993048579
37.184	-1.7013	-2.732	0.598384814255403
37.267	-6.9481	-1.9059	-0.742727166577575
32.963	-0.82231	0.13576	-1.04685368536423
35.467	-1.2018	-5.1814	1.18735112891307
19.144	-11.629	-3.5846	-0.972136100341226
35.444	-3.6749	-0.45329	-0.56755917464199
33.256	-0.209	-5.6186	1.645
38.277	-5.7043	-2.5148	-0.893363796848595
35.262	-6.5396	-0.11959	-0.595096132083592
36.147	-2.2079	-4.9607	-0.28606851430675
25.063	2.6942	0.50611	0.742156743520329
35.954	-7.1833	-0.97152	0.575433011444663
31.359	1.133	-1.4757	0.274797615596758
36.883	-3.2841	-4.7561	0.322587372558647
37.07	-3.5895	-4.5398	-0.125941014206869
29.455	1.4441	-0.33154	0.100703502888872
30.771	-10.607	-3.8479	-1.645
35.249	-6.5454	-5.549	-0.923604057481784
37.709	-3.0288	-3.4199	0.598217551599674
36.433	-4.7672	-1.4114	-0.0221726392523182
27.534	-0.34665	-6.4868	0.336756287753279
36.086	-7.7136	-1.5338	-1.0102065146013
38.056	-6.0844	-2.1369	-0.733812181639379
34.733	-2.7372	-1.1845	0.0596476642082244
34.09	-1.9336	-5.9096	0.813309439402263
30.214	-10.125	-4.3742	-1.645
36.733	-2.908	-4.739	0.273534353526582
32.649	-1.5728	0.16861	-0.194494513313268
35.94	-8.616	-2.4003	-0.638399718358056
38.211	-6.7695	-2.7243	1.21575162611753
34.473	-6.0424	-5.0366	-0.752335176269895
36.627	-6.1571	-0.69163	0.0517047724611197
36.064	-7.1385	-1.2273	-0.399801901787794
28.21	-11.078	-3.6007	-1.0742899689125
33.526	-9.8154	-3.646	-1.07281146088369
37.809	-4.4404	-2.6843	1.03335073813653
36.294	-2.8729	-4.9081	0.321636833712024
36.932	-2.2441	-4.676	1.09738904767936
34.882	-7.8087	-4.7386	-0.734108030811319
36.476	-7.382	-1.0621	-1.13399187173909
37.275	-3.0113	-4.2995	0.587921129835027
37.16	-7.4515	-1.5202	0.870830754513329
29.493	-2.0896	-0.37662	0.702288320089768
36.008	-4.144	0.37998	-0.00771087399317465
33.871	-0.68123	-5.6772	1.24082838381938
26.97	-0.27744	-6.7405	1.29319305236751
34.878	-7.421	-4.5206	-0.621743449263305
36.796	-7.0838	-1.2456	-0.586514829276109
36.362	-7.0014	-1.1047	-0.512637286013742
20.626	-11.99	-3.1838	-1.13708971929916
37.31	-7.5264	-2.6178	0.951953757314414
30.671	-0.85242	-6.8893	1.645
16.859	-12.177	-3.2421	-0.891109040624019
36.905	-4.2578	-0.4808	0.922145612614458
35.511	-1.8353	-5.3157	1.645
21.085	3.772	0.79139	0.275453249028978
37.367	-3.737	-1.2535	-0.800717883084856
36.651	-7.5829	-1.2475	-1.06779093097252
35.014	-8.2377	-0.58041	0.0874823004904399
36.616	-6.8313	-0.47681	0.77730961558874
36.201	-2.0957	-4.461	0.282695061597875
36.759	-7.1446	-0.57465	-1.04571356725346
35.043	-1.2339	-5.4064	1.40126938499057
36.334	-6.388	-0.29077	0.33132208033369
35.239	-3.0074	-0.11223	0.606594576017438
33.832	-8.7472	-3.3011	-1.08840654886204
29.377	1.7668	-0.97623	-0.00660347757996055
36.531	-6.2769	-0.45093	0.74099805083623
35.735	-6.5504	-5.0381	-0.867041305087611
36.185	-8.2947	-3.287	-0.706136585898367
30.382	1.5907	-0.49021	-0.0400563364623927
36.292	-7.3381	-2.103	-1.24965556206062
30.558	0.84485	-0.90212	-0.12560794249331
