30.252	-10.709	-4.2735	1.02728459295105
37.784	-3.0457	-3.1938	-0.377358328991149
35.233	-1.7225	-5.4094	-0.128445862865882
36.304	-5.6636	-0.46282	-0.565644573923619
34.958	-1.4558	-5.6443	-0.510403942983747
35.711	-7.1492	-0.48083	0.158735506622752
35.577	-2.1617	-5.7207	-0.736507833324672
30.384	-1.1125	-6.3906	-1.41652911603993
35.662	-6.8765	-0.14067	-0.0943024355268183
37.208	-4.7836	-0.79393	0.349772853566728
35.031	-0.73919	-5.3013	-0.590253696173792
30.639	-1.4277	-6.4224	-1.645
30.396	1.5929	-2.7118	-1.25980027605077
37.36	-1.9229	-3.4248	-0.294273497024076
38.053	-4.9272	-3.8114	0.249821867609527
25.215	3.2448	-0.1568	-1.35001614359319
37.946	-3.3618	-3.7233	0.0381085564631494
36.345	-3.4584	-0.40195	-1.13971712263221
29.468	1.8323	-1.3242	-0.757136341776622
35.221	-8.5458	-1.1697	1.01662163362357
37.076	-4.767	-1.1442	0.209487198976959
38.1	-6.0953	-1.2467	0.40968437728872
37.421	-4.2265	-4.3602	0.799842238146064
37.609	-6.1563	-1.2378	0.450213751389889
29.628	1.4832	-0.091737	-1.645
30.886	-9.9839	-3.954	1.00897871224225
36.237	-7.9567	-0.56517	-0.292239274426548
38.043	-6.8756	-1.8666	0.171110468373744
37.508	-3.0489	-2.1855	-1.07848406256477
38.329	-4.7319	-3.6869	0.153101544182747
34.7	-1.2137	-5.6412	-0.530544443606702
38.1	-3.8544	-2.0497	-1.35797234659033
35.969	-7.2747	-0.90899	0.556070658253656
27.088	0.10397	-6.6888	-0.178223091322872
37.973	-4.0567	-3.8317	-0.172024323625544
27.649	-11.462	-3.5438	1.32660011395331
35.681	-8.7417	-2.8366	1.01990349923737
27.506	2.6504	-0.70193	-1.25416962726021
29.352	-10.501	-3.6657	1.50556707144103
36.904	-6.9214	-1.6942	0.699289786595848
35.473	-9.362	-2.7353	1.645
36.27	-3.1772	-4.7845	0.534588892670773
28.019	-0.25125	-6.6692	-0.326224746655512
33.485	-9.167	-3.831	1.645
34.236	-10.016	-2.8261	1.26138174872633
33.449	-0.6842	-5.706	0.59616512519667
36.817	-3.992	-1.0023	-0.424622128491452
36.439	-2.5243	-2.1194	-0.868288561270812
34.364	-0.084456	-4.3062	-0.932064108585214
35.596	-0.68966	-4.4515	-0.774756252892242
36.24	-2.3286	-1.4169	-1.43559440821882
36.865	-7.6925	-1.6333	1.15851788159984
37.22	-6.5674	-1.1292	0.19951223747576
37.897	-4.8967	-1.5729	0.933710071662467
35.228	-2.001	-3.9949	-0.249001080537284
33.384	-0.71081	-6.05	0.358849128987569
36.605	-7.0821	-2.621	0.0696600056551443
34.196	-9.5363	-3.2052	1.04305722769035
30.378	-9.9318	-4.0164	1.3452975489209
35.451	-2.0421	-5.2604	-0.526356993863082
37.029	-6.5279	-1.0449	-0.53143236813297
36.22	-7.0306	-1.8249	1.00472874290301
35.361	-7.6139	-0.68234	0.764732025053585
37.68	-3.1829	-3.9933	-0.552731690389435
34.157	-1.6204	0.0068926	-1.55240410141021
37.485	-7.2194	-1.5734	0.302472543289168
36.966	-5.8746	-2.2644	0.447062634273562
36.318	-6.8931	-3.2431	0.261530226028574
34.278	-8.7974	-3.7387	1.02061660164603
31.307	-10.824	-3.7747	1.645
37.731	-4.9146	-1.0312	-0.339913381288547
23.754	-11.761	-3.3614	1.16497404769066
36.647	-7.5774	-0.80506	-0.0562706927368304
37.798	-6.4612	-2.1662	0.350135964542136
37.754	-3.583	-4.2792	0.591457276442008
35.975	-7.482	-0.79263	0.267387052582131
37.505	-6.6685	-2.6847	0.544731419931946
35.53	-1.198	-4.9193	-0.68795408079963
37.23	-3.1353	-2.1204	-0.830309002903523
36.382	-2.1964	-0.9519	-0.785086066220877
24.761	3.1961	0.59405	-1.645
33.85	-8.5339	-4.1833	1.57438696967911
31.588	-10.845	-3.7152	1.645
34.348	-1.5875	-5.124	-0.297717117932345
35.855	-8.5351	-4.1011	1.53910129263988
35.188	-7.5203	-0.50527	0.207686282469626
29.408	-0.87213	-6.5897	-1.08093227339204
29.318	-10.906	-4.083	1.645
36.734	-4.8522	-4.9762	0.808061656274885
36.425	-0.63911	-3.5397	-0.290533907684385
35.68	-4.0853	-5.459	0.0103964661383896
37.21	-7.0648	-0.9211	-0.164462780732231
35.97	-1.7404	-1.3486	-0.740872238564762
36.73	-2.8421	-4.3338	0.052169468540363
35.127	-8.9068	-3.2601	1.43148601216319
34.516	-1.442	0.39769	-1.19031118848896
26.621	-0.41676	-6.7491	0.340531382783002
33.447	-0.099584	0.24688	-1.60634205833388
35.417	-9.3933	-3.2228	1.645
37.061	-6.5184	-1.2337	-0.353391940963006
36.761	-4.0431	-2.5386	-1.15213729498994
36.51	-6.2637	-0.54518	-0.356510346594074
36.466	-7.3544	-0.70317	0.37878970090566
28.861	-2.2487	0.5869	-0.875207028381464
37.211	-6.4572	-0.88182	-0.111353846599589
37.444	-6.7964	-3.6172	0.016525674870673
36.601	-7.2495	-1.0362	0.289951498868588
27.931	-0.28496	-6.5634	0.141229648273539
31.618	-10.13	-4.2517	1.13787920665001
36.223	-7.4272	-1.0084	0.242990656191318
29.629	-10.882	-3.5421	0.862716334177631
29.947	-10.855	-3.69	1.645
37.298	-6.2867	-4.72	-0.329232114958759
38.155	-4.6891	-2.4946	-0.146707521812866
29.457	-8.1844	-4.6495	1.52821996484378
37.961	-6.4367	-2.1714	0.391300018151289
24.995	-12.011	-3.4335	0.39469331199953
37.283	-5.6156	0.019012	0.366614721036936
36.059	-5.4499	-1.2052	-0.642230721470432
27.944	-0.12737	-6.92	0.869158013557095
33.895	-8.0079	0.42918	0.628281832355111
34.547	-9.2514	-3.6529	1.55563549844095
27.474	2.3031	-0.87242	-1.31879717916725
36.897	-3.6054	-4.7352	0.211255193281485
34.858	-0.90232	-5.1763	-1.05828673841804
27.282	1.8772	0.36123	-1.645
26.937	-11.434	-4.0353	1.645
34.051	-7.057	-4.9855	-0.0850912206677202
36.385	-6.6891	-0.91737	-0.333647975782913
36.707	-6.8401	-1.3848	0.459309452492346
36.43	-6.2279	-0.72841	-0.130642483775857
37.485	-6.1472	-1.8209	0.542004919741911
37.336	-4.2892	-1.3951	-1.09057013480626
36.534	-2.8847	-3.859	0.562864278502753
36.765	-2.6537	-0.90358	-0.976013538783009
38.365	-5.7093	-3.163	0.616074219311248
26.795	-1.38	0.76789	-0.860551854530299
37.736	-7.0645	-2.0451	0.860126090876944
27.947	-11.622	-3.3485	1.50341095373378
29.441	-2.4441	0.42788	-0.353190726740797
34.545	-0.57259	-5.36	-0.901209680965605
37.192	-7.2199	-0.97104	-0.894381138903295
35.643	-1.0173	-4.7475	-0.920784129102429
29.467	-10.775	-3.9691	0.577998380689925
36.573	-8.3132	-1.1099	0.390989691857983
36.38	-6.6055	-0.06572	0.436524415219009
36.872	-7.3054	-1.1125	0.388336456661959
31.012	0.82625	-1.0063	-1.35375279862976
33.073	-10.383	-3.0347	1.6380582674625
33.721	-9.813	-3.1666	1.645
36.514	-2.8311	-4.6458	-0.0485791687943769
26.728	-2.4993	0.37058	-0.717817235662143
35.137	-7.474	-0.47603	0.102581833865536
33.092	-2.3509	-0.10809	-1.55276088650088
30.162	1.0924	-0.59141	-1.645
35.653	-8.8056	-2.0148	0.73690033872105
37.55	-2.3992	-4.0514	-1.06416721842582
28.167	2.2203	-0.26485	-1.39199371233889
37.262	-7.6743	-2.5575	0.330187949084542
28.68	-0.5989	-6.5866	-0.138640131649874
36.82	-6.8749	-0.3813	0.223973032778232
37.969	-4.1044	-3.9668	0.171366090758668
27.04	-0.27364	-6.8262	0.082794146143076
35.876	-2.8084	-4.9303	0.900692601044115
36.613	-7.1136	-0.79163	0.317974491165601
29.461	-1.419	0.7187	-0.706387273053263
33.343	-10.105	-3.3928	0.956538849172205
35.407	-6.9301	-1.0617	-0.34869205920121
36.67	-6.252	-0.26205	0.0810818528353407
36.115	-6.9508	-0.31193	-0.131536944532647
30.193	1.2549	-0.92182	-1.15731628868225
36.741	-6.2321	-0.25214	-0.142760944555176
35.394	-6.7244	-4.8998	-0.445727028889743
35.901	-7.5783	-1.5121	0.310177969761828
36.212	-2.8864	-4.4424	0.120300634870037
36.519	-6.8297	-1.8835	-0.305650442657273
36.757	-4.3829	-1.9128	-0.494598055168836
37.299	-4.6356	-4.2258	0.252186750176108
36.961	-6.9266	-1.1732	0.913710049085561
35.464	-9.2253	-3.2972	1.645
35.372	-7.55	0.094466	1.10054248960649
37.434	-3.8318	-1.858	-1.11954754603612
37.432	-2.5769	-3.2596	-0.596323659000411
35.832	-1.7551	-5.3572	-0.483196630038868
34.841	-1.1825	-5.6789	-0.92299146181848
35.748	-1.2876	-4.9432	-1.15956528469588
37.279	-7.3662	-1.4602	0.238894798141764
33.607	-1.7542	0.66326	-1.645
36.366	-7.7739	-1.273	0.427752621988487
29.524	1.8227	-0.21233	-1.645
24.281	-0.95431	1.6062	-0.295417935203697
37.71	-3.7762	-3.6003	0.533764517121327
37.127	-6.706	-1.4274	0.264620168080222
37.568	-3.1113	-4.1591	-0.676155827988654
36.105	-7.3621	-0.27467	-0.467370232326556
36.68	-3.1089	-0.80076	-0.730266159058958
37.185	-5.435	-1.2468	0.612108108625286
35.352	-7.529	-3.7597	0.240415636991814
37.144	-2.5994	-2.8073	-0.053076512118483
36.629	-7.321	-0.79914	0.154508877903579
29.709	-1.2098	-6.7267	-1.645
28.639	-1.7463	0.11451	-0.143876637076871
33.884	-9.4559	-2.2002	0.725588963169201
29.769	-1.6298	0.65782	0.0408385750844259
37.081	-2.2684	-3.7777	0.379138458760131
36.206	-7.2978	-1.6692	0.119018127224764
25.402	-11.378	-4.1255	1.31149174578028
37.885	-6.1483	-4.0581	0.27411416659008
31.038	-10.399	-3.8462	1.645
36.67	-6.0862	-0.60603	-0.0157488058500714
34.412	-0.72442	-5.3799	-0.46226090640743
29.81	-10.35	-3.8864	1.26171486915203
33.106	-8.9881	-4.6548	0.490857846611554
29.473	-0.48085	-6.5681	-0.834888525644989
35.74	-1.5646	-5.2828	-0.491959721517873
37.574	-2.8168	-1.8882	-0.934858050535821
32.89	0.72047	-2.1587	-1.645
36.778	-6.6332	-1.1096	0.802388788817903
37.034	-3.681	-5.0419	0.728797441734764
27.479	-1.1421	0.8687	-0.311494568004942
35.114	-8.5241	-4.0748	1.62887397789293
35.997	-3.0534	-4.6892	-0.653173465215097
36.301	-1.469	-4.8456	0.121846293155438
33.033	0.14127	-0.89016	-1.5357768950518
35.769	-1.0613	-4.7791	-0.31038411944378
24.668	-11.654	-3.2159	0.959210673456005
28.566	2.1575	-0.46418	-0.970568069664539
18.476	-11.922	-3.6567	0.959240738620861
31.902	-10.188	-3.1425	1.645
35.592	-6.7005	-0.93449	-0.140974621295576
34.055	0.053927	-3.4849	-1.4564916135683
29.642	-1.2463	-6.7948	-1.645
37.359	-2.1066	-3.8716	-1.30387541633666
28.656	-0.89458	-6.9293	-0.74614930931861
37.672	-6.7785	-0.78609	0.128730021227633
35.668	-7.5501	-1.0858	0.398366964011546
36.261	-6.8152	-1.5389	0.00810072732369097
36.834	-6.7319	-1.2722	0.138013737345398
36.996	-7.5969	-1.0678	0.364909441929828
30.542	-6.0829	-5.3952	0.454140896528742
35.304	-0.72865	-1.7241	-1.645
32.167	-10.434	-3.3169	1.645
37.241	-6.6798	-1.5083	0.551794638642624
37.692	-3.8642	-3.9815	0.263078450888875
36.295	-7.3641	-1.1927	0.749773669510933
36.177	-1.3727	-4.7834	0.0958293625459689
35.221	-1.4667	-5.6054	-0.730531749005377
36.195	-3.0407	-2.149	-0.392473797722105
20.821	-12.156	-3.2601	0.663981607188317
28.31	-11.059	-4.4058	1.28741379003563
37.112	-7.4161	-1.9881	0.684904226728463
35.304	-6.792	-4.5462	0.606721056653392
31.554	1.5166	-0.70294	-1.63127829208708
35.332	-3.4379	0.25797	-1.2360860110378
33.492	-9.8817	-3.9009	0.576758026242987
37.411	-6.3305	-1.4893	-0.0754891568772332
35.78	-6.7263	-1.6317	0.731026202260829
33.448	-0.77411	0.15523	-1.645
35.375	-5.2242	-0.81239	-1.0097056877074
33.301	-0.8584	-6.2191	-0.14493912737171
33.996	-0.50546	-3.2843	-0.722289004475272
36.135	-7.0239	-0.50614	0.211961809653462
35.965	-2.0548	-5.2201	-0.289855483561105
36.394	-6.1789	-1.2919	-0.538236660238162
37.406	-4.8724	-2.8986	0.723130852295033
36.04	-7.8278	-3.3901	0.0449022115602268
36.003	-7.4847	-0.98669	0.954649235454613
37.505	-3.3844	-3.665	0.732422412406817
38.095	-4.4114	-3.0289	0.602077526168809
28.845	-0.3391	-6.3215	-0.684865251109576
31.873	1.1603	-1.4668	-1.51763042838375
37.224	-5.958	-1.089	0.674697416961915
37.745	-6.0125	-2.6235	0.480722252898453
32.761	-10.279	-3.5803	1.39932467689648
35.146	-6.8688	-1.1453	-0.87712268036508
22.237	-11.81	-3.5527	0.213872634585773
36.309	-1.0166	-2.6914	-1.23835705465622
32.789	-9.4975	-3.0511	1.645
38.051	-7.0224	-2.7249	0.551949036839363
37.117	-7.0294	-1.3152	0.557842897366066
29.757	-0.67542	-6.5392	-1.39504132961158
37.809	-6.3381	-1.42	0.312201549942249
37.268	-4.9914	-0.25184	0.14508207318469
37.709	-3.5095	-2.5169	-0.660262990742471
29.359	-1.6151	0.50232	-1.03996245163565
35.72	-8.5251	-3.5035	1.62242688034693
35.965	-1.3746	-5.0021	-0.678178831021601
36.316	-4.3292	-0.2157	-0.933052328591499
32.677	-8.7274	-4.1685	0.983916606581931
38.36	-5.3256	-2.9136	0.0223736207743796
36.221	-7.3412	-4.4751	0.0898308209507925
34.415	-6.8325	0.075148	0.00862746773027686
28.368	-0.59665	-6.7559	-0.1081695247121
36.759	-3.5836	-0.81804	-0.850724294103398
34.095	-9.7839	-3.228	1.49287698027275
37.368	-6.4768	-2.9922	0.0448816673346423
37.332	-7.2515	-3.8961	0.707660464193244
35.258	-5.3219	-5.4431	-0.0706154604171899
36.321	-3.9637	-0.27042	-1.645
36.03	-6.7396	-2.2656	-0.126768247945486
36.297	-6.6218	-1.3064	1.3491142838823
36.623	-2.2417	-4.4946	-0.229629258576723
30.035	-10.734	-3.8263	0.547466142828962
36.66	-6.6386	-0.37036	0.715072061480359
21.515	-0.27706	1.74	-0.68330283491083
33.103	-10.306	-3.7632	1.13716426448181
36.952	-8.0395	-3.7747	0.870588511562241
22.571	-0.57713	1.5151	-0.745437362720735
37.393	-3.4946	-4.3244	0.453162006131615
29.076	-11.036	-4.0158	1.0186733691887
27.77	-11.555	-3.6482	1.34384422582741
37.578	-3.8494	-4.4812	0.624456749187689
37.42	-3.8425	-1.2864	-0.919520684159595
26.936	-1.6129	1.3973	0.234727546381838
36.112	-7.3194	-0.71772	0.353381766520415
35.791	-7.0583	-0.31701	-0.142745344654893
30.4	-10.876	-4.4696	1.25992731319959
35.159	-1.6508	-5.7185	-0.619575351493139
36.861	-1.5517	-4.234	-0.0786930522135446
26.877	2.3493	0.26303	-1.645
20.474	-12.495	-3.206	0.63000827658211
27.177	-2.3797	0.14023	-0.240179032532893
37.496	-2.3662	-2.2257	-1.29909726988636
34.893	-8.2576	-0.2879	0.301960839624059
26.716	-11.636	-3.9302	1.04074746393861
34.889	-7.5416	-4.5362	1.432227415916
36.442	-8.308	-1.1302	0.536101517832653
35.773	-7.8802	-0.81617	1.01757872376412
37.317	-6.8573	-3.3818	0.57078419278568
36.102	-3.0749	-5.1304	-0.898333242864039
37.105	-2.5589	-3.5756	-0.457974724048286
25.809	-11.625	-3.7767	0.889783565291715
31.857	1.6245	-3.1076	-1.50875519637209
26.788	-1.3344	0.7076	-0.702348745012638
37.049	-6.6954	-1.5441	-0.197797419286533
30.72	1.4517	-0.34053	-1.645
27.045	2.3681	0.63953	-1.645
20.617	-0.3175	1.6639	-0.758965265816181
37.887	-5.396	-1.5637	0.159954067041403
37.858	-5.3791	-3.9756	0.160199195664562
37.652	-4.4151	-4.0434	0.109985194095784
29.685	-10.994	-2.7076	1.30279724553199
33.751	-10.254	-2.9882	0.96936201392472
33.908	-0.57427	-1.1263	-1.645
36.426	-7.9875	-4.213	0.93590902630819
33.919	-7.0507	-5.0645	-0.183681945279047
37.54	-3.8517	-4.3804	-0.160051290465703
35.577	-1.6453	-5.4049	0.190023214051388
38.032	-3.8433	-2.5224	-0.543840877988469
26.259	-0.18253	-7.0548	0.232643743890368
35.993	-7.0808	-1.3785	0.14508426085092
34.187	-1.4715	-5.6999	-0.669952880812781
38.371	-4.863	-2.051	-0.854483466808455
36.918	-7.5758	-1.5006	0.999425395256308
36.473	-1.6404	-4.767	-0.346085013481809
28.657	-0.49517	-6.6234	-0.0604600583905145
36.394	-7.593	-0.62675	0.174302484525386
36.478	-7.1979	-2.0881	0.843099303038345
35.184	-9.2901	-3.1965	1.645
33.753	-9.4761	-3.5559	0.994748164915305
38.074	-4.3028	-2.4632	-0.875767549484322
36.292	-2.6554	-4.4174	-0.508399962139714
37.272	-6.8375	-1.1314	-0.00994206483084026
33.715	-9.6432	-2.123	0.756398047026178
35.237	-0.69076	-4.8874	-1.46346617173602
24.414	-12.142	-3.2013	0.720858020117015
37.569	-6.5148	-1.4642	0.174352471401694
36.96	-6.9343	-1.0159	0.946910821883016
37.294	-1.9809	-3.4145	-0.600121938765289
37.737	-6.611	-1.2513	0.277005472088006
37.08	-2.6979	-1.4846	-0.435261689821334
37.508	-7.0244	-1.8393	0.279509755294103
37.038	-4.3294	-1.0892	-0.00511207504291262
34.492	-7.3364	0.24994	-0.186585379306875
27.619	-11.723	-3.0238	1.27495685387915
37.109	-7.0105	-0.90472	-0.0214870273088773
33.954	-0.85081	-5.874	0.451691789663798
25.499	-1.9116	0.89186	-1.32883007135976
33.203	-10.02	-3.7952	0.802780165866571
36.949	-4.5689	-2.2549	1.00787621196974
38.43	-6.1105	-2.4777	0.364681784157137
36.281	-7.2612	-1.4428	0.716578345010977
36.205	-2.6511	-0.80731	-1.02758636501233
31.294	-7.8077	-4.7166	0.46814740826624
28.036	-0.32208	-6.6729	-0.345205163346114
37.033	-2.5461	-1.0928	-1.03073326822856
33.627	-10.262	-3.7998	1.2045107695542
28.89	2.0927	-0.92713	-1.50702198891672
36.811	-6.4165	0.35144	0.374985847067198
37.011	-5.9559	-0.4383	0.489962401339561
38.201	-3.9247	-2.182	-1.05108743422398
36.854	-3.5895	-4.6313	0.218729021140876
37.373	-6.9962	-0.69014	-0.392750232091076
38.149	-5.5533	-1.2842	-0.312733484868475
36.144	-2.2189	-1.1147	-1.15403590300056
35.14	-0.37334	-2.7565	-0.88786985944311
36.902	-7.0363	-0.65284	-0.615145872938183
36.446	-6.3734	-4.8093	0.239282489162634
36.044	-8.7182	-2.4083	0.383423295910898
34.719	-9.8405	-3.3063	1.645
36.437	-3.6993	-4.3082	-0.151528010122173
34.532	-1.6199	-5.9276	-0.622876690459547
24.371	-1.4143	1.2245	-0.994718786007219
27.162	-11.286	-4.1317	1.645
35.233	-8.8871	-3.1131	1.645
34.886	-6.2481	-5.5571	-0.53366620865245
34.45	-9.2067	-3.1109	1.645
35.822	-6.391	-2.1782	-0.891579211171038
35.733	-1.9219	-0.14499	-0.917317749755655
35.874	-8.6177	-1.8043	1.22471024440242
34.192	-8.3314	-3.5638	1.05406643587054
37.948	-6.3604	-1.6608	-0.293793466049964
35.228	-8.4952	-3.2171	0.903458174152596
34.806	-6.9562	-0.62806	0.0460263229628389
26.345	-1.1055	0.5634	0.272085688390856
25.296	-0.72466	1.6146	-0.638424288186327
37.422	-3.4628	-2.3274	-0.468470788204338
28.048	-11.488	-4.1721	1.01841035281341
37.105	-3.6061	-4.5524	0.968427056119111
36.419	-6.6899	-0.5559	-0.0965488048546427
35.34	-2.5809	-4.242	0.603084855160935
33.407	-9.7397	-3.9947	1.23043286878655
32.896	-9.6574	-3.1526	1.49185457109684
36.359	-7.4549	-1.0004	0.292644289174569
35.12	-1.2742	-2.8903	-1.11865160092209
37.498	-3.5547	-4.4466	0.471107715555967
36.054	-7.6498	-0.76852	0.116837075136069
37.167	-6.6659	-1.13	0.299739745462713
37.129	-4.2692	-2.0975	-0.562281816280814
36.978	-1.6567	-1.9199	-1.37793070008216
29.606	1.5715	-0.54431	-1.645
33.643	-1.3637	-2.5897	-1.60737948952398
34.789	-7.3388	-0.54573	0.269310239889759
28.725	1.7036	-0.72164	-1.26417136622423
24.712	2.8802	0.58317	-1.645
36.593	-5.8661	-0.6886	-0.664902054070418
36.284	-1.8405	-5.0251	-0.623683273940506
29.893	-1.3723	-6.5831	-1.645
36.546	-7.4554	-1.1895	0.846131567131118
35.946	-6.5489	-1.2203	-0.362315543484924
36.537	-6.8783	-1.0337	-0.215867415951482
20.317	-12.541	-3.2969	0.805779604807365
34.361	-1.276	-5.9627	-0.394010332335848
37.923	-3.705	-3.5402	0.146875067386719
37.259	-3.0075	-4.4835	-0.33875467796412
37.096	-3.0514	-4.6541	0.0474794443743231
34.849	-9.695	-3.414	1.645
38.398	-5.8134	-1.1318	0.117601289191461
24.003	0.13853	1.4663	-0.661645849100344
37.122	-3.4666	-4.8168	0.0968435480134292
36.732	-7.2218	-0.73825	-0.160144967133059
33.778	-8.1256	-0.58235	1.22764735925045
31.849	-10.422	-3.1593	1.645
37.14	-3.9296	-2.3872	0.681339318044056
36.72	-6.1892	-0.64828	0.196178116837986
36.229	-7.0194	-0.57746	-0.181543900103045
31.782	-10.612	-2.5976	1.645
33.339	-3.0923	-1.8954	-1.55444737692437
31.845	1.0033	-1.1008	-1.645
34.623	-7.9058	-0.21977	0.797826749635625
36.82	-6.9642	-1.231	0.622127084871346
38.141	-4.2786	-2.7783	0.247167354017676
36.231	-6.2373	-5.1256	-0.344880463667639
36.289	-2.5821	-5.4333	-1.17593760386967
37.38	-3.0814	-1.6637	-1.60082977954058
35.425	-1.3523	-5.359	-0.664424189575872
35.754	-8.7903	-3.0805	1.645
36.588	-2.8971	-0.65573	-1.41674599607895
28.461	0.98628	0.17033	-1.645
36.185	-1.9151	-5.1717	0.0567934921618606
36.577	-3.213	-5.146	-0.829584315760108
36.786	-8.3038	-2.0017	1.26142714322682
37.997	-4.8692	-1.9471	-0.443850519841343
37.103	-6.7509	-1.4273	0.399911152355989
38.09	-4.6696	-3.7878	-0.0285707379255947
25.277	-1.3055	1.488	-1.02067225782711
36.099	-2.2894	-4.5739	0.175111274066586
31.698	-1.481	-6.3148	-0.76629867934668
37.265	-6.8089	-1.3866	-0.599103347626311
32.951	-2.1329	0.73755	-1.30324209335361
35.127	-9.5065	-3.6642	1.645
36.16	-6.4134	-0.87063	-0.842520456119752
37.729	-4.9993	-4.3855	0.500597993558178
32.13	-10.432	-3.3767	1.645
37.573	-3.3045	-2.1576	-1.33155982852398
37.755	-3.5724	-3.9847	0.140314068736895
37.348	-6.6439	-1.5268	0.0419634241859749
37.925	-7.2268	-2.1791	1.3713723715072
36.177	-1.8567	-5.0243	-0.167940777867981
37.795	-6.7263	-1.3088	0.692417691349798
31.65	0.84958	-1.5053	-1.645
36.07	-7.6448	-1.1824	0.549161819172032
22.184	-12.39	-2.6067	0.761228751926935
30.247	-10.532	-3.9948	0.651164936311582
37.393	-6.592	-1.4972	-0.123001108540785
37.554	-2.4907	-3.7862	-0.371107374295696
37.201	-7.6178	-1.6684	0.070671873967311
30.283	-1.7556	-6.5862	-1.645
25.356	-12.145	-2.9767	1.52404412342986
35.172	-5.0249	-0.59907	-1.645
37.305	-7.1596	-1.4898	0.330028161601769
35.947	-3.498	-4.6138	0.077167683835764
33.207	-10.28	-2.8261	1.645
28.016	2.2856	-0.45016	-1.56258393758292
22.195	-0.52443	1.9394	-0.833269778906675
35.802	-9.2502	-3.1529	1.645
36.956	-7.4289	-1.0991	-0.120542431498406
38.171	-4.4907	-2.327	-0.267941009873041
36.092	-7.0394	-3.7643	-0.0550365683187434
26.98	-11.301	-3.1408	0.935328543390878
35.669	-5.378	-5.4118	-0.766922026854572
34.864	-0.4048	-2.0771	-1.645
36.613	-7.0288	-0.34779	-0.32524402114398
31.329	-9.8618	-4.0712	1.27775873711345
36.769	-3.844	-5.1959	0.114947887619209
30.827	-10.451	-4.0079	1.16523832986024
37.061	-7.7577	-3.156	0.63301162546679
34.483	-1.1037	-5.7561	-0.83149828912352
35.73	-7.9709	-0.66978	1.15664032950065
26.612	-11.577	-3.6266	1.52504412398605
36.745	-7.1831	-2.3689	-0.186562407702936
31.359	1.2267	-0.79001	-1.6209766342331
34.084	-5.1555	-0.37926	-1.22715306530972
38.29	-5.6387	-2.4153	0.650590063334127
22.106	0.18732	1.8667	-1.01346878852859
35.735	-6.692	-0.29731	-0.416808323216262
17.095	-12.321	-2.8753	1.08144926746227
36.501	-6.4825	-0.69156	-0.61614432497139
26.577	2.4753	-0.54886	-1.645
37.219	-2.0424	-2.5208	-0.459192636829244
36.172	-0.92643	-4.2247	-0.195540098371533
37.095	-4.2397	-4.9509	0.678241668808184
33.674	-1.1195	0.1615	-1.645
36.517	-7.0275	-0.29672	-0.796225160514231
31.972	-10.291	-4.3015	1.25932397388951
37.138	-4.5323	-4.5154	0.137828018735121
32.883	-8.6579	-4.8132	0.677377259776853
33.946	0.48495	-2.0193	-0.420375145391091
33.226	-8.1007	-3.0252	0.548728278565149
36.037	-8.4397	-2.6454	1.36624806964313
32.196	-1.6907	0.61627	-1.36298830408636
27.763	-0.19828	-6.7383	0.199534965549218
36.339	-6.8364	-0.98471	-1.31411360638332
32.65	-0.74971	-6.2361	-0.126106914569731
36.261	-2.6379	-4.6789	-0.698104628085301
35.636	-9.2272	-3.3149	1.645
37.07	-2.1273	-3.4271	-0.434322606295856
36.04	-8.1498	-3.5092	0.522292155498367
37.255	-6.7602	-0.97143	0.470728899395516
33.652	-9.6058	-2.9365	1.645
35.983	-8.1255	-2.4158	0.807185034423152
34.944	-8.9841	-4.1297	1.32479981421406
33.04	0.80558	-4.2231	-0.562102905581081
37.059	-7.1464	-0.47755	-0.114703250533039
35.629	-9.285	-3.1762	1.645
37.101	-2.5892	-4.5559	-0.0663579765534453
33.365	0.518	-1.5642	-1.645
37.799	-3.4383	-3.9197	-0.58609898442502
37.502	-6.2755	-1.1577	-0.332365150411256
37.352	-7.3788	-1.6396	0.0667805309078876
34.537	-0.89781	-0.21511	-1.645
34.933	-9.2861	-1.8374	1.41554286759862
34.882	-6.9392	-0.59267	0.0176499208851699
28.051	-11.463	-3.9954	1.02873111876376
38.583	-5.346	-2.3082	0.524444687953524
35.765	-2.3939	-5.2168	0.461869834498936
35.587	-2.51	-0.4416	-0.992868061697737
37.18	-7.2877	-2.0295	0.400110519474228
36.955	-6.6936	-0.62468	0.331680106358722
33.145	0.72644	-3.0346	-1.50860846134323
36.358	-1.9963	-3.3979	-0.823901593710094
35.264	-7.1588	-0.50919	-0.274984615904997
34.658	-0.62976	-5.3143	-1.29818435148836
36.36	-2.2355	-0.98092	-0.841367195283994
36.834	-7.6649	-2.6837	0.0439952815738739
21.132	-1.0722	1.3773	-1.22589452638795
13.152	-11.939	-3.2046	0.814851586349701
36.426	-6.7145	-0.56541	-0.047808752514612
36.807	-6.8513	-1.4331	-0.416401133191649
36.444	-7.3508	-0.80357	-0.0772298752412384
35.638	-1.1759	-3.9446	-0.44809634350409
27.737	-11.284	-3.2202	1.49257037599443
36.113	-7.5229	-1.1566	0.88348329843513
34.689	-0.28268	-3.6521	-1.645
37.379	-3.6702	-0.92475	-0.779537855953592
38.099	-4.1749	-2.0066	-0.450850764025301
38.276	-3.9029	-2.2387	-1.04700312740799
35.502	-5.9782	-1.6541	0.305512333832808
36.584	-6.9242	-0.77023	-0.117347236498306
35.672	-1.7917	-5.3377	-0.445025672569566
36.752	-3.5477	-2.6273	-1.12338828807645
34.205	-9.6351	-2.6179	1.58030196137758
36.673	-7.7313	-1.7312	0.967753262620205
34.93	-7.4385	0.28604	0.547164653714542
36.492	-7.1408	-1.0361	0.21181563824956
37.788	-4.174	-1.7582	-0.461494038183738
36.965	-3.0487	-1.9398	-0.353742706433581
38.23	-4.9132	-3.4835	0.170704961424144
36.663	-3.1631	-0.3802	-1.18985757427469
33.099	0.055081	-5.2592	0.532145595506387
31.239	-10.563	-3.4322	1.2137463867446
35.881	-1.4853	-5.1216	-0.779779434333454
33.57	-8.7984	-2.8098	1.16551783558732
37.128	-7.3755	-1.516	0.501852874815278
33.552	-9.7298	-1.7604	1.13984153311047
35.169	-9.4052	-2.0994	1.645
33.728	-7.5046	-4.2941	0.782145133413368
31.148	1.1191	-1.7657	-1.645
36.1	-5.7452	-0.9397	-0.638464080756164
14.2	-12.25	-2.7913	1.25997226896488
33.449	-0.70302	-0.86649	-1.645
36.735	-2.0513	-4.5974	0.121055561824277
37.97	-6.9158	-1.8538	0.648341124643889
37.271	-6.6982	-1.6293	0.110933075900518
36.379	-3.7123	-1.4074	-0.308835176181073
24.282	-11.844	-3.4144	1.645
36.613	-3.0796	-0.94265	-0.0946509858430568
35.771	-6.6465	-1.0204	-0.758892076813102
29.6	1.593	-1.8446	-1.02296373942134
37.883	-2.6633	-2.9858	-0.125227564487469
31.258	-10.897	-3.3516	1.645
28.835	-0.9672	-6.622	-1.645
26.632	-11.363	-3.9523	1.645
34.045	-9.3825	-2.7884	0.867377100254746
36.668	-5.7643	-0.36006	-0.604177700614895
33.156	0.051677	-0.95287	-1.645
33.764	-0.71277	-5.7633	0.547119237653997
35.295	-7.3557	-2.6164	-0.84822884513152
34.803	-7.3818	-0.18694	0.0744651482644256
34.462	-9.6263	-2.7398	1.5246502367822
35.186	-7.3743	-0.73991	0.743398127761736
36.568	-6.7341	-0.43936	-0.00537779654446438
37.311	-7.1319	-2.484	0.404828907515701
24.603	3.0977	0.72789	-1.645
30.903	0.73487	-0.78254	-1.645
36.998	-6.8792	-0.55387	0.647523636758592
33.493	-0.10664	-5.5756	0.412006044206762
38.411	-5.9434	-2.5654	0.305379436670024
23.875	-11.581	-3.7265	0.660687753827733
31.882	0.099737	0.85538	-1.44427151817463
31.935	-9.6442	-3.1092	1.645
26.959	-11.641	-3.4896	1.49095737242166
27.536	2.4938	-0.31686	-1.52311471876318
37.244	-6.5933	-1.2809	0.389060636746742
29.127	1.8274	-0.60295	-1.645
37.126	-1.7498	-4.0023	-0.455180650645962
37.964	-6.7002	-1.5893	0.802046308267533
29.648	-0.84476	0.71673	-0.0302922571169544
37.316	-6.1483	-0.43037	0.517058290255135
37.077	-7.9142	-1.4075	0.220716287919649
33.288	-0.28058	-5.9272	0.914343921628851
35.647	-8.0758	-4.3618	0.333667527029123
36.307	-7.1819	-0.72469	0.0938748954532728
37.012	-7.3768	-2.6185	0.239249092801995
29.6	-10.915	-3.8914	0.872210042641948
37.241	-3.7254	-1.2785	-0.391393155318858
36.381	-6.3235	-0.97449	-0.522445257318227
38.228	-5.9979	-2.4075	0.520310737496299
29.683	2.3099	-1.5653	-0.909180375806383
36.092	-3.3609	-0.37577	-1.14794017434034
36.459	-2.2777	-4.9212	-0.371607824449597
26.628	-11.465	-3.5706	1.645
37.597	-4.7139	-4.268	-0.288783189767178
37.638	-2.9456	-1.7393	-1.00521550778333
36.825	-5.2081	-2.5948	0.838017901200161
37.001	-3.1956	-1.9825	-0.217444687555575
35.376	-7.6203	-0.86273	0.887979802633436
29.737	-10.997	-3.7093	0.758889986684122
36.646	-6.9621	-4.4572	0.441707845383029
35.599	-6.7579	-0.15719	-0.44366345730464
31.82	-1.1205	-6.6025	1.12298656349
36.406	-3.0178	-1.5552	-1.16747654324098
33.897	-9.3231	-3.4479	0.944341945759543
32.105	-1.7627	-0.10838	-1.59249194432138
36.277	-7.249	-0.71106	0.521969723530232
36.737	-5.862	-0.77037	-0.681464339916999
36.388	-6.8777	-0.40505	0.461467209445602
37.261	-2.7718	-4.19	-0.229061419374142
31.621	1.471	-2.1952	-1.645
37.684	-3.9188	-3.9944	0.186245415631767
24.924	3.2424	0.63254	-1.645
35.866	-3.3966	-1.9231	-1.55940361142821
27.767	2.2237	-0.43318	-1.33238100573081
35.011	-9.3326	-3.6961	1.645
36.754	-3.0007	-4.6999	-0.758477136831197
28.246	-11.364	-3.9274	0.5345338118999
28.058	-0.40419	-6.5521	-0.326458616674938
36.427	-6.7942	-0.72939	-0.648150140035542
38.176	-3.9397	-2.3623	-1.38010982505934
31.848	-10.514	-3.7276	1.645
32.421	-9.9028	-3.8736	0.800759817987251
37.445	-4.4388	-3.7318	0.244089236047703
35.951	-1.7764	-5.2628	-0.50534682750386
35.052	-2.3438	-0.25459	-1.23758315573007
37.046	-6.6266	-1.4054	0.45876341801875
35.805	-0.27107	-3.7675	-1.21841918450896
37.018	-2.1404	-3.4635	-0.402337275149534
29.485	-11.04	-4.0291	1.645
34.963	-0.91573	-4.2992	-0.532501000475705
35	-8.9277	-3.0689	1.645
37.03	-6.9054	-0.89318	-0.139764311307017
36.998	-6.6701	-0.68066	0.0246883653000005
28.959	-10.732	-3.9835	0.963679449139499
28.796	2.6423	-1.0447	-0.763489574708524
35.607	-1.8209	-5.5017	-0.54808423158728
29.049	2.1374	-1.2587	-1.37839916019075
36.564	-7.3469	-0.8169	0.393416437474368
37.58	-5.6603	-2.0723	0.762748678605989
31.865	0.77388	-1.3397	-1.645
29.143	-1.0016	-6.5471	-1.52430163158726
27.258	0.22043	-6.3336	-0.0258131192847155
35.159	-8.7272	-4.1003	0.97675677580112
35.815	-7.8946	-0.37288	0.421977611226171
37.493	-3.1652	-4.0554	-0.0773087442213569
36.963	-3.5361	-2.5995	-1.04203544994738
37.393	-5.8686	-0.98026	-0.0390750976955373
37.813	-3.2192	-2.0258	-0.9947635100074
37.005	-7.4155	-1.2923	0.639252398153613
36.678	-7.6703	-1.4146	0.733726541669828
36.409	-6.576	-1.957	1.21540880436143
36.077	-2.6253	-4.9514	0.800280492262068
36.243	-3.5794	-0.21717	-1.36304962682493
36.026	-6.626	-0.1023	0.227495226051219
36.241	-3.1487	-1.2023	-1.50775563677083
26.151	2.5267	-0.32816	-1.645
37.961	-4.5137	-3.6152	1.2270071881654
34.751	-2.076	-4.7894	-0.013750562270998
35.408	-1.3801	-5.2085	-1.10644376590951
31.983	-8.192	0.43924	1.01237625429978
37.348	-4.3808	-3.4643	0.842509099201753
25.224	-11.867	-3.7074	1.645
29.185	-1.0694	-6.7569	-1.63972244144071
34.119	-1.5572	-3.3554	-1.10300624080308
35.665	-1.1446	-3.4708	-0.84315720723429
37.853	-6.0901	-2.2477	1.28565771394198
36.103	-2.9022	-4.7952	-0.829942886241869
36.835	-3.5596	-0.94827	-0.398078240828767
36.17	-7.445	-0.85062	0.685155859572824
26.906	2.3831	-0.26394	-1.645
36.06	-7.5642	-0.4854	0.0323320735986233
37.14	-4.964	-4.1295	-0.249485557110524
36.254	-2.536	-4.605	0.37879543183347
37.401	-2.788	-4.0256	-0.547154258660353
36.424	-7.281	-0.91605	0.384382918686257
35.811	-7.1054	-0.26252	-0.889598500494864
35.131	-7.9391	-1.5386	1.24490606400903
36.196	-2.2167	-5.2777	-0.310740936693814
35.143	-3.4181	-0.3143	-0.997853203665517
35.111	-2.7285	-5.6907	0.581501480033273
38.008	-3.2008	-3.5752	-0.565125915018173
35.136	-0.6424	-1.0237	-1.645
35.689	-6.7757	-2.8578	0.272435628368701
29.713	-1.3836	0.57155	-0.251944124449685
30.906	-10.083	-3.4443	1.645
34.883	-4.4287	-1.5223	-1.07261705313817
38.086	-4.8205	-3.8928	0.0309822564172873
37.501	-3.63	-3.2459	-0.0220638743602359
35.843	-6.6108	-1.5401	0.815454838446409
31.505	-10.677	-3.5357	1.34948288837531
37.16	-6.6232	-0.7396	-0.233075160370217
36.42	-7.2465	-0.79641	-0.0404420378079976
31.917	-9.7447	-4.6294	1.24103440638385
37.031	-6.9763	-1.0374	0.0990606224220976
38.265	-5.2641	-1.6418	0.30805944412409
37.023	-7.7618	-3.0738	0.892514164096876
35.848	-8.0086	-0.74692	-0.0991056443244589
37.359	-3.4721	-4.3656	0.587610121122972
37.919	-4.1884	-3.3612	0.245621154095978
31.151	-10.386	-3.707	1.3888790808829
37.056	-2.086	-4.1943	-0.935335156952251
38.006	-4.5622	-1.6132	-0.617614817117234
36.625	-3.1859	-5.035	-0.583691892424305
22.994	0.17768	1.5887	-1.12020722047088
37.974	-3.5713	-2.2629	-0.249456133358046
35.991	-7.1105	-0.27884	0.502449599610578
34.046	-7.7115	-0.99998	0.304593415100236
28.049	-10.987	-4.007	0.532784870528553
24.626	2.8702	0.65734	-1.645
35.883	-6.8386	-4.8344	-0.0452843157936966
36.537	-6.301	-1.1695	-1.06723751240676
36.684	-6.916	-0.54257	-0.072899986318975
36.131	-6.7703	-0.6249	-0.416596564679874
36.721	-7.1728	-1.6014	0.207613934624723
36.291	-3.2826	-5.4975	-0.423948324678325
37.998	-6.5588	-1.1578	0.470020498582276
37.407	-3.279	-1.2402	-0.873218296700898
34.719	-0.76652	-0.38087	-1.25218618244869
24.667	-11.97	-3.4268	0.917980048790698
36.562	-7.8558	-2.4601	-0.715840835737712
34.523	-6.4037	-5.2684	-0.117535400303445
36.344	-2.7243	-5.0541	-0.37095402750541
28.704	-1.2358	0.73461	-0.440116904968507
35.112	-8.381	-1.5627	0.162079583051996
36.561	-8.08	-2.507	-0.347542527568314
29.101	1.8205	-1.2912	-1.57196516338368
35.878	-8.1252	-1.6888	0.689289529754829
33.057	0.84632	-2.7147	-1.48580480064038
33.546	-0.34527	-5.445	-0.0184058724009195
31.882	-0.57295	-5.8092	0.101400136541524
24.91	-11.954	-3.5912	0.316644252567463
38.382	-5.4187	-2.2298	0.237521259928472
35.342	-0.84757	-4.9727	-0.828560057767181
34.619	-5.6944	-5.4814	-0.205958275174812
36.436	-7.5013	-0.96146	0.282295243593476
37.02	-3.3083	-1.0167	-0.989092422820391
34.806	-8.8901	-2.973	1.645
34.347	-0.98887	-5.2431	-0.562950250726122
32.922	-10.36	-3.0592	1.645
37.436	-2.0099	-3.387	-0.159055034551944
27.802	-0.52154	-6.6001	0.3933574558883
36.324	-7.7981	-3.4379	0.213075163081597
33.436	-1.2899	-6.2745	0.00528283333981435
33.177	-9.7487	-2.9992	1.29417135468768
27.274	2.4161	-0.10539	-1.645
25.93	-1.2025	0.87789	-0.7771049248924
36.272	-2.8487	-4.1937	-0.316777281637879
37.157	-2.2965	-4.1908	-0.4496636561769
30.682	1.0168	-1.2092	-1.23400143906281
34.541	-2.8555	-1.6681	-1.645
33.291	0.40457	-1.8331	-1.32036095994029
37.406	-4.0066	-3.9598	0.846108959954144
24.997	-0.66669	1.1359	-0.903263094932014
36.12	-6.4143	-1.0835	-0.75505375260518
34.659	-1.9863	-5.9829	-0.509099614497821
36.488	-7.3251	-2.3262	0.100769046811901
27.032	-11.414	-3.9168	0.981739407650269
33.231	0.16905	-5.6528	-0.0381407922311832
35.542	-6.5946	-1.1652	-0.639036280191463
36.53	-7.222	-1.5122	0.898371456783106
35.769	-1.7993	-5.2612	-0.51506341984264
35.546	-8.9878	-2.0374	1.1456324271052
36.791	-7.3313	-1.4707	0.150940340637854
29.891	1.399	-0.59674	-1.16554924406879
35.835	-5.3318	-5.5868	0.506871663334911
28.257	-0.68969	-6.8239	0.17583671397271
37.377	-6.8635	-1.8859	0.155690892370047
27.464	-11.751	-2.8039	0.995826245455938
28.168	-0.41404	-6.7192	-0.0557457555798765
37.75	-4.869	-1.3026	-0.501139550794826
35.944	-7.7459	-1.3209	0.404319115407592
38.082	-5.3314	-2.1137	0.150680409276136
33.007	0.29962	-0.29684	-1.31990785082754
38.541	-5.8464	-3.3132	0.5317161029277
36.802	-7.1285	-0.91854	-0.354413842785556
37.28	-2.8613	-4.4514	-0.0152593313253142
27.788	-0.7983	-6.5807	0.414638465153067
29.504	-10.993	-3.853	0.569794357029867
30.43	-10.246	-3.9492	1.0249576890899
35.675	-7.1694	-0.86933	0.592060583402712
37.326	-5.6839	-4.4112	0.396746679559512
36.829	-3.054	-4.6771	-0.116376515138903
37.127	-7.6054	-3.972	1.645
32.465	0.75286	-1.4389	-1.645
33.046	-8.5364	-0.65937	1.01504596747228
32.73	-10.178	-2.8586	1.645
34.579	-9.3204	-3.3467	1.58479422370744
33.708	-1.6614	0.33322	-1.08127261577137
37.264	-6.7331	-1.3042	0.0101037876691823
33.378	-9.128	-3.986	0.75122837013072
36.682	-6.2436	-0.22291	0.119203411500925
30.821	-10.162	-3.2975	1.645
36.51	-8.369	-3.6788	1.645
24.884	-12.03	-3.7199	1.14146012604496
35.633	-2.7754	-0.42644	-1.28276618780447
36.718	-6.6751	-0.98773	0.00873501114251152
35.556	-2.9167	-0.96308	-1.60137811359082
27.416	-11.642	-3.608	1.645
35.042	-7.5012	-4.9165	0.847654246173251
37.034	-2.7736	-2.7544	-0.55907683079088
37.879	-3.3745	-3.9897	-0.0685945880010621
28.693	1.9418	-0.84665	-1.48284551943339
36.863	-4.6665	-0.57369	-0.60850354789375
37.196	-2.9731	-1.8959	-0.95080388348728
28.874	-11.12	-4.0281	1.06266139620311
37.449	-6.7361	-1.3597	-0.75114586811746
35.503	-6.2815	0.51715	-0.164814427947153
24.869	-11.715	-3.337	1.645
37.136	-6.9179	-0.88602	-0.269074186127013
37.548	-3.7864	-2.5541	-0.265536591258384
36.034	-7.4432	-0.97491	0.295517947135094
37.937	-4.7004	-4.0766	0.856617330451407
35.013	-1.0942	-0.74452	-1.51759647860482
37.172	-5.7699	-2.3884	1.03499021593798
37.69	-2.9721	-2.3396	-0.79845161251833
36.99	-7.0988	-1.0916	-0.240301090141099
32.325	-6.7771	-5.2843	0.379389862758723
36.596	-8.2474	-2.108	0.561298508694011
34.624	-9.1756	-3.8766	1.0787202777312
36.626	-3.6918	-0.73483	-1.40667182713377
36.301	-7.5684	-2.2311	-0.369462037710898
35.615	-2.2489	-4.7724	0.285293874708909
37.742	-5.3859	-2.9074	0.286262530751544
36.329	-1.779	-4.8389	-0.259478051906776
33.853	-7.9412	-4.2012	0.536050778792528
36.495	-7.6701	-0.95526	0.377144205458518
32.664	-10.854	-2.59	1.31984599906441
34.45	-0.82641	-5.3395	-0.625324132737848
31.683	-1.2044	1.0754	-1.645
36.139	-7.2369	-0.64364	0.252438312744929
37.14	-3.0531	-2.5682	-0.355093222478825
37.645	-3.0373	-2.7639	-0.776808534600568
33.42	-1.847	-0.09335	-1.53027087751972
25.808	2.4843	0.20229	-1.645
36.558	-3.477	-0.7264	-1.097920273672
37.076	-2.1343	-2.4981	-0.687386014258922
37.295	-3.7665	-1.2328	0.327164730957735
36.868	-7.3659	-3.4925	0.236057215622817
25.14	-11.017	-4.1427	1.62216206136899
37.662	-2.5526	-3.9957	-0.465587973852012
37.251	-3.3098	-4.4526	-0.471504799342773
38.169	-4.0381	-2.3338	-1.22312254525203
32.388	-10.109	-3.1943	1.09459749088801
34.469	-3.1586	0.16337	-1.11742462354004
36.915	-7.9132	-1.4713	0.732234087949808
28.759	-11.084	-4.2342	1.6431167999668
29.454	-1.0348	-6.7118	-1.55293765245549
36.981	-6.4968	-1.3048	-0.000122794213616033
23.9	3.4724	0.17699	-1.46355726374629
36.503	-3.0435	-4.7703	0.448313147577769
31.809	-9.8667	-4.0254	1.31113721880453
36.414	-2.6558	-5.1461	0.471184206533621
37.586	-5.8647	-1.1041	0.698060611461477
35.487	-7.1229	-0.32773	-0.0539256737190781
27.695	2.5926	-0.75992	-1.48370801674204
36.496	-7.1131	-0.84695	0.868159997198675
36.57	-1.9504	-4.6956	-0.0728160260038965
37.89	-3.3009	-2.8666	-0.541351717905817
35.773	-3.3263	-5.1052	0.784087882438684
36.89	-5.1349	-4.9182	-0.0802930828733997
36.339	-7.668	-3.0652	-0.345513641319285
37.425	-4.7946	-3.5831	-0.25063402368497
36.89	-7.2192	-1.1222	0.27368712673832
36.973	-4.4217	-0.99545	-0.434690793403482
18.117	-12.427	-2.7497	1.18314854871112
28.914	1.9943	-0.15523	-1.13847738442934
35.884	-6.3224	-0.51641	-1.04489459123175
22.895	-11.764	-3.655	0.833086621323649
29.674	1.9213	-1.1953	-0.973816465476073
34.349	-1.3018	-5.8695	-0.64174626771268
33.373	-6.1595	-5.613	1.38595660953171
36.107	-8.3833	-3.8955	1.24832958570755
33.708	-6.1344	-5.2625	0.662598379576114
25.941	-0.49807	1.7601	-0.235464813090521
24.148	-11.976	-3.5319	1.29107260836898
35.762	-2.4738	-4.9674	-0.272120415438493
34.387	-0.70831	-5.5504	0.0592641155104564
37.663	-3.1052	-2.6371	-0.49647590302061
37.474	-3.0541	-2.0965	-0.491360471847565
33.383	-10.034	-3.4276	1.21761281322449
28.812	1.5111	-0.18542	-1.645
36.922	-5.6457	-4.9601	-0.723142843439116
37.488	-6.6095	-1.1444	0.360010809960488
28.073	-11.668	-3.1194	1.3701002213234
36.91	-3.242	-1.1441	-1.18071090946439
36.175	-7.537	-1.5303	-0.0399900842584127
36.358	-0.97953	-2.8211	-1.07109767870737
36.017	-3.9337	-0.15164	-1.49767847946012
38.576	-4.8825	-2.3728	-0.787137182748176
37.872	-5.7018	-1.026	0.574904172442457
36.697	-2.4607	-4.6981	-0.747937414471846
36.349	-7.9935	-1.5244	0.751243823153974
37.175	-3.326	-4.0231	-0.283087507457043
36.928	-3.1836	-4.6119	0.159714923732897
37.756	-7.1614	-3.4233	1.21016920562476
37.301	-2.9975	-4.1287	-0.0930423364089507
30.193	1.1488	-0.66419	-1.645
28.46	2.2846	-2.1237	-1.04572473969175
24.401	-1.0807	0.94528	-0.928045382238155
27.402	2.3625	-0.79184	-0.903785287842265
37.872	-6.6212	-3.506	0.972199092443048
29.53	-11.489	-3.1516	1.38990194301567
27.857	-1.7479	0.28644	1.645
35.484	-8.9282	-1.9391	1.52949741461857
27.673	-11.413	-4.0307	1.62710197900604
36.204	-0.51726	-2.602	-0.912273704259664
28.13	-0.42296	-6.6429	-0.30539559858447
29.047	-11.285	-3.5116	1.47427666397659
37.948	-3.335	-3.8358	-0.365287809027342
36.671	-6.1766	-4.2952	0.328956766769584
36.841	-6.0594	-5.141	-0.371852370963922
36.965	-4.6772	-4.0313	1.02640945867146
36.056	-7.7506	-4.4819	1.17824022465588
33.524	-0.99915	-6.1235	0.0169570752013802
35.209	-2.4738	-5.3197	0.750566053848533
27.447	-11.476	-3.9333	1.24449005534135
36.676	-4.9225	-0.54227	-1.00995438581883
36.187	-1.3059	-1.2429	-1.4311078357717
29.373	-1.8565	0.38733	-1.03501962459008
29.141	-10.738	-4.3405	1.645
37.819	-3.8939	-4.081	0.536972089666962
35.461	-6.7856	0.21	0.11037337852707
33.537	-8.6364	-4.1537	0.810232964451824
35.576	-2.7145	-1.1661	-0.549121543700345
36.729	-7.5145	-3.1312	0.64216908047134
36.088	-6.6977	-0.52185	-0.229999923658416
32.739	0.91199	-2.6954	-1.17543159343103
37.836	-4.3579	-3.3202	0.184379154450748
36.018	-6.3323	-1.1371	-0.162246624933272
37.469	-3.0494	-4.2007	0.851026924086007
35.606	-2.0846	-5.5897	-0.712963773647964
35.933	-6.8829	-0.44488	-0.474426237390389
35.493	-9.2462	-3.3582	1.645
37.53	-4.251	-3.1865	0.439330627327283
30.092	-11.065	-3.1338	1.3458985361226
32.99	-8.9546	-0.21807	0.387240607560817
37.519	-7.3869	-2.6661	0.492526743152537
37.079	-6.2808	-0.77346	-0.251997017027029
36.022	-6.828	-0.57731	-0.610072766051434
37.918	-7.0786	-3.0856	1.16628773419399
28.343	-11.733	-3.5872	1.645
37.494	-5.8069	-1.0089	0.317788640745662
34.273	-0.69818	-5.6839	0.402837981847999
26.188	-1.2389	0.73822	-0.294702725631112
29.477	-10.678	-4.2809	0.693960855763388
29.977	-11.456	-3.3584	0.472566034251374
36.939	-3.7073	-4.6069	0.353616251032941
37.59	-3.4846	-3.6459	-0.188513020127791
28.11	-1.8263	0.47221	-0.616181506840999
35.99	-2.0913	-5.2288	0.0753507470109516
31.074	0.26967	-6.3372	-1.11968965081189
37.27	-6.4269	-1.0324	-0.222746610111727
34.091	-7.9047	-4.067	1.16023334998109
36.52	-7.3394	-3.0192	0.16540414148777
37.4	-6.6576	-3.761	-0.116637598244619
29.113	-0.98121	-6.9442	-1.47350303677114
37.029	-4.7412	-3.0954	0.480100334667077
33.037	0.75239	-2.4438	-1.645
22.655	-11.631	-3.7513	1.17988009468632
37.766	-3.2181	-1.9562	-0.948447740305747
37.838	-3.7151	-3.567	-0.360053011255158
37.285	-3.4399	-4.4883	0.224138984777688
27.184	-1.4529	0.40133	-0.642317371609796
38.26	-5.4613	-2.6107	0.608595282909771
35.989	-1.6761	-5.1643	-0.183000946328238
37.247	-5.6924	-4.4819	0.55596169443307
34.351	-9.3416	-4.3517	1.01431595564601
32.942	-10.187	-3.8424	1.28491049355461
36.258	-3.1272	-2.1291	-0.460341123149929
37.522	-6.8014	-1.605	-0.290295418214061
34.875	-7.5634	-0.67985	-0.33015438029118
36.805	-6.8704	-0.46855	0.509311992446879
36.438	-5.6209	-1.0791	-0.881818493915762
36.039	-7.5015	-0.37316	0.67469583640184
35.992	-6.343	-0.027214	-0.310640369086454
38.018	-4.0021	-3.4175	-0.00586788623637105
36.085	-8.2433	-1.0166	0.641578553678479
38.197	-3.1683	-2.8039	-0.472372761224396
37.221	-6.2661	-0.70586	0.144251792208147
24.495	-0.80438	1.506	-0.801186065864613
19.894	-12.408	-3.0023	0.940230467494965
32.857	-1.747	1.0811	-1.645
38.182	-4.7359	-4.0348	0.0794894572211166
32.564	-8.7826	-4.3392	0.945903394395395
33.424	-10.297	-2.9498	1.31412464632517
37.001	-1.8216	-3.9956	-0.488788129231968
32.612	-9.982	-3.3678	1.24986037550124
26.104	2.9775	0.38525	-1.43530074889933
35.856	-6.2175	-4.9262	-0.606890936818896
34.29	-0.70505	-5.4116	-0.029919350066957
35.119	-8.7121	-3.9509	1.3246088908251
32.294	1.3388	-1.5872	-1.48165484067118
26.933	2.2884	0.38868	-1.645
27.989	0.13398	0.8053	0.0801314032178054
37.348	-6.549	-3.1685	0.958180431289553
34.481	-0.83471	-4.8208	-0.869822420739445
36.976	-6.7599	-1.9741	0.707086593657554
36.879	-7.3031	-1.1171	0.156354363027614
37.988	-3.183	-3.7179	-1.386371393178
37.929	-6.679	-1.6821	0.325430448653497
35.328	-8.9384	-1.7754	1.47724532594395
34.271	-9.6149	-3.6763	1.645
33.023	-9.9253	-4.2566	1.07825293566739
36.927	-6.6277	-0.54409	0.389218232981773
37.587	-7.0356	-2.9008	1.04864783476204
36.719	-7.5573	-3.667	0.861565539057545
37.13	-6.6506	-0.87502	0.139259070412416
33.331	-10.091	-3.2853	1.19404370971993
36.513	-6.807	-1.1852	-0.697302905986383
28.452	-0.64826	-6.6807	0.231300039178967
35.608	-8.7425	-3.6319	1.645
36.084	-6.9266	-1.1155	-0.848239727348884
34.803	-1.1978	-5.5854	-0.923618253798735
30.623	-10.628	-2.3359	1.13805443036372
34.746	-0.83355	-5.3832	-0.385809447474123
37.674	-6.0117	-3.9316	0.464500724617462
35.239	-7.2057	-0.80222	-0.0218962144759
30.909	-10.532	-3.6165	1.645
34.081	-0.19025	-0.19369	-1.645
36.16	-6.2388	-4.6065	-0.13916378192837
34.061	-9.7107	-2.6267	1.55881571851591
28.401	-0.6673	-6.6758	0.33831676393982
34.108	-1.3907	0.43458	-1.645
36.911	-4.0324	-0.88935	-1.41755223048066
36.133	-7.4211	-1.9201	1.42086562405976
35.653	-7.9359	-0.91161	0.839927793953702
27.563	-1.7829	0.9933	1.10095164395638
35.686	-6.1698	-4.8122	-0.329307059910658
35.599	-6.05	-5.0311	-0.340376276243445
33.647	-9.5361	-2.9473	0.844495748995841
37.439	-7.1052	-1.3532	0.709907326829584
23.069	-0.86413	1.3787	-1.09369234078218
37.717	-5.9636	-3.8253	0.539177463247338
37.26	-1.8777	-3.7953	-0.47287682663935
37.331	-2.3602	-3.1346	0.257304919679919
29.747	1.7848	-0.64182	-1.44948214274462
31.26	-1.5383	-6.2118	-1.645
28.79	-0.60836	-6.4231	-0.957144821548078
28.577	-1.9917	0.59004	0.838420185859309
36.944	-6.5048	0.15745	0.657813560104549
27.399	1.8644	0.060854	-1.645
34.571	-8.8569	-2.5749	1.59956330052859
37.024	-6.2246	-3.3113	0.417163070055101
37.905	-5.2701	-3.6581	1.33969472276917
37.467	-3.1874	-2.2578	-0.383586957353887
35.937	-7.7764	-1.2843	0.808201180816736
37.269	-6.4643	-1.3187	0.0449698010156149
35.22	-2.8647	-5.4605	0.712023082799367
36.327	-3.639	-5.216	-0.634670182851262
37.298	-5.8161	-0.65225	0.484859762825198
37.658	-4.6228	-3.5033	0.321754259511765
33.532	-9.5404	-3.8361	1.37354118807493
38.11	-4.4154	-1.7878	-0.617460197635158
33.965	0.34185	-2.8306	-1.645
18.681	-11.853	-3.5342	0.755233646205976
37.578	-6.9156	-1.9975	0.697198690936722
22.178	3.5218	0.97528	-1.645
34.324	-1.491	-0.028499	-1.25102464033567
27.877	-10.224	-4.2064	0.589613521095514
35.796	-7.3764	-0.93857	0.530679943838561
36.21	-7.1793	-0.91817	0.094482687326274
33.756	0.78472	-3.7174	-0.866492559764993
34.832	-1.3266	-5.3939	-0.125392464375088
36.693	-6.5135	-1.0092	0.132123154933839
37.262	-3.681	-4.3805	0.162606659186482
37.664	-2.5775	-2.7475	-0.826588826973
33.114	-0.44001	-5.9828	0.87692530601609
35.83	-8.0329	-0.94709	0.757275663861572
37.168	-2.8936	-4.4433	-0.339073757230131
37.252	-3.2123	-4.5515	0.57448240580793
37.485	-6.3438	-1.5371	-0.222020193569356
36.79	-1.1179	-1.9369	-0.888052946775292
36.986	-3.4192	-4.8641	0.660257350955274
28.187	-2.0153	0.64751	-0.175318873036101
36.115	-2.5821	-0.79798	-0.752749624330072
32.441	-8.4786	-4.6004	1.06324454109583
32.516	-10.186	-4.2238	0.986558257784322
34.865	-8.7229	-3.4379	1.6075762838456
37.744	-4.8284	-2.8158	1.24978004757176
36.311	-6.2684	-0.71261	-0.660893902136887
37.547	-3.1049	-3.4645	0.285974108084993
38.079	-6.2421	-1.3115	0.450158997571939
37.974	-3.6555	-3.1281	-0.0719107611866741
28.696	-0.68077	-6.8741	-0.484513954884128
30.852	1.7849	-1.8279	-0.905833021220758
34.821	-6.2335	-5.3327	0.114160043285083
14.631	-11.506	-3.6427	1.05308367797515
34.669	-0.46744	-3.1166	-0.808473732874717
37.859	-5.8203	-2.0456	-0.0221734815621469
36.787	-5.5935	-0.20183	-0.600766494786345
36.693	-3.4679	-1.3316	-1.645
24.838	-11.328	-3.8629	1.15280301764843
35.763	-0.51963	-3.4807	-1.645
35.201	-6.4466	-4.6978	0.251930424374593
32.044	-10.644	-3.7583	1.645
36.194	-6.8002	-1.6144	-0.831281159858468
36.007	-6.7848	-4.2244	-0.659895341200889
35.927	-7.6408	-0.39627	1.13035767046981
35.868	-8.013	-3.1225	-0.564958609085432
36.808	-7.1617	-1.0805	-0.116101824416267
36.946	-7.765	-1.2246	0.351239600858435
36.325	-6.6188	-4.8643	0.00685019427609909
35.549	-6.4596	-0.15332	-0.391671250146863
30.435	-2.0178	-5.0573	-1.645
36.901	-2.8551	-4.7309	-0.665095957799191
37.149	-6.3657	-1.3475	0.543113264293564
36.787	-3.2912	-4.7881	0.961183826854735
37.496	-2.7345	-3.0657	-0.133929583288123
32.833	-9.925	-3.8629	1.57116084335205
37.75	-6.5893	-1.4592	0.521050721117578
36.038	-0.75241	-2.4819	-1.44679373406924
28.133	-11.456	-3.6026	1.18798717990393
30.447	1.4981	0.012136	-1.31234852375717
37.759	-5.8941	-2.4694	1.645
36.523	-6.9224	-0.55317	-0.662237013494021
37.667	-3.3869	-1.5302	-0.609223825271004
35.259	-0.56743	-3.8436	-1.645
21.996	-12.117	-3.2949	0.163032965413409
36.696	-3.7296	-4.7045	0.341274237906798
36.844	-2.8627	-4.1771	0.0888373682669921
35.141	-7.3093	-1.8385	0.0932643788151952
37.236	-5.8353	-2.0778	-0.185585332121385
27.895	2.1727	-0.70999	-1.26170570057202
35.937	-7.577	-0.66075	1.33826458485678
36.415	-3.3798	-0.64911	-1.51790796996277
37.914	-4.9455	-1.6546	-0.229080502966129
37.81	-6.0972	-2.6215	0.703229618842217
36.059	-6.6724	0.099282	0.663289235844962
33.831	-0.82131	-5.9073	0.0472964012365345
37.488	-4.8809	-1.9614	0.153121893204524
34.309	-1.5814	-3.0886	-1.07996556456913
16.546	-12.122	-3.0507	1.414546286771
26.475	2.8001	-0.13414	-1.645
36.584	-3.2355	-4.7375	-0.267903679455068
36.968	-3.0594	-1.5917	-0.386196970923887
36.022	-5.6927	-0.69924	-0.93371327528127
22.905	-1.2773	1.3333	-0.980042580993303
36.937	-6.6664	-1.0888	0.233139988424125
38.435	-6.2835	-2.839	0.320852250738258
35.405	-0.70375	-4.8046	-0.830253634713837
36.121	-2.9466	-5.1363	0.605231351208862
36.896	-1.6696	-2.1151	-0.812973489692496
27.474	-0.29098	-6.7196	0.631066350440332
34.672	-9.018	-2.7887	1.55455831913087
36.78	-7.3321	-1.024	-0.210809711248953
31.309	1.3203	-2.1248	-1.645
34.816	-1.9829	-0.24815	-1.30529869042062
31.034	2.13	-1.503	-0.870087279746045
38.1	-4.3733	-2.6288	-0.70226466002728
33.506	-8.587	-3.743	0.913364777608613
36.038	-5.389	-5.311	-0.400169984981321
34.702	-1.6396	-3.8829	-0.85463907873373
32.373	0.99622	-2.1654	-1.37946519662472
35.958	-2.3821	-5.0615	-0.443954714087759
37.447	-2.7711	-3.2962	-0.297381469107562
34.224	-1.4421	-5.2872	-0.639470603122128
25.823	2.7506	-0.30933	-1.645
36.853	-6.3522	-2.1496	0.192839290760529
34.92	-2.181	-0.95545	-1.02946628046434
31.384	-10.126	-3.673	0.692448786477541
36.331	-7.1059	-0.41523	0.531231521579724
29.704	-11.031	-4.1478	1.645
35.609	-7.1077	-0.68315	0.486874940941111
35.818	-1.2328	-4.9674	-0.740206340536576
35.623	-7.3392	-1.1323	-0.439598532596716
32.987	0.16537	-5.4076	0.522747964593293
36.38	-3.1166	-4.3906	0.0733424603881913
36.763	-2.5223	-2.4664	-1.17765651012063
30.806	-9.287	-3.5933	1.0673593533747
31.819	0.77723	-1.5751	-1.645
34.867	-2.1455	-5.957	-0.444884347728389
36.432	-2.9785	-1.8557	-0.365583775654998
37.33	-2.1802	-2.9054	-0.73840390509038
35.886	-6.8034	-0.66589	-1.08340898593874
34.169	-2.2291	-0.29475	-1.3445841031245
27.676	-0.63697	-6.9622	-0.139970467957502
36.642	-7.6993	-2.0698	0.883394753271272
36.441	-7.3309	-1.0821	0.573374773283927
36.404	-0.77396	-3.045	-1.44512211575325
32.197	1.205	-4.1368	-1.51141422041269
33.119	-10.31	-2.9906	1.645
37.344	-5.4244	-3.918	0.30728969096357
30.026	1.6761	-1.1057	-0.979473175826547
37.878	-4.0903	-2.2179	-0.319039646327145
37.108	-2.6266	-1.3105	-0.678958709900046
36.482	-1.3979	-3.6565	-0.227610883769332
31.452	-9.1478	-3.2273	0.859666903389113
35.595	-7.1083	-1.4836	0.305980472825402
37.93	-4.6532	-1.5629	0.717993252117624
28.339	-11.288	-3.7747	1.22046251099436
34.572	-0.91389	-5.3163	-0.315103369130971
27.025	-1.1452	0.8769	-0.355637540392307
34.079	-9.9018	-3.0968	1.27792399594268
35.222	-7.552	-0.12993	0.887146977818452
37.707	-3.9647	-4.055	0.400932561120004
37.055	-7.808	-1.365	0.256554648615377
37.028	-8.0319	-2.3737	1.24231260676068
37.484	-2.9589	-2.2054	-0.876585482676375
36.636	-1.8449	-4.6217	-0.282580801840214
24.255	-1.0753	1.209	-0.798387215395414
37.908	-5.4849	-2.8675	0.602030339038756
28.144	-11.285	-3.6351	0.919954652447769
36.304	-3.0943	-4.7781	0.7627730447368
36.383	-6.8969	0.11651	0.802839243567827
36.032	-2.4254	-5.2954	0.667874589094422
37.693	-6.9362	-2.1968	0.292804876899388
35.196	-7.2738	-0.20346	-0.268444884965634
36.191	-1.9754	-1.1911	-0.873500432226454
35.949	-7.0988	0.036498	0.0619837136394038
32.924	-0.29634	0.38633	-1.24335551856606
36.636	-8.1869	-3.6598	1.645
35.702	-1.5553	-5.3066	-0.201697719865971
37.827	-3.3669	-2.5679	-0.700834228662121
34.952	-6.4194	-5.1862	1.34334423133587
25.703	0.22142	-6.7138	0.273457889885017
37.718	-6.805	-2.3753	0.421501232466939
20.57	-11.951	-3.571	1.3885433094161
33.204	0.41913	-3.6203	-0.213567774083827
36.349	-7.4662	-1.0629	0.425600750897555
32.301	0.83282	-1.4899	-1.645
36.889	-6.3605	-0.64418	-0.0389826936535894
37.364	-6.6113	-2.4395	0.635924081932667
36.557	-6.012	0.058335	0.366559559107193
34.899	-8.9036	-2.1978	1.19232230849192
34.392	-0.67005	-5.3893	-0.722991880643958
36.058	-0.71232	-3.8443	-0.345891043602562
35.914	-2.1429	-5.1293	-0.0718928525397808
38.175	-6.4615	-2.3743	0.781323240117707
37.269	-6.594	-4.1428	0.784192928859404
36.296	-3.9297	-1.4904	-1.54701222781931
34.929	-9.3154	-3.3453	1.645
33.624	-9.7678	-3.2114	1.645
35.452	-7.5059	-1.1164	0.427440656902768
36.034	-7.7111	-0.66814	0.122507632582319
37.161	-2.9571	-4.3767	-0.500384048999585
35.801	-6.039	-0.10692	-0.14711175479601
38.018	-6.5426	-1.8973	0.528147475415363
37.065	-2.8718	-1.9238	-0.817760928127433
37.741	-3.5231	-1.6764	-0.716314596287156
36.429	-1.94	-1.5444	-1.43080132866549
38.124	-5.9004	-1.833	1.12477944691978
37.088	-2.7651	-4.3048	-0.462632461046416
37.718	-6.2576	-0.89144	0.206085543523638
32.946	-10.118	-3.8613	1.2930986500794
38.042	-4.4673	-2.5642	-0.923267921762044
35.311	-1.2939	-5.3454	-0.340139160230156
36.716	-1.7406	-3.0904	-0.924999427442495
37.657	-5.2865	-0.77623	0.0251745486439167
28.415	-1.9853	0.6287	-0.790406301697502
35.913	-2.1991	-5.1813	-0.0424082669887062
37.832	-5.746	-1.2789	0.596417054756203
37.809	-7.1081	-3.5919	1.645
37.022	-7.8526	-1.9066	0.548179723060194
35.963	-2.9456	-4.6888	1.2754258103914
29.139	-10.899	-4.2139	1.28048326454676
38.328	-5.5245	-1.6957	0.996704035579734
35.913	-3.5353	-0.26692	-0.85068575656182
36.624	-2.5872	-4.7152	0.295768084885325
35.732	-7.4659	-0.892	-0.048374945991185
37.405	-2.8884	-4.2719	-0.930934685897316
27.224	-11.557	-2.9923	1.645
34.219	-0.7002	-5.219	-0.474560086421268
36.409	-6.4671	-0.54685	-0.290108874043244
29.133	0.029435	-6.8166	-0.189819664433243
34.285	-0.88002	-5.7289	0.361822290210309
35.879	-1.4706	-5.0897	-1.24145048356443
33.331	-0.8698	-4.6621	0.457486821212238
28.562	-11.373	-3.9338	1.08338617811685
34.954	-8.59	-1.2637	1.24749992499721
12.655	-12.024	-3.1062	0.915387342037779
33.259	-0.86748	-5.1327	0.325436675704051
38.313	-5.8634	-3.2643	-0.209067554345911
36.875	-2.9204	-4.2667	-0.269732995758834
36.875	-6.5702	-0.73131	-0.238143926454586
32.785	0.6827	-1.7577	-1.645
36.807	-2.7145	-1.7884	-1.24377684354488
36.197	-2.5887	-0.88178	-1.645
37.29	-3.1505	-4.2486	0.931543977314689
33.099	0.48603	-1.4884	-1.645
34.092	-8.9227	-4.1576	1.01972552081938
37.012	-7.5666	-2.4787	0.979024595649958
36.947	-6.3535	-1.4057	0.983293319323498
24.144	-11.871	-4.1725	1.26979182808504
37.294	-5.8666	-0.45628	0.259158111065979
38.453	-6.2205	-2.5167	0.606406083817597
38.205	-3.7763	-2.7418	-1.16146453429672
29.42	-11.225	-3.3753	1.645
37.148	-5.3387	-0.68234	-0.221461848131784
26.075	-11.349	-3.6326	1.6321741081497
34.237	-0.72906	-5.5845	0.299506582914857
35.409	-7.9537	-0.78786	0.912212023933965
36.261	-5.9674	-0.39885	-0.748357128601062
35.769	-1.1302	-4.9338	-0.187515807846051
34.05	-7.3166	-5.0561	0.667525630993262
33.716	-7.4941	-2.944	0.551422915503565
36.741	-6.3389	-1.159	-0.885538239797587
36.513	-7.4862	-2.793	0.198058339221901
36.212	-4.2356	-0.11937	-1.38860830870636
30.542	1.6715	-0.25718	-1.645
37.523	-5.7548	-4.5898	0.151618388910555
28.667	1.635	-0.37636	-1.645
37.356	-5.2576	-1.0494	0.562041047251465
36.478	-7.7756	-0.57777	0.788115204756926
37.883	-3.842	-3.38	-0.312172114501419
35.131	-9.2436	-3.3567	1.645
37.587	-5.2175	-1.004	0.486736637236833
36.221	-2.9564	-0.61513	-1.53690976856398
38.637	-6.5948	-1.8103	1.31967894238763
36.956	-3.2025	-4.4751	-0.153708069409327
29.985	-11.016	-3.6217	1.13506052518491
31.672	-6.1599	-5.747	0.643037759464785
36.491	-1.3732	-4.2775	-0.197887556211462
37.131	-4.5617	-0.87893	-0.735176153828127
31.827	0.24387	-1.1057	-1.57466430639965
36.602	-7.2462	-0.74841	-0.0542288733137624
35.527	-1.6899	-5.4983	-0.666736330142723
28.143	-0.79826	-6.7107	-0.0925429846177733
36.361	-7.4636	-0.51885	-0.863265297015754
36.981	-6.59	-0.49138	-0.362381371085799
37.82	-7.0502	-1.9993	0.262589380807356
36.574	-8.6753	-3.4189	1.645
37.993	-6.6047	-0.58157	-0.0995069376748844
36.619	-3.3442	-5.008	-0.114013081536493
37.163	-4.0055	-1.8496	-0.412229515091014
27.841	-0.46924	-6.7153	0.141455636864066
33.362	0.38835	-1.7634	-1.645
38.275	-5.2304	-2.3682	0.372520527087777
36.744	-6.6862	-0.47204	-0.131542681552247
29.038	-11.463	-3.3336	1.27150530320122
32	-9.0904	-4.758	1.40893465078766
34.952	-1.4921	-5.7799	-0.100086874837792
35.586	-6.7863	-0.30952	0.611260118717834
29.473	-2.0004	1.2233	-0.571852035655345
36.946	-7.1431	-0.98937	-0.330023300818246
35.2	-1.6433	-5.5416	-0.316225640323755
38.265	-6.0586	-2.7998	0.516900307420491
33.966	-0.18969	-0.95979	-1.645
37.105	-2.5879	-1.2599	-1.11769001801462
37.342	-6.7824	-1.0638	0.267915416193628
36.545	-7.0306	-0.54223	-0.219133454318703
35.679	-7.0002	-1.2115	0.435132067108012
35.984	-1.9774	-4.2136	-0.226549607385389
35.308	-9.5027	-2.4343	1.645
33.845	-9.7813	-3.7695	1.31554723969161
33.349	-0.35116	-2.0425	-1.645
27.568	-0.41487	-6.818	0.520406095847118
33.366	-9.9976	-3.4617	1.57582292403223
19.483	-12.108	-3.7965	1.55951861768486
37.162	-5.5491	-4.7764	-0.0513693547815303
35.769	-6.9619	-0.47515	-0.656230240005335
35.88	-8.2388	-4.4135	0.377510389257933
35.04	-7.5716	-1.0808	0.31845138250928
35.22	-1.6653	-1.0212	-1.63188168369979
36.935	-5.5179	-1.3782	0.709307233415854
35.664	-1.6218	-5.105	-1.09898462525371
26.332	2.8248	-0.26543	-1.645
38.305	-4.7921	-2.3396	-1.03600153273131
37.264	-6.0234	-0.95589	-0.0846106582593197
24.961	-12.173	-3.2356	0.635497074847013
36.493	-3.2037	-1.737	-1.63427239352468
37.016	-2.6871	-3.6991	-0.203536944337284
35.521	-7.0953	-0.81215	-0.299098788724231
37.573	-6.2663	-0.94834	0.171685660238567
36.713	-2.7918	-3.6785	-0.459860663542661
37.267	-2.9412	-1.1413	-0.865365238415454
36.105	-7.5793	-1.0388	0.304592144795543
36.149	-3.6882	-0.088772	-1.09032880747673
29.561	-2.1923	-0.92529	-0.918347399490668
28.421	-10.501	-3.8962	0.888104655724916
37.543	-6.6177	-3.9242	0.40839529180454
36.013	-5.2962	-5.2194	-0.720910242401853
31.616	-10.133	-3.0478	1.2726609219866
26.865	-11.889	-3.6093	1.4033579808029
34.944	-1.8333	-5.6746	-1.11242673329811
33.974	-0.2086	-5.4289	0.148972274101953
27.421	-11.915	-3.1716	0.714166467345066
24.068	-11.949	-3.7635	1.28272753160248
36.904	-2.4271	-4.0264	0.115514139730532
32.829	-2.2829	-5.3286	-0.30460436507294
36.607	-2.9684	-1.1872	-0.255132147322253
36.922	-6.114	-0.78434	0.143794207124254
37.221	-6.042	-1.2144	-0.648899519357028
35.954	-7.1988	-1.5628	0.573166954635135
35.692	-8.8069	-1.7571	0.78930794044117
37.491	-6.0219	-1.2997	0.547462597547397
35.9	-7.2416	-0.67509	-0.127838265089578
36.618	-7.6655	-0.98104	0.876782649271186
29.945	-1.3699	-6.7296	-1.645
32.161	0.91575	-1.7862	-1.34503632416072
37.605	-6.5111	-0.87244	-0.0914241406669894
35.517	-6.5056	-0.50915	-0.769436623669456
32.059	1.3109	-2.4168	-1.24161879172242
29.196	-10.899	-4.0629	0.913235336905623
24.476	-1.1701	0.93116	-1.05850404320955
36.747	-2.8716	-4.7368	-0.181366655865343
38.014	-3.428	-3.3169	0.00432930702300435
36.001	-6.2461	-0.9769	-1.18298959427827
36.332	-6.6978	-0.47076	-0.830162530551991
38.3	-5.7317	-1.6831	0.758743193290011
29.979	-11.824	-2.9049	1.645
37.151	-6.3028	-0.5405	-0.305081620633779
36.12	-6.1442	-0.35725	-0.200316324074272
36.271	-7.3453	-1.3238	0.605609064003236
36.488	-6.1858	-3.8549	0.241184474519443
35.366	-1.8119	-5.5672	-0.561386804938478
36.371	-1.3748	-4.149	-0.613903533299948
31.428	1.6486	-2.2588	-1.4848880602268
30.715	1.0071	-0.9415	-1.57589751537679
37.231	-3.9099	-4.7721	0.741523548817749
34.721	-8.3715	-4.579	0.128321270782722
36.514	-8.5327	-2.2652	1.63798270767965
36.083	-2.6015	-0.39972	-1.29280723237299
35.498	-8.087	-2.6598	0.43070739541745
30.178	1.4558	-0.55411	-1.48994121290913
33.074	-10.314	-3.0415	1.645
34.568	-8.0682	-4.3868	0.447729950413728
36.881	-6.9741	-1.2878	-0.286232687077935
31.206	-10.908	-3.2517	1.645
20.185	-12.42	-3.592	0.679392815492438
37.199	-1.6237	-2.4917	-0.376807367533611
36.947	-7.3373	-1.2444	0.441189402718893
33.778	0.11392	-0.5513	-1.645
36.98	-3.2319	-1.217	-1.37930027365858
36.125	-7.0592	-0.43751	-0.11236694579963
30.989	1.3364	-1.2695	-0.886168281681663
37.721	-2.718	-3.5393	-0.393098450105747
36.492	-7.4624	-0.46387	-0.418663903080414
35.897	-8.9728	-2.3728	1.645
36.92	-3.6492	-4.6394	0.343950982881746
36.993	-4.0546	-1.8566	-0.681813632193734
34.583	-9.2741	-3.2361	1.645
34.344	-1.2254	-5.6987	-0.194856798035844
35.742	-8.0212	-3.8443	1.645
37.001	-2.4226	-2.9225	-0.6060734619044
35.171	-6.1369	-1.2886	-1.52407139938736
37.028	-3.37	-4.176	0.0695111267783088
33.298	0.35184	-3.695	-0.671429317107922
30.361	0.79431	-0.83387	-1.645
35.436	-6.7361	-0.95815	-0.441950011356353
37.41	-6.4188	-0.83121	0.0376460646916247
36.383	-1.4084	-1.6501	-1.4921088536757
28.632	2.1882	-0.58482	-0.81174722034623
34.186	-2.9176	0.81454	-1.40557633834358
36.195	-4.2493	-5.2274	0.361673234864923
26.47	-1.2093	0.66759	-0.856487986740462
36.233	-7.5856	-0.90686	0.123593687043635
36.421	-8.4179	-2.0881	1.13522093504794
37.469	-3.1858	-2.9957	0.184460597926769
35.257	-2.0901	-4.006	-0.32722544690021
36.163	-7.092	-0.771	0.347033845244366
37.734	-5.9544	-4.0513	-0.177855379533946
37.902	-5.9908	-2.0936	0.959465944457772
37.448	-6.4351	-3.4083	0.405573020982614
36.099	-7.3386	-0.73775	0.049063462290643
38.19	-5.2303	-3.4668	0.636602980426074
32.123	0.60269	-0.86491	-1.645
32.053	1.3059	-1.5197	-1.645
36.699	-4.6467	0.089536	-0.65366102968955
27.83	-11.511	-3.6894	0.725913662403
35.927	-2.6184	-5.194	0.31628970125491
36.378	-8.7082	-2.2334	0.651591017658183
37.434	-4.6484	-2.4277	0.00517565850681267
36.422	-2.8263	-5.0446	-0.0722141785120174
37.128	-7.3771	-0.91807	-0.504057547371746
36.806	-7.1946	-1.9069	0.532052732565655
34.659	-0.55942	-4.4261	-0.801674043386061
36.328	-7.1272	-0.93379	0.545462164985977
36.281	-2.7152	-5.341	-0.361757117542793
37.412	-6.2447	-2.696	-0.00593421347565212
35.967	-2.729	-0.69909	-1.56546735796981
36.783	-8.0664	-2.712	0.622870263621794
36.508	-6.9874	-0.76697	-0.294210188545546
37.295	-4.7406	-4.9434	0.157184641051096
37.907	-5.6622	-1.514	0.427460833757197
36.54	-2.6445	-3.9797	-0.936592054195662
34.705	-0.88028	-5.109	-0.780660188252631
35.571	-0.535	-3.7779	-1.645
36.023	-3.1128	-0.9772	-0.303398354175196
36.969	-6.9389	-2.1567	0.659089153252545
30.821	-10.653	-3.8519	0.507064410184057
34.81	-1.815	-0.71735	-1.25691820620648
37.007	-3.2381	-4.6457	0.281967679393777
22.98	3.3486	0.063496	-1.645
32.159	-10.433	-3.0039	1.645
37.195	-6.8729	-0.94274	-0.026808509043821
34.005	-0.32428	-5.4688	-0.534448480956297
37.776	-3.2527	-3.708	0.0166182176225295
25.345	2.9604	0.81839	-1.645
37.704	-6.9036	-3.5007	1.645
25.232	-11.836	-3.4376	1.645
35.212	-2.5121	-5.7232	0.533550954677625
38.366	-5.4234	-2.4492	-0.00758583773989732
29.989	-1.4419	-6.6104	-1.645
37.702	-3.2554	-2.2478	-0.415385888464322
36.695	-8.3244	-3.4796	1.60209270382767
22.216	-0.28528	1.8218	-0.838892134651641
27.938	-0.14693	-6.4389	0.780871835958871
37.215	-2.1692	-3.2804	-0.611118349867108
24.948	-1.1145	1.1193	-1.4658082870251
35.868	-5.9551	-0.76246	-0.873704927020506
28.015	-11.269	-3.5031	1.48227615921774
36.415	-2.8229	-5.3315	0.124664979093671
36.026	-2.1342	-5.1439	-0.542319751509867
36.861	-6.3361	-0.60656	0.452214502976659
34.486	-9.5717	-3.7802	1.27872137267842
22.352	3.0673	1.2586	-1.645
35.219	-2.1202	-1.3575	-1.6263941643898
36.39	-6.9544	-0.46647	0.351183381614735
32.516	-0.5129	-6.2823	0.765577835119988
37.032	-6.1426	-0.88556	-0.441772849656399
28.289	2.0839	-1.1024	-1.27256807111448
33.548	-1.5978	0.067007	-1.645
35.336	-1.5855	-5.3664	-0.30952966470057
35.391	-7.7354	-2.7639	-0.195021921447619
36.84	-7.9578	-3.3052	0.401081074281659
37.095	-3.2146	-1.7715	-1.23517343408948
33.859	-9.2605	-2.5721	1.645
35.877	-8.4213	-3.4308	1.12967016962218
34.549	-0.84299	-5.6394	-0.29489694505887
36.996	-7.5551	-2.6668	0.0778567119780508
34.832	-7.3907	0.24362	0.387839093777136
33.235	-10.72	-2.9872	0.544048351928286
37.307	-6.0201	-1.5607	0.157280789601827
37.418	-2.9354	-2.5082	-0.82111046101839
34.343	-1.6947	-5.9695	-0.44518882321968
35.852	-6.3953	-0.66102	-1.27320674188488
23.219	-11.625	-3.7246	0.978066421947406
25.658	-11.743	-4.0632	1.17264005034576
36.408	-7.0685	-0.74929	0.107283357995532
34.872	-9.2335	-3.1798	1.645
32.521	-10.366	-3.3013	1.645
35.301	-7.1362	-0.87532	0.284306862829299
36.981	-7.338	-4.1057	0.160904141906155
36.532	-2.2219	-4.9142	0.152837782006843
36.587	-6.9588	-0.9185	0.374012712644775
37.804	-3.758	-2.5106	-0.316239404026329
37.188	-3.3266	-4.129	-0.00356881722812247
36.601	-3.3263	-0.83788	-0.845545929424239
20.494	-12.103	-3.3423	1.20045039191538
37.343	-6.62	-3.3463	0.94152889639124
34.74	-1.4122	-5.6472	0.00943099383916211
33.679	-0.86234	-0.17042	-1.57959139711397
36.655	-3.0677	-4.4207	-1.3433950787476
34.85	-8.5722	-4.0191	1.645
30.867	-10.809	-3.5384	1.645
37.307	-3.9139	-4.5918	0.866569491090313
36.667	-6.7386	-0.78268	-0.296982674574204
31.457	-0.30158	-6.5963	-0.959553568734528
35.913	-7.6121	-0.87189	0.313667897045886
36.13	-2.8164	-5.1146	0.270576647235655
35.209	-0.0088546	-1.6024	-1.645
37.083	-6.3311	-0.76982	0.328194791907183
36.223	-7.7271	-1.0545	0.845255848240047
30.474	-10.434	-3.6727	0.617799021535032
35.745	-6.4161	-0.72233	-0.997556284230983
34.25	-0.42419	-5.4538	-0.435084589310556
35.158	-7.4175	-0.57039	0.655503078333449
37.835	-4.0336	-3.727	-0.204285562934874
29.205	-1.0063	-6.6398	-1.46897228161574
35.456	-3.3218	0.088323	-1.1986375353437
29.803	-10.77	-3.5859	1.30986428641765
37.4	-5.3887	-1.203	0.0602616191896654
38.39	-4.8164	-3.1837	-0.25988726472223
28.169	-10.539	-4.4468	1.02149501515934
37.101	-6.2474	-1.5272	-0.417963777948658
36.103	-2.9353	-0.50444	-1.14457966315438
33.597	-0.56617	-5.3621	0.480572213979138
34.55	-8.264	-2.9045	1.10590776121435
35.071	-9.1648	-1.7033	1.645
37.21	-4.2579	-4.7383	1.17238050454297
35.826	-8.9178	-2.6398	1.58894518373829
29.572	-9.596	-4.4341	0.847019932872434
38.35	-4.2938	-3.138	-0.419906029903008
33.688	-2.6749	1.0381	-1.554915004983
36.474	-2.0151	-4.8982	0.536922117472665
36.528	-6.7207	-0.3798	0.169462804785913
33.424	-10.084	-3.4669	0.984948432241631
35.861	-2.605	-5.277	-0.0693041028053401
34.46	-9.1908	-4.2253	1.20312827278302
38.32	-4.8525	-3.1108	-0.435710028458967
37.496	-3.2443	-4.1554	0.884636935576542
26.909	2.6637	0.026832	-1.58643251530681
23.052	-12.064	-3.317	0.837159218547634
37.644	-6.4692	-2.6675	0.51036996602479
36.848	-6.5595	-2.1398	0.825944977700946
29.035	1.6447	-0.066406	-1.645
35.626	-7.5125	-0.57968	0.31209418997104
37.322	-7.6218	-1.4826	-0.243047312321276
35.285	-8.2893	-0.64382	0.636178235259335
20.084	-12.312	-3.48	1.17558691585457
28.865	1.751	-0.48839	-1.47565153576919
29.709	-10.969	-3.9119	0.58102118216831
37.772	-3.5059	-3.3861	-0.243495494835964
36.942	-6.4637	-0.66239	-0.207895904666939
33.758	0.38343	-3.2386	-1.06401731188308
36.282	-1.236	-3.9953	-0.366778838171236
36.872	-6.6326	-0.5159	0.337317501964755
27.991	-1.7102	0.46544	-0.36319509117208
34.467	-0.7789	-5.5486	0.054145141436837
28.91	-10.416	-4.3339	1.02300466541433
36.451	-2.0925	-4.9467	0.43197732694842
29.772	1.7553	-0.20628	-1.42718532154173
37.46	-4.4038	-1.0835	-0.885583421435001
30.47	-9.6622	-4.3325	0.977423882336763
31.478	0.98321	-0.87069	-1.22103731501476
36.431	-1.4634	-3.8262	-0.804053708692078
36	-9.0717	-3.5695	1.54260996262927
37.711	-5.9719	-3.357	0.378257220659636
27.558	-11.495	-3.2371	1.31268902235231
24.502	-11.889	-4.0808	0.520620510361857
36.522	-7.3306	-1.1206	0.207321504111916
34.234	-9.0501	-4.1876	0.733233601033518
34.039	-8.7942	-4.1058	0.952681086372671
36.049	-2.8343	-0.31658	-0.67724821816043
35.726	-3.108	-0.29894	-1.01939762062981
37.247	-6.3258	-0.74275	0.557524336989257
36.663	-8.0185	-1.3392	1.02807748752911
36.819	-2.209	-4.6629	-0.0182745401808274
36.367	-7.0131	-1.7098	-0.411594935782537
37.603	-3.5366	-2.3554	-0.803665093808139
37.32	-2.9559	-2.0473	-0.645492464399678
36.358	-3.1915	-4.9347	0.437162079411732
18.772	-12.196	-3.1299	0.351061581193888
32.75	-10.422	-2.8005	1.645
36.785	-1.4031	-3.5604	-0.191798775482734
35.477	-1.5291	-5.0441	0.0920117759709159
28.024	-11.618	-3.2678	1.03917504465053
38.028	-3.372	-3.8422	0.092760405066165
35.983	-6.7157	-0.25748	-0.621994258090704
37.675	-7.2641	-2.5191	0.431553277590921
38.285	-6.068	-1.6478	0.480013076316086
37.648	-2.9954	-2.6871	-0.614814689169467
36.758	-6.2914	-0.49534	0.0944695730277225
37.3	-4.165	-1.6175	-0.685531603626625
27.805	2.13	0.2655	-1.645
33.741	-1.9733	-5.4226	-0.261900823355315
36.11	-7.4497	-1.499	-0.103096312232327
37.13	-3.482	-3.5833	0.440168757150685
37.065	-7.2034	-1.1197	0.000334912213572073
35.676	-1.5634	-5.343	-0.569881589862142
25.634	-1.2253	0.94194	-0.78120403863303
36.345	-2.7504	-1.3676	-1.01084692277007
35.006	-5.2704	-0.66318	-1.63595514070409
21.515	-0.82075	1.3352	-1.07762765845242
36.934	-7.1197	-1.3898	-0.142031784503518
35.563	-2.7773	-0.24283	-0.84510753126415
37.173	-2.6245	-3.9132	-0.16272127970294
36.387	-2.0945	-4.6511	0.133356950303363
35.784	-2.114	-0.96068	-1.37593598217483
37.664	-3.9756	-1.3644	-0.313622442264598
33.453	-9.9212	-3.2833	1.61863178273688
28.418	-11.12	-3.9506	0.657857363146907
35.617	-3.9137	0.42156	-1.14755983664721
35.863	-2.4069	-2.5622	-0.613973464648727
35.028	-7.1752	-0.66195	-0.387172241953105
35.812	-5.4805	-0.52955	-1.6219705940667
35.948	-1.8128	-5.129	0.189609246495475
36.383	-2.5713	-5.1106	-0.731655734726443
37.161	-6.9458	-4.105	0.023160133749831
33.48	-0.64767	-5.7709	-0.167123511569327
36.767	-7.3284	-1.2693	-0.0760516940781708
34.688	-1.4445	-4.5017	0.203317874751468
35.727	-1.6297	-5.1851	-0.651935206170345
27.955	2.3396	-0.87238	-1.02235232019113
33.377	-10.479	-2.644	1.49156424208467
32.498	-1.6331	0.075498	-1.645
37.362	-2.3661	-4.0574	-0.821377908811703
37.957	-5.771	-1.0749	-0.0362402318598471
36.775	-7.7189	-0.67347	0.710142023174037
37.412	-4.5111	-2.4789	-0.353889158837272
36.828	-7.5118	-1.7764	0.116215173138578
34.807	-9.2413	-0.70097	0.830401516519061
37.16	-6.5484	-1.2193	0.20930300586369
36.12	-6.8519	-0.23334	0.00231314586987356
38.418	-4.7373	-1.7362	-0.89890807165217
33.209	-1.3065	0.58739	-1.645
36.674	-2.2954	-4.338	0.139225438977311
36.732	-2.5374	-4.5019	-0.973021718120304
37.642	-6.2693	-1.2363	0.0716954858598374
34.288	-1.2429	-5.9811	-0.361703680947876
34.357	-6.5455	-4.6842	-0.290786255795848
33.459	-6.2113	-5.0877	0.756378215504135
34.398	-1.8175	-6.1834	-0.653751053220505
28.402	1.6858	-0.84161	-1.645
36.054	-8.1439	-2.2738	0.912359898435614
36.711	-5.4696	-0.059321	-0.27708271180108
36.851	-6.8	-1.1773	0.225661109356864
38.242	-5.918	-2.1091	1.11464498151817
37.137	-3.3898	-4.8805	0.103436193662036
37.779	-6.3044	-1.8107	0.857028837323764
34.925	-1.4506	-5.7603	-0.70026111730988
36.307	-6.6518	-5.0565	0.191134650389263
37.216	-7.7869	-1.3901	-0.0323366706330584
34.201	-6.8832	-5.1613	0.417327533998693
37.024	-5.0281	-5.0016	0.2350003730553
31.076	-10.596	-3.1788	1.44590376417369
37.732	-3.9914	-1.8724	-0.0329052356779217
28.05	2.1178	-0.84351	-1.38282793150384
29.068	1.9082	-0.13313	-1.645
38.105	-6.1144	-1.8308	0.245213273522813
31.208	-10.341	-3.9103	0.612520215049138
37.164	-3.1932	-4.4762	0.25975992538462
35.947	-7.6318	-0.92707	0.553876105806991
26.384	-11.718	-3.1602	1.52592503988629
17.539	-12.176	-3.6076	1.22103330669166
27.847	-1.0006	-6.7591	0.201201794638347
28.06	-11.31	-4.1272	1.03337499247994
26.252	2.4373	0.2568	-1.645
36.415	-1.8489	-3.4901	-0.489349459516799
36.414	-6.6305	-0.54073	-0.208504938709537
36.926	-6.1455	-1.226	0.0792969065024052
37.013	-1.3675	-2.5758	-1.09700078712015
31.516	-1.6663	-1.0651	-1.64308468071346
23.685	-0.6064	0.95115	-0.81070900524044
27.546	2.3168	-0.11179	-1.645
36.582	-3.2051	-5.0006	-0.294848324123136
37.103	-6.8195	-0.88503	-0.133460898878105
36.399	-7.0935	-1.8265	0.662729133309825
35.481	-2.2084	-0.77026	-1.16168529425254
27.377	2.5778	-0.06166	-1.37986520698131
29.712	-0.9678	-6.7499	-1.62397520792594
37.899	-7.3266	-2.9614	1.645
36.681	-7.6883	-1.3233	0.939121684175987
36.539	-6.8839	-1.4043	0.964595232556636
36.927	-2.4784	-4.6331	-0.686874953300918
37.289	-5.8562	-1.1742	0.0209550554794193
36.35	-1.06	-3.5694	0.133846077503012
36.839	-2.8458	-4.6107	-0.290268157696585
34.409	-9.3628	-3.4874	1.645
21.749	-12.082	-3.1072	0.475533386063323
36.479	-2.3034	-4.7111	0.389659470886423
35.35	-9.2134	-2.9742	1.645
37.069	-7.3037	-1.1191	-0.116101874177618
37.293	-2.0806	-4.0461	-0.619941263483316
37.112	-7.3561	-1.2594	0.997280639902758
35.298	-7.0473	-0.77197	-0.643127725538843
34.237	-8.2289	-3.8283	1.54371871489543
38.056	-5.1676	-2.5888	0.819818031348365
35.642	-2.2581	-5.5624	-0.696920646521772
37.132	-6.4566	-0.84542	0.171387939896866
33.381	-2.7503	-0.92077	-1.645
36.842	-7.1254	-1.1484	1.01148849471922
36.903	-6.0825	-1.1782	-0.144623213850781
36.19	-1.7172	-3.5639	-0.468247498430334
34.92	-2.2908	-0.34357	-1.13404563666283
38.043	-4.5569	-3.3936	0.744583853701541
35.541	-0.99494	-3.919	-0.843479317117981
37.769	-5.0176	-1.871	0.636042730832809
35.269	-8.6907	-0.96378	0.731341470672218
36.885	-8.2585	-1.4113	1.14766312442562
34.961	-9.0902	-2.5955	1.53475856313046
36.838	-3.1052	-0.58324	-0.611396265320912
27.664	-10.9	-3.9195	1.15715970090332
23.422	-0.66444	0.89025	-0.972452017726548
29.878	1.9333	-3.6835	-0.896223629684521
38.515	-5.1784	-2.2231	0.761401088539494
38.137	-5.8416	-1.5113	0.940001361732703
37.654	-2.3191	-2.4915	-1.00223749776715
35.139	-7.3104	-0.6746	0.17168790372392
29.667	-0.36181	-6.2471	-1.04024963289625
34.572	-9.5317	-2.8881	1.645
36.627	-2.2565	-4.6513	-0.104411091550299
38.041	-6.1191	-1.0396	0.189301080736225
35.898	-7.0416	-0.93679	0.265171782441135
33.998	-7.9864	-0.16569	0.691453203034865
35.179	-4.4275	-0.35156	-1.27833068768415
35.475	-6.9959	-0.76676	-0.879127939686137
32.07	1.4293	-2.3833	-1.645
35.045	-8.4451	-3.0206	1.48662892015104
36.626	-6.7312	-0.7282	0.188219464929929
28.783	-1.1034	-6.5278	-1.12891166377383
35.933	-8.4365	-1.8553	0.288500551967099
32.506	-10.224	-2.3987	1.60718263701168
34.744	-7.6455	-4.2175	0.967667588472864
35.716	-8.4489	-2.1184	0.222088870823029
31.72	-0.96702	0.3544	-1.645
36.751	-6.7733	-0.83624	-0.22093739747194
26.305	2.5123	-0.34699	-1.645
37.254	-3.0555	-4.385	0.376680804987982
34.17	-1.3725	0.13005	-1.20053181138401
36.772	-2.0808	-3.8427	-0.849273959840878
28.764	-0.51537	-6.6424	-0.806811708472466
38.014	-5.9577	-1.8809	1.14198413372727
34.574	-3.6874	0.49795	-1.27416893865988
36.293	-1.505	-4.5643	-0.0370309168481161
36.234	-7.6629	-0.97961	0.711771063740437
34.65	-7.5723	-2.293	-0.0817946458634232
36.083	-8.5847	-3.8822	1.20301834367953
27.103	-1.7895	0.51807	-0.607872498058831
36.16	-3.0067	-5.1595	-0.485492140857958
33.832	-9.4165	-3.2844	1.23818912310202
35.349	-1.7696	-4.8635	-0.431821656157562
37.166	-4.2299	-4.5378	0.0677141365544223
34.808	-9.1052	-3.57	1.645
35.873	-6.1718	0.076158	-1.0357956004324
35.622	-2.128	-5.639	-0.16553420810549
37.437	-6.1818	-4.1612	0.155312555803199
36.152	-7.3342	-0.95071	0.80887650534263
35.261	-1.5128	-5.0484	-1.06542469594258
33.824	-9.9319	-3.7705	1.645
35.159	-5.0452	-1.1061	-1.19003959606927
30.039	-10.6	-3.9322	0.699317071900314
30.135	-9.1454	-4.2499	0.705024562157698
29.138	-11.188	-3.8476	0.890574053114451
35.92	-6.9901	-0.49628	0.358565785103591
31.224	0.17342	-5.7504	-0.480156945158585
35.622	-3.6657	-1.0615	-0.411633282139705
37.487	-6.2291	-1.7669	0.789965964249236
35.929	-8.1243	-1.4357	1.60142293113953
33.353	-0.15211	-5.6436	0.175191541609972
34.134	-10.156	-2.7773	1.62523204817331
35.54	-1.4891	-4.931	-0.244340721688137
34.026	-9.7903	-3.2879	1.645
36.626	-5.7911	-1.2278	-0.339240836768485
24.178	-11.704	-3.6301	-0.0614526090125691
37.404	-5.4861	-1.3972	1.13778952030567
33.892	-0.68384	-5.8885	-0.0432658284881343
24.368	3.7988	0.25655	-1.645
25.316	0.0397	0.96357	-0.849137188602483
36.37	-2.9592	-4.9675	-0.469370233488268
36.177	-2.5183	-1.6875	-1.00504183723752
34.494	-0.21675	-1.9609	-1.645
36.989	-2.1522	-4.4694	-0.0284732272625021
29.538	-10.738	-4.0519	0.37891587892423
37.198	-6.5255	-1.0386	0.195244282551094
36.164	-7.808	-2.0116	0.69266959610759
26.615	-11.683	-3.4185	1.45074806109048
35.959	-8.016	-1.3819	0.716519670113
37.27	-6.2276	-1.1357	0.60342673006636
36.454	-6.533	0.32032	0.541558317506788
36.452	-2.8956	-0.53636	-0.439317350464101
33.279	-10.124	-3.4263	1.60164881232892
26.736	2.6919	-0.6298	-1.645
37.768	-2.7583	-2.6984	-0.913239917950995
35.59	-2.7801	-5.4654	-0.0594579760900509
37.579	-7.1001	-2.0947	-0.157034301831078
36.093	-8.6628	-3.2445	0.873253094688701
33.734	-9.5652	-3.4776	0.792540015719322
38.216	-4.6273	-2.5373	-0.574562152157415
27.089	-11.553	-3.8875	1.55919209497679
32.801	-10.494	-2.9191	1.645
38.241	-4.5629	-4.0563	0.139077723247976
37.785	-3.759	-1.4766	-0.590818457006226
38.276	-5.2348	-2.0977	-0.0800812503070507
37.742	-3.366	-3.0438	-0.316608900771838
27.815	-0.57083	-6.707	0.165454842099268
28.23	-0.50422	-6.5389	0.167197065317433
29.63	-0.92416	-6.7941	-1.42946462761788
33.189	-2.0783	0.76822	-1.645
34.078	-0.040589	-5.3448	0.108544330120725
36.923	-2.6406	-4.693	-0.849303325616901
30.923	-10.273	-3.951	0.969979563516417
33.454	-0.75361	-5.856	1.645
37.946	-3.4073	-2.4633	-0.69921094455327
24.271	-12.112	-3.4109	0.673001166786393
36.432	-7.4201	-0.80639	0.433216701683571
35.365	-1.0409	-4.4356	-0.448365715734774
36.627	-4.0545	-5.0559	-0.296822843746398
36.92	-5.8143	-0.62305	0.0274585774551634
36.617	-3.1258	-4.9507	0.570376631187035
35.936	-1.5523	-5.1143	-0.712374872613555
22.13	-12.369	-2.9595	0.801423015381958
35.285	-7.5377	0.066807	0.220137821323796
34.246	-1.9271	-6.1455	-0.544464889897001
35.563	-0.78294	-4.4159	-0.583402831833051
37.246	-2.3567	-4.2847	-0.909346064628113
36.836	-2.003	-4.5542	-0.985844215101421
35.681	-7.0142	0.034118	0.636458463094571
28.476	2.3052	-0.21928	-1.14996507384762
36.702	-4.5632	-0.72328	-0.916873728415833
35.022	-2.2931	-0.30106	-1.1881654082692
36.997	-2.8596	-4.6194	0.308594291397593
31.828	1.1086	-2.2523	-1.38206395226485
35.129	-7.3311	-0.43908	0.129494341231681
35.687	-2.4359	-5.3201	0.283400424904066
26.988	-0.92323	0.91876	-0.297007850819494
31.846	-3.3065	-0.63738	-1.645
33.401	-1.0653	-5.7202	0.712278655373259
36.04	-6.7814	-0.20054	0.170926733376918
34.114	-0.95412	-5.5611	0.034668072131429
36.599	-6.6278	-0.62335	-0.136409375875838
37.135	-6.6056	-1.2216	-0.574374421262832
38.176	-5.8106	-2.8118	1.61087731118488
37.58	-4.0989	-3.3811	0.758607027926327
35.637	-6.7245	-0.37612	-0.305405101276169
35.282	-0.54191	-4.5888	-1.08727515601292
35.082	-1.3413	-5.5522	-1.12144707366779
35.866	-8.262	-4.0059	0.516118431802423
37.104	-7.4099	-0.84084	0.810904273805251
35.513	-9.1151	-3.2543	1.645
36.187	-7.133	-0.64214	0.00748418564928582
35.107	-0.70271	-4.7009	-0.506801312210454
37.184	-1.7013	-2.732	-0.57612766240448
37.267	-6.9481	-1.9059	0.780778722899574
32.963	-0.82231	0.13576	-1.645
35.467	-1.2018	-5.1814	-0.342979094284028
19.144	-11.629	-3.5846	1.16973623666299
35.444	-3.6749	-0.45329	-1.18944487246498
33.256	-0.209	-5.6186	0.332600728646793
38.277	-5.7043	-2.5148	0.492470830689895
35.262	-6.5396	-0.11959	-0.799410566317375
36.147	-2.2079	-4.9607	0.134461850210301
25.063	2.6942	0.50611	-1.645
35.954	-7.1833	-0.97152	0.107000155787226
31.359	1.133	-1.4757	-1.645
36.883	-3.2841	-4.7561	-0.0459844022292343
37.07	-3.5895	-4.5398	0.906223888844596
29.455	1.4441	-0.33154	-1.645
30.771	-10.607	-3.8479	0.268186382110475
35.249	-6.5454	-5.549	-0.290936015643871
37.709	-3.0288	-3.4199	-0.163389415258168
36.433	-4.7672	-1.4114	0.201249063957288
27.534	-0.34665	-6.4868	0.512811128641565
36.086	-7.7136	-1.5338	0.336745087874695
38.056	-6.0844	-2.1369	0.517125250619491
34.733	-2.7372	-1.1845	-1.60221655120789
34.09	-1.9336	-5.9096	-1.14431348175102
30.214	-10.125	-4.3742	0.949899559236824
36.733	-2.908	-4.739	0.0755129505688776
32.649	-1.5728	0.16861	-1.32816123053666
35.94	-8.616	-2.4003	0.278468863010159
38.211	-6.7695	-2.7243	0.966744467753416
34.473	-6.0424	-5.0366	0.350130346394551
36.627	-6.1571	-0.69163	-0.790419536350294
36.064	-7.1385	-1.2273	0.326436681769687
28.21	-11.078	-3.6007	0.979143870564389
33.526	-9.8154	-3.646	1.6413045586202
37.809	-4.4404	-2.6843	-1.08856298271461
36.294	-2.8729	-4.9081	0.494704997637044
36.932	-2.2441	-4.676	-0.74837069328224
34.882	-7.8087	-4.7386	1.11514660641447
36.476	-7.382	-1.0621	0.779019666125065
37.275	-3.0113	-4.2995	-0.0648536958005674
37.16	-7.4515	-1.5202	0.197715646855556
29.493	-2.0896	-0.37662	-0.895096213087569
36.008	-4.144	0.37998	-1.645
33.871	-0.68123	-5.6772	0.115915490342402
26.97	-0.27744	-6.7405	0.35750295863731
34.878	-7.421	-4.5206	0.915595948980065
36.796	-7.0838	-1.2456	0.0570619560803289
36.362	-7.0014	-1.1047	0.910772371283905
20.626	-11.99	-3.1838	0.66182005077852
37.31	-7.5264	-2.6178	0.641589342856832
30.671	-0.85242	-6.8893	-1.55847892602867
16.859	-12.177	-3.2421	1.39400875196867
36.905	-4.2578	-0.4808	-0.686800540438552
35.511	-1.8353	-5.3157	-0.669049637625767
21.085	3.772	0.79139	-1.645
37.367	-3.737	-1.2535	-1.06477006895627
36.651	-7.5829	-1.2475	1.11852934299956
35.014	-8.2377	-0.58041	1.49010151106857
36.616	-6.8313	-0.47681	0.466567250715665
36.201	-2.0957	-4.461	0.296266837635358
36.759	-7.1446	-0.57465	0.659267042938518
35.043	-1.2339	-5.4064	-0.402322059638742
36.334	-6.388	-0.29077	-0.345451249971282
35.239	-3.0074	-0.11223	-1.645
33.832	-8.7472	-3.3011	1.06163452789159
29.377	1.7668	-0.97623	-1.39440455180911
36.531	-6.2769	-0.45093	-0.0313124033919182
35.735	-6.5504	-5.0381	-0.272407725836282
36.185	-8.2947	-3.287	0.233348792905009
30.382	1.5907	-0.49021	-1.645
36.292	-7.3381	-2.103	0.996897618668642
30.558	0.84485	-0.90212	-1.645
