30.252	-10.709	-4.2735	0.870760278102777
37.784	-3.0457	-3.1938	-1.21287921484141
35.233	-1.7225	-5.4094	-0.45305770318389
36.304	-5.6636	-0.46282	-0.485733938488239
34.958	-1.4558	-5.6443	-0.580185809482733
35.711	-7.1492	-0.48083	0.418200300416678
35.577	-2.1617	-5.7207	-0.878332052214813
30.384	-1.1125	-6.3906	-1.42601056388663
35.662	-6.8765	-0.14067	-0.188977825961115
37.208	-4.7836	-0.79393	-0.389913797954463
35.031	-0.73919	-5.3013	-0.401992793936363
30.639	-1.4277	-6.4224	-0.696313180134763
30.396	1.5929	-2.7118	-0.984646915831491
37.36	-1.9229	-3.4248	-0.666118097830257
38.053	-4.9272	-3.8114	1.52394152249535
25.215	3.2448	-0.1568	-0.871442798717544
37.946	-3.3618	-3.7233	-0.601891164102304
36.345	-3.4584	-0.40195	-0.695592657119195
29.468	1.8323	-1.3242	-0.757391540198733
35.221	-8.5458	-1.1697	0.679837025987894
37.076	-4.767	-1.1442	-0.788086382047881
38.1	-6.0953	-1.2467	-0.36690039495651
37.421	-4.2265	-4.3602	0.117274334830729
37.609	-6.1563	-1.2378	-0.104997682615621
29.628	1.4832	-0.091737	-1.645
30.886	-9.9839	-3.954	0.959795102618066
36.237	-7.9567	-0.56517	0.883211868700815
38.043	-6.8756	-1.8666	0.107143072183311
37.508	-3.0489	-2.1855	-1.52083033200731
38.329	-4.7319	-3.6869	-0.0879318226967862
34.7	-1.2137	-5.6412	-0.220190533819939
38.1	-3.8544	-2.0497	-0.998242467622944
35.969	-7.2747	-0.90899	0.613124681999517
27.088	0.10397	-6.6888	-0.777092513114397
37.973	-4.0567	-3.8317	0.290928030380281
27.649	-11.462	-3.5438	1.04972184777041
35.681	-8.7417	-2.8366	1.31657439754745
27.506	2.6504	-0.70193	-1.47881316205579
29.352	-10.501	-3.6657	1.51704552381064
36.904	-6.9214	-1.6942	-0.00351236547623734
35.473	-9.362	-2.7353	1.645
36.27	-3.1772	-4.7845	0.129668602509675
28.019	-0.25125	-6.6692	-1.50534840583157
33.485	-9.167	-3.831	1.645
34.236	-10.016	-2.8261	1.5698067368381
33.449	-0.6842	-5.706	-1.24778702084303
36.817	-3.992	-1.0023	-1.36501798882263
36.439	-2.5243	-2.1194	-0.683313459821462
34.364	-0.084456	-4.3062	-0.864404535584108
35.596	-0.68966	-4.4515	-0.625990749894252
36.24	-2.3286	-1.4169	-1.45241618970587
36.865	-7.6925	-1.6333	0.661801206453761
37.22	-6.5674	-1.1292	-0.00281629107016659
37.897	-4.8967	-1.5729	0.690906916523196
35.228	-2.001	-3.9949	-0.304124059614267
33.384	-0.71081	-6.05	-0.73580240926402
36.605	-7.0821	-2.621	0.197631424241835
34.196	-9.5363	-3.2052	1.33908628675261
30.378	-9.9318	-4.0164	1.33862654226746
35.451	-2.0421	-5.2604	-1.22750794364722
37.029	-6.5279	-1.0449	0.114525264165814
36.22	-7.0306	-1.8249	0.87145566581812
35.361	-7.6139	-0.68234	0.304411753353468
37.68	-3.1829	-3.9933	-0.719667923090124
34.157	-1.6204	0.0068926	-1.13907659847187
37.485	-7.2194	-1.5734	0.455093104462822
36.966	-5.8746	-2.2644	-0.393709430756679
36.318	-6.8931	-3.2431	0.14627171821239
34.278	-8.7974	-3.7387	1.28236864695697
31.307	-10.824	-3.7747	1.645
37.731	-4.9146	-1.0312	-0.528230291986874
23.754	-11.761	-3.3614	0.995422394326059
36.647	-7.5774	-0.80506	0.774822147640425
37.798	-6.4612	-2.1662	0.191976065706389
37.754	-3.583	-4.2792	0.365111126379005
35.975	-7.482	-0.79263	0.49747524285521
37.505	-6.6685	-2.6847	0.768653967977447
35.53	-1.198	-4.9193	-0.594684394499634
37.23	-3.1353	-2.1204	-0.963927528172394
36.382	-2.1964	-0.9519	-1.13075620235551
24.761	3.1961	0.59405	-0.931221235700446
33.85	-8.5339	-4.1833	1.645
31.588	-10.845	-3.7152	1.29847239542942
34.348	-1.5875	-5.124	-1.02870690101812
35.855	-8.5351	-4.1011	1.12768618146263
35.188	-7.5203	-0.50527	1.21125555614907
29.408	-0.87213	-6.5897	-1.09679469276286
29.318	-10.906	-4.083	1.645
36.734	-4.8522	-4.9762	-0.315421321155483
36.425	-0.63911	-3.5397	-0.407373438210832
35.68	-4.0853	-5.459	0.0964307683347697
37.21	-7.0648	-0.9211	0.159560071682574
35.97	-1.7404	-1.3486	-1.07529697237367
36.73	-2.8421	-4.3338	-0.701193086687464
35.127	-8.9068	-3.2601	1.645
34.516	-1.442	0.39769	-0.705594081471009
26.621	-0.41676	-6.7491	-0.801439112770347
33.447	-0.099584	0.24688	-0.994728483539734
35.417	-9.3933	-3.2228	1.645
37.061	-6.5184	-1.2337	0.0478864631041437
36.761	-4.0431	-2.5386	-1.12472880959057
36.51	-6.2637	-0.54518	-0.384565402357248
36.466	-7.3544	-0.70317	0.67611111365283
28.861	-2.2487	0.5869	-1.35695427773724
37.211	-6.4572	-0.88182	0.351364151520253
37.444	-6.7964	-3.6172	-0.105276728874984
36.601	-7.2495	-1.0362	1.12553621031403
27.931	-0.28496	-6.5634	-0.832127917968253
31.618	-10.13	-4.2517	1.22455025640325
36.223	-7.4272	-1.0084	1.1853804121668
29.629	-10.882	-3.5421	1.08399989741582
29.947	-10.855	-3.69	0.95645131149733
37.298	-6.2867	-4.72	0.706999745750735
38.155	-4.6891	-2.4946	0.128798909932972
29.457	-8.1844	-4.6495	1.62825910921144
37.961	-6.4367	-2.1714	0.344526254429346
24.995	-12.011	-3.4335	1.15762787416782
37.283	-5.6156	0.019012	0.07146081804456
36.059	-5.4499	-1.2052	-0.337935970063982
27.944	-0.12737	-6.92	-0.97194076767976
33.895	-8.0079	0.42918	0.749967263266095
34.547	-9.2514	-3.6529	1.37984227002519
27.474	2.3031	-0.87242	-1.00852417558625
36.897	-3.6054	-4.7352	-0.264714402676937
34.858	-0.90232	-5.1763	-0.675082756224923
27.282	1.8772	0.36123	-0.761639191423998
26.937	-11.434	-4.0353	1.45682277774841
34.051	-7.057	-4.9855	1.12408918023389
36.385	-6.6891	-0.91737	-0.611514143803527
36.707	-6.8401	-1.3848	0.0465307731125417
36.43	-6.2279	-0.72841	-0.306911693396062
37.485	-6.1472	-1.8209	-0.124526017713979
37.336	-4.2892	-1.3951	-1.45692553120257
36.534	-2.8847	-3.859	0.0971733155483783
36.765	-2.6537	-0.90358	-0.90790172398996
38.365	-5.7093	-3.163	0.647424598569843
26.795	-1.38	0.76789	-1.20946488700445
37.736	-7.0645	-2.0451	0.191805227434437
27.947	-11.622	-3.3485	1.02044214865487
29.441	-2.4441	0.42788	-0.311212820064442
34.545	-0.57259	-5.36	-1.03382999153904
37.192	-7.2199	-0.97104	0.189733906033533
35.643	-1.0173	-4.7475	-0.639026160092558
29.467	-10.775	-3.9691	1.03661138455634
36.573	-8.3132	-1.1099	0.0239603677337856
36.38	-6.6055	-0.06572	0.110095488589737
36.872	-7.3054	-1.1125	0.384529532667262
31.012	0.82625	-1.0063	-0.968272265396306
33.073	-10.383	-3.0347	1.645
33.721	-9.813	-3.1666	1.645
36.514	-2.8311	-4.6458	-0.284783339770754
26.728	-2.4993	0.37058	-0.728894555182183
35.137	-7.474	-0.47603	0.178284199903789
33.092	-2.3509	-0.10809	-1.35568614245536
30.162	1.0924	-0.59141	-1.02126771087589
35.653	-8.8056	-2.0148	1.3035495326408
37.55	-2.3992	-4.0514	-0.952730832938843
28.167	2.2203	-0.26485	-0.815806034626904
37.262	-7.6743	-2.5575	0.528441562051441
28.68	-0.5989	-6.5866	-1.44316494297402
36.82	-6.8749	-0.3813	-0.215779304331932
37.969	-4.1044	-3.9668	0.319842105817988
27.04	-0.27364	-6.8262	-0.794068054756781
35.876	-2.8084	-4.9303	0.052880232784998
36.613	-7.1136	-0.79163	0.26610820938202
29.461	-1.419	0.7187	-1.19099031625225
33.343	-10.105	-3.3928	1.645
35.407	-6.9301	-1.0617	0.643514963185496
36.67	-6.252	-0.26205	0.129008752724671
36.115	-6.9508	-0.31193	-0.142993044080269
30.193	1.2549	-0.92182	-1.02807107237714
36.741	-6.2321	-0.25214	0.176458474963096
35.394	-6.7244	-4.8998	0.168537289107358
35.901	-7.5783	-1.5121	0.672983859092792
36.212	-2.8864	-4.4424	0.344907765477014
36.519	-6.8297	-1.8835	-0.139208351666311
36.757	-4.3829	-1.9128	-0.612155406103488
37.299	-4.6356	-4.2258	0.801815858607212
36.961	-6.9266	-1.1732	0.132274483767875
35.464	-9.2253	-3.2972	1.645
35.372	-7.55	0.094466	0.749618810259425
37.434	-3.8318	-1.858	-1.27779427421604
37.432	-2.5769	-3.2596	-0.867839954518127
35.832	-1.7551	-5.3572	-0.739051763975464
34.841	-1.1825	-5.6789	-0.49554118177514
35.748	-1.2876	-4.9432	-0.910490042302695
37.279	-7.3662	-1.4602	-0.0855987926379923
33.607	-1.7542	0.66326	-1.36940224621404
36.366	-7.7739	-1.273	1.00105491323692
29.524	1.8227	-0.21233	-1.41572703385407
24.281	-0.95431	1.6062	-1.41832632136263
37.71	-3.7762	-3.6003	0.585856480163736
37.127	-6.706	-1.4274	-0.199053700406751
37.568	-3.1113	-4.1591	-0.842694021562857
36.105	-7.3621	-0.27467	-0.0509664917574968
36.68	-3.1089	-0.80076	-0.802907751926742
37.185	-5.435	-1.2468	-0.129924619580587
35.352	-7.529	-3.7597	1.07496863800066
37.144	-2.5994	-2.8073	-0.449881888472348
36.629	-7.321	-0.79914	-0.360448990822318
29.709	-1.2098	-6.7267	-1.645
28.639	-1.7463	0.11451	-0.933061136436207
33.884	-9.4559	-2.2002	1.40378032492644
29.769	-1.6298	0.65782	-0.549505197364824
37.081	-2.2684	-3.7777	-0.120709838151632
36.206	-7.2978	-1.6692	0.775097026130133
25.402	-11.378	-4.1255	0.909543271002327
37.885	-6.1483	-4.0581	0.981259968746208
31.038	-10.399	-3.8462	1.645
36.67	-6.0862	-0.60603	0.161351747392492
34.412	-0.72442	-5.3799	-0.921304130366082
29.81	-10.35	-3.8864	1.38990805352532
33.106	-8.9881	-4.6548	1.14898321907929
29.473	-0.48085	-6.5681	-1.1416454724086
35.74	-1.5646	-5.2828	-0.510919997749386
37.574	-2.8168	-1.8882	-1.645
32.89	0.72047	-2.1587	-1.14375008572383
36.778	-6.6332	-1.1096	-0.0359063786819994
37.034	-3.681	-5.0419	-0.206490615852189
27.479	-1.1421	0.8687	-0.308974593039582
35.114	-8.5241	-4.0748	1.645
35.997	-3.0534	-4.6892	-0.822695979106426
36.301	-1.469	-4.8456	-0.966930638014806
33.033	0.14127	-0.89016	-0.903970379695301
35.769	-1.0613	-4.7791	-0.29735499395782
24.668	-11.654	-3.2159	1.34782738996343
28.566	2.1575	-0.46418	-0.744926523317554
18.476	-11.922	-3.6567	1.645
31.902	-10.188	-3.1425	1.645
35.592	-6.7005	-0.93449	0.0668954426612169
34.055	0.053927	-3.4849	-1.35225750405809
29.642	-1.2463	-6.7948	-1.645
37.359	-2.1066	-3.8716	-0.942622281908996
28.656	-0.89458	-6.9293	-1.20244480675871
37.672	-6.7785	-0.78609	0.0545437782861523
35.668	-7.5501	-1.0858	0.797837526488156
36.261	-6.8152	-1.5389	-0.112905847202264
36.834	-6.7319	-1.2722	0.177553519734045
36.996	-7.5969	-1.0678	0.616220943704167
30.542	-6.0829	-5.3952	1.10778185217736
35.304	-0.72865	-1.7241	-0.74568265169958
32.167	-10.434	-3.3169	1.28880841395927
37.241	-6.6798	-1.5083	-0.0132470681439711
37.692	-3.8642	-3.9815	0.0396208147396587
36.295	-7.3641	-1.1927	1.12916519179533
36.177	-1.3727	-4.7834	-0.873125836702709
35.221	-1.4667	-5.6054	-0.692882625413905
36.195	-3.0407	-2.149	-0.0673142419950691
20.821	-12.156	-3.2601	1.35054788528579
28.31	-11.059	-4.4058	1.60733251744681
37.112	-7.4161	-1.9881	0.801807826094462
35.304	-6.792	-4.5462	1.13407567531049
31.554	1.5166	-0.70294	-1.23027385010814
35.332	-3.4379	0.25797	-1.14523543980645
33.492	-9.8817	-3.9009	1.0644401538734
37.411	-6.3305	-1.4893	0.0775291362516938
35.78	-6.7263	-1.6317	0.86786897966165
33.448	-0.77411	0.15523	-1.57559187066068
35.375	-5.2242	-0.81239	-0.642319344923701
33.301	-0.8584	-6.2191	-0.901326182845714
33.996	-0.50546	-3.2843	-0.665778959045307
36.135	-7.0239	-0.50614	-0.380499160049521
35.965	-2.0548	-5.2201	-0.763557842399838
36.394	-6.1789	-1.2919	-0.361967808674258
37.406	-4.8724	-2.8986	0.12928209707966
36.04	-7.8278	-3.3901	0.0912354786577039
36.003	-7.4847	-0.98669	0.555573130144111
37.505	-3.3844	-3.665	0.485738262849897
38.095	-4.4114	-3.0289	-0.00814094610450365
28.845	-0.3391	-6.3215	-1.645
31.873	1.1603	-1.4668	-0.851003513126466
37.224	-5.958	-1.089	0.0249448104448471
37.745	-6.0125	-2.6235	-0.283722080756353
32.761	-10.279	-3.5803	1.645
35.146	-6.8688	-1.1453	0.65555977188137
22.237	-11.81	-3.5527	1.06879724450545
36.309	-1.0166	-2.6914	-1.10207397964433
32.789	-9.4975	-3.0511	1.645
38.051	-7.0224	-2.7249	0.714589648378188
37.117	-7.0294	-1.3152	0.466179643518083
29.757	-0.67542	-6.5392	-1.54383106062535
37.809	-6.3381	-1.42	0.0396282613621396
37.268	-4.9914	-0.25184	0.0856634233409418
37.709	-3.5095	-2.5169	-0.376120896893329
29.359	-1.6151	0.50232	-1.11919565350136
35.72	-8.5251	-3.5035	1.645
35.965	-1.3746	-5.0021	-0.590060161847776
36.316	-4.3292	-0.2157	-1.07768324496392
32.677	-8.7274	-4.1685	1.03345475878974
38.36	-5.3256	-2.9136	-0.224070055877455
36.221	-7.3412	-4.4751	-0.212703251160961
34.415	-6.8325	0.075148	0.167160684283409
28.368	-0.59665	-6.7559	-0.779500998438017
36.759	-3.5836	-0.81804	-1.29810327616291
34.095	-9.7839	-3.228	1.57259183347407
37.368	-6.4768	-2.9922	0.592593533072579
37.332	-7.2515	-3.8961	0.665629310998411
35.258	-5.3219	-5.4431	0.269931517582073
36.321	-3.9637	-0.27042	-1.32070562389276
36.03	-6.7396	-2.2656	-0.07615282659837
36.297	-6.6218	-1.3064	0.115260648998677
36.623	-2.2417	-4.4946	-0.314099591810795
30.035	-10.734	-3.8263	0.977965117139691
36.66	-6.6386	-0.37036	0.145502345233572
21.515	-0.27706	1.74	-1.31696075758775
33.103	-10.306	-3.7632	1.58446879294777
36.952	-8.0395	-3.7747	0.222159295496422
22.571	-0.57713	1.5151	-0.766202212424837
37.393	-3.4946	-4.3244	-0.493855198070392
29.076	-11.036	-4.0158	0.742916752776538
27.77	-11.555	-3.6482	1.645
37.578	-3.8494	-4.4812	-0.304248993598818
37.42	-3.8425	-1.2864	-1.56716862125766
26.936	-1.6129	1.3973	-1.07273177620735
36.112	-7.3194	-0.71772	0.92893057266227
35.791	-7.0583	-0.31701	-0.247034918511324
30.4	-10.876	-4.4696	1.5085765369923
35.159	-1.6508	-5.7185	-0.713033272793402
36.861	-1.5517	-4.234	-0.781006868781256
26.877	2.3493	0.26303	-0.554268412158589
20.474	-12.495	-3.206	1.40093782980455
27.177	-2.3797	0.14023	-0.50374894339333
37.496	-2.3662	-2.2257	-1.645
34.893	-8.2576	-0.2879	-0.0615217087773579
26.716	-11.636	-3.9302	1.58400908101543
34.889	-7.5416	-4.5362	1.21265730892082
36.442	-8.308	-1.1302	0.75335619534814
35.773	-7.8802	-0.81617	0.968003355192747
37.317	-6.8573	-3.3818	0.843068781183016
36.102	-3.0749	-5.1304	0.0811603104884355
37.105	-2.5589	-3.5756	-0.31587952348058
25.809	-11.625	-3.7767	0.72096327629601
31.857	1.6245	-3.1076	-0.67119423035787
26.788	-1.3344	0.7076	-0.943710532827656
37.049	-6.6954	-1.5441	-0.700970654493607
30.72	1.4517	-0.34053	-1.645
27.045	2.3681	0.63953	-0.973286484569296
20.617	-0.3175	1.6639	-1.05726775702897
37.887	-5.396	-1.5637	0.114139152166396
37.858	-5.3791	-3.9756	1.39212067573803
37.652	-4.4151	-4.0434	0.843406390745677
29.685	-10.994	-2.7076	1.00896115486386
33.751	-10.254	-2.9882	1.58248926108658
33.908	-0.57427	-1.1263	-1.04316838998243
36.426	-7.9875	-4.213	0.797259548377595
33.919	-7.0507	-5.0645	1.13614520983168
37.54	-3.8517	-4.3804	-0.550535870578245
35.577	-1.6453	-5.4049	-0.209646277892317
38.032	-3.8433	-2.5224	-0.166429189957606
26.259	-0.18253	-7.0548	-0.94520471749455
35.993	-7.0808	-1.3785	0.305943394769979
34.187	-1.4715	-5.6999	-1.08641636151557
38.371	-4.863	-2.051	-0.175634349658356
36.918	-7.5758	-1.5006	0.789189845068823
36.473	-1.6404	-4.767	-1.06349186671657
28.657	-0.49517	-6.6234	-0.928330104482628
36.394	-7.593	-0.62675	1.28479052226878
36.478	-7.1979	-2.0881	0.538025242360917
35.184	-9.2901	-3.1965	1.60649535421404
33.753	-9.4761	-3.5559	1.645
38.074	-4.3028	-2.4632	-0.461379643980867
36.292	-2.6554	-4.4174	-0.881176599364377
37.272	-6.8375	-1.1314	-0.0769284333065553
33.715	-9.6432	-2.123	1.22232232021358
35.237	-0.69076	-4.8874	-0.362385685828426
24.414	-12.142	-3.2013	0.789631533284274
37.569	-6.5148	-1.4642	0.0999850467616664
36.96	-6.9343	-1.0159	0.0332555707724129
37.294	-1.9809	-3.4145	-0.919449843617252
37.737	-6.611	-1.2513	-0.147442608499116
37.08	-2.6979	-1.4846	-0.836298009358192
37.508	-7.0244	-1.8393	-0.0552348413714162
37.038	-4.3294	-1.0892	-1.01354024105653
34.492	-7.3364	0.24994	0.065426075261537
27.619	-11.723	-3.0238	1.645
37.109	-7.0105	-0.90472	0.131046267805829
33.954	-0.85081	-5.874	-1.0198215361436
25.499	-1.9116	0.89186	-1.47423175450807
33.203	-10.02	-3.7952	1.09338005521596
36.949	-4.5689	-2.2549	0.706516635659244
38.43	-6.1105	-2.4777	0.281787974006619
36.281	-7.2612	-1.4428	0.412286472363809
36.205	-2.6511	-0.80731	-0.819134522661223
31.294	-7.8077	-4.7166	0.501419186083257
28.036	-0.32208	-6.6729	-1.22985864103637
37.033	-2.5461	-1.0928	-1.13089173763829
33.627	-10.262	-3.7998	1.645
28.89	2.0927	-0.92713	-1.01537353112989
36.811	-6.4165	0.35144	0.0537627425770982
37.011	-5.9559	-0.4383	0.321508978142679
38.201	-3.9247	-2.182	-0.370963046081305
36.854	-3.5895	-4.6313	-0.7187216929214
37.373	-6.9962	-0.69014	-0.321949514883663
38.149	-5.5533	-1.2842	-0.258604498812338
36.144	-2.2189	-1.1147	-1.19875133559775
35.14	-0.37334	-2.7565	-1.0266857883451
36.902	-7.0363	-0.65284	-0.0538602570708025
36.446	-6.3734	-4.8093	0.279801855833346
36.044	-8.7182	-2.4083	0.994692407822349
34.719	-9.8405	-3.3063	1.19713346981426
36.437	-3.6993	-4.3082	-0.504901054550024
34.532	-1.6199	-5.9276	-1.11634548629012
24.371	-1.4143	1.2245	-1.62475119549192
27.162	-11.286	-4.1317	1.22106111763391
35.233	-8.8871	-3.1131	1.54691705090446
34.886	-6.2481	-5.5571	0.972559938515987
34.45	-9.2067	-3.1109	1.645
35.822	-6.391	-2.1782	0.0523253906855975
35.733	-1.9219	-0.14499	-0.965004620519648
35.874	-8.6177	-1.8043	0.825075976298858
34.192	-8.3314	-3.5638	1.5762505886132
37.948	-6.3604	-1.6608	-0.76597012129825
35.228	-8.4952	-3.2171	0.906732161739644
34.806	-6.9562	-0.62806	0.442556785683898
26.345	-1.1055	0.5634	-1.2090321116632
25.296	-0.72466	1.6146	-1.24261690370541
37.422	-3.4628	-2.3274	-0.888803040439079
28.048	-11.488	-4.1721	1.15645398360496
37.105	-3.6061	-4.5524	0.0505139291903873
36.419	-6.6899	-0.5559	-0.394850689392953
35.34	-2.5809	-4.242	-0.155233684298795
33.407	-9.7397	-3.9947	1.645
32.896	-9.6574	-3.1526	1.645
36.359	-7.4549	-1.0004	1.22497238164036
35.12	-1.2742	-2.8903	-0.547663625155732
37.498	-3.5547	-4.4466	-0.300253941030244
36.054	-7.6498	-0.76852	0.280936948634965
37.167	-6.6659	-1.13	0.449930129356212
37.129	-4.2692	-2.0975	-0.949392605971724
36.978	-1.6567	-1.9199	-1.645
29.606	1.5715	-0.54431	-0.784225676899307
33.643	-1.3637	-2.5897	-0.71115709703996
34.789	-7.3388	-0.54573	0.420170291533068
28.725	1.7036	-0.72164	-0.551722012784437
24.712	2.8802	0.58317	-0.747943835009482
36.593	-5.8661	-0.6886	-0.570882011047097
36.284	-1.8405	-5.0251	-1.23406366879176
29.893	-1.3723	-6.5831	-1.645
36.546	-7.4554	-1.1895	0.768131255966936
35.946	-6.5489	-1.2203	-0.311439835591982
36.537	-6.8783	-1.0337	-0.377718102627598
20.317	-12.541	-3.2969	1.645
34.361	-1.276	-5.9627	-0.818241335616155
37.923	-3.705	-3.5402	-0.757103725368447
37.259	-3.0075	-4.4835	-0.542151466365343
37.096	-3.0514	-4.6541	-0.245401022874967
34.849	-9.695	-3.414	1.42021652209091
38.398	-5.8134	-1.1318	-0.11511457325544
24.003	0.13853	1.4663	-0.975773388549885
37.122	-3.4666	-4.8168	-0.578745517789145
36.732	-7.2218	-0.73825	0.823122610035918
33.778	-8.1256	-0.58235	1.06398914257566
31.849	-10.422	-3.1593	1.645
37.14	-3.9296	-2.3872	0.160595708773865
36.72	-6.1892	-0.64828	0.184365228325255
36.229	-7.0194	-0.57746	-0.03287979581501
31.782	-10.612	-2.5976	1.645
33.339	-3.0923	-1.8954	-1.3361902940856
31.845	1.0033	-1.1008	-0.933601479962949
34.623	-7.9058	-0.21977	0.437596754554537
36.82	-6.9642	-1.231	0.0119520371558337
38.141	-4.2786	-2.7783	0.14159455220118
36.231	-6.2373	-5.1256	0.483789552501711
36.289	-2.5821	-5.4333	-1.13092852933703
37.38	-3.0814	-1.6637	-1.29543437274778
35.425	-1.3523	-5.359	-0.533790980066638
35.754	-8.7903	-3.0805	1.54722904629868
36.588	-2.8971	-0.65573	-1.02280041818053
28.461	0.98628	0.17033	-0.916335784367848
36.185	-1.9151	-5.1717	-0.868840483050459
36.577	-3.213	-5.146	-0.667020653509325
36.786	-8.3038	-2.0017	1.58594688612018
37.997	-4.8692	-1.9471	-0.624121142178372
37.103	-6.7509	-1.4273	-0.274175102550492
38.09	-4.6696	-3.7878	1.05552146588713
25.277	-1.3055	1.488	-1.63228415142167
36.099	-2.2894	-4.5739	-0.332074513435151
31.698	-1.481	-6.3148	-1.20491094973745
37.265	-6.8089	-1.3866	0.023335765031937
32.951	-2.1329	0.73755	-1.26302734184678
35.127	-9.5065	-3.6642	1.58079017656218
36.16	-6.4134	-0.87063	-0.200272081585946
37.729	-4.9993	-4.3855	0.698316788766518
32.13	-10.432	-3.3767	1.645
37.573	-3.3045	-2.1576	-1.35884116304441
37.755	-3.5724	-3.9847	-0.532741405197906
37.348	-6.6439	-1.5268	-0.0659509045448147
37.925	-7.2268	-2.1791	1.54646027920387
36.177	-1.8567	-5.0243	-0.439366828874261
37.795	-6.7263	-1.3088	0.258115684454953
31.65	0.84958	-1.5053	-1.1191272968918
36.07	-7.6448	-1.1824	0.533121345997866
22.184	-12.39	-2.6067	1.44160494740643
30.247	-10.532	-3.9948	0.926113138722263
37.393	-6.592	-1.4972	-0.370259454520534
37.554	-2.4907	-3.7862	-1.17919946817352
37.201	-7.6178	-1.6684	0.973422965533073
30.283	-1.7556	-6.5862	-1.33446657377922
25.356	-12.145	-2.9767	1.645
35.172	-5.0249	-0.59907	-1.2630262163357
37.305	-7.1596	-1.4898	0.336678037944053
35.947	-3.498	-4.6138	0.569585100114001
33.207	-10.28	-2.8261	1.645
28.016	2.2856	-0.45016	-0.93438596205385
22.195	-0.52443	1.9394	-1.29400085736382
35.802	-9.2502	-3.1529	1.645
36.956	-7.4289	-1.0991	-0.0407152662701901
38.171	-4.4907	-2.327	0.23297201237057
36.092	-7.0394	-3.7643	0.481917391058321
26.98	-11.301	-3.1408	1.645
35.669	-5.378	-5.4118	0.363599872154659
34.864	-0.4048	-2.0771	-0.746574448227721
36.613	-7.0288	-0.34779	-0.083354933996954
31.329	-9.8618	-4.0712	1.37211897476229
36.769	-3.844	-5.1959	-0.0197195297344846
30.827	-10.451	-4.0079	1.645
37.061	-7.7577	-3.156	0.695715577899051
34.483	-1.1037	-5.7561	-0.749163240919794
35.73	-7.9709	-0.66978	0.387337526506676
26.612	-11.577	-3.6266	1.645
36.745	-7.1831	-2.3689	0.07281974604009
31.359	1.2267	-0.79001	-1.05670386962846
34.084	-5.1555	-0.37926	-0.183249722649802
38.29	-5.6387	-2.4153	0.78212242971941
22.106	0.18732	1.8667	-1.537759028051
35.735	-6.692	-0.29731	-0.190646089062444
17.095	-12.321	-2.8753	1.645
36.501	-6.4825	-0.69156	-0.536123400479679
26.577	2.4753	-0.54886	-1.20382712788417
37.219	-2.0424	-2.5208	-1.06923175726294
36.172	-0.92643	-4.2247	-0.565197961372527
37.095	-4.2397	-4.9509	-0.187656800421413
33.674	-1.1195	0.1615	-1.42736803696374
36.517	-7.0275	-0.29672	0.145895219398457
31.972	-10.291	-4.3015	0.904464174963322
37.138	-4.5323	-4.5154	0.114135940895818
32.883	-8.6579	-4.8132	1.48288355805579
33.946	0.48495	-2.0193	0.0148309269394564
33.226	-8.1007	-3.0252	1.2019179410514
36.037	-8.4397	-2.6454	1.49028748665796
32.196	-1.6907	0.61627	-1.52496955731463
27.763	-0.19828	-6.7383	-1.40007326758716
36.339	-6.8364	-0.98471	-0.157951184281042
32.65	-0.74971	-6.2361	-1.18407085496693
36.261	-2.6379	-4.6789	-1.37593012600297
35.636	-9.2272	-3.3149	1.645
37.07	-2.1273	-3.4271	-0.453567902166301
36.04	-8.1498	-3.5092	1.06234875761643
37.255	-6.7602	-0.97143	0.599940561496866
33.652	-9.6058	-2.9365	1.645
35.983	-8.1255	-2.4158	1.10648145421519
34.944	-8.9841	-4.1297	1.51156878464783
33.04	0.80558	-4.2231	-1.11983394527345
37.059	-7.1464	-0.47755	0.520393787582125
35.629	-9.285	-3.1762	1.25604973510743
37.101	-2.5892	-4.5559	-0.792799595689692
33.365	0.518	-1.5642	-0.243707422124889
37.799	-3.4383	-3.9197	0.169456113709814
37.502	-6.2755	-1.1577	-0.762692851200436
37.352	-7.3788	-1.6396	0.234168915278793
34.537	-0.89781	-0.21511	-1.33809054687364
34.933	-9.2861	-1.8374	0.714569618219215
34.882	-6.9392	-0.59267	0.243286282336603
28.051	-11.463	-3.9954	1.645
38.583	-5.346	-2.3082	0.945910759780788
35.765	-2.3939	-5.2168	-0.630936973807707
35.587	-2.51	-0.4416	-0.693142853425122
37.18	-7.2877	-2.0295	0.536511503518422
36.955	-6.6936	-0.62468	0.390128433878116
33.145	0.72644	-3.0346	-0.293726738314604
36.358	-1.9963	-3.3979	-0.540886653869802
35.264	-7.1588	-0.50919	0.491557730100942
34.658	-0.62976	-5.3143	-1.56739918219332
36.36	-2.2355	-0.98092	-1.1201168823546
36.834	-7.6649	-2.6837	0.374806823469326
21.132	-1.0722	1.3773	-1.39002577942192
13.152	-11.939	-3.2046	1.645
36.426	-6.7145	-0.56541	-0.0155754929556254
36.807	-6.8513	-1.4331	-0.605504339528239
36.444	-7.3508	-0.80357	0.577279939480605
35.638	-1.1759	-3.9446	-0.46723666115045
27.737	-11.284	-3.2202	0.833189960928777
36.113	-7.5229	-1.1566	1.33779291632076
34.689	-0.28268	-3.6521	-1.05689131911569
37.379	-3.6702	-0.92475	-0.750806217846183
38.099	-4.1749	-2.0066	-0.888586137057501
38.276	-3.9029	-2.2387	-0.85301157534998
35.502	-5.9782	-1.6541	0.00606151711824544
36.584	-6.9242	-0.77023	-0.00540246465194636
35.672	-1.7917	-5.3377	-0.592406545695271
36.752	-3.5477	-2.6273	-1.03878347290862
34.205	-9.6351	-2.6179	1.645
36.673	-7.7313	-1.7312	1.1085895758476
34.93	-7.4385	0.28604	0.610449526204597
36.492	-7.1408	-1.0361	0.883290088139233
37.788	-4.174	-1.7582	-0.455793514760522
36.965	-3.0487	-1.9398	-0.313669177063825
38.23	-4.9132	-3.4835	0.801868183532973
36.663	-3.1631	-0.3802	-0.964413849245404
33.099	0.055081	-5.2592	-1.44025744278084
31.239	-10.563	-3.4322	1.60005351489415
35.881	-1.4853	-5.1216	-0.833994291449743
33.57	-8.7984	-2.8098	1.645
37.128	-7.3755	-1.516	1.03138862019086
33.552	-9.7298	-1.7604	1.04696177949737
35.169	-9.4052	-2.0994	1.645
33.728	-7.5046	-4.2941	1.645
31.148	1.1191	-1.7657	-1.2843333464548
36.1	-5.7452	-0.9397	-0.476366120917149
14.2	-12.25	-2.7913	1.645
33.449	-0.70302	-0.86649	-0.810850724344595
36.735	-2.0513	-4.5974	-0.690057210442091
37.97	-6.9158	-1.8538	0.3466930700967
37.271	-6.6982	-1.6293	-0.0144807933006607
36.379	-3.7123	-1.4074	-0.211393568004046
24.282	-11.844	-3.4144	0.932460658989784
36.613	-3.0796	-0.94265	-0.062801284561427
35.771	-6.6465	-1.0204	-0.557618174153029
29.6	1.593	-1.8446	-0.681068267100244
37.883	-2.6633	-2.9858	-1.20121084630892
31.258	-10.897	-3.3516	1.55697717844592
28.835	-0.9672	-6.622	-1.45159864587326
26.632	-11.363	-3.9523	1.645
34.045	-9.3825	-2.7884	1.645
36.668	-5.7643	-0.36006	-0.78046052310584
33.156	0.051677	-0.95287	-1.01031223263382
33.764	-0.71277	-5.7633	-0.680270255711945
35.295	-7.3557	-2.6164	0.023680028224658
34.803	-7.3818	-0.18694	0.380200525350454
34.462	-9.6263	-2.7398	1.645
35.186	-7.3743	-0.73991	0.716278580689641
36.568	-6.7341	-0.43936	-0.213758231667127
37.311	-7.1319	-2.484	0.727760555846141
24.603	3.0977	0.72789	-0.86641415147306
30.903	0.73487	-0.78254	-1.077558645689
36.998	-6.8792	-0.55387	0.312006072386411
33.493	-0.10664	-5.5756	-1.12620754187325
38.411	-5.9434	-2.5654	0.517342218615159
23.875	-11.581	-3.7265	1.43780344287438
31.882	0.099737	0.85538	-1.08470684258881
31.935	-9.6442	-3.1092	1.645
26.959	-11.641	-3.4896	1.645
27.536	2.4938	-0.31686	-1.01147119323993
37.244	-6.5933	-1.2809	0.407496547775187
29.127	1.8274	-0.60295	-1.06193895147433
37.126	-1.7498	-4.0023	-0.671037977361475
37.964	-6.7002	-1.5893	0.451174477225064
29.648	-0.84476	0.71673	-0.264827997639298
37.316	-6.1483	-0.43037	0.301937988949145
37.077	-7.9142	-1.4075	0.149776675132914
33.288	-0.28058	-5.9272	-0.947652346177346
35.647	-8.0758	-4.3618	0.633045643137556
36.307	-7.1819	-0.72469	0.0905068841576226
37.012	-7.3768	-2.6185	0.320599834489825
29.6	-10.915	-3.8914	1.57603745225884
37.241	-3.7254	-1.2785	-0.746655924782198
36.381	-6.3235	-0.97449	-0.614658742695263
38.228	-5.9979	-2.4075	0.813032252529176
29.683	2.3099	-1.5653	-0.916928387956795
36.092	-3.3609	-0.37577	-1.42916609731593
36.459	-2.2777	-4.9212	-0.718626487242438
26.628	-11.465	-3.5706	1.645
37.597	-4.7139	-4.268	0.713091205918555
37.638	-2.9456	-1.7393	-1.54596691129788
36.825	-5.2081	-2.5948	-0.217725724062148
37.001	-3.1956	-1.9825	-0.880340353651034
35.376	-7.6203	-0.86273	0.432203461143808
29.737	-10.997	-3.7093	0.711917833943571
36.646	-6.9621	-4.4572	0.473324426133679
35.599	-6.7579	-0.15719	-0.131837906814798
31.82	-1.1205	-6.6025	-0.692127301731713
36.406	-3.0178	-1.5552	-0.44420075006155
33.897	-9.3231	-3.4479	1.48681170848588
32.105	-1.7627	-0.10838	-1.43663889971025
36.277	-7.249	-0.71106	0.716325959122037
36.737	-5.862	-0.77037	-0.0863483632240256
36.388	-6.8777	-0.40505	0.0273618443912785
37.261	-2.7718	-4.19	-0.306314773872624
31.621	1.471	-2.1952	-1.04881239235324
37.684	-3.9188	-3.9944	-0.158442548497502
24.924	3.2424	0.63254	-0.762832717513769
35.866	-3.3966	-1.9231	-1.09347668770261
27.767	2.2237	-0.43318	-0.895628041358656
35.011	-9.3326	-3.6961	1.645
36.754	-3.0007	-4.6999	-0.505250025327845
28.246	-11.364	-3.9274	1.04327556330269
28.058	-0.40419	-6.5521	-0.954340670798454
36.427	-6.7942	-0.72939	-0.110004604131614
38.176	-3.9397	-2.3623	-0.663119998646887
31.848	-10.514	-3.7276	1.39991697146154
32.421	-9.9028	-3.8736	1.23842588761018
37.445	-4.4388	-3.7318	0.287663299297912
35.951	-1.7764	-5.2628	-0.983680451076487
35.052	-2.3438	-0.25459	-1.28865855492011
37.046	-6.6266	-1.4054	-0.0209730782042452
35.805	-0.27107	-3.7675	-0.569314087471015
37.018	-2.1404	-3.4635	-0.852701843431108
29.485	-11.04	-4.0291	1.645
34.963	-0.91573	-4.2992	-0.877851378804487
35	-8.9277	-3.0689	1.39632821979879
37.03	-6.9054	-0.89318	0.399797930025711
36.998	-6.6701	-0.68066	0.483665292090023
28.959	-10.732	-3.9835	0.279939266750974
28.796	2.6423	-1.0447	-1.11435311864089
35.607	-1.8209	-5.5017	-1.06856032343866
29.049	2.1374	-1.2587	-1.06050066585223
36.564	-7.3469	-0.8169	0.77237089287082
37.58	-5.6603	-2.0723	0.33057669155359
31.865	0.77388	-1.3397	-0.829438417679284
29.143	-1.0016	-6.5471	-1.4453129749273
27.258	0.22043	-6.3336	-1.2640997696905
35.159	-8.7272	-4.1003	1.27456393043021
35.815	-7.8946	-0.37288	0.34415160688636
37.493	-3.1652	-4.0554	-0.590571156245661
36.963	-3.5361	-2.5995	-1.02610139231772
37.393	-5.8686	-0.98026	-0.184227381547363
37.813	-3.2192	-2.0258	-0.57094387700155
37.005	-7.4155	-1.2923	0.666637408760295
36.678	-7.6703	-1.4146	0.480463952327181
36.409	-6.576	-1.957	0.343744792910914
36.077	-2.6253	-4.9514	0.0732218416421738
36.243	-3.5794	-0.21717	-1.36702489479646
36.026	-6.626	-0.1023	-0.0230266302898082
36.241	-3.1487	-1.2023	-1.25714379360978
26.151	2.5267	-0.32816	-1.47272002830808
37.961	-4.5137	-3.6152	1.48157500455722
34.751	-2.076	-4.7894	-0.997062111261557
35.408	-1.3801	-5.2085	-0.419162789354482
31.983	-8.192	0.43924	0.689647557973684
37.348	-4.3808	-3.4643	1.07320300700399
25.224	-11.867	-3.7074	1.46169760620388
29.185	-1.0694	-6.7569	-1.1035546851769
34.119	-1.5572	-3.3554	-0.932635098577965
35.665	-1.1446	-3.4708	-0.239256938321896
37.853	-6.0901	-2.2477	0.724536617098169
36.103	-2.9022	-4.7952	-0.530536334785777
36.835	-3.5596	-0.94827	-0.975898085462159
36.17	-7.445	-0.85062	1.55514091274117
26.906	2.3831	-0.26394	-1.13159898736894
36.06	-7.5642	-0.4854	1.07852812426833
37.14	-4.964	-4.1295	1.0408885221804
36.254	-2.536	-4.605	0.0187180196699759
37.401	-2.788	-4.0256	-0.624526997001829
36.424	-7.281	-0.91605	0.477903024394855
35.811	-7.1054	-0.26252	-0.453999191526602
35.131	-7.9391	-1.5386	0.802055010904973
36.196	-2.2167	-5.2777	-0.962369118906683
35.143	-3.4181	-0.3143	-0.804049314373285
35.111	-2.7285	-5.6907	-0.166469034771574
38.008	-3.2008	-3.5752	-0.749084664142111
35.136	-0.6424	-1.0237	-0.510369430159415
35.689	-6.7757	-2.8578	-0.0973940778153132
29.713	-1.3836	0.57155	-0.652734819489402
30.906	-10.083	-3.4443	1.645
34.883	-4.4287	-1.5223	-0.591485501858906
38.086	-4.8205	-3.8928	0.330461169534693
37.501	-3.63	-3.2459	-0.727476450774565
35.843	-6.6108	-1.5401	0.340938198495162
31.505	-10.677	-3.5357	1.645
37.16	-6.6232	-0.7396	-0.12900463000709
36.42	-7.2465	-0.79641	0.673969975715083
31.917	-9.7447	-4.6294	1.37227306034742
37.031	-6.9763	-1.0374	-0.225372675990578
38.265	-5.2641	-1.6418	0.518914440593008
37.023	-7.7618	-3.0738	0.852787473924294
35.848	-8.0086	-0.74692	-0.30189686078031
37.359	-3.4721	-4.3656	-0.230734227942884
37.919	-4.1884	-3.3612	0.209518248068776
31.151	-10.386	-3.707	1.645
37.056	-2.086	-4.1943	-0.855994405236016
38.006	-4.5622	-1.6132	-0.628308215658575
36.625	-3.1859	-5.035	-0.398608434271756
22.994	0.17768	1.5887	-1.41478830218621
37.974	-3.5713	-2.2629	-0.631518494707018
35.991	-7.1105	-0.27884	0.273883326386689
34.046	-7.7115	-0.99998	0.60664003035019
28.049	-10.987	-4.007	1.19607243372549
24.626	2.8702	0.65734	-0.795125857414858
35.883	-6.8386	-4.8344	0.223191646881269
36.537	-6.301	-1.1695	-0.374415886454249
36.684	-6.916	-0.54257	-0.28746674411604
36.131	-6.7703	-0.6249	-0.565270014030573
36.721	-7.1728	-1.6014	0.411937202418841
36.291	-3.2826	-5.4975	-0.209206709123413
37.998	-6.5588	-1.1578	0.116432282275316
37.407	-3.279	-1.2402	-0.90052140527497
34.719	-0.76652	-0.38087	-1.13261304303539
24.667	-11.97	-3.4268	1.3293709499036
36.562	-7.8558	-2.4601	0.403510512160752
34.523	-6.4037	-5.2684	1.53648763526657
36.344	-2.7243	-5.0541	-0.383661377596855
28.704	-1.2358	0.73461	-0.225306327311749
35.112	-8.381	-1.5627	0.0869275738094007
36.561	-8.08	-2.507	-0.0301255410262421
29.101	1.8205	-1.2912	-1.29451328665118
35.878	-8.1252	-1.6888	0.733953327242368
33.057	0.84632	-2.7147	-0.259597658297126
33.546	-0.34527	-5.445	-1.16548539944023
31.882	-0.57295	-5.8092	-1.2409723274082
24.91	-11.954	-3.5912	1.46068262760002
38.382	-5.4187	-2.2298	0.763871429930365
35.342	-0.84757	-4.9727	-0.543897455528536
34.619	-5.6944	-5.4814	0.833309296879927
36.436	-7.5013	-0.96146	0.988046376359026
37.02	-3.3083	-1.0167	-1.091496623667
34.806	-8.8901	-2.973	1.645
34.347	-0.98887	-5.2431	-1.06303841623366
32.922	-10.36	-3.0592	1.645
37.436	-2.0099	-3.387	-0.808105344728802
27.802	-0.52154	-6.6001	-0.583906488224685
36.324	-7.7981	-3.4379	0.0879298356633981
33.436	-1.2899	-6.2745	-0.880546324444874
33.177	-9.7487	-2.9992	1.645
27.274	2.4161	-0.10539	-1.18083804814613
25.93	-1.2025	0.87789	-1.5803133177459
36.272	-2.8487	-4.1937	-1.1629425331034
37.157	-2.2965	-4.1908	-0.436794073033792
30.682	1.0168	-1.2092	-0.19114713683125
34.541	-2.8555	-1.6681	-1.3733110046302
33.291	0.40457	-1.8331	-0.495516031650695
37.406	-4.0066	-3.9598	0.0248438531152862
24.997	-0.66669	1.1359	-1.6423218931748
36.12	-6.4143	-1.0835	-0.614567858448636
34.659	-1.9863	-5.9829	-0.730495120721049
36.488	-7.3251	-2.3262	0.279108337499645
27.032	-11.414	-3.9168	0.891891535134035
33.231	0.16905	-5.6528	-1.33235072284158
35.542	-6.5946	-1.1652	0.390091837772899
36.53	-7.222	-1.5122	0.593791933233021
35.769	-1.7993	-5.2612	-0.859974405485766
35.546	-8.9878	-2.0374	1.645
36.791	-7.3313	-1.4707	0.441002938248537
29.891	1.399	-0.59674	-0.551753507559867
35.835	-5.3318	-5.5868	-0.04964339965621
28.257	-0.68969	-6.8239	-0.7058906777766
37.377	-6.8635	-1.8859	0.324079063003149
27.464	-11.751	-2.8039	1.645
28.168	-0.41404	-6.7192	-0.78277449072193
37.75	-4.869	-1.3026	-0.221978444741184
35.944	-7.7459	-1.3209	0.975207145987557
38.082	-5.3314	-2.1137	0.171247703123223
33.007	0.29962	-0.29684	-0.576670391090243
38.541	-5.8464	-3.3132	1.59010940456809
36.802	-7.1285	-0.91854	0.956239593001737
37.28	-2.8613	-4.4514	-0.970737793868747
27.788	-0.7983	-6.5807	-0.507789848260763
29.504	-10.993	-3.853	0.6163740649597
30.43	-10.246	-3.9492	0.698539782132556
35.675	-7.1694	-0.86933	1.27241919433469
37.326	-5.6839	-4.4112	0.849224700824817
36.829	-3.054	-4.6771	-0.440443766111698
37.127	-7.6054	-3.972	0.341362013926853
32.465	0.75286	-1.4389	-0.619258373829334
33.046	-8.5364	-0.65937	0.1886593736643
32.73	-10.178	-2.8586	1.645
34.579	-9.3204	-3.3467	1.47979737692509
33.708	-1.6614	0.33322	-1.00431631769841
37.264	-6.7331	-1.3042	-0.154818161103347
33.378	-9.128	-3.986	1.53575824405704
36.682	-6.2436	-0.22291	0.0548883448882144
30.821	-10.162	-3.2975	1.30537057260936
36.51	-8.369	-3.6788	1.645
24.884	-12.03	-3.7199	1.41935563235524
35.633	-2.7754	-0.42644	-0.542334344845829
36.718	-6.6751	-0.98773	-0.0731296200158563
35.556	-2.9167	-0.96308	-1.54992681369838
27.416	-11.642	-3.608	1.645
35.042	-7.5012	-4.9165	0.842830779762893
37.034	-2.7736	-2.7544	-0.510056809070287
37.879	-3.3745	-3.9897	-0.81340624521925
28.693	1.9418	-0.84665	-0.882172037554493
36.863	-4.6665	-0.57369	-1.16241663340741
37.196	-2.9731	-1.8959	-1.25427274255582
28.874	-11.12	-4.0281	1.34139484658647
37.449	-6.7361	-1.3597	-0.58280260522999
35.503	-6.2815	0.51715	-0.0502360592262701
24.869	-11.715	-3.337	1.43581010111924
37.136	-6.9179	-0.88602	0.349639384589349
37.548	-3.7864	-2.5541	-0.452249493314228
36.034	-7.4432	-0.97491	1.3191377097116
37.937	-4.7004	-4.0766	0.771510407621861
35.013	-1.0942	-0.74452	-0.968808055976391
37.172	-5.7699	-2.3884	0.484897035547729
37.69	-2.9721	-2.3396	-1.26538869133442
36.99	-7.0988	-1.0916	0.569333572698405
32.325	-6.7771	-5.2843	0.955226292595118
36.596	-8.2474	-2.108	0.465062710470131
34.624	-9.1756	-3.8766	1.645
36.626	-3.6918	-0.73483	-1.53972055432549
36.301	-7.5684	-2.2311	-0.0660446674981745
35.615	-2.2489	-4.7724	-0.739913943494352
37.742	-5.3859	-2.9074	0.473060036228509
36.329	-1.779	-4.8389	-1.25601347602787
33.853	-7.9412	-4.2012	1.32972718415075
36.495	-7.6701	-0.95526	0.7055510245199
32.664	-10.854	-2.59	1.48686879260591
34.45	-0.82641	-5.3395	-1.13387359648479
31.683	-1.2044	1.0754	-1.24490778797263
36.139	-7.2369	-0.64364	0.0465372011394191
37.14	-3.0531	-2.5682	-0.696325533011857
37.645	-3.0373	-2.7639	-0.826769432037099
33.42	-1.847	-0.09335	-1.38019975711116
25.808	2.4843	0.20229	-1.20782944092961
36.558	-3.477	-0.7264	-1.11875829242969
37.076	-2.1343	-2.4981	-0.992501959104355
37.295	-3.7665	-1.2328	-0.737558277152565
36.868	-7.3659	-3.4925	-0.0130493301408465
25.14	-11.017	-4.1427	0.817348835380197
37.662	-2.5526	-3.9957	-1.16536770478188
37.251	-3.3098	-4.4526	-0.607159031184753
38.169	-4.0381	-2.3338	-0.571689480118529
32.388	-10.109	-3.1943	1.1892205974145
34.469	-3.1586	0.16337	-1.06462677443787
36.915	-7.9132	-1.4713	0.572843005716827
28.759	-11.084	-4.2342	1.645
29.454	-1.0348	-6.7118	-1.11118154598277
36.981	-6.4968	-1.3048	-0.418178976989476
23.9	3.4724	0.17699	-1.16892005133434
36.503	-3.0435	-4.7703	-0.624178019193356
31.809	-9.8667	-4.0254	0.503292295863468
36.414	-2.6558	-5.1461	-0.126916786855561
37.586	-5.8647	-1.1041	0.159240925060636
35.487	-7.1229	-0.32773	0.312003697756784
27.695	2.5926	-0.75992	-1.11159544181805
36.496	-7.1131	-0.84695	0.0197775479305085
36.57	-1.9504	-4.6956	-0.342395448455042
37.89	-3.3009	-2.8666	-1.18061224323666
35.773	-3.3263	-5.1052	-0.397946655982777
36.89	-5.1349	-4.9182	0.67216328288508
36.339	-7.668	-3.0652	0.0244671621564142
37.425	-4.7946	-3.5831	0.466656262067604
36.89	-7.2192	-1.1222	0.331683780746051
36.973	-4.4217	-0.99545	-0.998426056150512
18.117	-12.427	-2.7497	1.645
28.914	1.9943	-0.15523	-0.253930621679028
35.884	-6.3224	-0.51641	-0.800031086201684
22.895	-11.764	-3.655	1.15679297593845
29.674	1.9213	-1.1953	-0.938438624711544
34.349	-1.3018	-5.8695	-0.916483156893064
33.373	-6.1595	-5.613	0.949135750391661
36.107	-8.3833	-3.8955	0.625329126089378
33.708	-6.1344	-5.2625	0.711584598152466
25.941	-0.49807	1.7601	-1.35431250807221
24.148	-11.976	-3.5319	1.00933732976911
35.762	-2.4738	-4.9674	-0.496290070945922
34.387	-0.70831	-5.5504	-0.79980470089302
37.663	-3.1052	-2.6371	-0.782316876361036
37.474	-3.0541	-2.0965	-0.877307344609357
33.383	-10.034	-3.4276	1.645
28.812	1.5111	-0.18542	-0.933422380490594
36.922	-5.6457	-4.9601	0.219586722024881
37.488	-6.6095	-1.1444	0.220720515048214
28.073	-11.668	-3.1194	1.47680373315129
36.91	-3.242	-1.1441	-1.15427677214543
36.175	-7.537	-1.5303	0.708264033362848
36.358	-0.97953	-2.8211	-0.861027148413574
36.017	-3.9337	-0.15164	-1.2874513862257
38.576	-4.8825	-2.3728	-0.692874772054385
37.872	-5.7018	-1.026	0.341175687743042
36.697	-2.4607	-4.6981	-1.00055590759523
36.349	-7.9935	-1.5244	1.12556468998732
37.175	-3.326	-4.0231	-0.540314003303926
36.928	-3.1836	-4.6119	-0.349641368421652
37.756	-7.1614	-3.4233	0.735678436998386
37.301	-2.9975	-4.1287	-0.647350014469865
30.193	1.1488	-0.66419	-1.51180595911241
28.46	2.2846	-2.1237	-0.809317473843776
24.401	-1.0807	0.94528	-1.59648821864813
27.402	2.3625	-0.79184	-0.868129649417991
37.872	-6.6212	-3.506	0.948537174782447
29.53	-11.489	-3.1516	0.674692803477701
27.857	-1.7479	0.28644	0.366728482900118
35.484	-8.9282	-1.9391	1.60611052526959
27.673	-11.413	-4.0307	0.905863599249202
36.204	-0.51726	-2.602	-0.551701091109081
28.13	-0.42296	-6.6429	-1.22310110138208
29.047	-11.285	-3.5116	1.31895679935628
37.948	-3.335	-3.8358	-1.00799641250978
36.671	-6.1766	-4.2952	0.210124381104691
36.841	-6.0594	-5.141	0.368888608993428
36.965	-4.6772	-4.0313	0.0102820746137403
36.056	-7.7506	-4.4819	0.352122499207126
33.524	-0.99915	-6.1235	-1.22179858822124
35.209	-2.4738	-5.3197	-0.3133060846295
27.447	-11.476	-3.9333	0.667620611319585
36.676	-4.9225	-0.54227	-0.717422894406561
36.187	-1.3059	-1.2429	-1.20649388314479
29.373	-1.8565	0.38733	-0.881646562568053
29.141	-10.738	-4.3405	1.645
37.819	-3.8939	-4.081	-0.212267152919179
35.461	-6.7856	0.21	-0.0346751743523868
33.537	-8.6364	-4.1537	1.4890602147327
35.576	-2.7145	-1.1661	0.0478770725229685
36.729	-7.5145	-3.1312	0.354872981370681
36.088	-6.6977	-0.52185	-0.356561896273611
32.739	0.91199	-2.6954	-0.713219366674562
37.836	-4.3579	-3.3202	0.716136789987928
36.018	-6.3323	-1.1371	-0.176755667193047
37.469	-3.0494	-4.2007	-0.213993411216003
35.606	-2.0846	-5.5897	-0.874411197705812
35.933	-6.8829	-0.44488	-0.608298108025212
35.493	-9.2462	-3.3582	1.645
37.53	-4.251	-3.1865	0.70959396226736
30.092	-11.065	-3.1338	0.738203848107088
32.99	-8.9546	-0.21807	0.33738515358749
37.519	-7.3869	-2.6661	-0.0188047533152399
37.079	-6.2808	-0.77346	-0.0246731345594806
36.022	-6.828	-0.57731	-0.469752142690602
37.918	-7.0786	-3.0856	1.1155036478577
28.343	-11.733	-3.5872	1.24501064135602
37.494	-5.8069	-1.0089	-0.454168403220749
34.273	-0.69818	-5.6839	-0.717335207547363
26.188	-1.2389	0.73822	-1.21555608583089
29.477	-10.678	-4.2809	1.26131472837239
29.977	-11.456	-3.3584	0.830474119870959
36.939	-3.7073	-4.6069	-0.435863567344279
37.59	-3.4846	-3.6459	-0.748998985026843
28.11	-1.8263	0.47221	-0.934465567161348
35.99	-2.0913	-5.2288	-0.62124278820637
31.074	0.26967	-6.3372	-1.21034984977606
37.27	-6.4269	-1.0324	0.206968946094578
34.091	-7.9047	-4.067	1.645
36.52	-7.3394	-3.0192	0.0026907392830961
37.4	-6.6576	-3.761	-0.299531385543884
29.113	-0.98121	-6.9442	-1.06805255918444
37.029	-4.7412	-3.0954	1.31725334290511
33.037	0.75239	-2.4438	-1.00946926131929
22.655	-11.631	-3.7513	1.46323784800132
37.766	-3.2181	-1.9562	-1.21198939313196
37.838	-3.7151	-3.567	-0.738150020694189
37.285	-3.4399	-4.4883	-0.0707420461130675
27.184	-1.4529	0.40133	-1.0080340414389
38.26	-5.4613	-2.6107	0.555307620000418
35.989	-1.6761	-5.1643	-0.384907378949416
37.247	-5.6924	-4.4819	0.574340540215934
34.351	-9.3416	-4.3517	1.38867547959051
32.942	-10.187	-3.8424	1.54445762296043
36.258	-3.1272	-2.1291	-0.0873604377835799
37.522	-6.8014	-1.605	-0.493667437607078
34.875	-7.5634	-0.67985	0.645325189534175
36.805	-6.8704	-0.46855	0.261710757540178
36.438	-5.6209	-1.0791	-0.437353645173814
36.039	-7.5015	-0.37316	0.152721222443031
35.992	-6.343	-0.027214	-0.369110338175349
38.018	-4.0021	-3.4175	0.440062663362725
36.085	-8.2433	-1.0166	0.628099936228565
38.197	-3.1683	-2.8039	-0.651067260528241
37.221	-6.2661	-0.70586	0.0463861170296261
24.495	-0.80438	1.506	-1.61105806339243
19.894	-12.408	-3.0023	1.645
32.857	-1.747	1.0811	-1.41742746676714
38.182	-4.7359	-4.0348	0.668295752947696
32.564	-8.7826	-4.3392	1.46386987386514
33.424	-10.297	-2.9498	1.645
37.001	-1.8216	-3.9956	-0.604746293302674
32.612	-9.982	-3.3678	1.49070126065367
26.104	2.9775	0.38525	-1.35405081352613
35.856	-6.2175	-4.9262	-0.218593327199318
34.29	-0.70505	-5.4116	-1.10485665200169
35.119	-8.7121	-3.9509	1.61033149431042
32.294	1.3388	-1.5872	-0.323000690124578
26.933	2.2884	0.38868	-1.11551056780435
27.989	0.13398	0.8053	-1.11169007796582
37.348	-6.549	-3.1685	0.586394295867612
34.481	-0.83471	-4.8208	-1.10119949446165
36.976	-6.7599	-1.9741	0.115385128240665
36.879	-7.3031	-1.1171	-0.0322419020875159
37.988	-3.183	-3.7179	-1.0441555828175
37.929	-6.679	-1.6821	0.174568171718478
35.328	-8.9384	-1.7754	0.635922016993303
34.271	-9.6149	-3.6763	1.41148415466055
33.023	-9.9253	-4.2566	1.645
36.927	-6.6277	-0.54409	0.507888873388519
37.587	-7.0356	-2.9008	1.07098758663854
36.719	-7.5573	-3.667	0.303165267963837
37.13	-6.6506	-0.87502	0.42778022697425
33.331	-10.091	-3.2853	1.645
36.513	-6.807	-1.1852	-0.401989802944383
28.452	-0.64826	-6.6807	-1.11581194500481
35.608	-8.7425	-3.6319	1.645
36.084	-6.9266	-1.1155	0.319396562778978
34.803	-1.1978	-5.5854	-0.846800173668663
30.623	-10.628	-2.3359	0.870545764585571
34.746	-0.83355	-5.3832	-0.666936307173248
37.674	-6.0117	-3.9316	0.636186371725199
35.239	-7.2057	-0.80222	0.359546446898771
30.909	-10.532	-3.6165	1.645
34.081	-0.19025	-0.19369	-0.85569013429815
36.16	-6.2388	-4.6065	0.234937614186171
34.061	-9.7107	-2.6267	1.54149159216889
28.401	-0.6673	-6.6758	-0.676838076683062
34.108	-1.3907	0.43458	-1.39140050004191
36.911	-4.0324	-0.88935	-1.26363929738118
36.133	-7.4211	-1.9201	0.67299152720821
35.653	-7.9359	-0.91161	1.13358249609924
27.563	-1.7829	0.9933	-0.153534782028493
35.686	-6.1698	-4.8122	0.147647411034757
35.599	-6.05	-5.0311	-0.173356824855813
33.647	-9.5361	-2.9473	1.27390439307647
37.439	-7.1052	-1.3532	0.623714819080705
23.069	-0.86413	1.3787	-1.51677828589699
37.717	-5.9636	-3.8253	0.806351027398218
37.26	-1.8777	-3.7953	-0.666856893180695
37.331	-2.3602	-3.1346	-0.885866601924525
29.747	1.7848	-0.64182	-0.675518952377381
31.26	-1.5383	-6.2118	-1.25807413928882
28.79	-0.60836	-6.4231	-1.645
28.577	-1.9917	0.59004	0.0891191137540707
36.944	-6.5048	0.15745	-0.00838011776765232
27.399	1.8644	0.060854	-1.11272483138916
34.571	-8.8569	-2.5749	1.645
37.024	-6.2246	-3.3113	-0.0504450419812437
37.905	-5.2701	-3.6581	1.17586641894421
37.467	-3.1874	-2.2578	-0.570507882559516
35.937	-7.7764	-1.2843	0.617207092188696
37.269	-6.4643	-1.3187	-0.294057302613394
35.22	-2.8647	-5.4605	-0.65671947210694
36.327	-3.639	-5.216	-0.37917937342821
37.298	-5.8161	-0.65225	-0.0454823753133752
37.658	-4.6228	-3.5033	0.769772080158054
33.532	-9.5404	-3.8361	1.645
38.11	-4.4154	-1.7878	0.128137889888111
33.965	0.34185	-2.8306	-0.816251086550399
18.681	-11.853	-3.5342	1.645
37.578	-6.9156	-1.9975	0.52821712891213
22.178	3.5218	0.97528	-1.27217130070662
34.324	-1.491	-0.028499	-1.09080647877185
27.877	-10.224	-4.2064	0.732949262588205
35.796	-7.3764	-0.93857	1.09229694034348
36.21	-7.1793	-0.91817	0.995106595480565
33.756	0.78472	-3.7174	-0.974086894307463
34.832	-1.3266	-5.3939	-0.121877593100784
36.693	-6.5135	-1.0092	0.0135728667331322
37.262	-3.681	-4.3805	-0.297941182063326
37.664	-2.5775	-2.7475	-1.31687393380325
33.114	-0.44001	-5.9828	-1.14664119642615
35.83	-8.0329	-0.94709	0.334791373776048
37.168	-2.8936	-4.4433	-0.780710393946779
37.252	-3.2123	-4.5515	0.188360765771291
37.485	-6.3438	-1.5371	-0.0463894307893273
36.79	-1.1179	-1.9369	-1.07639366940666
36.986	-3.4192	-4.8641	0.0713751545465619
28.187	-2.0153	0.64751	-0.46139529626337
36.115	-2.5821	-0.79798	-0.59858920292636
32.441	-8.4786	-4.6004	1.40538007899443
32.516	-10.186	-4.2238	1.36771914457624
34.865	-8.7229	-3.4379	1.1186796781014
37.744	-4.8284	-2.8158	0.829098374818815
36.311	-6.2684	-0.71261	-0.695604699814973
37.547	-3.1049	-3.4645	0.170139703796172
38.079	-6.2421	-1.3115	-0.21005374765068
37.974	-3.6555	-3.1281	-0.364074581154792
28.696	-0.68077	-6.8741	-0.971588407928628
30.852	1.7849	-1.8279	-0.668609130852328
34.821	-6.2335	-5.3327	0.955952432936296
14.631	-11.506	-3.6427	1.645
34.669	-0.46744	-3.1166	-1.27755531255101
37.859	-5.8203	-2.0456	-0.0117997966417372
36.787	-5.5935	-0.20183	-0.0322428591555136
36.693	-3.4679	-1.3316	-1.53020155353516
24.838	-11.328	-3.8629	1.10209946575735
35.763	-0.51963	-3.4807	-0.771603217377774
35.201	-6.4466	-4.6978	0.827036014908464
32.044	-10.644	-3.7583	1.5928322589904
36.194	-6.8002	-1.6144	-0.183003366269477
36.007	-6.7848	-4.2244	-0.390507279555215
35.927	-7.6408	-0.39627	0.895652739057502
35.868	-8.013	-3.1225	0.0714395032906268
36.808	-7.1617	-1.0805	0.455221751148152
36.946	-7.765	-1.2246	0.804098794857673
36.325	-6.6188	-4.8643	0.263622509677209
35.549	-6.4596	-0.15332	-0.36794854723196
30.435	-2.0178	-5.0573	-1.645
36.901	-2.8551	-4.7309	-0.728601204957352
37.149	-6.3657	-1.3475	-0.575550641086969
36.787	-3.2912	-4.7881	0.406223174944393
37.496	-2.7345	-3.0657	-1.01205607502095
32.833	-9.925	-3.8629	1.645
37.75	-6.5893	-1.4592	-0.228263305453376
36.038	-0.75241	-2.4819	-1.06136506413077
28.133	-11.456	-3.6026	1.3775999423789
30.447	1.4981	0.012136	-0.651772031248824
37.759	-5.8941	-2.4694	1.31856015081981
36.523	-6.9224	-0.55317	0.590120343902831
37.667	-3.3869	-1.5302	-1.19792897366192
35.259	-0.56743	-3.8436	-1.07091411184583
21.996	-12.117	-3.2949	0.946470511821089
36.696	-3.7296	-4.7045	-0.180877867379407
36.844	-2.8627	-4.1771	0.249661042057321
35.141	-7.3093	-1.8385	0.349014992229371
37.236	-5.8353	-2.0778	-0.216528587524995
27.895	2.1727	-0.70999	-0.709228267988713
35.937	-7.577	-0.66075	1.645
36.415	-3.3798	-0.64911	-0.937084765830932
37.914	-4.9455	-1.6546	0.168513547721348
37.81	-6.0972	-2.6215	0.607856188299699
36.059	-6.6724	0.099282	0.468650882976757
33.831	-0.82131	-5.9073	-1.09017316098139
37.488	-4.8809	-1.9614	0.329520406770201
34.309	-1.5814	-3.0886	-0.782271183999498
16.546	-12.122	-3.0507	1.645
26.475	2.8001	-0.13414	-1.21393881807344
36.584	-3.2355	-4.7375	-1.11278861892212
36.968	-3.0594	-1.5917	-0.819434285944257
36.022	-5.6927	-0.69924	-0.894558418135548
22.905	-1.2773	1.3333	-1.52942549713895
36.937	-6.6664	-1.0888	0.207038869857863
38.435	-6.2835	-2.839	0.852159459047425
35.405	-0.70375	-4.8046	-0.624946384326503
36.121	-2.9466	-5.1363	-0.219574771666145
36.896	-1.6696	-2.1151	-1.15690825715709
27.474	-0.29098	-6.7196	-0.147329832598831
34.672	-9.018	-2.7887	1.24649968610821
36.78	-7.3321	-1.024	0.358122672603748
31.309	1.3203	-2.1248	-1.48370127458656
34.816	-1.9829	-0.24815	-1.34840615694148
31.034	2.13	-1.503	-0.691997681695044
38.1	-4.3733	-2.6288	-0.804800840452214
33.506	-8.587	-3.743	1.49432649656964
36.038	-5.389	-5.311	0.515447591185013
34.702	-1.6396	-3.8829	-0.709325822095777
32.373	0.99622	-2.1654	-0.931524631627792
35.958	-2.3821	-5.0615	-0.629827691465017
37.447	-2.7711	-3.2962	-0.986231543713167
34.224	-1.4421	-5.2872	-1.19692099368631
25.823	2.7506	-0.30933	-1.45038808351764
36.853	-6.3522	-2.1496	-0.192741567527101
34.92	-2.181	-0.95545	-0.388999037858008
31.384	-10.126	-3.673	1.645
36.331	-7.1059	-0.41523	0.74102171088995
29.704	-11.031	-4.1478	1.57884199235095
35.609	-7.1077	-0.68315	0.0667068818513284
35.818	-1.2328	-4.9674	-0.50850616400928
35.623	-7.3392	-1.1323	0.126200959074365
32.987	0.16537	-5.4076	-1.06681771913087
36.38	-3.1166	-4.3906	0.583570629943437
36.763	-2.5223	-2.4664	-1.38046870766826
30.806	-9.287	-3.5933	1.63493040728432
31.819	0.77723	-1.5751	-0.558271307065074
34.867	-2.1455	-5.957	-1.04625099078771
36.432	-2.9785	-1.8557	-0.230989690538636
37.33	-2.1802	-2.9054	-0.959126176220633
35.886	-6.8034	-0.66589	-0.303230785050017
34.169	-2.2291	-0.29475	-0.767380358050043
27.676	-0.63697	-6.9622	-0.959800310229311
36.642	-7.6993	-2.0698	0.228304881430258
36.441	-7.3309	-1.0821	0.632288494095367
36.404	-0.77396	-3.045	-0.311419797082212
32.197	1.205	-4.1368	-1.31640006524714
33.119	-10.31	-2.9906	1.645
37.344	-5.4244	-3.918	1.02411667434705
30.026	1.6761	-1.1057	-0.657205366713327
37.878	-4.0903	-2.2179	-0.931669345488484
37.108	-2.6266	-1.3105	-1.33503869147039
36.482	-1.3979	-3.6565	-0.554734785831119
31.452	-9.1478	-3.2273	1.23186035109388
35.595	-7.1083	-1.4836	0.693507103732308
37.93	-4.6532	-1.5629	0.638065630500872
28.339	-11.288	-3.7747	1.23152582993756
34.572	-0.91389	-5.3163	-0.652233106521208
27.025	-1.1452	0.8769	-1.01817635671127
34.079	-9.9018	-3.0968	1.40993439532597
35.222	-7.552	-0.12993	1.02409631119724
37.707	-3.9647	-4.055	0.114190939959066
37.055	-7.808	-1.365	0.754231244046884
37.028	-8.0319	-2.3737	1.48346369875423
37.484	-2.9589	-2.2054	-1.13233859631301
36.636	-1.8449	-4.6217	-0.769674096630965
24.255	-1.0753	1.209	-1.64095996658346
37.908	-5.4849	-2.8675	0.153747069125365
28.144	-11.285	-3.6351	1.04657801612402
36.304	-3.0943	-4.7781	-0.453134969248696
36.383	-6.8969	0.11651	0.0554080749448857
36.032	-2.4254	-5.2954	-0.21127410826413
37.693	-6.9362	-2.1968	0.498450906488603
35.196	-7.2738	-0.20346	-0.105434444273108
36.191	-1.9754	-1.1911	-1.04887739735679
35.949	-7.0988	0.036498	-0.145357795257436
32.924	-0.29634	0.38633	-1.3373927299811
36.636	-8.1869	-3.6598	1.5585313150902
35.702	-1.5553	-5.3066	-0.915094322747688
37.827	-3.3669	-2.5679	-0.193727685079813
34.952	-6.4194	-5.1862	1.17303568749008
25.703	0.22142	-6.7138	-1.09419634785799
37.718	-6.805	-2.3753	0.247129771012763
20.57	-11.951	-3.571	1.645
33.204	0.41913	-3.6203	-1.01880246817439
36.349	-7.4662	-1.0629	1.16595843926952
32.301	0.83282	-1.4899	-1.05406338318227
36.889	-6.3605	-0.64418	0.542445539950998
37.364	-6.6113	-2.4395	0.743515424427739
36.557	-6.012	0.058335	0.326315731814108
34.899	-8.9036	-2.1978	1.48360233962021
34.392	-0.67005	-5.3893	-0.796732390244443
36.058	-0.71232	-3.8443	-0.819363678497193
35.914	-2.1429	-5.1293	-0.628383840068978
38.175	-6.4615	-2.3743	1.07693114831693
37.269	-6.594	-4.1428	0.17893240736944
36.296	-3.9297	-1.4904	-1.60627917504346
34.929	-9.3154	-3.3453	1.645
33.624	-9.7678	-3.2114	1.645
35.452	-7.5059	-1.1164	0.705856938956504
36.034	-7.7111	-0.66814	1.00523181413913
37.161	-2.9571	-4.3767	-0.916705148984105
35.801	-6.039	-0.10692	-0.286377617999474
38.018	-6.5426	-1.8973	0.587895337321129
37.065	-2.8718	-1.9238	-1.04032642499838
37.741	-3.5231	-1.6764	-0.78571652803384
36.429	-1.94	-1.5444	-1.50519708512453
38.124	-5.9004	-1.833	0.448192031208272
37.088	-2.7651	-4.3048	-0.840596664372448
37.718	-6.2576	-0.89144	-0.409605277631403
32.946	-10.118	-3.8613	1.12016231496583
38.042	-4.4673	-2.5642	-0.563530948645392
35.311	-1.2939	-5.3454	-0.111544231306228
36.716	-1.7406	-3.0904	-0.823185506503432
37.657	-5.2865	-0.77623	-0.562975017237341
28.415	-1.9853	0.6287	-1.10908067847081
35.913	-2.1991	-5.1813	-0.560247173132035
37.832	-5.746	-1.2789	-0.0101197913080132
37.809	-7.1081	-3.5919	0.81127800654157
37.022	-7.8526	-1.9066	0.867533449214528
35.963	-2.9456	-4.6888	-0.000408685141234104
29.139	-10.899	-4.2139	1.645
38.328	-5.5245	-1.6957	0.878228578575125
35.913	-3.5353	-0.26692	-1.05354781292778
36.624	-2.5872	-4.7152	-0.406915422187723
35.732	-7.4659	-0.892	0.151301675071366
37.405	-2.8884	-4.2719	-0.650953385141498
27.224	-11.557	-2.9923	1.03162196625709
34.219	-0.7002	-5.219	-0.92364261864471
36.409	-6.4671	-0.54685	-0.221783157391574
29.133	0.029435	-6.8166	-1.30975299742715
34.285	-0.88002	-5.7289	-0.440650961011672
35.879	-1.4706	-5.0897	-0.628292978551358
33.331	-0.8698	-4.6621	-1.10836645516698
28.562	-11.373	-3.9338	1.16230326359038
34.954	-8.59	-1.2637	0.893974870936319
12.655	-12.024	-3.1062	1.645
33.259	-0.86748	-5.1327	-1.21274580136164
38.313	-5.8634	-3.2643	1.11741753523188
36.875	-2.9204	-4.2667	-0.601762780434623
36.875	-6.5702	-0.73131	0.277064425855957
32.785	0.6827	-1.7577	-1.01340125438516
36.807	-2.7145	-1.7884	-1.25831279407935
36.197	-2.5887	-0.88178	-1.13722706564225
37.29	-3.1505	-4.2486	0.409867395863034
33.099	0.48603	-1.4884	-0.403960660910795
34.092	-8.9227	-4.1576	1.645
37.012	-7.5666	-2.4787	1.18788344308338
36.947	-6.3535	-1.4057	0.113059485031338
24.144	-11.871	-4.1725	0.780353311613532
37.294	-5.8666	-0.45628	0.0926138154810639
38.453	-6.2205	-2.5167	0.332630180522873
38.205	-3.7763	-2.7418	-0.521560066188241
29.42	-11.225	-3.3753	1.51272297499829
37.148	-5.3387	-0.68234	-0.700582503395873
26.075	-11.349	-3.6326	1.645
34.237	-0.72906	-5.5845	-0.894562057767165
35.409	-7.9537	-0.78786	0.308161916627997
36.261	-5.9674	-0.39885	-0.445429374225176
35.769	-1.1302	-4.9338	-0.267207425404875
34.05	-7.3166	-5.0561	1.42312977199815
33.716	-7.4941	-2.944	1.09830020861909
36.741	-6.3389	-1.159	-0.652482121993829
36.513	-7.4862	-2.793	0.51489373831858
36.212	-4.2356	-0.11937	-0.835763634552257
30.542	1.6715	-0.25718	-1.02805410044368
37.523	-5.7548	-4.5898	0.5567715205815
28.667	1.635	-0.37636	-1.09026752074294
37.356	-5.2576	-1.0494	0.0150098329513034
36.478	-7.7756	-0.57777	1.60057199994384
37.883	-3.842	-3.38	-0.347109701504551
35.131	-9.2436	-3.3567	1.645
37.587	-5.2175	-1.004	-0.0183793260218338
36.221	-2.9564	-0.61513	-0.879516287643446
38.637	-6.5948	-1.8103	0.329584900959359
36.956	-3.2025	-4.4751	-0.276218887394665
29.985	-11.016	-3.6217	1.00270672202291
31.672	-6.1599	-5.747	0.946162946450074
36.491	-1.3732	-4.2775	-0.387337250319381
37.131	-4.5617	-0.87893	-1.06031860173105
31.827	0.24387	-1.1057	-0.266595706499717
36.602	-7.2462	-0.74841	0.869221729543602
35.527	-1.6899	-5.4983	-1.25833566504966
28.143	-0.79826	-6.7107	-1.645
36.361	-7.4636	-0.51885	0.0516053654871344
36.981	-6.59	-0.49138	-0.13426498684102
37.82	-7.0502	-1.9993	0.732483225551258
36.574	-8.6753	-3.4189	1.645
37.993	-6.6047	-0.58157	-0.364861627338509
36.619	-3.3442	-5.008	0.123358530731071
37.163	-4.0055	-1.8496	-1.03166388206965
27.841	-0.46924	-6.7153	-1.32189743423074
33.362	0.38835	-1.7634	-0.542536147545944
38.275	-5.2304	-2.3682	0.315552358417502
36.744	-6.6862	-0.47204	0.172700909183923
29.038	-11.463	-3.3336	0.701268846091124
32	-9.0904	-4.758	1.645
34.952	-1.4921	-5.7799	-0.644386322017646
35.586	-6.7863	-0.30952	-0.234201930815223
29.473	-2.0004	1.2233	-0.831593813254164
36.946	-7.1431	-0.98937	0.504732495067814
35.2	-1.6433	-5.5416	-0.760744742643575
38.265	-6.0586	-2.7998	0.711962928296649
33.966	-0.18969	-0.95979	-1.07980080522119
37.105	-2.5879	-1.2599	-1.26655556911712
37.342	-6.7824	-1.0638	0.14507784583771
36.545	-7.0306	-0.54223	0.087231834174763
35.679	-7.0002	-1.2115	1.08040064510004
35.984	-1.9774	-4.2136	-0.860672403858507
35.308	-9.5027	-2.4343	1.645
33.845	-9.7813	-3.7695	1.645
33.349	-0.35116	-2.0425	-0.91127621412296
27.568	-0.41487	-6.818	-0.885258812874184
33.366	-9.9976	-3.4617	1.645
19.483	-12.108	-3.7965	1.645
37.162	-5.5491	-4.7764	0.0348955482574222
35.769	-6.9619	-0.47515	-0.238813353851715
35.88	-8.2388	-4.4135	1.62632703351958
35.04	-7.5716	-1.0808	1.48485387297667
35.22	-1.6653	-1.0212	-1.13786967316853
36.935	-5.5179	-1.3782	-0.196813018091026
35.664	-1.6218	-5.105	-1.27195535170327
26.332	2.8248	-0.26543	-1.17061899944619
38.305	-4.7921	-2.3396	-0.327805235160401
37.264	-6.0234	-0.95589	-0.156528283602262
24.961	-12.173	-3.2356	1.23561609447981
36.493	-3.2037	-1.737	-1.25121619671849
37.016	-2.6871	-3.6991	-1.01642288945115
35.521	-7.0953	-0.81215	0.764101293278262
37.573	-6.2663	-0.94834	-0.425021898948523
36.713	-2.7918	-3.6785	-0.612626699079615
37.267	-2.9412	-1.1413	-1.27570089339921
36.105	-7.5793	-1.0388	0.558082329824424
36.149	-3.6882	-0.088772	-1.26002426514386
29.561	-2.1923	-0.92529	-0.511637392451926
28.421	-10.501	-3.8962	0.780783026344022
37.543	-6.6177	-3.9242	0.1108692541317
36.013	-5.2962	-5.2194	0.0944812938984925
31.616	-10.133	-3.0478	1.645
26.865	-11.889	-3.6093	1.645
34.944	-1.8333	-5.6746	-0.801281864771833
33.974	-0.2086	-5.4289	-1.25896108806666
27.421	-11.915	-3.1716	1.47797349544301
24.068	-11.949	-3.7635	1.36051582755021
36.904	-2.4271	-4.0264	-0.793533682126596
32.829	-2.2829	-5.3286	-1.03177038185081
36.607	-2.9684	-1.1872	-0.556128851287977
36.922	-6.114	-0.78434	-0.0616912281604284
37.221	-6.042	-1.2144	0.0575410751442332
35.954	-7.1988	-1.5628	0.564294525519873
35.692	-8.8069	-1.7571	0.905515630171821
37.491	-6.0219	-1.2997	-0.11405945686779
35.9	-7.2416	-0.67509	0.312693086427402
36.618	-7.6655	-0.98104	1.01278647405844
29.945	-1.3699	-6.7296	-1.645
32.161	0.91575	-1.7862	-0.468027450861827
37.605	-6.5111	-0.87244	-0.0820260194613954
35.517	-6.5056	-0.50915	-0.398885464619938
32.059	1.3109	-2.4168	-1.34539804331715
29.196	-10.899	-4.0629	0.432828043425127
24.476	-1.1701	0.93116	-1.645
36.747	-2.8716	-4.7368	-0.0966398873877443
38.014	-3.428	-3.3169	-0.87479214600457
36.001	-6.2461	-0.9769	-0.512456145947569
36.332	-6.6978	-0.47076	-0.371782878881
38.3	-5.7317	-1.6831	0.662938584056799
29.979	-11.824	-2.9049	1.41866898220013
37.151	-6.3028	-0.5405	-0.316055035977199
36.12	-6.1442	-0.35725	-0.264947750258287
36.271	-7.3453	-1.3238	0.990535977971723
36.488	-6.1858	-3.8549	0.142350876501733
35.366	-1.8119	-5.5672	-0.845024919083627
36.371	-1.3748	-4.149	-0.282487715901172
31.428	1.6486	-2.2588	-0.88858411469092
30.715	1.0071	-0.9415	-0.852095256494388
37.231	-3.9099	-4.7721	-0.232620434699962
34.721	-8.3715	-4.579	1.645
36.514	-8.5327	-2.2652	1.29121613673852
36.083	-2.6015	-0.39972	-0.914134597699339
35.498	-8.087	-2.6598	0.868642886717036
30.178	1.4558	-0.55411	-1.06612529024228
33.074	-10.314	-3.0415	1.645
34.568	-8.0682	-4.3868	1.4455519530045
36.881	-6.9741	-1.2878	-0.130391593017064
31.206	-10.908	-3.2517	1.645
20.185	-12.42	-3.592	1.60780837971659
37.199	-1.6237	-2.4917	-1.3338391622438
36.947	-7.3373	-1.2444	0.96432502337423
33.778	0.11392	-0.5513	-0.647994578809068
36.98	-3.2319	-1.217	-1.12970148230655
36.125	-7.0592	-0.43751	0.215994254807331
30.989	1.3364	-1.2695	-0.333183214037843
37.721	-2.718	-3.5393	-1.29353424675655
36.492	-7.4624	-0.46387	0.595156400902631
35.897	-8.9728	-2.3728	1.40457283436002
36.92	-3.6492	-4.6394	-0.556384873478707
36.993	-4.0546	-1.8566	-1.36852559326239
34.583	-9.2741	-3.2361	1.645
34.344	-1.2254	-5.6987	-0.724038509964305
35.742	-8.0212	-3.8443	1.645
37.001	-2.4226	-2.9225	-1.28051687707888
35.171	-6.1369	-1.2886	-0.434348974104651
37.028	-3.37	-4.176	-0.208850464497135
33.298	0.35184	-3.695	-1.18101706047527
30.361	0.79431	-0.83387	-1.41670498714647
35.436	-6.7361	-0.95815	0.194679826003162
37.41	-6.4188	-0.83121	0.212660461248846
36.383	-1.4084	-1.6501	-1.41183475981561
28.632	2.1882	-0.58482	-0.867316099924614
34.186	-2.9176	0.81454	-0.828525503093668
36.195	-4.2493	-5.2274	-0.232242340815307
26.47	-1.2093	0.66759	-1.45285310010306
36.233	-7.5856	-0.90686	0.180874797873947
36.421	-8.4179	-2.0881	0.611949853277744
37.469	-3.1858	-2.9957	0.184135610081523
35.257	-2.0901	-4.006	-0.486194643291877
36.163	-7.092	-0.771	-0.144262651156346
37.734	-5.9544	-4.0513	0.44372057588899
37.902	-5.9908	-2.0936	0.386262672357474
37.448	-6.4351	-3.4083	0.340241021385061
36.099	-7.3386	-0.73775	0.83898754149159
38.19	-5.2303	-3.4668	0.416922576600472
32.123	0.60269	-0.86491	-0.888338453589562
32.053	1.3059	-1.5197	-0.931865057204192
36.699	-4.6467	0.089536	-0.663485771260728
27.83	-11.511	-3.6894	1.12625407095457
35.927	-2.6184	-5.194	-0.563294298369126
36.378	-8.7082	-2.2334	1.39714713250502
37.434	-4.6484	-2.4277	-0.696800314140434
36.422	-2.8263	-5.0446	-0.0831198100165598
37.128	-7.3771	-0.91807	0.446635666784112
36.806	-7.1946	-1.9069	0.0343666104732867
34.659	-0.55942	-4.4261	-0.873928320302811
36.328	-7.1272	-0.93379	0.395137500314913
36.281	-2.7152	-5.341	-0.53463037006903
37.412	-6.2447	-2.696	0.0608666293643264
35.967	-2.729	-0.69909	-1.22546319243323
36.783	-8.0664	-2.712	0.541275377417613
36.508	-6.9874	-0.76697	-0.221105285338161
37.295	-4.7406	-4.9434	-0.231359272929796
37.907	-5.6622	-1.514	-0.116353154144301
36.54	-2.6445	-3.9797	-1.22857975189259
34.705	-0.88028	-5.109	-0.63306944030261
35.571	-0.535	-3.7779	-0.590614730165472
36.023	-3.1128	-0.9772	-1.03450342835775
36.969	-6.9389	-2.1567	0.127722541462935
30.821	-10.653	-3.8519	0.494228926543426
34.81	-1.815	-0.71735	-0.886063107940156
37.007	-3.2381	-4.6457	-0.149062819105377
22.98	3.3486	0.063496	-1.29991165444273
32.159	-10.433	-3.0039	1.645
37.195	-6.8729	-0.94274	0.481317824517216
34.005	-0.32428	-5.4688	-1.35743790533949
37.776	-3.2527	-3.708	-0.939766289337619
25.345	2.9604	0.81839	-0.871683220428218
37.704	-6.9036	-3.5007	0.627543308022612
25.232	-11.836	-3.4376	1.63656417439304
35.212	-2.5121	-5.7232	-0.808402417853645
38.366	-5.4234	-2.4492	0.795713413379173
29.989	-1.4419	-6.6104	-1.645
37.702	-3.2554	-2.2478	-0.579147459189974
36.695	-8.3244	-3.4796	0.515992525308687
22.216	-0.28528	1.8218	-1.42524435272397
27.938	-0.14693	-6.4389	-1.55587763993473
37.215	-2.1692	-3.2804	-0.932760244555093
24.948	-1.1145	1.1193	-1.645
35.868	-5.9551	-0.76246	-0.405448785853882
28.015	-11.269	-3.5031	1.22691299627956
36.415	-2.8229	-5.3315	-0.46346218919256
36.026	-2.1342	-5.1439	-0.615463482576475
36.861	-6.3361	-0.60656	0.374880407716135
34.486	-9.5717	-3.7802	1.645
22.352	3.0673	1.2586	-1.33325022547552
35.219	-2.1202	-1.3575	-1.26191262282334
36.39	-6.9544	-0.46647	0.160331648178779
32.516	-0.5129	-6.2823	-0.896846009262152
37.032	-6.1426	-0.88556	-0.350877940043509
28.289	2.0839	-1.1024	-0.859700487914246
33.548	-1.5978	0.067007	-1.49246426617528
35.336	-1.5855	-5.3664	-0.755784366132793
35.391	-7.7354	-2.7639	0.830091377664212
36.84	-7.9578	-3.3052	0.155206040738389
37.095	-3.2146	-1.7715	-1.07525331996109
33.859	-9.2605	-2.5721	1.645
35.877	-8.4213	-3.4308	1.04861160026761
34.549	-0.84299	-5.6394	-0.407718888981482
36.996	-7.5551	-2.6668	0.444606313066283
34.832	-7.3907	0.24362	0.217735606852368
33.235	-10.72	-2.9872	1.645
37.307	-6.0201	-1.5607	0.00764672811275337
37.418	-2.9354	-2.5082	-0.741512701007255
34.343	-1.6947	-5.9695	-0.449330689910305
35.852	-6.3953	-0.66102	-0.775094687910963
23.219	-11.625	-3.7246	1.18396520460835
25.658	-11.743	-4.0632	1.05662514674301
36.408	-7.0685	-0.74929	0.176405196659744
34.872	-9.2335	-3.1798	1.27134845501877
32.521	-10.366	-3.3013	1.645
35.301	-7.1362	-0.87532	1.04927326323203
36.981	-7.338	-4.1057	0.316137397529652
36.532	-2.2219	-4.9142	-0.563456586122796
36.587	-6.9588	-0.9185	0.05469663115224
37.804	-3.758	-2.5106	-0.945814285103846
37.188	-3.3266	-4.129	-0.425017851524383
36.601	-3.3263	-0.83788	-0.498825181804008
20.494	-12.103	-3.3423	1.645
37.343	-6.62	-3.3463	0.255372356292981
34.74	-1.4122	-5.6472	-0.320459172972798
33.679	-0.86234	-0.17042	-1.08782729522093
36.655	-3.0677	-4.4207	-0.862684824338858
34.85	-8.5722	-4.0191	1.645
30.867	-10.809	-3.5384	1.36239073951656
37.307	-3.9139	-4.5918	-0.212327192095337
36.667	-6.7386	-0.78268	-0.0834429367242937
31.457	-0.30158	-6.5963	-1.35883970285904
35.913	-7.6121	-0.87189	0.655444136754221
36.13	-2.8164	-5.1146	-0.045826498208351
35.209	-0.0088546	-1.6024	-0.597825730028858
37.083	-6.3311	-0.76982	0.0598346560134722
36.223	-7.7271	-1.0545	1.20426846590586
30.474	-10.434	-3.6727	0.59530321460532
35.745	-6.4161	-0.72233	-0.494093665808999
34.25	-0.42419	-5.4538	-1.21333174740653
35.158	-7.4175	-0.57039	1.10507457808117
37.835	-4.0336	-3.727	0.56015416739607
29.205	-1.0063	-6.6398	-1.0512820669186
35.456	-3.3218	0.088323	-1.39107576389294
29.803	-10.77	-3.5859	1.38363698693452
37.4	-5.3887	-1.203	-0.144589234554032
38.39	-4.8164	-3.1837	0.75606978042997
28.169	-10.539	-4.4468	0.930661372387377
37.101	-6.2474	-1.5272	-0.167992637980645
36.103	-2.9353	-0.50444	-1.01490159866792
33.597	-0.56617	-5.3621	-0.722285388579728
34.55	-8.264	-2.9045	1.645
35.071	-9.1648	-1.7033	0.904981127797015
37.21	-4.2579	-4.7383	-0.284090357706408
35.826	-8.9178	-2.6398	1.5973591352809
29.572	-9.596	-4.4341	1.05138120781062
38.35	-4.2938	-3.138	-0.0947960476414834
33.688	-2.6749	1.0381	-1.39322214332058
36.474	-2.0151	-4.8982	-0.703732584354715
36.528	-6.7207	-0.3798	0.0988367039631441
33.424	-10.084	-3.4669	1.645
35.861	-2.605	-5.277	-0.375348142380335
34.46	-9.1908	-4.2253	1.645
38.32	-4.8525	-3.1108	0.890870407750365
37.496	-3.2443	-4.1554	0.0742070412083392
26.909	2.6637	0.026832	-0.963591517893186
23.052	-12.064	-3.317	1.3097742165261
37.644	-6.4692	-2.6675	0.569691791252567
36.848	-6.5595	-2.1398	0.361683330922269
29.035	1.6447	-0.066406	-0.79753652238055
35.626	-7.5125	-0.57968	0.214465945367511
37.322	-7.6218	-1.4826	-0.249515249009163
35.285	-8.2893	-0.64382	0.566270275218287
20.084	-12.312	-3.48	1.645
28.865	1.751	-0.48839	-0.695523764738609
29.709	-10.969	-3.9119	0.858240187508378
37.772	-3.5059	-3.3861	-0.417732040830723
36.942	-6.4637	-0.66239	-0.0315291330335052
33.758	0.38343	-3.2386	-0.804730859581691
36.282	-1.236	-3.9953	-0.303457886903622
36.872	-6.6326	-0.5159	0.0341029557467673
27.991	-1.7102	0.46544	-0.828613960402021
34.467	-0.7789	-5.5486	-0.983741466236544
28.91	-10.416	-4.3339	0.760942468536615
36.451	-2.0925	-4.9467	-0.972751540917561
29.772	1.7553	-0.20628	-1.18215000597851
37.46	-4.4038	-1.0835	-1.23756342559057
30.47	-9.6622	-4.3325	1.645
31.478	0.98321	-0.87069	-1.11243168314384
36.431	-1.4634	-3.8262	-0.847613676566917
36	-9.0717	-3.5695	1.645
37.711	-5.9719	-3.357	0.539890657624622
27.558	-11.495	-3.2371	1.63772848022302
24.502	-11.889	-4.0808	1.35291660945481
36.522	-7.3306	-1.1206	0.612010944985556
34.234	-9.0501	-4.1876	1.34379821629593
34.039	-8.7942	-4.1058	1.51986320734587
36.049	-2.8343	-0.31658	-0.942195860919541
35.726	-3.108	-0.29894	-1.36487748491766
37.247	-6.3258	-0.74275	0.243889487959833
36.663	-8.0185	-1.3392	0.692187692653523
36.819	-2.209	-4.6629	-0.926246007505435
36.367	-7.0131	-1.7098	-0.643685563025644
37.603	-3.5366	-2.3554	-0.648825347756391
37.32	-2.9559	-2.0473	-0.840253202137622
36.358	-3.1915	-4.9347	-0.714387257652487
18.772	-12.196	-3.1299	1.32004796936894
32.75	-10.422	-2.8005	1.645
36.785	-1.4031	-3.5604	-0.704725122917094
35.477	-1.5291	-5.0441	-0.815929901762003
28.024	-11.618	-3.2678	1.25138498836788
38.028	-3.372	-3.8422	-0.348445582539239
35.983	-6.7157	-0.25748	-0.263826257438972
37.675	-7.2641	-2.5191	0.763062058241765
38.285	-6.068	-1.6478	0.230969302154017
37.648	-2.9954	-2.6871	-1.14013395760954
36.758	-6.2914	-0.49534	-0.261251585333702
37.3	-4.165	-1.6175	-1.10855864608942
27.805	2.13	0.2655	-0.648913657655838
33.741	-1.9733	-5.4226	-0.527751900778729
36.11	-7.4497	-1.499	0.294057796995177
37.13	-3.482	-3.5833	0.521130974322595
37.065	-7.2034	-1.1197	0.00458278252264482
35.676	-1.5634	-5.343	-0.905316401341013
25.634	-1.2253	0.94194	-1.48155718784795
36.345	-2.7504	-1.3676	-0.805461242678607
35.006	-5.2704	-0.66318	-0.872725374681339
21.515	-0.82075	1.3352	-0.996644475525368
36.934	-7.1197	-1.3898	-0.139924181117453
35.563	-2.7773	-0.24283	-1.16505968104313
37.173	-2.6245	-3.9132	-0.497796827436338
36.387	-2.0945	-4.6511	-0.844325353286247
35.784	-2.114	-0.96068	-0.61569147083525
37.664	-3.9756	-1.3644	-0.734743109423004
33.453	-9.9212	-3.2833	1.645
28.418	-11.12	-3.9506	1.28511534971738
35.617	-3.9137	0.42156	-0.83593416756955
35.863	-2.4069	-2.5622	-0.585713536229736
35.028	-7.1752	-0.66195	-0.11652766008633
35.812	-5.4805	-0.52955	-0.992775103148409
35.948	-1.8128	-5.129	-1.06213954836026
36.383	-2.5713	-5.1106	-0.158273193812873
37.161	-6.9458	-4.105	0.0399809783711437
33.48	-0.64767	-5.7709	-1.11732131306694
36.767	-7.3284	-1.2693	0.262239851838312
34.688	-1.4445	-4.5017	-0.592125968159548
35.727	-1.6297	-5.1851	-0.807105993520814
27.955	2.3396	-0.87238	-0.262874609644011
33.377	-10.479	-2.644	1.645
32.498	-1.6331	0.075498	-1.56147704746394
37.362	-2.3661	-4.0574	-1.23569668104514
37.957	-5.771	-1.0749	-0.135496991278833
36.775	-7.7189	-0.67347	1.08928763031421
37.412	-4.5111	-2.4789	-0.62818955063478
36.828	-7.5118	-1.7764	-0.0808434579028596
34.807	-9.2413	-0.70097	0.635310092890403
37.16	-6.5484	-1.2193	0.181486283137192
36.12	-6.8519	-0.23334	-0.400365937989141
38.418	-4.7373	-1.7362	-0.0882608666400632
33.209	-1.3065	0.58739	-1.48044216040266
36.674	-2.2954	-4.338	-0.141055753628943
36.732	-2.5374	-4.5019	-1.30773631425355
37.642	-6.2693	-1.2363	-0.133063234090162
34.288	-1.2429	-5.9811	-0.777088468784744
34.357	-6.5455	-4.6842	0.52938552749973
33.459	-6.2113	-5.0877	1.48548199915952
34.398	-1.8175	-6.1834	-0.448238635431667
28.402	1.6858	-0.84161	-0.455519281699336
36.054	-8.1439	-2.2738	1.1299494698928
36.711	-5.4696	-0.059321	0.0897978194499694
36.851	-6.8	-1.1773	-0.0456714292883255
38.242	-5.918	-2.1091	0.790738105897227
37.137	-3.3898	-4.8805	-0.90561790317641
37.779	-6.3044	-1.8107	0.388216159259977
34.925	-1.4506	-5.7603	-0.324644805038315
36.307	-6.6518	-5.0565	0.778171158044702
37.216	-7.7869	-1.3901	-0.4738291789307
34.201	-6.8832	-5.1613	1.43744869575814
37.024	-5.0281	-5.0016	-0.0708075081576141
31.076	-10.596	-3.1788	1.645
37.732	-3.9914	-1.8724	-0.339368364117579
28.05	2.1178	-0.84351	-0.964590102908271
29.068	1.9082	-0.13313	-0.73496182373436
38.105	-6.1144	-1.8308	-0.0210014222780463
31.208	-10.341	-3.9103	0.236892371094384
37.164	-3.1932	-4.4762	-0.343155006106682
35.947	-7.6318	-0.92707	0.919033406357831
26.384	-11.718	-3.1602	1.43269248461536
17.539	-12.176	-3.6076	1.645
27.847	-1.0006	-6.7591	-1.1397222641243
28.06	-11.31	-4.1272	0.705306717007972
26.252	2.4373	0.2568	-1.08296887875469
36.415	-1.8489	-3.4901	-0.45628515196755
36.414	-6.6305	-0.54073	-0.468281335588965
36.926	-6.1455	-1.226	-0.278823835495098
37.013	-1.3675	-2.5758	-1.47373228161064
31.516	-1.6663	-1.0651	-1.3494745044664
23.685	-0.6064	0.95115	-1.58414902807879
27.546	2.3168	-0.11179	-1.31525256398675
36.582	-3.2051	-5.0006	-0.449189064012461
37.103	-6.8195	-0.88503	0.316716595910631
36.399	-7.0935	-1.8265	-0.00755966261019137
35.481	-2.2084	-0.77026	-1.04870482135889
27.377	2.5778	-0.06166	-0.916609076274491
29.712	-0.9678	-6.7499	-1.23528423338908
37.899	-7.3266	-2.9614	1.38647907777963
36.681	-7.6883	-1.3233	1.16004384089132
36.539	-6.8839	-1.4043	0.334732048985303
36.927	-2.4784	-4.6331	-0.937603673960367
37.289	-5.8562	-1.1742	-0.0428749181805085
36.35	-1.06	-3.5694	-0.202872773741106
36.839	-2.8458	-4.6107	-0.562376897042724
34.409	-9.3628	-3.4874	1.58113810279508
21.749	-12.082	-3.1072	1.05824901839562
36.479	-2.3034	-4.7111	-0.414678831004743
35.35	-9.2134	-2.9742	1.645
37.069	-7.3037	-1.1191	-0.127706079714506
37.293	-2.0806	-4.0461	-0.619682802052709
37.112	-7.3561	-1.2594	0.660165489146558
35.298	-7.0473	-0.77197	0.187569938169377
34.237	-8.2289	-3.8283	1.61606428164059
38.056	-5.1676	-2.5888	0.528041577837524
35.642	-2.2581	-5.5624	-0.796610758369
37.132	-6.4566	-0.84542	-0.212206222153818
33.381	-2.7503	-0.92077	-1.60486679570576
36.842	-7.1254	-1.1484	1.043410706476
36.903	-6.0825	-1.1782	-0.432479548757749
36.19	-1.7172	-3.5639	-0.10361141210671
34.92	-2.2908	-0.34357	-1.20868100978855
38.043	-4.5569	-3.3936	0.689137679604604
35.541	-0.99494	-3.919	-0.775621602922516
37.769	-5.0176	-1.871	0.626075687791399
35.269	-8.6907	-0.96378	0.22495751173083
36.885	-8.2585	-1.4113	1.18725146730192
34.961	-9.0902	-2.5955	1.645
36.838	-3.1052	-0.58324	-0.588887477544105
27.664	-10.9	-3.9195	0.986927945479131
23.422	-0.66444	0.89025	-1.64436913649891
29.878	1.9333	-3.6835	-0.938044707420857
38.515	-5.1784	-2.2231	0.836892014169564
38.137	-5.8416	-1.5113	0.280269706309983
37.654	-2.3191	-2.4915	-1.55995934236069
35.139	-7.3104	-0.6746	0.568163771422342
29.667	-0.36181	-6.2471	-1.01130931543812
34.572	-9.5317	-2.8881	1.10414166738423
36.627	-2.2565	-4.6513	-0.505448831318506
38.041	-6.1191	-1.0396	-0.142766081942686
35.898	-7.0416	-0.93679	0.284009966832376
33.998	-7.9864	-0.16569	0.534024498800995
35.179	-4.4275	-0.35156	-0.36732734282639
35.475	-6.9959	-0.76676	-0.102484060145715
32.07	1.4293	-2.3833	-0.968183705122107
35.045	-8.4451	-3.0206	1.58209940150849
36.626	-6.7312	-0.7282	-0.0534049073196248
28.783	-1.1034	-6.5278	-1.50915895164747
35.933	-8.4365	-1.8553	0.932353165664238
32.506	-10.224	-2.3987	1.645
34.744	-7.6455	-4.2175	0.960064815930021
35.716	-8.4489	-2.1184	1.15853603858009
31.72	-0.96702	0.3544	-1.25060920966179
36.751	-6.7733	-0.83624	0.153906308949189
26.305	2.5123	-0.34699	-1.14349076800305
37.254	-3.0555	-4.385	0.122039767140641
34.17	-1.3725	0.13005	-1.09493010824397
36.772	-2.0808	-3.8427	-0.705751680655533
28.764	-0.51537	-6.6424	-1.56174853802125
38.014	-5.9577	-1.8809	0.604118141239777
34.574	-3.6874	0.49795	-1.08006202494717
36.293	-1.505	-4.5643	-0.686274613074419
36.234	-7.6629	-0.97961	0.815531725270216
34.65	-7.5723	-2.293	1.0230935220125
36.083	-8.5847	-3.8822	1.49668778749959
27.103	-1.7895	0.51807	-1.10096429749859
36.16	-3.0067	-5.1595	0.483521843491718
33.832	-9.4165	-3.2844	1.52072664038059
35.349	-1.7696	-4.8635	-0.834264902610751
37.166	-4.2299	-4.5378	-0.148811721121063
34.808	-9.1052	-3.57	1.645
35.873	-6.1718	0.076158	-1.03121733966432
35.622	-2.128	-5.639	-0.470738699344803
37.437	-6.1818	-4.1612	1.03542965987808
36.152	-7.3342	-0.95071	1.09396966648116
35.261	-1.5128	-5.0484	-0.517011372771518
33.824	-9.9319	-3.7705	1.645
35.159	-5.0452	-1.1061	-0.713330245329315
30.039	-10.6	-3.9322	1.07994525578813
30.135	-9.1454	-4.2499	1.42106736207927
29.138	-11.188	-3.8476	0.910968849759414
35.92	-6.9901	-0.49628	0.362520080291953
31.224	0.17342	-5.7504	-1.16590353899296
35.622	-3.6657	-1.0615	-0.521504222847954
37.487	-6.2291	-1.7669	-0.00188466551580235
35.929	-8.1243	-1.4357	1.645
33.353	-0.15211	-5.6436	-1.32038536477194
34.134	-10.156	-2.7773	1.62706475406878
35.54	-1.4891	-4.931	-1.02918266606049
34.026	-9.7903	-3.2879	1.645
36.626	-5.7911	-1.2278	-0.145880086580174
24.178	-11.704	-3.6301	0.244573672609902
37.404	-5.4861	-1.3972	0.575198728983924
33.892	-0.68384	-5.8885	-1.1043831703511
24.368	3.7988	0.25655	-1.29019588992552
25.316	0.0397	0.96357	-1.36395960717247
36.37	-2.9592	-4.9675	-0.441086343155122
36.177	-2.5183	-1.6875	-0.918715853605116
34.494	-0.21675	-1.9609	-0.889210082523149
36.989	-2.1522	-4.4694	-0.451796116204643
29.538	-10.738	-4.0519	1.06338404610857
37.198	-6.5255	-1.0386	0.178718151858667
36.164	-7.808	-2.0116	0.587684729176179
26.615	-11.683	-3.4185	1.645
35.959	-8.016	-1.3819	0.419759105563266
37.27	-6.2276	-1.1357	0.324698290587298
36.454	-6.533	0.32032	0.33216489446172
36.452	-2.8956	-0.53636	-1.08610457292585
33.279	-10.124	-3.4263	1.645
26.736	2.6919	-0.6298	-1.10338472988732
37.768	-2.7583	-2.6984	-1.17841872893527
35.59	-2.7801	-5.4654	-0.735265872007277
37.579	-7.1001	-2.0947	0.26258270260019
36.093	-8.6628	-3.2445	1.13266738582879
33.734	-9.5652	-3.4776	1.18139798492913
38.216	-4.6273	-2.5373	-0.0383931491509994
27.089	-11.553	-3.8875	1.4440382851701
32.801	-10.494	-2.9191	1.645
38.241	-4.5629	-4.0563	0.618964741361399
37.785	-3.759	-1.4766	-0.639171558135968
38.276	-5.2348	-2.0977	0.278286330186171
37.742	-3.366	-3.0438	-1.19215147061151
27.815	-0.57083	-6.707	-0.877472041183543
28.23	-0.50422	-6.5389	-1.17115117157675
29.63	-0.92416	-6.7941	-1.59311960298726
33.189	-2.0783	0.76822	-1.54085434099935
34.078	-0.040589	-5.3448	-1.04480419338443
36.923	-2.6406	-4.693	-0.679131013923788
30.923	-10.273	-3.951	1.0451637787987
33.454	-0.75361	-5.856	-0.766923001350874
37.946	-3.4073	-2.4633	-0.989774346007508
24.271	-12.112	-3.4109	0.955792936862211
36.432	-7.4201	-0.80639	1.09212035945323
35.365	-1.0409	-4.4356	-0.748639189241258
36.627	-4.0545	-5.0559	-0.210546784360063
36.92	-5.8143	-0.62305	-0.163577044080644
36.617	-3.1258	-4.9507	0.344455547806125
35.936	-1.5523	-5.1143	-0.705818529634142
22.13	-12.369	-2.9595	1.18194959175427
35.285	-7.5377	0.066807	0.117721459631692
34.246	-1.9271	-6.1455	-0.750633022163561
35.563	-0.78294	-4.4159	-0.34878926373387
37.246	-2.3567	-4.2847	-1.11861295036167
36.836	-2.003	-4.5542	-1.09074583976313
35.681	-7.0142	0.034118	0.0270133203042039
28.476	2.3052	-0.21928	-0.41244618174509
36.702	-4.5632	-0.72328	-1.12590003037505
35.022	-2.2931	-0.30106	-1.31515185864429
36.997	-2.8596	-4.6194	-0.302467944521624
31.828	1.1086	-2.2523	-1.01989652413762
35.129	-7.3311	-0.43908	0.540740889870753
35.687	-2.4359	-5.3201	0.0187526578694598
26.988	-0.92323	0.91876	-1.11533098572532
31.846	-3.3065	-0.63738	-1.45607994108477
33.401	-1.0653	-5.7202	-1.24815851519019
36.04	-6.7814	-0.20054	0.109642071424274
34.114	-0.95412	-5.5611	-1.03118586852172
36.599	-6.6278	-0.62335	-0.211167098831327
37.135	-6.6056	-1.2216	0.329048342084699
38.176	-5.8106	-2.8118	0.663656925946695
37.58	-4.0989	-3.3811	1.17256217149104
35.637	-6.7245	-0.37612	-0.34679260968534
35.282	-0.54191	-4.5888	-0.624094447076
35.082	-1.3413	-5.5522	-0.72478802592309
35.866	-8.262	-4.0059	0.828309960259215
37.104	-7.4099	-0.84084	1.12218504716996
35.513	-9.1151	-3.2543	1.645
36.187	-7.133	-0.64214	0.0908387661268665
35.107	-0.70271	-4.7009	-0.698091050003563
37.184	-1.7013	-2.732	-1.06592259428346
37.267	-6.9481	-1.9059	0.79719455377025
32.963	-0.82231	0.13576	0.0122568137791473
35.467	-1.2018	-5.1814	-0.51003299295188
19.144	-11.629	-3.5846	1.645
35.444	-3.6749	-0.45329	-1.2456107395325
33.256	-0.209	-5.6186	-1.1360688618926
38.277	-5.7043	-2.5148	0.677194286660863
35.262	-6.5396	-0.11959	-0.647099586140138
36.147	-2.2079	-4.9607	-0.601628246644758
25.063	2.6942	0.50611	-1.03629393895422
35.954	-7.1833	-0.97152	0.731385345758528
31.359	1.133	-1.4757	-1.11078795832033
36.883	-3.2841	-4.7561	-0.804997265857954
37.07	-3.5895	-4.5398	-0.310782007543549
29.455	1.4441	-0.33154	-1.38290811350599
30.771	-10.607	-3.8479	0.439447910982934
35.249	-6.5454	-5.549	0.706100641659202
37.709	-3.0288	-3.4199	-0.701574378412155
36.433	-4.7672	-1.4114	-0.087551417161504
27.534	-0.34665	-6.4868	-1.08963171857602
36.086	-7.7136	-1.5338	0.707156035214295
38.056	-6.0844	-2.1369	0.689574052490723
34.733	-2.7372	-1.1845	-1.4502661918546
34.09	-1.9336	-5.9096	-1.30822399432501
30.214	-10.125	-4.3742	1.22436798004852
36.733	-2.908	-4.739	0.300575326723038
32.649	-1.5728	0.16861	-1.5968683638173
35.94	-8.616	-2.4003	0.863738904481573
38.211	-6.7695	-2.7243	0.795906595906523
34.473	-6.0424	-5.0366	0.837694748346191
36.627	-6.1571	-0.69163	-0.677219059743313
36.064	-7.1385	-1.2273	0.395011080835522
28.21	-11.078	-3.6007	1.104155678642
33.526	-9.8154	-3.646	1.645
37.809	-4.4404	-2.6843	-0.809542203061543
36.294	-2.8729	-4.9081	0.0537711172021667
36.932	-2.2441	-4.676	-1.20500702163182
34.882	-7.8087	-4.7386	1.2465170422144
36.476	-7.382	-1.0621	0.946653069616231
37.275	-3.0113	-4.2995	-0.976601609169608
37.16	-7.4515	-1.5202	0.644953207333008
29.493	-2.0896	-0.37662	-0.77884535572553
36.008	-4.144	0.37998	-1.31580746810966
33.871	-0.68123	-5.6772	-1.22592858171846
26.97	-0.27744	-6.7405	-1.30963717093489
34.878	-7.421	-4.5206	1.54352261914449
36.796	-7.0838	-1.2456	0.224271040697596
36.362	-7.0014	-1.1047	0.515341103903133
20.626	-11.99	-3.1838	1.34742483643247
37.31	-7.5264	-2.6178	0.483364703873552
30.671	-0.85242	-6.8893	-1.26034889144398
16.859	-12.177	-3.2421	1.645
36.905	-4.2578	-0.4808	-1.09794780310568
35.511	-1.8353	-5.3157	-1.1285838138663
21.085	3.772	0.79139	-0.935812860526258
37.367	-3.737	-1.2535	-1.15731038672413
36.651	-7.5829	-1.2475	0.556116157891997
35.014	-8.2377	-0.58041	0.953405199597122
36.616	-6.8313	-0.47681	0.277391602198819
36.201	-2.0957	-4.461	-0.957054933207984
36.759	-7.1446	-0.57465	0.576109140731617
35.043	-1.2339	-5.4064	-0.666068691611279
36.334	-6.388	-0.29077	-0.533959939107495
35.239	-3.0074	-0.11223	-1.27655081199393
33.832	-8.7472	-3.3011	1.50122116647997
29.377	1.7668	-0.97623	-0.891489240398425
36.531	-6.2769	-0.45093	-0.408219243344923
35.735	-6.5504	-5.0381	0.219266186073706
36.185	-8.2947	-3.287	0.582385323799268
30.382	1.5907	-0.49021	-1.28707366096585
36.292	-7.3381	-2.103	0.722703888374921
30.558	0.84485	-0.90212	-1.54707685693953
