37.718	-6.805	-2.3753	-0.212848862660797
33.459	-6.2113	-5.0877	-0.462982032904681
35.689	-6.7757	-2.8578	-0.58571349274822
22.655	-11.631	-3.7513	1.645
37.022	-7.8526	-1.9066	-0.889205960463058
37.974	-3.6555	-3.1281	-0.381045960220953
37.42	-3.8425	-1.2864	-0.646432285416477
38.043	-6.8756	-1.8666	1.33511818139314
37.579	-7.1001	-2.0947	-0.267380892617327
33.895	-8.0079	0.42918	-0.289301399267339
34.619	-5.6944	-5.4814	-0.242041518462653
29.709	-10.969	-3.9119	1.645
34.462	-9.6263	-2.7398	-0.601347952285945
35.179	-4.4275	-0.35156	-0.415549952456835
26.716	-11.636	-3.9302	-0.222415778121636
28.133	-11.456	-3.6026	-0.685725149817095
30.384	-1.1125	-6.3906	-0.323355597690204
33.037	0.75239	-2.4438	0.745302634274645
36.976	-6.7599	-1.9741	-0.295657024584475
37.105	-2.5879	-1.2599	-0.331280129938601
35.34	-2.5809	-4.242	-0.420277502458071
36.103	-2.9353	-0.50444	-0.52453922628352
37.131	-4.5617	-0.87893	-0.740164189061502
35.975	-7.482	-0.79263	-0.686964339529996
38.028	-3.372	-3.8422	-0.460943461923347
31.239	-10.563	-3.4322	-0.639581432219255
33.339	-3.0923	-1.8954	1.645
30.252	-10.709	-4.2735	-0.526373149361511
37.784	-3.0457	-3.1938	1.645
35.983	-8.1255	-2.4158	-0.443952518495359
34.65	-7.5723	-2.293	-0.276481624888977
29.485	-11.04	-4.0291	-0.13565193753133
30.542	1.6715	-0.25718	-0.573300749823806
37.299	-4.6356	-4.2258	-0.469285709424293
38.176	-3.9397	-2.3623	-0.636130918438614
35.405	-0.70375	-4.8046	-0.0229731575323722
34.236	-10.016	-2.8261	1.03873601919848
33.04	0.80558	-4.2231	-0.488565034804235
28.959	-10.732	-3.9835	-0.271388920473141
35.233	-8.8871	-3.1131	-0.559745724915311
35.35	-9.2134	-2.9742	0.89473558420158
38.313	-5.8634	-3.2643	-0.931019092008382
34.25	-0.42419	-5.4538	1.645
27.763	-0.19828	-6.7383	-0.634989946172317
34.46	-9.1908	-4.2253	1.20494474861214
38.3	-5.7317	-1.6831	-0.94443245207344
35.295	-7.3557	-2.6164	1.645
35.815	-7.8946	-0.37288	1.645
37.948	-3.335	-3.8358	-0.527886073336581
29.757	-0.67542	-6.5392	1.645
34.045	-9.3825	-2.7884	-0.701881060070124
37.168	-2.8936	-4.4433	0.538017636281471
37.3	-4.165	-1.6175	0.662456497540628
28.06	-11.31	-4.1272	-0.794870987990941
32.946	-10.118	-3.8613	-0.358253880141418
36.785	-1.4031	-3.5604	-0.274860997443103
36.986	-3.4192	-4.8641	1.645
37.049	-6.6954	-1.5441	-0.39145087445541
29.196	-10.899	-4.0629	-0.0918545519937886
34.864	-0.4048	-2.0771	1.3902611228322
33.378	-9.128	-3.986	-0.265580949093214
36.767	-7.3284	-1.2693	0.363936638603904
36.817	-3.992	-1.0023	-0.686583783593504
37.359	-2.1066	-3.8716	-0.367499183433223
28.845	-0.3391	-6.3215	1.47589749694081
33.366	-9.9976	-3.4617	-0.633343011597987
36.674	-2.2954	-4.338	-0.352454958409816
34.961	-9.0902	-2.5955	-0.089870126848292
36.853	-6.3522	-2.1496	-0.262031338608512
28.048	-11.488	-4.1721	1.645
37.211	-6.4572	-0.88182	-0.995713235210941
36.039	-7.5015	-0.37316	-0.658546816786746
35.669	-5.378	-5.4118	0.892497480726027
36.13	-2.8164	-5.1146	-0.40303218999652
34.483	-1.1037	-5.7561	-0.0651570126481024
20.57	-11.951	-3.571	-0.554881916466772
37.173	-2.6245	-3.9132	-0.354886754926025
37.704	-6.9036	-3.5007	0.96612668582057
37.872	-6.6212	-3.506	1.645
37.919	-4.1884	-3.3612	-0.446842574294218
35.031	-0.73919	-5.3013	1.645
36.408	-7.0685	-0.74929	0.0356417234353793
27.025	-1.1452	0.8769	0.110943218386599
37.101	-6.2474	-1.5272	-0.36091765307075
35.653	-7.9359	-0.91161	-0.738429688671661
33.492	-9.8817	-3.9009	-0.571096011424971
36.328	-7.1272	-0.93379	-0.0984569643286826
36.623	-2.2417	-4.4946	1.645
37.032	-6.1426	-0.88556	-0.67958891214299
37.469	-3.0494	-4.2007	0.399258989542892
36.834	-7.6649	-2.6837	-0.219613405978144
37.809	-4.4404	-2.6843	0.00535815542577423
29.648	-0.84476	0.71673	-0.255803733149317
28.667	1.635	-0.37636	-0.68020375744629
35.675	-7.1694	-0.86933	-0.404386241668051
36.426	-7.9875	-4.213	-0.355112965412677
36.358	-0.97953	-2.8211	-0.443254185147726
35.954	-7.1833	-0.97152	0.510412854251172
20.474	-12.495	-3.206	-0.376409147046208
35.754	-8.7903	-3.0805	-1.46087351788877
32.498	-1.6331	0.075498	1.645
38.32	-4.8525	-3.1108	-0.644663343272215
35.997	-3.0534	-4.6892	-0.405746848301553
33.966	-0.18969	-0.95979	1.645
37.352	-7.3788	-1.6396	-0.772872438936699
35.59	-2.7801	-5.4654	0.139500933701428
34.623	-7.9058	-0.21977	-0.644663566648275
26.936	-1.6129	1.3973	-0.362984777188343
36.636	-1.8449	-4.6217	0.570594443935812
37.799	-3.4383	-3.9197	-0.683824857551478
36.989	-2.1522	-4.4694	-0.846609746873089
25.215	3.2448	-0.1568	-0.361392626599538
34.361	-1.276	-5.9627	-0.825647154006874
33.597	-0.56617	-5.3621	1.59908374717215
37.336	-4.2892	-1.3951	0.443105421284181
37.104	-7.4099	-0.84084	-0.560674396041071
35.452	-7.5059	-1.1164	1.17278907412924
36.627	-2.2565	-4.6513	0.776637353651158
37.07	-3.5895	-4.5398	-0.536233036354574
35.711	-7.1492	-0.48083	-0.612996810986393
37.663	-3.1052	-2.6371	-0.693617351669799
37.219	-2.0424	-2.5208	-0.6346859555509
36.42	-7.2465	-0.79641	-0.450497010808885
37.836	-4.3579	-3.3202	1.645
38.228	-5.9979	-2.4075	-0.561331953561994
37.488	-4.8809	-1.9614	0.381061205276367
36.863	-4.6665	-0.57369	-0.1233315437025
36.956	-7.4289	-1.0991	-0.334410518203803
28.461	0.98628	0.17033	-0.802144153932459
35.638	-1.1759	-3.9446	-0.45755057844269
36.966	-5.8746	-2.2644	-0.760473013560469
35.653	-8.8056	-2.0148	0.104980404619312
37.97	-6.9158	-1.8538	0.242039258078456
37.957	-5.771	-1.0749	-0.493445004138002
22.571	-0.57713	1.5151	-0.673355700814852
33.298	0.35184	-3.695	0.0665688004342441
31.034	2.13	-1.503	-0.351022847116032
30.558	0.84485	-0.90212	1.645
24.502	-11.889	-4.0808	-0.602785368560624
36.519	-6.8297	-1.8835	-0.675175589452261
36.431	-1.4634	-3.8262	-0.486718034541302
34.719	-0.76652	-0.38087	-0.809837325492824
35.951	-1.7764	-5.2628	0.337653196643113
37.16	-7.4515	-1.5202	-0.298223790287872
36.044	-8.7182	-2.4083	-0.608893057363314
35	-8.9277	-3.0689	-0.381018847560799
34.45	-0.82641	-5.3395	-0.106096582266861
20.494	-12.103	-3.3423	-0.121731000089007
35.366	-1.8119	-5.5672	1.645
36.805	-6.8704	-0.46855	-0.682055852549279
37.18	-7.2877	-2.0295	-0.33457727619715
32.159	-10.433	-3.0039	-0.826579063042271
32.896	-9.6574	-3.1526	-0.253968315875985
29.473	-0.48085	-6.5681	0.852633990315938
33.728	-7.5046	-4.2941	1.645
36.998	-6.6701	-0.68066	-0.1674629621535
32.942	-10.187	-3.8424	1.07141277277749
33.301	-0.8584	-6.2191	1.645
36.187	-1.3059	-1.2429	1.59451011206757
37.367	-3.737	-1.2535	-0.354340725294
33.537	-8.6364	-4.1537	-0.427744783528543
27.857	-1.7479	0.28644	-0.406850304616851
35.913	-2.1991	-5.1813	-0.073114935395488
24.148	-11.976	-3.5319	1.32429360788549
35.563	-0.78294	-4.4159	-0.403448734532826
36.624	-2.5872	-4.7152	1.34105469682247
33.524	-0.99915	-6.1235	-0.601903280325365
29.139	-10.899	-4.2139	-0.753130752268127
36.54	-2.6445	-3.9797	-0.489803143279581
29.53	-11.489	-3.1516	0.48481435786049
37.295	-4.7406	-4.9434	-0.578995554951963
36.618	-7.6655	-0.98104	-0.0624894135889979
35.716	-8.4489	-2.1184	-0.530444472917732
38.182	-4.7359	-4.0348	1.645
37.252	-3.2123	-4.5515	-0.431314028320614
19.144	-11.629	-3.5846	-0.616784913456205
32.197	1.205	-4.1368	1.645
34.929	-9.3154	-3.3453	0.267211514353972
37.236	-5.8353	-2.0778	-0.73802726632908
35.637	-6.7245	-0.37612	0.334978547987399
26.612	-11.577	-3.6266	-0.797701926830713
35.609	-7.1077	-0.68315	-0.581606755023179
36.584	-6.9242	-0.77023	-0.592584747342775
24.144	-11.871	-4.1725	-0.452432296308464
36.707	-6.8401	-1.3848	-0.546990301081209
29.047	-11.285	-3.5116	-0.453005832346621
32.373	0.99622	-2.1654	-0.0656282023398733
38.082	-5.3314	-2.1137	0.629904325969972
36.16	-6.4134	-0.87063	-0.563420897890634
36.528	-6.7207	-0.3798	0.727702584030614
34.944	-1.8333	-5.6746	1.645
21.515	-0.27706	1.74	-0.427615144666477
28.289	2.0839	-1.1024	0.00936055132131166
30.821	-10.653	-3.8519	-1.57838295527396
37.645	-3.0373	-2.7639	-0.485714867879337
34.271	-9.6149	-3.6763	-0.421252969436006
35.169	-9.4052	-2.0994	0.649243958331113
37.434	-4.6484	-2.4277	-0.394128718005595
37.29	-3.1505	-4.2486	-0.20567841828636
35.475	-6.9959	-0.76676	-0.290941258513472
34.92	-2.181	-0.95545	1.645
34.051	-7.057	-4.9855	-0.396999736208953
33.778	0.11392	-0.5513	-0.768640070032724
36.885	-8.2585	-1.4113	-0.613166140288032
36.27	-3.1772	-4.7845	-0.320183729301003
23.422	-0.66444	0.89025	-0.456933434545931
33.204	0.41913	-3.6203	-0.184387638383652
36.865	-7.6925	-1.6333	0.560105337616252
30.821	-10.162	-3.2975	-0.463793629006101
37.018	-2.1404	-3.4635	-0.636995730334623
35.239	-3.0074	-0.11223	-0.774429461184281
36.152	-7.3342	-0.95071	-0.400172223326904
33.033	0.14127	-0.89016	1.645
37.244	-6.5933	-1.2809	-0.588606106514693
36.243	-3.5794	-0.21717	1.1922625106652
28.632	2.1882	-0.58482	-0.976029668942569
33.057	0.84632	-2.7147	1.645
37.172	-5.7699	-2.3884	-0.472775293555364
34.624	-9.1756	-3.8766	-0.808588164014929
34.658	-0.62976	-5.3143	-0.453006918349943
33.674	-1.1195	0.1615	-0.0959792002349149
26.621	-0.41676	-6.7491	-0.27785783065323
35.159	-8.7272	-4.1003	0.622957493887623
38.277	-5.7043	-2.5148	-0.280380571863653
36.961	-6.9266	-1.1732	-0.693691628831763
31.683	-1.2044	1.0754	-0.576407162248491
35.933	-6.8829	-0.44488	-0.592193883099576
36.911	-4.0324	-0.88935	0.60693959801187
36.651	-7.5829	-1.2475	-0.616416802506999
34.954	-8.59	-1.2637	0.0507261760442192
37.436	-2.0099	-3.387	1.645
20.626	-11.99	-3.1838	0.348333151713265
35.282	-0.54191	-4.5888	1.645
37.108	-2.6266	-1.3105	0.125372484085611
35.636	-9.2272	-3.3149	0.108630067757311
36.149	-3.6882	-0.088772	1.44911994658391
36.206	-7.2978	-1.6692	-0.40432764403192
36.642	-7.6993	-2.0698	-0.349106612015449
35.863	-2.4069	-2.5622	1.645
35.487	-7.1229	-0.32773	-0.586838964336811
36.296	-3.9297	-1.4904	-0.334792658650975
37.993	-6.6047	-0.58157	1.645
25.277	-1.3055	1.488	0.141126130897486
38.018	-6.5426	-1.8973	-0.338147273974614
25.316	0.0397	0.96357	-0.512868800498139
37.135	-6.6056	-1.2216	1.36185815056933
37.467	-3.1874	-2.2578	1.14309784714925
37.684	-3.9188	-3.9944	-0.511601315579977
37.742	-3.366	-3.0438	-0.323225472867057
37.648	-2.9954	-2.6871	-0.239316444447773
34.039	-8.7942	-4.1058	0.628490026719186
37.259	-3.0075	-4.4835	1.645
36.561	-8.08	-2.507	-0.447958015206196
33.998	-7.9864	-0.16569	-0.297267976272232
29.377	1.7668	-0.97623	1.09462297507181
34.803	-7.3818	-0.18694	0.111269138479173
23.685	-0.6064	0.95115	0.28949958845407
35.818	-1.2328	-4.9674	0.694408179496037
36.415	-1.8489	-3.4901	-0.030708140915201
37.672	-6.7785	-0.78609	-0.417659230044683
33.189	-2.0783	0.76822	-0.390720393613535
35.963	-2.9456	-4.6888	-0.186096926756324
34.875	-7.5634	-0.67985	-0.154770022108794
30.43	-10.246	-3.9492	-0.344638408686761
35.897	-8.9728	-2.3728	0.0478985477387375
35.376	-7.6203	-0.86273	-0.506350592890803
36.294	-2.8729	-4.9081	-0.618316949641305
35.848	-8.0086	-0.74692	-0.569254262420999
31.819	0.77723	-1.5751	-0.705707677658308
25.658	-11.743	-4.0632	-0.00590048547685036
35.884	-6.3224	-0.51641	-0.356932626804838
37.729	-4.9993	-4.3855	-0.755751380037218
37.819	-3.8939	-4.081	-0.635294247386321
36.427	-6.7942	-0.72939	0.603745956138429
36.221	-2.9564	-0.61513	-0.451313440651482
25.941	-0.49807	1.7601	-0.375766605886436
34.091	-7.9047	-4.067	-0.705938291384503
35.159	-5.0452	-1.1061	-0.672390507221538
33.099	0.48603	-1.4884	-0.836602900238794
36.523	-6.9224	-0.55317	1.31337693725262
36.786	-8.3038	-2.0017	-0.62628398593115
35.623	-7.3392	-1.1323	-0.653096739189829
34.583	-9.2741	-3.2361	-0.46476644834528
29.606	1.5715	-0.54431	-0.858849186224438
36.636	-8.1869	-3.6598	-0.260105681676146
22.106	0.18732	1.8667	-0.356770828314438
33.424	-10.297	-2.9498	-0.467854607783531
31.809	-9.8667	-4.0254	-0.673625748077792
21.996	-12.117	-3.2949	-0.44760531211394
36.904	-6.9214	-1.6942	-0.715303922921241
35.948	-1.8128	-5.129	-0.813380299020875
35.2	-1.6433	-5.5416	-0.411007580478154
36.733	-2.908	-4.739	0.181965739746713
36.973	-4.4217	-0.99545	0.20268402455432
35.989	-1.6761	-5.1643	-0.425187704008011
36.099	-7.3386	-0.73775	-0.647551118846978
30.682	1.0168	-1.2092	-0.441877154905205
36.796	-7.0838	-1.2456	0.750639983088093
36.144	-2.2189	-1.1147	-0.011990733113797
36.944	-6.5048	0.15745	0.496395493514882
35.417	-9.3933	-3.2228	-0.885303113938184
30.47	-9.6622	-4.3325	-0.43179612651688
37.267	-2.9412	-1.1413	-0.231147281899918
36.808	-7.1617	-1.0805	-0.376544672542507
36.16	-3.0067	-5.1595	-0.543422355735985
28.246	-11.364	-3.9274	-0.726496099975641
36.947	-6.3535	-1.4057	-0.78006922241039
27.955	2.3396	-0.87238	-0.205954234360493
38.137	-5.8416	-1.5113	-0.424118124497577
35.577	-1.6453	-5.4049	-0.172518785070945
35.502	-5.9782	-1.6541	-0.252055129246381
29.947	-10.855	-3.69	-0.586186167749726
37.298	-6.2867	-4.72	0.211294351536306
36.084	-6.9266	-1.1155	-0.170211363501052
34.571	-8.8569	-2.5749	-0.0625603000138015
36.96	-6.9343	-1.0159	0.208575441388802
35.212	-2.5121	-5.7232	-0.750734647339305
37.208	-4.7836	-0.79393	-0.512596692543238
37.07	-2.1273	-3.4271	0.171053178603537
38.418	-4.7373	-1.7362	1.645
31.505	-10.677	-3.5357	0.0554991001217184
36.194	-6.8002	-1.6144	0.841667026897295
35.006	-5.2704	-0.66318	1.645
35.262	-6.5396	-0.11959	-0.533695757496329
36.915	-7.9132	-1.4713	-0.863632801771321
34.201	-6.8832	-5.1613	-0.641746775807311
37.161	-2.9571	-4.3767	-0.51636650273808
36.627	-4.0545	-5.0559	-0.543775434968444
37.859	-5.8203	-2.0456	0.0740665793271772
35.913	-7.6121	-0.87189	-0.420613518403997
34.494	-0.21675	-1.9609	-0.553589207367917
36.362	-7.0014	-1.1047	0.727922636884268
37.4	-5.3887	-1.203	-0.517620658038469
36.508	-6.9874	-0.76697	-0.200438141410112
36.848	-6.5595	-2.1398	-0.225093089230493
37.741	-3.5231	-1.6764	-0.682176621094282
32.801	-10.494	-2.9191	-0.548987522061973
37.241	-6.6798	-1.5083	0.315584207898762
26.628	-11.465	-3.5706	-1.16721605732507
32.161	0.91575	-1.7862	-0.819950519387047
35.527	-1.6899	-5.4983	-0.971992066094878
37.27	-6.4269	-1.0324	1.645
37.126	-1.7498	-4.0023	-0.696524563909632
36.292	-7.3381	-2.103	-0.26656360770244
35.196	-7.2738	-0.20346	-0.312550315943529
24.948	-1.1145	1.1193	-0.725124392777619
37.925	-7.2268	-2.1791	-0.507111276416314
37.804	-3.758	-2.5106	1.645
35.769	-1.0613	-4.7791	-0.52874330627123
37.485	-7.2194	-1.5734	1.645
37.14	-4.964	-4.1295	-0.287299708015303
35.285	-8.2893	-0.64382	-0.18261499176667
33.226	-8.1007	-3.0252	-0.177623779451013
36.35	-1.06	-3.5694	1.36421166184006
37.241	-3.7254	-1.2785	-0.629385332424827
36.965	-3.0487	-1.9398	1.645
36.307	-6.6518	-5.0565	1.645
30.361	0.79431	-0.83387	-0.547057491256083
35.542	-6.5946	-1.1652	-0.391205232771186
35.143	-3.4181	-0.3143	-0.241003097507712
36.233	-7.5856	-0.90686	-0.421396420952153
31.428	1.6486	-2.2588	0.0708646889563815
36.307	-7.1819	-0.72469	-0.435359772747767
37.937	-4.7004	-4.0766	-0.775099097754282
36.474	-2.0151	-4.8982	-0.891006055367006
38.39	-4.8164	-3.1837	0.437762377906334
37.16	-6.6232	-0.7396	-0.421267095921372
36.663	-3.1631	-0.3802	-0.735459052454955
38.328	-5.5245	-1.6957	-0.654450893841363
28.91	-10.416	-4.3339	-0.535798158811344
37.275	-3.0113	-4.2995	-0.442224584274247
20.185	-12.42	-3.592	-0.450022702129747
33.209	-1.3065	0.58739	-0.589414321733233
35.929	-8.1243	-1.4357	-0.558364730963341
36.415	-2.8229	-5.3315	1.645
30.092	-11.065	-3.1338	-0.747943445343945
34.324	-1.491	-0.028499	-0.587983457288102
37.023	-7.7618	-3.0738	-0.386657654429959
35.12	-1.2742	-2.8903	-0.490955649758249
36.601	-7.2495	-1.0362	-0.38857084096237
32.987	0.16537	-5.4076	-0.406546208320614
36.522	-7.3306	-1.1206	-0.593031568113778
35.146	-6.8688	-1.1453	-0.43909092755101
35.94	-8.616	-2.4003	-0.942894182684663
34.659	-1.9863	-5.9829	-0.460797523979169
37.657	-5.2865	-0.77623	-0.833624450392027
29.628	1.4832	-0.091737	0.345553323053923
18.476	-11.922	-3.6567	-0.476515576658264
38.171	-4.4907	-2.327	-1.09405388354305
26.259	-0.18253	-7.0548	-0.120883676449039
37.899	-7.3266	-2.9614	-0.719493974084304
29.989	-1.4419	-6.6104	0.706009211179198
35.596	-0.68966	-4.4515	-0.455633464609272
37.405	-2.8884	-4.2719	-0.931222852280061
31.782	-10.612	-2.5976	-0.417720503253517
38.176	-5.8106	-2.8118	-0.97081394249686
37.702	-3.2554	-2.2478	-0.353426408833667
37.406	-4.8724	-2.8986	1.645
37.501	-3.63	-3.2459	-0.191926606949906
35.927	-2.6184	-5.194	1.645
37.745	-6.0125	-2.6235	-0.259290907206134
38.19	-5.2303	-3.4668	0.284049441486938
36.379	-3.7123	-1.4074	-0.56361178336736
36.978	-1.6567	-1.9199	-0.437807000509601
37.166	-4.2299	-4.5378	-0.526296469302196
29.473	-2.0004	1.2233	-0.061577714133885
27.877	-10.224	-4.2064	-0.760185470385212
36.327	-3.639	-5.216	-0.377550552357347
33.074	-10.314	-3.0415	-0.751290172820263
24.603	3.0977	0.72789	-0.452988579114259
36.758	-6.2914	-0.49534	-0.554855429833355
36.918	-7.5758	-1.5006	-0.920209199959211
32.89	0.72047	-2.1587	-0.262860459455269
36.419	-6.6899	-0.5559	-0.313209366082682
34.205	-9.6351	-2.6179	-0.00179743925358705
36.807	-6.8513	-1.4331	-0.806300720209666
37.404	-5.4861	-1.3972	-0.589394847145777
35.622	-3.6657	-1.0615	-0.509884143556347
38.371	-4.863	-2.051	-0.917253877809222
37.58	-5.6603	-2.0723	-0.596770760501658
29.477	-10.678	-4.2809	-0.622996249214005
38.043	-4.5569	-3.3936	-0.142292650424672
37.522	-6.8014	-1.605	-0.405987937324497
31.206	-10.908	-3.2517	-0.563959717406672
29.441	-2.4441	0.42788	-0.522866731049787
36.997	-2.8596	-4.6194	-1.36384807211745
36.819	-2.209	-4.6629	-0.631041428378478
35.665	-1.1446	-3.4708	1.645
37.393	-3.4946	-4.3244	-0.544759399512489
37.14	-3.0531	-2.5682	1.645
36.593	-5.8661	-0.6886	-0.462040781656681
37.163	-4.0055	-1.8496	-0.882904770360014
36.903	-6.0825	-1.1782	-0.402184183662737
36.839	-2.8458	-4.6107	-0.664483624319113
36.735	-2.0513	-4.5974	-0.863067639369874
31.882	0.099737	0.85538	-0.20448509502421
24.282	-11.844	-3.4144	-0.488399683720039
23.219	-11.625	-3.7246	-0.803411414156188
38.1	-3.8544	-2.0497	0.663304722028279
35.936	-1.5523	-5.1143	-0.182849007925165
36.757	-4.3829	-1.9128	0.850745649879416
35.375	-5.2242	-0.81239	-0.140139511226596
36.476	-7.382	-1.0621	-0.749594553193058
28.23	-0.50422	-6.5389	-0.676322149669184
37.305	-7.1596	-1.4898	-0.775177879615311
35.261	-1.5128	-5.0484	-0.501018893256869
29.893	-1.3723	-6.5831	1.64027952230359
37.505	-3.3844	-3.665	1.3445145366034
35.773	-3.3263	-5.1052	-0.381542088287309
29.185	-1.0694	-6.7569	1.645
34.357	-6.5455	-4.6842	-0.699808156488895
34.689	-0.28268	-3.6521	-0.536925405757214
28.21	-11.078	-3.6007	-0.606159540537975
33.279	-10.124	-3.4263	-0.369504985611003
37.505	-6.6685	-2.6847	-0.775690108741751
37.001	-2.4226	-2.9225	0.165068449412732
34.415	-6.8325	0.075148	-0.37044239951787
37.498	-3.5547	-4.4466	-0.48939897749504
37.55	-2.3992	-4.0514	-0.0489248952070422
34.719	-9.8405	-3.3063	1.645
37.136	-6.9179	-0.88602	-0.407823914331943
37.164	-3.1932	-4.4762	1.645
29.457	-8.1844	-4.6495	-0.0525206174047514
37.59	-3.4846	-3.6459	0.729812464513298
28.562	-11.373	-3.9338	1.46703961853171
37.393	-5.8686	-0.98026	-0.526897245769277
36.409	-6.4671	-0.54685	-0.393080575874084
34.882	-7.8087	-4.7386	-0.574523878373422
36.626	-6.7312	-0.7282	-0.958930879170416
37.813	-3.2192	-2.0258	0.471219085620629
18.681	-11.853	-3.5342	-0.388875550769784
36.834	-6.7319	-1.2722	-0.476136607663693
37.056	-2.086	-4.1943	-0.629441193033519
36.745	-7.1831	-2.3689	1.04810211985634
33.715	-9.6432	-2.123	-0.373252248825033
24.924	3.2424	0.63254	-0.500153239700285
22.98	3.3486	0.063496	-0.204430899158519
37.132	-6.4566	-0.84542	-0.436901817682443
33.424	-10.084	-3.4669	-0.703337511690397
35.071	-9.1648	-1.7033	0.220135647134179
27.546	2.3168	-0.11179	1.645
37.883	-3.842	-3.38	-0.725718663490605
36.103	-2.9022	-4.7952	-0.265043487049939
36.454	-6.533	0.32032	-0.3416267966997
35.456	-3.3218	0.088323	-0.460828247337445
33.383	-10.034	-3.4276	-0.812374783458336
32.294	1.3388	-1.5872	1.645
36.21	-7.1793	-0.91817	-0.44020139718199
36.115	-6.9508	-0.31193	-0.284318294106539
36.681	-7.6883	-1.3233	1.645
36.304	-3.0943	-4.7781	-0.520265720814099
32.441	-8.4786	-4.6004	1.63477181013347
36.517	-7.0275	-0.29672	-0.611108010815603
37.279	-7.3662	-1.4602	-0.825520377534038
36.436	-7.5013	-0.96146	0.856239482804326
36.059	-6.6724	0.099282	1.645
38.201	-3.9247	-2.182	-0.395029681600912
37.199	-1.6237	-2.4917	-0.680098417314908
30.474	-10.434	-3.6727	-0.280965964832926
37.061	-6.5184	-1.2337	-0.660537651393132
37.377	-6.8635	-1.8859	-0.714298982971009
34.688	-1.4445	-4.5017	1.63622452210457
36.828	-7.5118	-1.7764	-0.522130202637887
30.72	1.4517	-0.34053	-0.261728269887796
37.785	-3.759	-1.4766	1.10796298787708
36.291	-3.2826	-5.4975	0.791025552319247
36.083	-8.5847	-3.8822	-0.809218612166405
37.103	-6.8195	-0.88503	-0.571501328251756
35.53	-1.198	-4.9193	0.505384828134324
36.038	-0.75241	-2.4819	-0.808600339457388
35.119	-8.7121	-3.9509	-0.715470180366594
38.36	-5.3256	-2.9136	0.943312285043439
37.148	-5.3387	-0.68234	-0.58476935475615
35.222	-7.552	-0.12993	-0.0896670399628622
25.224	-11.867	-3.7074	-0.480994937120288
35.131	-7.9391	-1.5386	-0.470987189318745
37.439	-7.1052	-1.3532	0.719558824814587
37.496	-3.2443	-4.1554	0.646894829823343
36.371	-1.3748	-4.149	-0.60666817391042
28.019	-0.25125	-6.6692	1.10085181409491
32.883	-8.6579	-4.8132	-0.835908243908949
35.22	-1.6653	-1.0212	-0.558856669920595
34.398	-1.8175	-6.1834	-0.643922682130183
32.465	0.75286	-1.4389	-1.04957116324984
35.676	-1.5634	-5.343	-0.828372056985983
34.343	-1.6947	-5.9695	0.877383201208293
37.508	-7.0244	-1.8393	-0.743921908749684
31.038	-10.399	-3.8462	-0.294002273986335
35.22	-2.8647	-5.4605	-0.440282741260244
36.491	-1.3732	-4.2775	1.47700011072845
36.879	-7.3031	-1.1171	0.0735285022696865
36.514	-8.5327	-2.2652	-0.406478023102934
37.609	-6.1563	-1.2378	-0.50556751974774
36.473	-1.6404	-4.767	-0.409276350288106
38.435	-6.2835	-2.839	-0.922476985658351
36.896	-1.6696	-2.1151	-0.418421203299871
28.657	-0.49517	-6.6234	-0.601010784167976
30.193	1.1488	-0.66419	-0.508121547314115
37.693	-6.9362	-2.1968	1.645
35.556	-2.9167	-0.96308	-0.627871028694282
29.373	-1.8565	0.38733	-0.804172760270264
35.112	-8.381	-1.5627	-0.212989926250156
33.103	-10.306	-3.7632	-0.558835711980043
38.26	-5.4613	-2.6107	-0.819428247874392
34.933	-9.2861	-1.8374	-0.169936923828833
38.366	-5.4234	-2.4492	-0.737017576204434
36.367	-7.0131	-1.7098	-0.44348670779633
37.418	-2.9354	-2.5082	-0.666249567885714
36.955	-6.6936	-0.62468	-0.464440636389296
36.324	-7.7981	-3.4379	-0.757095756087074
36.451	-2.0925	-4.9467	-0.232665561678641
36.22	-7.0306	-1.8249	-0.408929205889437
36.752	-3.5477	-2.6273	-0.442928444642872
36.19	-1.7172	-3.5639	-0.099061556003377
36.359	-7.4549	-1.0004	-0.51670638153107
36.387	-2.0945	-4.6511	-0.817579462072802
38.541	-5.8464	-3.3132	-0.442982225811595
35.082	-1.3413	-5.5522	-0.560892698557275
37.638	-2.9456	-1.7393	-0.723810269255542
37.26	-1.8777	-3.7953	-0.415675148278248
36.064	-7.1385	-1.2273	-0.490540704887786
36.66	-6.6386	-0.37036	-0.869618520133276
34.702	-1.6396	-3.8829	0.0518520404952868
36.488	-7.3251	-2.3262	-0.662567132631263
34.549	-0.84299	-5.6394	-0.526109760273758
35.835	-5.3318	-5.5868	-0.688793199397693
37.605	-6.5111	-0.87244	0.624691254777969
36.113	-7.5229	-1.1566	-0.519972733495527
33.756	0.78472	-3.7174	-0.309501661494653
36.383	-6.8969	0.11651	-0.115574803283263
34.187	-1.4715	-5.6999	-0.293367093248495
31.983	-8.192	0.43924	-0.364671561918927
34.351	-9.3416	-4.3517	-0.631753712303592
36.385	-6.6891	-0.91737	0.291096218290089
37.587	-7.0356	-2.9008	-0.616142888898785
31.672	-6.1599	-5.747	-0.21912492436077
32.506	-10.224	-2.3987	-0.263984405744115
33.859	-9.2605	-2.5721	1.645
35.958	-2.3821	-5.0615	-0.438669589891795
28.11	-1.8263	0.47221	-0.659309372284771
36.415	-3.3798	-0.64911	-0.741394301961686
37.301	-2.9975	-4.1287	-0.703571841793064
36.51	-8.369	-3.6788	-0.976338247008234
34.568	-8.0682	-4.3868	-0.598511500704928
35.802	-9.2502	-3.1529	-0.499616994694554
37.246	-2.3567	-4.2847	0.440823074851498
36.775	-7.7189	-0.67347	-0.58288299365773
37.271	-6.6982	-1.6293	0.128596913652283
36.04	-6.7814	-0.20054	-0.478305620065788
32.829	-2.2829	-5.3286	-0.212371216587056
37.368	-6.4768	-2.9922	1.645
32.739	0.91199	-2.6954	0.835007738147484
36.625	-3.1859	-5.035	-0.66014015402674
36.765	-2.6537	-0.90358	-0.594128963211162
37.75	-6.5893	-1.4592	-0.386761937495634
37.215	-2.1692	-3.2804	1.15940311451041
26.933	2.2884	0.38868	0.577483241416799
33.85	-8.5339	-4.1833	-0.706799693590705
36.981	-6.59	-0.49138	-0.953111221056056
36.599	-6.6278	-0.62335	-0.665011485236212
32.761	-10.279	-3.5803	-0.734985374517598
26.877	2.3493	0.26303	-0.401617677707935
31.827	0.24387	-1.1057	-0.321088200637658
36.993	-4.0546	-1.8566	-0.783427649228978
33.145	0.72644	-3.0346	-0.49271849313063
36.223	-7.7271	-1.0545	-0.291959807946944
25.356	-12.145	-2.9767	1.645
35.172	-5.0249	-0.59907	0.0232152530682682
37.578	-3.8494	-4.4812	-0.570178709713008
34.237	-8.2289	-3.8283	-0.395332038836547
37.736	-7.0645	-2.0451	-0.485740099772108
38.169	-4.0381	-2.3338	-0.34030858744071
30.623	-10.628	-2.3359	1.645
37.065	-7.2034	-1.1197	-0.350211246869268
34.486	-9.5717	-3.7802	1.11712592914436
35.052	-2.3438	-0.25459	0.538410684517584
28.639	-1.7463	0.11451	-0.0545775215592682
37.161	-6.9458	-4.105	-0.969872669807802
29.493	-2.0896	-0.37662	-0.452671385164789
37.201	-7.6178	-1.6684	0.635170679720609
37.283	-5.6156	0.019012	-0.236661605255044
33.448	-0.77411	0.15523	1.645
31.076	-10.596	-3.1788	-1.00263417927235
29.352	-10.501	-3.6657	1.48863744203668
27.931	-0.28496	-6.5634	-0.549677779425411
35.812	-5.4805	-0.52955	0.16001578003895
36.844	-2.8627	-4.1771	-0.467918634415791
34.572	-9.5317	-2.8881	-0.0855861072129117
32.07	1.4293	-2.3833	-0.456993907947888
37.122	-3.4666	-4.8168	1.645
34.084	-5.1555	-0.37926	-0.364192693259078
36.034	-7.7111	-0.66814	0.0254085006536273
37.28	-2.8613	-4.4514	1.1935251782493
29.713	-1.3836	0.57155	-0.197002064078839
27.805	2.13	0.2655	-0.710265303278415
26.795	-1.38	0.76789	-0.265530740120324
35.372	-7.55	0.094466	-0.529896321777129
37.379	-3.6702	-0.92475	-0.610128800761109
37.088	-2.7651	-4.3048	-0.394146127750941
37.38	-3.0814	-1.6637	-0.327298134227237
37.711	-5.9719	-3.357	-0.249929009465911
35.022	-2.2931	-0.30106	1.645
36.358	-1.9963	-3.3979	-0.504723215275991
18.772	-12.196	-3.1299	-0.249933399746191
27.416	-11.642	-3.608	0.354951223659018
36.085	-8.2433	-1.0166	-0.645859695966617
36.807	-2.7145	-1.7884	1.19428259333009
27.045	2.3681	0.63953	-0.425165795440418
36.616	-6.8313	-0.47681	-0.684742108020502
33.291	0.40457	-1.8331	0.98185885618859
37.012	-7.3768	-2.6185	-0.360450893090946
36.204	-0.51726	-2.602	-0.31241277262724
20.617	-0.3175	1.6639	1.645
35.681	-8.7417	-2.8366	0.175645711381299
33.552	-9.7298	-1.7604	-0.338118624290183
31.307	-10.824	-3.7747	1.400995911946
36.102	-3.0749	-5.1304	0.184436810733858
34.134	-10.156	-2.7773	-0.326597756785201
26.865	-11.889	-3.6093	-0.57459690267634
37.331	-2.3602	-3.1346	-0.495303414191818
37.33	-2.1802	-2.9054	-0.456854079412057
35.342	-0.84757	-4.9727	1.43956133090244
35.171	-6.1369	-1.2886	-0.641515632759876
36.175	-7.537	-1.5303	-0.753802448032732
28.049	-10.987	-4.007	0.00324898075105865
33.974	-0.2086	-5.4289	-0.668728300329188
36.361	-7.4636	-0.51885	-0.381457443566215
35.68	-4.0853	-5.459	-0.589813695993455
37.68	-3.1829	-3.9933	0.021960684046549
36.223	-7.4272	-1.0084	-0.659892996919275
35.727	-1.6297	-5.1851	-0.134848839946597
37.554	-2.4907	-3.7862	-0.138691263665541
35.481	-2.2084	-0.77026	-0.242292806580528
35.444	-3.6749	-0.45329	-0.556866805145763
26.252	2.4373	0.2568	-0.773376295977163
34.09	-1.9336	-5.9096	1.645
29.318	-10.906	-4.083	-0.570334093478419
37.31	-7.5264	-2.6178	-0.847375657900831
37.029	-4.7412	-3.0954	-0.389867016092379
35.608	-8.7425	-3.6319	0.885098682920753
36.388	-6.8777	-0.40505	-0.00835185551519502
34.925	-1.4506	-5.7603	-0.22989997736186
36.426	-6.7145	-0.56541	-0.890929189226604
32.105	-1.7627	-0.10838	1.645
38.175	-6.4615	-2.3743	1.62547126808861
37.573	-3.3045	-2.1576	-0.792747951598859
32.677	-8.7274	-4.1685	-0.603346275740478
28.036	-0.32208	-6.6729	-0.275449971762437
37.231	-3.9099	-4.7721	0.246421474167112
33.48	-0.64767	-5.7709	0.881261344032855
28.914	1.9943	-0.15523	-0.866343557129771
36.399	-7.0935	-1.8265	-0.12431216213927
26.188	-1.2389	0.73822	-0.193507674426322
38.014	-3.428	-3.3169	-0.784939052256271
37.717	-5.9636	-3.8253	-0.138391795335621
33.778	-8.1256	-0.58235	0.131082910201685
33.203	-10.02	-3.7952	-0.229692768106584
36.719	-7.5573	-3.667	-0.411054458661082
34.186	-2.9176	0.81454	-0.640650514505017
27.802	-0.52154	-6.6001	-0.378225605454122
34.285	-0.88002	-5.7289	1.645
37.262	-7.6743	-2.5575	0.268449247448035
24.255	-1.0753	1.209	1.645
37.316	-6.1483	-0.43037	-1.0229730994382
35.011	-9.3326	-3.6961	1.645
36.52	-7.3394	-3.0192	0.374360692353797
36.133	-7.4211	-1.9201	-0.600882371349094
34.347	-0.98887	-5.2431	-0.3672440717827
36.277	-7.249	-0.71106	1.645
32.612	-9.982	-3.3678	-0.146748071266061
29.133	0.029435	-6.8166	0.172444940916822
37.137	-3.3898	-4.8805	-0.621700008073638
36.682	-6.2436	-0.22291	0.863659312683141
38.576	-4.8825	-2.3728	0.669099211084113
36.125	-7.0592	-0.43751	-0.559546612674188
18.117	-12.427	-2.7497	-0.672471093116269
32.785	0.6827	-1.7577	-0.599685244627235
36.647	-7.5774	-0.80506	-0.2409712150648
37.065	-2.8718	-1.9238	-0.646247666877847
26.47	-1.2093	0.66759	-0.512709070098649
30.671	-0.85242	-6.8893	-0.409461308017055
35.866	-8.262	-4.0059	-0.125581345829057
26.98	-11.301	-3.1408	-0.659813388781973
36.783	-8.0664	-2.712	-0.594344311963964
30.542	-6.0829	-5.3952	-0.553250056777411
35.221	-8.5458	-1.1697	0.0158347990602902
29.6	-10.915	-3.8914	-0.596107746280158
35.607	-1.8209	-5.5017	0.9959669623744
24.271	-12.112	-3.4109	0.0604113479509025
35.467	-1.2018	-5.1814	-0.69410404305814
35.913	-3.5353	-0.26692	-0.0342893422358859
36.981	-7.338	-4.1057	0.697447081129992
37.772	-3.5059	-3.3861	-0.766919617295632
35.425	-1.3523	-5.359	1.645
36.564	-7.3469	-0.8169	-0.379372861306733
37.157	-2.2965	-4.1908	-0.106959141491403
35.762	-2.4738	-4.9674	1.645
35.257	-2.0901	-4.006	-0.64184496862519
31.151	-10.386	-3.707	1.12210414504892
35.136	-0.6424	-1.0237	-0.514546732391679
37.034	-3.681	-5.0419	-0.362184885640002
37.421	-4.2265	-4.3602	-0.608691846596881
31.848	-10.514	-3.7276	0.341180023347499
36.534	-2.8847	-3.859	-0.341871767340838
34.808	-9.1052	-3.57	0.31177097548749
34.952	-1.4921	-5.7799	-0.317362698508175
37.224	-5.958	-1.089	-0.253047967559155
36.73	-2.8421	-4.3338	-0.492817374642212
35.949	-7.0988	0.036498	-0.389228257960978
35.769	-1.1302	-4.9338	-0.561187704829934
29.977	-11.456	-3.3584	-0.635963714434052
35.773	-7.8802	-0.81617	-0.46657075581366
37.196	-2.9731	-1.8959	-0.272547962052084
36.254	-2.536	-4.605	-0.357063208279791
35.228	-2.001	-3.9949	-0.278869357428951
37.58	-4.0989	-3.3811	0.419197558495453
36.001	-6.2461	-0.9769	-0.412331037325137
37.149	-6.3657	-1.3475	-0.0237261803691826
36.441	-7.3309	-1.0821	-1.04307555290824
29.561	-2.1923	-0.92529	-0.580249826044614
34.061	-9.7107	-2.6267	-0.486597225007125
36.729	-7.5145	-3.1312	0.525363475458487
36.105	-7.3621	-0.27467	-0.243864766996854
31.865	0.77388	-1.3397	-0.724634438534481
37.692	-3.8642	-3.9815	-0.38213648733152
36.191	-1.9754	-1.1911	-0.00258256716935859
34.744	-7.6455	-4.2175	0.731085702774503
36.875	-2.9204	-4.2667	-0.67367891790216
37.902	-5.9908	-2.0936	-0.259499386578611
33.57	-8.7984	-2.8098	1.5151934860043
36.438	-5.6209	-1.0791	-0.270631391575774
37.36	-1.9229	-3.4248	-0.484208359221671
34.545	-0.57259	-5.36	0.878080628426194
36.759	-3.5836	-0.81804	-0.0526508412335407
27.767	2.2237	-0.43318	-0.399198229959916
24.476	-1.1701	0.93116	-0.926560360102603
35.687	-2.4359	-5.3201	-0.284104576122894
36.007	-6.7848	-4.2244	-0.16694395962025
36.546	-7.4554	-1.1895	0.181854208652764
32	-9.0904	-4.758	0.0212139881152615
38.637	-6.5948	-1.8103	1.40657030170564
37.742	-5.3859	-2.9074	1.645
37.54	-3.8517	-4.3804	1.645
34.537	-0.89781	-0.21511	-0.595269840513
37.81	-6.0972	-2.6215	-0.0683740761595955
29.685	-10.994	-2.7076	-0.530533070622868
36.04	-8.1498	-3.5092	0.105911719353468
34.746	-0.83355	-5.3832	-0.406608630500866
35.239	-7.2057	-0.80222	-0.504145597275692
27.224	-11.557	-2.9923	-0.513634886653356
37.93	-4.6532	-1.5629	1.2945808923039
33.046	-8.5364	-0.65937	-0.468024406690338
33.401	-1.0653	-5.7202	0.208439298909947
37.033	-2.5461	-1.0928	-0.683940762872998
27.989	0.13398	0.8053	1.645
27.088	0.10397	-6.6888	-0.386291682746105
30.989	1.3364	-1.2695	-0.372376277548472
36.177	-1.8567	-5.0243	-0.567913322773458
36.032	-2.4254	-5.2954	-0.529125731474861
19.894	-12.408	-3.0023	-0.181900016255879
35.947	-3.498	-4.6138	-0.243380908451377
29.127	1.8274	-0.60295	-0.717925426604279
28.187	-2.0153	0.64751	-0.640665068091242
36.557	-6.012	0.058335	1.645
32.196	-1.6907	0.61627	-0.360020896057146
36.195	-3.0407	-2.149	-0.178919595637897
37.759	-5.8941	-2.4694	1.645
37.031	-6.9763	-1.0374	1.55108134911839
35.264	-7.1588	-0.50919	-0.631519499559833
36.394	-6.1789	-1.2919	-0.363916364961492
37.127	-7.6054	-3.972	0.194094241273253
35.304	-0.72865	-1.7241	-0.495369185697184
35.237	-0.69076	-4.8874	1.645
28.725	1.7036	-0.72164	-0.00466379489850461
28.167	2.2203	-0.26485	-0.830277416281533
35.127	-8.9068	-3.2601	-0.499837811947245
35.352	-7.529	-3.7597	-0.726373071129686
36.201	-2.0957	-4.461	-0.368742983978028
36.185	-8.2947	-3.287	-0.678462896460452
23.754	-11.761	-3.3614	-0.499564701620821
35.748	-1.2876	-4.9432	0.859350884572376
37.779	-6.3044	-1.8107	-0.401987667221647
25.809	-11.625	-3.7767	-0.471566850790403
35.493	-9.2462	-3.3582	-0.694534272654614
28.058	-0.40419	-6.5521	0.338749484825607
35.992	-6.343	-0.027214	-0.430224640578562
29.704	-11.031	-4.1478	-0.835791314876628
36.92	-3.6492	-4.6394	-0.430817519800553
37.112	-7.3561	-1.2594	1.645
36.293	-1.505	-4.5643	-0.567019274459861
27.402	2.3625	-0.79184	0.0251789725529985
36.023	-3.1128	-0.9772	-0.462717233404715
35.464	-9.2253	-3.2972	-0.936170157291097
37.255	-6.7602	-0.97143	-0.525101421341505
35.622	-2.128	-5.639	-0.512015361128888
29.81	-10.35	-3.8864	1.645
34.886	-6.2481	-5.5571	-0.421185182155699
30.193	1.2549	-0.92182	1.645
36.904	-2.4271	-4.0264	-0.460427900256604
35.599	-6.7579	-0.15719	-0.586498416569717
37.597	-4.7139	-4.268	-0.32068640292186
24.068	-11.949	-3.7635	-0.510243301379792
36.026	-6.626	-0.1023	-0.462725476208655
33.092	-2.3509	-0.10809	0.919055561781927
37.055	-7.808	-1.365	-0.368717419445142
35.822	-6.391	-2.1782	-0.805372548293077
36.905	-4.2578	-0.4808	-0.43096595842652
35.258	-5.3219	-5.4431	-0.562284003207518
35.159	-1.6508	-5.7185	0.146997654730834
36.195	-4.2493	-5.2274	0.471107095807086
28.13	-0.42296	-6.6429	-0.344403616972934
34.867	-2.1455	-5.957	1.645
35.769	-6.9619	-0.47515	-0.678221296298898
37.038	-4.3294	-1.0892	-0.518201670854055
36.568	-6.7341	-0.43936	0.894964672696101
35.137	-7.474	-0.47603	-0.190870460479192
30.923	-10.273	-3.951	0.500075106893642
33.996	-0.50546	-3.2843	0.408409309013138
31.148	1.1191	-1.7657	-0.248740374218508
38.051	-7.0224	-2.7249	1.04455935765889
28.051	-11.463	-3.9954	1.645
36.98	-3.2319	-1.217	-0.88771576923914
36.825	-5.2081	-2.5948	-0.483941197418145
37.721	-2.718	-3.5393	1.645
34.078	-0.040589	-5.3448	-0.365635955848131
29.524	1.8227	-0.21233	-0.551540091790275
36.927	-6.6277	-0.54409	-0.747327281805793
37.198	-6.5255	-1.0386	1.645
36.135	-7.0239	-0.50614	-0.493891475697496
34.832	-7.3907	0.24362	-0.434115848831625
33.607	-1.7542	0.66326	-0.501097698937771
34.803	-1.1978	-5.5854	0.391152812418452
33.384	-0.71081	-6.05	-0.382966597236439
28.46	2.2846	-2.1237	-0.324521444018355
37.908	-5.4849	-2.8675	-0.460945220569893
36.196	-2.2167	-5.2777	-0.238050540642128
21.132	-1.0722	1.3773	1.55848116022496
37.069	-7.3037	-1.1191	0.261911217051635
36.205	-2.6511	-0.80731	-0.84870434878422
34.055	0.053927	-3.4849	-0.46766276314223
35.028	-7.1752	-0.66195	-0.488880229636777
28.016	2.2856	-0.45016	-0.296446958338561
36.861	-6.3361	-0.60656	-0.526186440762634
28.865	1.751	-0.48839	1.60445870920258
35.668	-7.5501	-1.0858	-0.260458522843847
37.254	-3.0555	-4.385	1.06682297254274
29.049	2.1374	-1.2587	-0.581156680709137
37.001	-3.1956	-1.9825	-0.416708788248769
36.655	-3.0677	-4.4207	-0.276503844166777
38.241	-4.5629	-4.0563	0.449563326594528
36.79	-1.1179	-1.9369	-0.446510772683397
37.247	-5.6924	-4.4819	-0.380436753311842
33.449	-0.6842	-5.706	-0.475947570209473
36.496	-7.1131	-0.84695	-0.419852038703839
36.51	-6.2637	-0.54518	-0.36981843610426
36.058	-0.71232	-3.8443	1.645
31.478	0.98321	-0.87069	-0.354099311257245
22.195	-0.52443	1.9394	-0.473923471278532
22.352	3.0673	1.2586	-0.50125060721782
35.993	-7.0808	-1.3785	-0.405946921658134
37.447	-2.7711	-3.2962	-0.435462291847309
36.261	-5.9674	-0.39885	-0.551453390647605
38.382	-5.4187	-2.2298	0.867035617044275
38.276	-3.9029	-2.2387	0.234016579688904
29.455	1.4441	-0.33154	-0.0394886024531219
37.16	-6.5484	-1.2193	1.645
36.056	-7.7506	-4.4819	-0.41000309059289
28.696	-0.68077	-6.8741	-0.332492750054051
28.89	2.0927	-0.92713	-0.861063324417592
27.673	-11.413	-4.0307	-0.756775159330472
36.759	-7.1446	-0.57465	-0.822765958916516
33.119	-10.31	-2.9906	-0.842324949386157
35.595	-7.1083	-1.4836	-0.0610092711364692
36.112	-7.3194	-0.71772	-0.118621601966747
37.265	-6.8089	-1.3866	-0.232659653466749
35.969	-7.2747	-0.90899	-0.530699228221235
34.469	-3.1586	0.16337	-0.569964905652723
36.67	-6.0862	-0.60603	-0.78708246119022
37.307	-3.9139	-4.5918	-0.496684211789908
36.584	-3.2355	-4.7375	-0.605909003188737
28.566	2.1575	-0.46418	-0.655726055644807
37.317	-6.8573	-3.3818	-0.895628178303587
35.801	-6.039	-0.10692	-0.506274835493702
36.289	-2.5821	-5.4333	-0.604173430911571
36.646	-6.9621	-4.4572	-0.486230710942118
32.922	-10.36	-3.0592	0.943180179596564
34.392	-0.67005	-5.3893	-0.500933520660706
36.573	-8.3132	-1.1099	-0.477861974215433
37.046	-6.6266	-1.4054	-0.487613288345948
34.344	-1.2254	-5.6987	1.54778662967267
28.693	1.9418	-0.84665	-0.555640547079263
28.143	-0.79826	-6.7107	1.645
34.7	-1.2137	-5.6412	0.0670571200219533
37.654	-2.3191	-2.4915	-0.779048736324346
36.24	-2.3286	-1.4169	-0.685700163594084
32.664	-10.854	-2.59	0.971753433122058
35.249	-6.5454	-5.549	-0.624452320551875
24.838	-11.328	-3.8629	-0.345576192097331
24.91	-11.954	-3.5912	0.732798727894587
29.461	-1.419	0.7187	-0.661344485682885
38.014	-5.9577	-1.8809	-0.182399877882642
35.742	-8.0212	-3.8443	0.112915133430323
35.304	-6.792	-4.5462	0.643424025684229
35.843	-6.6108	-1.5401	-0.550898433875309
37.188	-3.3266	-4.129	-0.329454400248718
36.802	-7.1285	-0.91854	0.727327583142129
36.732	-2.5374	-4.5019	0.461649205725524
27.77	-11.555	-3.6482	-0.53162044854564
26.305	2.5123	-0.34699	-0.536042693677924
35.97	-1.7404	-1.3486	-0.221923328005201
28.343	-11.733	-3.5872	-0.340152069488114
36.054	-8.1439	-2.2738	-0.331933747990204
35.681	-7.0142	0.034118	-0.585936550155811
34.669	-0.46744	-3.1166	-0.267634214083831
35.763	-0.51963	-3.4807	-0.498868262233588
36.172	-0.92643	-4.2247	1.16826284395382
29.359	-1.6151	0.50232	-0.321171588855809
37.005	-7.4155	-1.2923	-0.317699445445226
38.006	-4.5622	-1.6132	-0.652779583637799
37.41	-6.4188	-0.83121	1.00027725374206
37.13	-6.6506	-0.87502	-0.573090588930379
35.188	-7.5203	-0.50527	-0.404218380353377
33.919	-7.0507	-5.0645	-0.506590021517355
34.412	-0.72442	-5.3799	1.645
37.768	-2.7583	-2.6984	-1.08231823543491
20.084	-12.312	-3.48	-0.421861617276881
37.109	-7.0105	-0.90472	-0.211630245593191
34.821	-6.2335	-5.3327	-0.365855646475258
35.73	-7.9709	-0.66978	-0.455786082723108
36.963	-3.5361	-2.5995	-0.437637238634338
35.461	-6.7856	0.21	-0.438920489689028
27.421	-11.915	-3.1716	-0.778834896468679
29.42	-11.225	-3.3753	-0.720720973658455
24.667	-11.97	-3.4268	-0.616140639283498
33.114	-0.44001	-5.9828	-0.605610023982278
36.495	-7.6701	-0.95526	1.04276447346298
35.735	-6.692	-0.29731	-0.34553872817905
36.479	-2.3034	-4.7111	1.43788312090978
33.331	-0.8698	-4.6621	1.645
27.695	2.5926	-0.75992	-0.322543521011447
36.04	-7.8278	-3.3901	0.538335699742539
37.731	-4.9146	-1.0312	-0.665604169140352
26.384	-11.718	-3.1602	0.106770826788075
34.192	-8.3314	-3.5638	-0.3594921573564
28.79	-0.60836	-6.4231	1.24120590409853
35.626	-7.5125	-0.57968	-0.859295974340697
37.081	-2.2684	-3.7777	-0.314109796205371
36.421	-8.4179	-2.0881	-0.963056050243997
22.994	0.17768	1.5887	-0.223772157113415
30.039	-10.6	-3.9322	0.725094111762512
37.298	-5.8161	-0.65225	-0.737274021158536
37.496	-2.7345	-3.0657	0.21695533956222
35.577	-2.1617	-5.7207	-0.48006678098311
37.887	-5.396	-1.5637	-0.937626174926625
29.143	-1.0016	-6.5471	-0.709625691058062
38.453	-6.2205	-2.5167	-0.802695065235896
28.421	-10.501	-3.8962	-0.494785088663614
35.517	-6.5056	-0.50915	-0.339113259726821
36.952	-8.0395	-3.7747	-1.04786978234724
28.415	-1.9853	0.6287	-0.625697182542152
37.667	-3.3869	-1.5302	-0.0654802387855976
36.532	-2.2219	-4.9142	-0.691219045185033
36.034	-7.4432	-0.97491	-0.161163313003618
34.55	-8.264	-2.9045	-0.545342637466973
33.449	-0.70302	-0.86649	-0.603992946892969
35.933	-8.4365	-1.8553	-0.523030052144453
36.539	-6.8839	-1.4043	-0.0433505806974616
38.35	-4.2938	-3.138	0.108563024984498
36.241	-3.1487	-1.2023	-0.648836490354926
35.861	-2.605	-5.277	1.645
38.275	-5.2304	-2.3682	-0.150620376436112
37.192	-7.2199	-0.97104	1.645
34.05	-7.3166	-5.0561	-0.446267381550387
35.473	-9.362	-2.7353	1.645
29.629	-10.882	-3.5421	1.52758028721203
36.049	-2.8343	-0.31658	0.104878315871747
27.664	-10.9	-3.9195	1.45883406378015
34.872	-9.2335	-3.1798	-0.652838827808364
36.619	-3.3442	-5.008	-0.574704326340783
31.384	-10.126	-3.673	0.290545882497239
34.816	-1.9829	-0.24815	-0.493055560428765
29.878	1.9333	-3.6835	-0.541107230110208
23.9	3.4724	0.17699	-0.505192816500181
38.205	-3.7763	-2.7418	1.645
36.928	-3.1836	-4.6119	0.0486430536657766
31.309	1.3203	-2.1248	-1.04268963293092
36.872	-6.6326	-0.5159	0.208072726078017
36.829	-3.054	-4.6771	0.0123061771762686
37.261	-2.7718	-4.19	0.241761194164449
35.796	-7.3764	-0.93857	-0.50098006530245
34.095	-9.7839	-3.228	-0.512482353845861
37.969	-4.1044	-3.9668	-1.00565050064288
36.629	-7.321	-0.79914	-0.211953794822355
36.229	-7.0194	-0.57746	-0.035932652360714
34.492	-7.3364	0.24994	-0.565303385067072
36.587	-6.9588	-0.9185	-0.40957963339934
24.761	3.1961	0.59405	0.386976304872379
17.095	-12.321	-2.8753	1.28656637614257
37.664	-3.9756	-1.3644	1.645
35.158	-7.4175	-0.57039	-0.485257459033439
37.024	-5.0281	-5.0016	-0.541810814796387
33.679	-0.86234	-0.17042	-0.300483179087078
31.972	-10.291	-4.3015	-0.651164511963268
38.411	-5.9434	-2.5654	-0.515227875532925
37.795	-6.7263	-1.3088	-0.906614566220721
31.26	-1.5383	-6.2118	1.645
36.946	-7.1431	-0.98937	-0.596328266491213
38.216	-4.6273	-2.5373	0.0425979578091942
28.168	-0.41404	-6.7192	1.645
28.339	-11.288	-3.7747	-0.886097610597795
32.325	-6.7771	-5.2843	-0.240616050920164
33.884	-9.4559	-2.2002	0.368511701248198
34.246	-1.9271	-6.1455	-0.605942968884087
34.348	-1.5875	-5.124	-0.433092270424613
36.493	-3.2037	-1.737	-0.898145987480711
20.317	-12.541	-3.2969	0.695318633975831
37.342	-6.7824	-1.0638	-0.545378305688615
35.9	-7.2416	-0.67509	-0.41333660370185
32.521	-10.366	-3.3013	-0.387035785020232
35.013	-1.0942	-0.74452	-0.860837711496537
37.853	-6.0901	-2.2477	-0.116952956633508
31.554	1.5166	-0.70294	-0.90319330217139
37.766	-3.2181	-1.9562	0.138054690260043
35.672	-1.7917	-5.3377	-0.244584673967279
24.961	-12.173	-3.2356	-0.372741480720533
34.17	-1.3725	0.13005	-0.336156741916033
33.023	-9.9253	-4.2566	-0.501615451058978
37.674	-6.0117	-3.9316	-0.23070451462654
37.251	-3.3098	-4.4526	-0.622902928248797
36.897	-3.6054	-4.7352	-0.127977700437743
36.38	-6.6055	-0.06572	0.973995246706646
36.38	-3.1166	-4.3906	-0.395751502959704
37.658	-4.6228	-3.5033	1.29540399571016
36.902	-7.0363	-0.65284	1.645
28.452	-0.64826	-6.6807	-0.643721734119116
36.344	-2.7243	-5.0541	-0.429792589589703
34.273	-0.69818	-5.6839	-0.589158148099988
36.678	-7.6703	-1.4146	-0.499888100704197
37.709	-3.0288	-3.4199	-0.0546680823564579
36.414	-6.6305	-0.54073	-0.290418081218205
35.866	-3.3966	-1.9231	-0.189705725576482
37.185	-5.435	-1.2468	-0.494050535282649
37.574	-2.8168	-1.8882	-0.45229376815532
33.627	-10.262	-3.7998	-0.107335250039048
36.668	-5.7643	-0.36006	-0.0909017992169871
36.281	-2.7152	-5.341	0.857756240366541
36.667	-6.7386	-0.78268	-0.183605673388254
34.751	-2.076	-4.7894	-0.384958212273281
27.274	2.4161	-0.10539	-0.533252421127556
33.493	-0.10664	-5.5756	-0.139391820671111
36.626	-3.6918	-0.73483	-0.986754997625324
36.875	-6.5702	-0.73131	1.645
35.769	-1.7993	-5.2612	-0.42688821066187
37.012	-7.5666	-2.4787	0.164046550473623
30.806	-9.287	-3.5933	1.645
37.652	-4.4151	-4.0434	-0.717008032779821
37.117	-7.0294	-1.3152	-0.448199543083239
27.841	-0.46924	-6.7153	-0.703505092651884
27.162	-11.286	-4.1317	-0.504180653263576
36.935	-5.5179	-1.3782	-0.607923243865616
26.151	2.5267	-0.32816	0.778738314259566
36.059	-5.4499	-1.2052	-0.498551108314441
38.124	-5.9004	-1.833	-1.04096097581681
36.083	-2.6015	-0.39972	-0.794796605596279
37.71	-3.7762	-3.6003	-0.582394837240705
36.605	-7.0821	-2.621	-0.48522011803479
38.079	-6.2421	-1.3115	-0.0113274914491854
36.613	-7.0288	-0.34779	1.645
34.865	-8.7229	-3.4379	-0.794960353742722
33.643	-1.3637	-2.5897	-0.483729667838405
36.883	-3.2841	-4.7561	-0.752413156663929
37.973	-4.0567	-3.8317	-0.285367938232086
37.776	-3.2527	-3.708	0.0188569903073869
37.269	-6.594	-4.1428	0.345297541842483
35.599	-6.05	-5.0311	-0.210662064339022
34.944	-8.9841	-4.1297	-0.651615797794723
31.857	1.6245	-3.1076	1.15019881260468
31.845	1.0033	-1.1008	0.43782833797034
29.101	1.8205	-1.2912	-0.652789077090402
33.353	-0.15211	-5.6436	1.645
38.197	-3.1683	-2.8039	-0.922562264496261
35.14	-0.37334	-2.7565	-0.863081748560968
33.832	-9.4165	-3.2844	-0.376556971471781
36.309	-1.0166	-2.6914	-0.23505204222025
36.734	-4.8522	-4.9762	-0.370578755726838
29.667	-0.36181	-6.2471	-0.524728439706103
29.737	-10.997	-3.7093	1.645
37.946	-3.4073	-2.4633	0.804163603171353
34.832	-1.3266	-5.3939	-0.241442161792305
36.702	-4.5632	-0.72328	1.20520997136625
35.571	-0.535	-3.7779	-0.526211107627269
35.014	-8.2377	-0.58041	-0.522449509885821
35.946	-6.5489	-1.2203	0.866973062626271
37.267	-6.9481	-1.9059	-0.301400232363328
34.882	-6.9392	-0.59267	-0.270445782453684
36.197	-2.5887	-0.88178	-0.747132323400948
35.308	-9.5027	-2.4343	-0.212355052396808
36.281	-7.2612	-1.4428	-0.361048388889874
26.475	2.8001	-0.13414	0.239066574313383
34.119	-1.5572	-3.3554	-0.563279942093888
22.905	-1.2773	1.3333	-0.310092310031003
33.751	-10.254	-2.9882	-0.345986824415767
34.516	-1.442	0.39769	-0.631443597929124
37.059	-7.1464	-0.47755	-0.46305156347882
37.262	-3.681	-4.3805	-0.440334566449542
24.995	-12.011	-3.4335	-0.602460611924035
36.406	-3.0178	-1.5552	-0.466564493440742
37.547	-3.1049	-3.4645	0.63078412235261
33.688	-2.6749	1.0381	1.15339942903248
27.649	-11.462	-3.5438	-0.486149787975015
22.184	-12.39	-2.6067	-0.0900771030933974
37.138	-4.5323	-4.5154	0.234309304015039
21.515	-0.82075	1.3352	1.645
24.178	-11.704	-3.6301	-0.748880479797566
28.144	-11.285	-3.6351	1.42681269352172
35.615	-2.2489	-4.7724	-0.648569633608353
36.501	-6.4825	-0.69156	-0.137532274321524
34.288	-1.2429	-5.9811	1.645
27.377	2.5778	-0.06166	-0.437340920936233
29.504	-10.993	-3.853	-0.0682849155484592
33.892	-0.68384	-5.8885	-0.831662137935751
36.339	-7.668	-3.0652	-0.0550784009447208
29.772	1.7553	-0.20628	1.645
35.228	-8.4952	-3.2171	-0.685031598980751
36.382	-2.1964	-0.9519	-0.672362862799472
34.92	-2.2908	-0.34357	-0.45899287632865
36.185	-1.9151	-5.1717	-0.917688696536652
26.937	-11.434	-4.0353	-1.21213406677625
27.944	-0.12737	-6.92	-0.460389146022123
33.548	-1.5978	0.067007	-0.372642461422644
35.99	-2.0913	-5.2288	-0.627825528591571
24.668	-11.654	-3.2159	-0.375024863937366
33.652	-9.6058	-2.9365	-0.368941076605071
23.875	-11.581	-3.7265	0.0960798957731931
37.988	-3.183	-3.7179	0.581230325677099
37.718	-6.2576	-0.89144	-0.584884512083159
36.36	-2.2355	-0.98092	-0.45866704685178
33.526	-9.8154	-3.646	-0.477728948024743
27.938	-0.14693	-6.4389	-0.507969618637143
36.613	-7.1136	-0.79163	-0.754826418743963
35.407	-6.9301	-1.0617	-0.311193405575332
36.261	-2.6379	-4.6789	-0.495927980439769
32.388	-10.109	-3.1943	0.58959182595552
36.965	-4.6772	-4.0313	1.645
36.321	-3.9637	-0.27042	0.36619052099426
33.871	-0.68123	-5.6772	1.645
29.076	-11.036	-4.0158	-0.416724742470678
30.035	-10.734	-3.8263	-0.643121002302962
35.617	-3.9137	0.42156	-0.744861791810839
28.874	-11.12	-4.0281	-0.458814278128198
37.448	-6.4351	-3.4083	-0.629679054859369
35.883	-6.8386	-4.8344	0.117527993977414
36.761	-4.0431	-2.5386	-0.407599743294783
27.563	-1.7829	0.9933	1.645
37.079	-6.2808	-0.77346	1.645
38.056	-5.1676	-2.5888	-0.6815444661251
35.451	-2.0421	-5.2604	-0.403743937365548
36.282	-1.236	-3.9953	-0.393988417990516
37.32	-2.9559	-2.0473	0.807616618952368
37.411	-6.3305	-1.4893	-0.716659932287091
36.177	-2.5183	-1.6875	0.0834604775935657
36.093	-8.6628	-3.2445	1.645
37.755	-3.5724	-3.9847	1.645
37.076	-2.1343	-2.4981	-0.151000858838585
37.469	-3.1858	-2.9957	-0.381824797477318
36.212	-4.2356	-0.11937	1.645
37.21	-4.2579	-4.7383	-0.376478036416916
36.422	-2.8263	-5.0446	0.445972491670937
35.984	-1.9774	-4.2136	-0.49141397129063
36.861	-1.5517	-4.234	-0.813705079867101
37.53	-4.251	-3.1865	-0.54229897806107
37.642	-6.2693	-1.2363	-0.710462792870481
37.011	-5.9559	-0.4383	-0.639041696784943
36.212	-2.8864	-4.4424	-0.681674617156132
36.934	-7.1197	-1.3898	-0.285056160114906
37.964	-6.7002	-1.5893	-0.366190211194615
38.242	-5.918	-2.1091	1.28257295466195
28.861	-2.2487	0.5869	1.645
32.516	-10.186	-4.2238	0.329351606266736
35.209	-2.4738	-5.3197	-0.495305403283763
35.233	-1.7225	-5.4094	1.645
37.75	-4.869	-1.3026	-0.411693431961032
34.733	-2.7372	-1.1845	-0.615777516843779
38.086	-4.8205	-3.8928	-0.23396614123798
36.942	-6.4637	-0.66239	1.645
31.828	1.1086	-2.2523	-0.855194290962711
37.569	-6.5148	-1.4642	1.645
35.301	-7.1362	-0.87532	-0.461432114548525
36	-9.0717	-3.5695	-0.43266468970736
29.113	-0.98121	-6.9442	0.201346157649959
30.715	1.0071	-0.9415	-0.554632994135049
33.343	-10.105	-3.3928	-0.581809662522602
37.02	-3.3083	-1.0167	1.645
26.345	-1.1055	0.5634	0.012510152373354
30.827	-10.451	-4.0079	1.645
36.301	-1.469	-4.8456	0.573509065254414
38.329	-4.7319	-3.6869	-0.164706940855631
36.747	-2.8716	-4.7368	0.590119193996913
36.378	-8.7082	-2.2334	-0.650541285446386
26.577	2.4753	-0.54886	-0.560898445275656
37.835	-4.0336	-3.727	1.645
27.788	-0.7983	-6.5807	0.652299666224118
35.04	-7.5716	-1.0808	0.875392671601756
34.026	-9.7903	-3.2879	-0.929615553354871
37.195	-6.8729	-0.94274	-0.613014669714231
36.791	-7.3313	-1.4707	-0.790819467102114
37.543	-6.6177	-3.9242	-0.174027587475112
36.607	-2.9684	-1.1872	-0.463838812450281
37.578	-6.9156	-1.9975	-0.275698139987341
36.03	-6.7396	-2.2656	-0.32880675755568
32.924	-0.29634	0.38633	-0.604133753812875
20.821	-12.156	-3.2601	-0.326213755278793
36.1	-5.7452	-0.9397	-0.410948572367888
30.162	1.0924	-0.59141	-0.428581167559857
27.447	-11.476	-3.9333	-0.598156111035646
35.328	-8.9384	-1.7754	0.153113124769613
36.741	-6.3389	-1.159	-0.76690024787323
36.927	-2.4784	-4.6331	-0.769682967328528
33.156	0.051677	-0.95287	1.24986435575194
38.105	-6.1144	-1.8308	0.112266812144013
36.671	-6.1766	-4.2952	-0.604867705161072
38.23	-4.9132	-3.4835	-0.537760401664499
24.626	2.8702	0.65734	-0.277040905373283
27.947	-11.622	-3.3485	-0.286164930386446
36.537	-6.8783	-1.0337	-0.777619177140073
37.997	-4.8692	-1.9471	-0.361035349555814
33.946	0.48495	-2.0193	-0.249534034884178
32.059	1.3109	-2.4168	0.517682441937168
30.378	-9.9318	-4.0164	0.0357147774677408
37.858	-5.3791	-3.9756	1.645
35.967	-2.729	-0.69909	-0.366593117159032
37.356	-5.2576	-1.0494	1.645
36.82	-6.8749	-0.3813	-0.685096751257007
35.852	-6.3953	-0.66102	-0.561657019108108
38.265	-6.0586	-2.7998	-0.699539441561907
28.31	-11.059	-4.4058	-0.464184096974295
37.664	-2.5775	-2.7475	-0.487658988835064
28.656	-0.89458	-6.9293	-0.584034899064926
29.454	-1.0348	-6.7118	0.308096890590339
37.444	-6.7964	-3.6172	1.645
36.284	-1.8405	-5.0251	-0.407981411915692
37.809	-6.3381	-1.42	0.776541259711173
35.954	-7.1988	-1.5628	-0.40803220678883
28.024	-11.618	-3.2678	-1.01579022243125
35.78	-6.7263	-1.6317	-0.551529651325391
33.207	-10.28	-2.8261	-0.425496379523671
35.811	-7.1054	-0.26252	-0.669723974772196
35.606	-2.0846	-5.5897	-0.543445878270457
33.832	-8.7472	-3.3011	-0.657790866556603
33.436	-1.2899	-6.2745	1.645
35.141	-7.3093	-1.8385	-0.513120786262519
37.095	-3.2146	-1.7715	-0.401162742014219
36.442	-8.308	-1.1302	-0.793816916013094
36.12	-6.8519	-0.23334	-0.299214580418839
25.499	-1.9116	0.89186	-0.408783483901944
37.644	-6.4692	-2.6675	-0.314299259652047
33.073	-10.383	-3.0347	0.193606898740463
37.573	-6.2663	-0.94834	1.645
26.97	-0.27744	-6.7405	-0.24886309872713
36.881	-6.9741	-1.2878	-0.20949241585883
21.749	-12.082	-3.1072	-0.496182618589228
34.93	-7.4385	0.28604	-0.481547796495593
14.2	-12.25	-2.7913	-0.445315882507956
36.334	-6.388	-0.29077	-0.9423732075951
32.053	1.3059	-1.5197	-0.500510129972351
37.128	-7.3755	-1.516	0.0291561677198918
31.618	-10.13	-4.2517	0.314112056550989
37.08	-2.6979	-1.4846	-0.530475522659149
35.726	-3.108	-0.29894	-0.478770686695927
37.269	-6.4643	-1.3187	-0.650949437113936
34.806	-8.8901	-2.973	-0.397617963197867
35.629	-9.285	-3.1762	-0.48588114491521
36.947	-7.3373	-1.2444	0.0429942771639898
37.879	-3.3745	-3.9897	-0.560327645422784
36.939	-3.7073	-4.6069	0.12642333172
25.808	2.4843	0.20229	-0.871645681424468
29.572	-9.596	-4.4341	-0.816059530303016
35.937	-7.577	-0.66075	-0.528566617175444
36.562	-7.8558	-2.4601	-0.0322556693662054
35.484	-8.9282	-1.9391	-0.438839089154435
36.969	-6.9389	-2.1567	-0.56485567186039
23.069	-0.86413	1.3787	-0.859998805220582
13.152	-11.939	-3.2046	-0.268844376602229
35.805	-0.27107	-3.7675	1.09792719450092
34.806	-6.9562	-0.62806	0.0635807931919124
35.745	-6.4161	-0.72233	-0.620591112644992
31.82	-1.1205	-6.6025	-0.0181887249062202
36.332	-6.6978	-0.47076	1.645
35.901	-7.5783	-1.5121	-0.826460190568742
28.257	-0.68969	-6.8239	1.645
28.401	-0.6673	-6.6758	1.645
32.73	-10.178	-2.8586	-0.688940018338369
37.162	-5.5491	-4.7764	-0.611182560618732
36.53	-7.222	-1.5122	-0.211150130766487
27.177	-2.3797	0.14023	-0.484244369623415
35.876	-2.8084	-4.9303	-0.587514279814528
33.758	0.38343	-3.2386	1.645
34.659	-0.55942	-4.4261	-0.234036672778741
30.867	-10.809	-3.5384	1.645
37.914	-4.9455	-1.6546	-0.540961309423933
36.82	-6.9642	-1.231	-0.558655021265918
35.878	-8.1252	-1.6888	0.00949893925929377
36.627	-6.1571	-0.69163	-0.34292611264034
37.103	-6.7509	-1.4273	-0.490281115297007
35.409	-7.9537	-0.78786	0.590755706577023
38.11	-4.4154	-1.7878	-0.818426353147628
24.712	2.8802	0.58317	-0.324019753091391
33.099	0.055081	-5.2592	-0.0429699929022418
31.452	-9.1478	-3.2273	-0.336517192785527
37.586	-5.8647	-1.1041	0.106047331181339
27.847	-1.0006	-6.7591	-0.337507813318319
35.868	-5.9551	-0.76246	-0.311446548614081
35.114	-8.5241	-4.0748	-0.64517203542624
36.037	-8.4397	-2.6454	-0.321575460462427
32.789	-9.4975	-3.0511	-0.226043073564962
12.655	-12.024	-3.1062	-0.567986851740255
29.035	1.6447	-0.066406	-0.618131566208868
31.846	-3.3065	-0.63738	-0.233712844066866
34.079	-9.9018	-3.0968	-0.353395212003533
37.948	-6.3604	-1.6608	-0.550534816634631
36.478	-7.1979	-2.0881	-0.205713694934802
30.852	1.7849	-1.8279	-0.0322536337180633
37.348	-6.549	-3.1685	-0.571546860464195
36.531	-6.2769	-0.45093	-0.616157531148977
30.886	-9.9839	-3.954	-0.734887003507662
37.923	-3.705	-3.5402	-0.0869724820430648
34.481	-0.83471	-4.8208	-0.335113806568071
35.513	-9.1151	-3.2543	0.224626913706546
36.582	-3.2051	-5.0006	-0.419447433159034
36.492	-7.1408	-1.0361	-0.885609604836102
27.536	2.4938	-0.31686	-0.238346902599842
36.12	-6.4143	-1.0835	1.34717612551748
35.391	-7.7354	-2.7639	-0.333843642664073
24.281	-0.95431	1.6062	1.645
36.574	-8.6753	-3.4189	-0.713353515909423
37.425	-4.7946	-3.5831	-0.443757892236303
35.991	-7.1105	-0.27884	-0.354829808224559
37.028	-8.0319	-2.3737	1.645
37.484	-2.9589	-2.2054	1.31262489800965
26.988	-0.92323	0.91876	-0.488396425087555
27.282	1.8772	0.36123	-0.604684122498086
34.547	-9.2514	-3.6529	-0.492668264320897
37.523	-5.7548	-4.5898	-0.354283402060847
33.546	-0.34527	-5.445	-0.404484256277824
36.602	-7.2462	-0.74841	-0.945994786562307
33.708	-6.1344	-5.2625	0.832281098156102
33.453	-9.9212	-3.2833	0.83426180412598
33.954	-0.85081	-5.874	-0.348158019340569
37.407	-3.279	-1.2402	-0.109808134932963
36.459	-2.2777	-4.9212	-0.0700807535761719
35.394	-6.7244	-4.8998	-0.201857585660353
37.437	-6.1818	-4.1612	-0.541435041924277
38.141	-4.2786	-2.7783	-0.0950490800170121
37.798	-6.4612	-2.1662	-0.402341621383405
35.686	-6.1698	-4.8122	-0.35842167719025
37.096	-3.0514	-4.6541	-0.787218887894616
36.922	-5.6457	-4.9601	-0.228631027653059
33.235	-10.72	-2.9872	1.645
35.127	-9.5065	-3.6642	1.645
35.877	-8.4213	-3.4308	-0.0705367796170701
33.373	-6.1595	-5.613	-0.30894048825824
35.285	-7.5377	0.066807	-0.287458417496778
36.716	-1.7406	-3.0904	-0.648356595176671
35.111	-2.7285	-5.6907	-0.392476070968983
33.288	-0.28058	-5.9272	1.645
34.849	-9.695	-3.414	-0.425925630196383
38.008	-3.2008	-3.5752	-0.376811252659813
34.081	-0.19025	-0.19369	-0.215087682897393
37.675	-7.2641	-2.5191	-0.0787873098888245
34.046	-7.7115	-0.99998	-0.542457064755074
33.259	-0.86748	-5.1327	-0.359767064644629
35.898	-7.0416	-0.93679	0.0978680044969436
31.882	-0.57295	-5.8092	0.359086604265509
36.11	-7.4497	-1.499	-0.42881512469951
36.478	-7.7756	-0.57777	-0.509432353687444
37.001	-1.8216	-3.9956	0.988546320506845
33.897	-9.3231	-3.4479	-0.300529291487967
37.264	-6.0234	-0.95589	0.510195969862139
32.564	-8.7826	-4.3392	1.645
35.201	-6.4466	-4.6978	1.645
34.473	-6.0424	-5.0366	1.645
33.256	-0.209	-5.6186	-0.760812518866718
33.532	-9.5404	-3.8361	-0.569517579497599
35.107	-0.70271	-4.7009	-0.474240476943979
36.099	-2.2894	-4.5739	1.645
35.184	-9.2901	-3.1965	-0.634215189190944
37.946	-3.3618	-3.7233	-0.361784399677349
25.232	-11.836	-3.4376	-0.612064535592469
36.89	-5.1349	-4.9182	0.0629052140131447
37.961	-4.5137	-3.6152	-0.325269847021994
36.221	-7.3412	-4.4751	-0.415516867601052
38.09	-4.6696	-3.7878	1.645
37.961	-6.4367	-2.1714	1.645
35.88	-8.2388	-4.4135	-0.823535623469041
34.705	-0.88028	-5.109	-0.386075262630803
33.331	-10.091	-3.2853	0.543937832403295
36.84	-7.9578	-3.3052	0.554313783282584
34.092	-8.9227	-4.1576	-0.33185668959741
33.831	-0.82131	-5.9073	-0.424947992377578
25.703	0.22142	-6.7138	-0.331195864523443
33.362	0.38835	-1.7634	-0.738185211574505
31.457	-0.30158	-6.5963	0.378880728067118
29.408	-0.87213	-6.5897	0.702763619945265
36.842	-7.1254	-1.1484	-0.604911315787528
37.175	-3.326	-4.0231	-0.514777592259994
36.301	-7.5684	-2.2311	-0.552841319493567
35.349	-1.7696	-4.8635	-0.387156339095188
36.968	-3.0594	-1.5917	-0.681861356108728
36.488	-6.1858	-3.8549	-0.224060097160435
35.856	-6.2175	-4.9262	-0.398638747147321
30.135	-9.1454	-4.2499	-0.412788822255832
22.216	-0.28528	1.8218	-0.307577414030086
37.364	-6.6113	-2.4395	-0.39528754517549
38.398	-5.8134	-1.1318	-0.320583468534575
34.237	-0.72906	-5.5845	0.316417478897827
35.436	-6.7361	-0.95815	-0.420616405088378
32.963	-0.82231	0.13576	-0.286402617198828
36.588	-2.8971	-0.65573	1.30656229682965
37.603	-3.5366	-2.3554	1.26235316437828
37.083	-6.3311	-0.76982	1.645
27.258	0.22043	-6.3336	1.43479705252594
36.835	-3.5596	-0.94827	-0.523539764082237
37.502	-6.2755	-1.1577	-0.0901051365235687
36.345	-3.4584	-0.40195	-0.771865996956074
34.899	-8.9036	-2.1978	-0.109714074516079
30.447	1.4981	0.012136	-0.280268722310284
36.088	-6.6977	-0.52185	0.0561301523877436
33.716	-7.4941	-2.944	-0.326760154487936
35.965	-1.3746	-5.0021	1.645
26.906	2.3831	-0.26394	-0.844642767512054
31.65	0.84958	-1.5053	-0.630586125979874
35.586	-6.7863	-0.30952	-0.371705987142101
35.643	-1.0173	-4.7475	1.19912911970753
37.4	-6.6576	-3.761	-0.329887127787508
35.546	-8.9878	-2.0374	-0.458803562341297
36.432	-2.9785	-1.8557	0.905577506093963
33.965	0.34185	-2.8306	-0.0103149960327208
36.513	-7.4862	-2.793	-0.710708765082749
37.707	-3.9647	-4.055	-0.535224987074318
30.214	-10.125	-4.3742	-0.892564893160672
36.39	-6.9544	-0.46647	-0.376361756414154
35.855	-8.5351	-4.1011	1.645
26.615	-11.683	-3.4185	-0.591962146401173
37.221	-6.2661	-0.70586	-0.502717215446473
36.139	-7.2369	-0.64364	-0.181946307744268
34.157	-1.6204	0.0068926	-0.112695169163136
36.806	-7.1946	-1.9069	-0.321045581660525
36.769	-3.844	-5.1959	-0.586140595178821
33.734	-9.5652	-3.4776	-0.446781471288959
37.872	-5.7018	-1.026	0.348029281073227
33.177	-9.7487	-2.9992	1.645
37.485	-6.1472	-1.8209	-0.594128470409552
37.432	-2.5769	-3.2596	-0.36032861463806
26.632	-11.363	-3.9523	-0.371203073362792
37.293	-2.0806	-4.0461	0.0361744952941967
35.592	-6.7005	-0.93449	-0.202212843533857
36.545	-7.0306	-0.54223	-0.549607367487488
37.112	-7.4161	-1.9881	-0.428921808563459
36.751	-6.7733	-0.83624	0.104407267447415
36.737	-5.862	-0.77037	-0.0281509789177058
35.944	-7.7459	-1.3209	-0.232281603539336
30.906	-10.083	-3.4443	0.256342673210864
36.663	-8.0185	-1.3392	-0.332969054173058
34.789	-7.3388	-0.54573	-0.45686980364843
36.37	-2.9592	-4.9675	1.41440550004901
37.885	-6.1483	-4.0581	-0.37526773887661
36.318	-6.8931	-3.2431	-0.835349097683245
36.772	-2.0808	-3.8427	-0.45270456353423
37.496	-2.3662	-2.2257	-0.557592064522927
27.568	-0.41487	-6.818	1.645
36.778	-6.6332	-1.1096	-0.53197619163721
37.095	-4.2397	-4.9509	-0.471433648954211
38.018	-4.0021	-3.4175	-0.41510269253563
36.231	-6.2373	-5.1256	-0.632384680896796
36.086	-7.7136	-1.5338	-0.570064100508378
30.396	1.5929	-2.7118	-0.325568257236769
36.713	-2.7918	-3.6785	1.645
37.362	-2.3661	-4.0574	0.162298289251224
38.1	-4.3733	-2.6288	-0.625374680367086
35.679	-7.0002	-1.2115	-0.353122724844539
36.339	-6.8364	-0.98471	-0.661779635372287
30.026	1.6761	-1.1057	-0.661987278640837
36.43	-6.2279	-0.72841	-0.562469357182113
29.038	-11.463	-3.3336	0.345137925311333
37.332	-7.2515	-3.8961	1.645
36.684	-6.916	-0.54257	-0.993726736703672
30.283	-1.7556	-6.5862	0.490986859124159
35.511	-1.8353	-5.3157	1.645
36.446	-6.3734	-4.8093	-0.721349160749749
35.361	-7.6139	-0.68234	-0.589485196988753
37.322	-7.6218	-1.4826	0.953915539873014
37.756	-7.1614	-3.4233	0.44517950270209
37.344	-5.4244	-3.918	-0.6536311243662
34.807	-9.2413	-0.70097	-0.429967603500272
36.696	-3.7296	-4.7045	-0.30419124186505
21.085	3.772	0.79139	-0.206424544535822
37.128	-7.3771	-0.91807	0.83982581635851
37.311	-7.1319	-2.484	-0.947477751416071
36.425	-0.63911	-3.5397	-0.427140878521701
34.81	-1.815	-0.71735	-0.385381476967962
36.697	-2.4607	-4.6981	-0.587993447736493
34.958	-1.4558	-5.6443	-0.550793993451428
33.764	-0.71277	-5.7633	-0.516687413677781
35.186	-7.3743	-0.73991	-0.653523404351187
36.854	-3.5895	-4.6313	-0.512800501137246
37.754	-3.583	-4.2792	-0.391196793668915
35.771	-6.6465	-1.0204	0.19894643160398
36.72	-6.1892	-0.64828	-0.353199576455258
37.294	-1.9809	-3.4145	-0.204880157202133
31.588	-10.845	-3.7152	-0.400964488448733
36.923	-2.6406	-4.693	-0.569922446941263
36.404	-0.77396	-3.045	-0.433222910158141
37.412	-4.5111	-2.4789	-0.519582691386177
33.647	-9.5361	-2.9473	1.02638056667596
25.345	2.9604	0.81839	-0.096063524945914
38.583	-5.346	-2.3082	-0.0378019699751036
34.196	-9.5363	-3.2052	-0.411607803222229
36.297	-6.6218	-1.3064	1.645
36.721	-7.1728	-1.6014	-0.448748697120675
35.868	-8.013	-3.1225	0.318486592789963
37.029	-6.5279	-1.0449	0.148069532255718
37.832	-5.746	-1.2789	-0.56218003638975
37.307	-6.0201	-1.5607	-1.01093810767546
37.101	-2.5892	-4.5559	0.353098943868034
33.721	-9.813	-3.1666	-0.777952188450181
36.513	-6.807	-1.1852	-0.196075252700716
31.516	-1.6663	-1.0651	-0.351227833922863
35.732	-7.4659	-0.892	0.152620813171808
34.234	-9.0501	-4.1876	0.568130418940907
33.447	-0.099584	0.24688	0.0140368073287964
36.234	-7.6629	-0.97961	-0.190547478358107
29.538	-10.738	-4.0519	-0.609898053470205
36.131	-6.7703	-0.6249	-0.760133144408003
34.45	-9.2067	-3.1109	-0.353156012085359
35.927	-7.6408	-0.39627	1.645
36.901	-2.8551	-4.7309	-0.687277409646435
35.791	-7.0583	-0.31701	0.514188977476761
35.336	-1.5855	-5.3664	0.638695540366313
34.114	-0.95412	-5.5611	-0.307912952122196
29.068	1.9082	-0.13313	-0.0540892926227131
33.908	-0.57427	-1.1263	-0.405168495550042
33.824	-9.9319	-3.7705	-0.815366428444451
36.304	-5.6636	-0.46282	-0.421868245888269
36.841	-6.0594	-5.141	1.645
35.826	-8.9178	-2.6398	-0.570161652496342
26.075	-11.349	-3.6326	-0.909722603738634
36.432	-7.4201	-0.80639	-0.728807456323953
34.721	-8.3715	-4.579	1.27964660207216
37.788	-4.174	-1.7582	-0.873884511011883
37.897	-4.8967	-1.5729	-0.708882695882027
29.468	1.8323	-1.3242	0.400923404083826
22.178	3.5218	0.97528	-0.370681058594202
36.092	-3.3609	-0.37577	-0.581921041836876
33.365	0.518	-1.5642	0.458048882712214
36.838	-3.1052	-0.58324	-0.350399712461689
35.221	-1.4667	-5.6054	-0.274886862854891
36.394	-7.593	-0.62675	-0.270565148322733
24.884	-12.03	-3.7199	-0.480977762338304
28.704	-1.2358	0.73461	-0.186610032192413
29.138	-11.188	-3.8476	-0.208997891648449
37.272	-6.8375	-1.1314	-0.464195628139603
36.121	-2.9466	-5.1363	0.304735295272741
30.382	1.5907	-0.49021	-0.639106448997248
37.295	-3.7665	-1.2328	-0.578033366724356
35.549	-6.4596	-0.15332	-0.594559028410445
37.343	-6.62	-3.3463	-0.910927315373258
37.974	-3.5713	-2.2629	-0.555041894730976
37.03	-6.9054	-0.89318	-0.766267447171679
33.624	-9.7678	-3.2114	-0.623953448409989
29.674	1.9213	-1.1953	-0.0315379824192856
34.169	-2.2291	-0.29475	-0.529161774472959
33.106	-8.9881	-4.6548	1.645
27.089	-11.553	-3.8875	-0.632619370944086
28.05	2.1178	-0.84351	-0.570885920776563
36.693	-3.4679	-1.3316	-0.708022419022438
36.07	-7.6448	-1.1824	-0.563605544956024
30.435	-2.0178	-5.0573	-0.542705021153605
38.211	-6.7695	-2.7243	-0.844683360613073
35.587	-2.51	-0.4416	-0.233627015149918
32.75	-10.422	-2.8005	-0.459127850301447
31.917	-9.7447	-4.6294	1.645
33.485	-9.167	-3.831	-0.585181167963132
25.634	-1.2253	0.94194	-0.628180198097622
37.105	-3.6061	-4.5524	-0.268976276929605
37.406	-4.0066	-3.9598	-0.0272576314661823
37.449	-6.7361	-1.3597	-0.61403917860707
36.89	-7.2192	-1.1222	-0.595475303956148
27.479	-1.1421	0.8687	-0.490847098762739
38.095	-4.4114	-3.0289	-0.474641426358326
28.418	-11.12	-3.9506	-0.724563248008129
37.359	-3.4721	-4.3656	-0.324868996389418
36.851	-6.8	-1.1773	0.352496301746466
35.042	-7.5012	-4.9165	-0.370475900471415
36.596	-8.2474	-2.108	-0.445933113757867
33.007	0.29962	-0.29684	-0.55372821987284
36.292	-2.6554	-4.4174	-0.31351732654333
35.74	-1.5646	-5.2828	1.57629831324365
34.309	-1.5814	-3.0886	-0.274783176420542
35.664	-1.6218	-5.105	0.924524349365793
25.296	-0.72466	1.6146	-0.245918133282762
34.952	-6.4194	-5.1862	-0.460315256134276
26.959	-11.641	-3.4896	-0.937781211162291
37.883	-2.6633	-2.9858	-0.585816077778318
34.893	-8.2576	-0.2879	-0.429074235227388
36.558	-3.477	-0.7264	-0.93108983468727
23.052	-12.064	-3.317	-1.04907277368288
35.298	-7.0473	-0.77197	-0.621071490008999
36.741	-6.2321	-0.25214	-0.6327301309287
36.949	-4.5689	-2.2549	-0.316744977075062
36.68	-3.1089	-0.80076	0.51726572825464
36.092	-7.0394	-3.7643	-0.583301297321547
36.271	-7.3453	-1.3238	-0.569171091822593
38.276	-5.2348	-2.0977	-0.511948600058212
38.074	-4.3028	-2.4632	-0.510439566815283
37.14	-3.9296	-2.3872	-0.385961499073263
31.359	1.2267	-0.79001	-0.245728113007588
36.187	-7.133	-0.64214	-0.10566461231721
33.381	-2.7503	-0.92077	-0.565242658219977
37.838	-3.7151	-3.567	-0.613207527016283
26.728	-2.4993	0.37058	-0.306767130669836
29.979	-11.824	-2.9049	-0.281599106958315
24.997	-0.66669	1.1359	-0.186126825068099
36.695	-8.3244	-3.4796	-0.653205202347244
34.224	-1.4421	-5.2872	0.919390646771892
37.184	-1.7013	-2.732	-0.121023556173669
29.945	-1.3699	-6.7296	-0.0885589003671976
37.491	-6.0219	-1.2997	0.766319352345075
26.909	2.6637	0.026832	0.303703814978187
32.516	-0.5129	-6.2823	-0.417971274373963
27.619	-11.723	-3.0238	-0.779950260446035
28.476	2.3052	-0.21928	1.645
37.268	-4.9914	-0.25184	-0.868757121156139
34.858	-0.90232	-5.1763	0.0340746890539021
36.383	-1.4084	-1.6501	-1.23772379623899
37.076	-4.767	-1.1442	-0.384328735774934
36.482	-1.3979	-3.6565	-0.288460438033673
38.285	-6.068	-1.6478	-0.149856533744147
38.305	-4.7921	-2.3396	-0.408679578399015
29.205	-1.0063	-6.6398	0.162980786269915
35.219	-2.1202	-1.3575	-0.836739086567657
36.018	-6.3323	-1.1371	-0.314784234399806
29.803	-10.77	-3.5859	-0.406587975585692
35.72	-8.5251	-3.5035	-0.343744413846345
38.265	-5.2641	-1.6418	1.645
36.466	-7.3544	-0.70317	-0.429327005152401
34.883	-4.4287	-1.5223	-0.365633848142965
27.103	-1.7895	0.51807	-0.349532910133055
35.54	-1.4891	-4.931	-0.42836821371051
36.811	-6.4165	0.35144	1.61219696701921
33.42	-1.847	-0.09335	-0.506924702382972
36.022	-5.6927	-0.69924	-0.343511139353047
36.272	-2.8487	-4.1937	-0.563659126611775
37.247	-6.3258	-0.74275	0.0700831014836267
37.348	-6.6439	-1.5268	-0.546789633821808
36.91	-3.242	-1.1441	-0.315845037059016
36.017	-3.9337	-0.15164	-0.60588710019671
36.16	-6.2388	-4.6065	-0.553450075357652
35.541	-0.99494	-3.919	-0.464245397098059
35.765	-2.3939	-5.2168	-0.224304309115737
37.016	-2.6871	-3.6991	1.645
32.301	0.83282	-1.4899	-0.921596632133363
36.577	-3.213	-5.146	0.267271561621028
31.616	-10.133	-3.0478	1.645
36.329	-1.779	-4.8389	0.540646446679489
37.061	-7.7577	-3.156	-0.142165202268085
36.311	-6.2684	-0.71261	-0.524760244200343
25.823	2.7506	-0.30933	-0.883689198841369
38.042	-4.4673	-2.5642	1.645
36.054	-7.6498	-0.76852	0.192028202933056
34.467	-0.7789	-5.5486	1.57060622624264
36.981	-6.4968	-1.3048	1.645
33.407	-9.7397	-3.9947	-0.23307467860383
33.231	0.16905	-5.6528	-0.00570104840474412
30.247	-10.532	-3.9948	-0.328418822068514
31.72	-0.96702	0.3544	0.379103164878085
35.408	-1.3801	-5.2085	-0.503325451818818
37.024	-6.2246	-3.3113	0.0726257314561008
36.429	-1.94	-1.5444	-0.450745751545723
34.29	-0.70505	-5.4116	1.645
36.937	-6.6664	-1.0888	0.156409745018603
37.474	-3.0541	-2.0965	-0.218446875063997
34.74	-1.4122	-5.6472	-0.516095473628063
24.495	-0.80438	1.506	-0.401916052111655
36.452	-2.8956	-0.53636	-0.335363879379895
29.891	1.399	-0.59674	1.07270843617529
28.764	-0.51537	-6.6424	-0.427774331447409
35.633	-2.7754	-0.42644	-0.276198146318566
14.631	-11.506	-3.6427	-0.0831664937749465
36.626	-5.7911	-1.2278	-0.263061969625953
28.812	1.5111	-0.18542	-0.767917536419955
36.601	-3.3263	-0.83788	1.51076695387067
29.985	-11.016	-3.6217	-0.188407891522223
31.621	1.471	-2.1952	-0.0216880406022693
36.503	-3.0435	-4.7703	-0.958447802936571
35.692	-8.8069	-1.7571	-0.626720264864559
27.558	-11.495	-3.2371	-0.495233089298694
31.359	1.133	-1.4757	0.371743613883262
29.747	1.7848	-0.64182	-0.666605484477713
34.672	-9.018	-2.7887	-0.152349650358703
36.996	-7.5551	-2.6668	-0.705946330960437
37.167	-6.6659	-1.13	-0.623545924749788
37.929	-6.679	-1.6821	-0.253622957907627
35.914	-2.1429	-5.1293	-0.380435930745177
35.959	-8.016	-1.3819	-0.449239596633664
36.537	-6.301	-1.1695	-0.523482714499218
17.539	-12.176	-3.6076	-0.468776008943106
29.6	1.593	-1.8446	0.0907140859192632
35.209	-0.0088546	-1.6024	0.481245630126137
34.108	-1.3907	0.43458	-0.697371477168446
35.965	-2.0548	-5.2201	-0.541523533324475
36.732	-7.2218	-0.73825	-0.328697044738088
36.787	-5.5935	-0.20183	1.645
37.445	-4.4388	-3.7318	-0.201049121274844
30.903	0.73487	-0.78254	-0.191137772325153
36.003	-7.4847	-0.98669	-0.383631781416771
37.129	-4.2692	-2.0975	-0.765034868428938
34.579	-9.3204	-3.3467	0.84890442499401
34.349	-1.3018	-5.8695	1.645
35.563	-2.7773	-0.24283	-0.984470447398935
35.139	-7.3104	-0.6746	-0.361225513600798
34.572	-0.91389	-5.3163	-0.342054365508399
36.718	-6.6751	-0.98773	-0.503365279595975
34.278	-8.7974	-3.7387	-0.443903376820115
31.329	-9.8618	-4.0712	-0.418108650770504
25.402	-11.378	-4.1255	-0.121042423950662
28.577	-1.9917	0.59004	-0.272737917198933
35.259	-0.56743	-3.8436	-0.36460690622932
33.845	-9.7813	-3.7695	0.172579572348533
37.69	-2.9721	-2.3396	0.50690474750525
37.028	-3.37	-4.176	1.645
33.454	-0.75361	-5.856	-0.436288342014936
30.771	-10.607	-3.8479	0.226741155799498
36.872	-7.3054	-1.1125	-0.531608048368984
32.044	-10.644	-3.7583	-0.536962913943296
36.381	-6.3235	-0.97449	-0.439644846915929
37.105	-2.5589	-3.5756	-0.380580804723068
35.886	-6.8034	-0.66589	-0.538085025654509
36.295	-7.3641	-1.1927	-0.0257679374281042
16.859	-12.177	-3.2421	-0.370112982673154
36.258	-3.1272	-2.1291	-0.289441493257104
35.477	-1.5291	-5.0441	-0.373248234297668
36.17	-7.445	-0.85062	0.142072586250386
36.316	-4.3292	-0.2157	-0.554316740804562
33.349	-0.35116	-2.0425	-0.783298321716374
29.141	-10.738	-4.3405	-0.255311844955347
36.67	-6.252	-0.26205	-1.13245902780421
36.008	-4.144	0.37998	-0.793286247271797
36.617	-3.1258	-4.9507	0.588626989281812
35.92	-6.9901	-0.49628	0.0664407738340171
33.708	-1.6614	0.33322	-0.527312200925529
37.488	-6.6095	-1.1444	1.19427946731303
28.835	-0.9672	-6.622	-0.580324527549004
31.224	0.17342	-5.7504	-0.757238120373127
27.399	1.8644	0.060854	-0.720537617540351
36.492	-7.4624	-0.46387	-0.71957998864287
36.996	-7.5969	-1.0678	-0.83898380967397
28.015	-11.269	-3.5031	0.271682316586064
27.04	-0.27364	-6.8262	-0.533045460897545
32.99	-8.9546	-0.21807	-0.269298751452757
36.261	-6.8152	-1.5389	-0.432891650827225
36.331	-7.1059	-0.41523	-0.304451881517845
28.073	-11.668	-3.1194	1.13538597866571
36.922	-6.114	-0.78434	-0.254574323206228
32.649	-1.5728	0.16861	0.343183314948445
37.508	-3.0489	-2.1855	-0.300150861265172
27.815	-0.57083	-6.707	0.59920203513418
22.13	-12.369	-2.9595	-0.0471976225795874
36.383	-2.5713	-5.1106	1.645
25.93	-1.2025	0.87789	-0.491993632663884
36.676	-4.9225	-0.54227	-0.440950445874048
35.832	-1.7551	-5.3572	-0.130011579852538
35.983	-6.7157	-0.25748	-0.679301198103169
34.841	-1.1825	-5.6789	-0.379936871273258
36.038	-5.389	-5.311	1.44942088846667
37.144	-2.5994	-2.8073	0.361561600502509
36.514	-2.8311	-4.6458	0.770284880067478
34.85	-8.5722	-4.0191	-0.5569727907987
36.022	-6.828	-0.57731	-0.464203138269135
37.013	-1.3675	-2.5758	0.259573538252726
26.736	2.6919	-0.6298	-0.627142064685522
37.89	-3.3009	-2.8666	-0.504833398632233
37.493	-3.1652	-4.0554	-0.0271694966022389
37.348	-4.3808	-3.4643	-0.579965702664183
36.163	-7.092	-0.771	-0.580128954372833
37.734	-5.9544	-4.0513	-0.800797983816081
37.744	-4.8284	-2.8158	0.957129082420714
38.1	-6.0953	-1.2467	-1.03967988520026
29.683	2.3099	-1.5653	-0.227938874195833
34.574	-3.6874	0.49795	-0.476484281144984
36.998	-6.8792	-0.55387	0.157201263149258
38.032	-3.8433	-2.5224	0.143387860244738
24.371	-1.4143	1.2245	1.645
27.506	2.6504	-0.70193	-0.130334867480815
24.368	3.7988	0.25655	-0.0996410120687133
37.487	-6.2291	-1.7669	-0.572452291726115
36.92	-5.8143	-0.62305	-0.660795532557287
34.532	-1.6199	-5.9276	0.879608239830248
31.902	-10.188	-3.1425	-0.225057278433607
35.045	-8.4451	-3.0206	-0.663324815786839
36.345	-2.7504	-1.3676	-0.859560315059836
36.349	-7.9935	-1.5244	-0.31622869950094
37.737	-6.611	-1.2513	-0.117291754737502
37.23	-3.1353	-2.1204	-0.227858257118274
33.853	-7.9412	-4.2012	-0.314508415736464
37.21	-7.0648	-0.9211	1.15842090500407
36.693	-6.5135	-1.0092	0.711914367218924
36.444	-7.3508	-0.80357	-0.597471801049942
36.107	-8.3833	-3.8955	-0.230266352093517
30.4	-10.876	-4.4696	-0.568807256718186
37.568	-3.1113	-4.1591	-0.233623741880097
37.401	-2.788	-4.0256	-0.197037017492658
26.104	2.9775	0.38525	-0.42592133250024
32.13	-10.432	-3.3767	0.627591120400258
28.169	-10.539	-4.4468	-0.582559829236374
34.889	-7.5416	-4.5362	-0.446705647482774
36.754	-3.0007	-4.6999	-0.730693761037635
29.63	-0.92416	-6.7941	-0.262908729295387
35.947	-7.6318	-0.92707	-0.604924067133383
37.294	-5.8666	-0.45628	-0.457109053798253
28.368	-0.59665	-6.7559	-0.75243116135053
30.178	1.4558	-0.55411	-0.240974172091845
25.14	-11.017	-4.1427	-0.308398724954816
36.424	-7.281	-0.91605	-0.300611686859148
36.349	-7.4662	-1.0629	-0.540902475249068
36.177	-1.3727	-4.7834	-0.430679620180627
35.881	-1.4853	-5.1216	1.645
30.909	-10.532	-3.6165	-0.804796086556512
28.68	-0.5989	-6.5866	0.524857177270943
36.673	-7.7313	-1.7312	1.49673102410012
37.905	-5.2701	-3.6581	-0.686827474835801
32.65	-0.74971	-6.2361	0.183522009906815
31.849	-10.422	-3.1593	-0.350859565917877
32.833	-9.925	-3.8629	-0.873773876702123
35.702	-1.5553	-5.3066	-0.708349319394485
38.056	-6.0844	-2.1369	-0.694441633591554
32.167	-10.434	-3.3169	0.0988927540689618
28.796	2.6423	-1.0447	-0.547632210287963
35.642	-2.2581	-5.5624	-0.14579700184595
38.149	-5.5533	-1.2842	-0.796352886050069
31.698	-1.481	-6.3148	-0.144271362593544
36.164	-7.808	-2.0116	-0.582221977638673
24.401	-1.0807	0.94528	-0.621936981145211
37.998	-6.5588	-1.1578	-0.575990737166322
36.433	-4.7672	-1.4114	-0.29564163683772
37.732	-3.9914	-1.8724	0.426105615339665
32.421	-9.9028	-3.8736	-0.362563068757263
25.063	2.6942	0.50611	-0.243709130613495
36.439	-2.5243	-2.1194	-0.413887768980967
36.414	-2.6558	-5.1461	1.645
38.29	-5.6387	-2.4153	-0.511401331860409
37.878	-4.0903	-2.2179	0.462342116155302
19.483	-12.108	-3.7965	-0.773429627656264
36.868	-7.3659	-3.4925	1.645
31.074	0.26967	-6.3372	1.645
35.311	-1.2939	-5.3454	-0.738012121564287
33.741	-1.9733	-5.4226	-0.410526832298247
35.365	-1.0409	-4.4356	-0.653656511583885
37.373	-6.9962	-0.69014	-0.488605208098981
36.358	-3.1915	-4.9347	-0.618397720570735
37.326	-5.6839	-4.4112	1.645
37.264	-6.7331	-1.3042	-0.695012159227815
38.43	-6.1105	-2.4777	-0.602778768208682
36.99	-7.0988	-1.0916	-0.307196208198383
37.412	-6.2447	-2.696	-0.428333243761885
26.332	2.8248	-0.26543	-0.451437823585615
32.123	0.60269	-0.86491	-0.762416147357513
35.576	-2.7145	-1.1661	-0.613685515450308
24.414	-12.142	-3.2013	-0.14544376468217
27.474	-0.29098	-6.7196	-0.413811079173486
27.474	2.3031	-0.87242	1.62466794234387
27.895	2.1727	-0.70999	-0.472420455976156
35.269	-8.6907	-0.96378	-0.868358575509322
28.759	-11.084	-4.2342	-0.66864721214451
36.409	-6.576	-1.957	-0.185000900026753
31.873	1.1603	-1.4668	-1.0522397082631
31.208	-10.341	-3.9103	-0.922606282047222
34.409	-9.3628	-3.4874	-0.660344880644792
34.541	-2.8555	-1.6681	-0.585486687334366
27.991	-1.7102	0.46544	-0.126365391284957
33.753	-9.4761	-3.5559	1.58797268435948
32.951	-2.1329	0.73755	-0.472213906463819
36.366	-7.7739	-1.273	-0.792173986353396
36.787	-3.2912	-4.7881	-0.720588060606092
27.184	-1.4529	0.40133	-0.180866729315714
16.546	-12.122	-3.0507	-0.544143656051731
38.053	-4.9272	-3.8114	-0.590336104496303
37.393	-6.592	-1.4972	-0.449190175547096
29.467	-10.775	-3.9691	-0.469905873761035
36.763	-2.5223	-2.4664	0.433808889998208
35.043	-1.2339	-5.4064	-0.201550302039623
36.013	-5.2962	-5.2194	-0.494829016309192
27.83	-11.511	-3.6894	1.645
36.077	-2.6253	-4.9514	-0.548938946713025
37.422	-3.4628	-2.3274	-0.396639231074298
35.784	-2.114	-0.96068	-0.496040074692296
35.129	-7.3311	-0.43908	-0.513364006674374
26.788	-1.3344	0.7076	-0.416889508925696
27.676	-0.63697	-6.9622	-0.540637667848165
36.06	-7.5642	-0.4854	-0.770127913432357
31.258	-10.897	-3.3516	-1.06188227308195
36.437	-3.6993	-4.3082	-0.389410393549074
38.099	-4.1749	-2.0066	-0.852401868610042
30.639	-1.4277	-6.4224	-0.601704582251116
28.402	1.6858	-0.84161	-0.529489253115576
37.127	-6.706	-1.4274	0.323745362352601
36.613	-3.0796	-0.94265	-0.10983246307038
31.935	-9.6442	-3.1092	1.30208019880793
36.237	-7.9567	-0.56517	-0.0830392114728936
35.733	-1.9219	-0.14499	0.229320859344186
36.836	-2.003	-4.5542	0.913650737315277
36.699	-4.6467	0.089536	-0.341598806870058
34.387	-0.70831	-5.5504	-1.1327069130845
34.963	-0.91573	-4.2992	-0.264240047463278
34.005	-0.32428	-5.4688	-0.557607911849969
22.895	-11.764	-3.655	-0.401068191891952
33.506	-8.587	-3.743	0.897138444609988
36.115	-2.5821	-0.79798	-0.39149770609436
37.662	-2.5526	-3.9957	-0.611284260696685
36.105	-7.5793	-1.0388	-0.379380473611312
37.221	-6.042	-1.2144	-0.916444848161266
35.937	-7.7764	-1.2843	-0.405007864426187
31.012	0.82625	-1.0063	-0.641694836985527
24.003	0.13853	1.4663	-0.367435436527239
35.873	-6.1718	0.076158	-0.770345354572523
37.485	-6.3438	-1.5371	-0.39616593370662
36.956	-3.2025	-4.4751	-0.471844199151989
35.735	-6.5504	-5.0381	-0.551207353755487
37.46	-4.4038	-1.0835	0.579727558334073
27.737	-11.284	-3.2202	-0.569429139317371
35.521	-7.0953	-0.81215	0.268319726448224
36.744	-6.6862	-0.47204	-0.432931612825979
36.12	-6.1442	-0.35725	-0.354016773947617
35.332	-3.4379	0.25797	0.0653994560727156
36.78	-7.3321	-1.024	-0.559645952113882
34.878	-7.421	-4.5206	1.645
37.285	-3.4399	-4.4883	-0.557773285076384
24.869	-11.715	-3.337	-0.604252064074869
34.219	-0.7002	-5.219	-0.564886072718469
29.769	-1.6298	0.65782	0.957755372742979
37.034	-2.7736	-2.7544	-0.255191889360027
34.523	-6.4037	-5.2684	-0.773658101560721
37.27	-6.2276	-1.1357	-0.554389682633668
37.22	-6.5674	-1.1292	-0.222063539046684
37.769	-5.0176	-1.871	-0.623511745942024
35.874	-8.6177	-1.8043	0.759527336957186
31.294	-7.8077	-4.7166	-0.128506131446305
37.289	-5.8562	-1.1742	-0.881395770070749
36.926	-6.1455	-1.226	-0.402984773962586
35.83	-8.0329	-0.94709	-0.386332594930518
36.946	-7.765	-1.2246	-0.708072876290376
38.515	-5.1784	-2.2231	1.11037124671706
37.809	-7.1081	-3.5919	-0.261144293729643
37.587	-5.2175	-1.004	-0.105172009242565
27.032	-11.414	-3.9168	-0.281673958310236
38.155	-4.6891	-2.4946	-0.147540474777252
38.041	-6.1191	-1.0396	-0.213180935690658
36.711	-5.4696	-0.059321	1.645
35.647	-8.0758	-4.3618	-0.407956052495136
29.712	-0.9678	-6.7499	1.25947255461148
37.918	-7.0786	-3.0856	-1.26044807440343
36.57	-1.9504	-4.6956	-0.947176289563934
37.13	-3.482	-3.5833	1.645
35.879	-1.4706	-5.0897	-1.25043298877732
36.147	-2.2079	-4.9607	-0.668140914526004
37.907	-5.6622	-1.514	-0.384911751302729
35.498	-8.087	-2.6598	-0.418859813120562
37.216	-7.7869	-1.3901	0.974252623823579
22.237	-11.81	-3.5527	-0.219999047930323
35.131	-9.2436	-3.3567	-0.868686662898821
38.365	-5.7093	-3.163	-0.735985266462685
36.026	-2.1342	-5.1439	-0.669479208995518
37.82	-7.0502	-1.9993	-0.452221252243885
36.889	-6.3605	-0.64418	-0.662605658235312
35.662	-6.8765	-0.14067	0.116863188243195
37.709	-3.5095	-2.5169	1.645
35.503	-6.2815	0.51715	-0.103823386894878
37.434	-3.8318	-1.858	1.645
37.548	-3.7864	-2.5541	1.645
37.007	-3.2381	-4.6457	-0.459346349516147
29.709	-1.2098	-6.7267	-0.894826753694911
37.151	-6.3028	-0.5405	-0.601434294484441
27.464	-11.751	-2.8039	-0.363916966422682
33.377	-10.479	-2.644	-0.945019408320946
27.534	-0.34665	-6.4868	-0.626001137927449
36.932	-2.2441	-4.676	-0.594806901123749
37.077	-7.9142	-1.4075	-0.337477264049563
37.827	-3.3669	-2.5679	1.645
36.325	-6.6188	-4.8643	-0.546800234410669
34.364	-0.084456	-4.3062	-0.382392689531177
37.519	-7.3869	-2.6661	-0.710970934941047
28.783	-1.1034	-6.5278	-0.421779917254203
32.857	-1.747	1.0811	-0.389066932794766
37.494	-5.8069	-1.0089	0.103494961232527
29.642	-1.2463	-6.7948	1.31248073765341
