36.39	-6.9544	-0.46647	-0.76871653827544
21.749	-12.082	-3.1072	1.03374638059615
35.773	-7.8802	-0.81617	-0.736546154669486
37.418	-2.9354	-2.5082	-0.231846312908769
35.352	-7.529	-3.7597	-0.0409875929607687
37.343	-6.62	-3.3463	-0.162118247406381
35.927	-7.6408	-0.39627	-1.18152583406475
30.623	-10.628	-2.3359	-0.911529129878514
36.197	-2.5887	-0.88178	1.645
36.902	-7.0363	-0.65284	1.645
36.91	-3.242	-1.1441	-0.629955216648677
38.35	-4.2938	-3.138	-0.473059128911027
33.103	-10.306	-3.7632	-0.833192621978393
36.927	-6.6277	-0.54409	0.667042600240174
35.913	-7.6121	-0.87189	-0.768871508993463
32.301	0.83282	-1.4899	-0.957103487195199
31.309	1.3203	-2.1248	-0.954126674931337
36.767	-7.3284	-1.2693	-1.07340264072469
35.866	-3.3966	-1.9231	0.569065220400498
27.673	-11.413	-4.0307	-1.17282521808994
35.159	-1.6508	-5.7185	-0.520848453154911
31.683	-1.2044	1.0754	1.645
35.249	-6.5454	-5.549	1.645
35.366	-1.8119	-5.5672	-0.967602269228042
25.941	-0.49807	1.7601	-0.518066192421578
25.296	-0.72466	1.6146	0.209971116128856
35.209	-0.0088546	-1.6024	0.0867856628438979
30.558	0.84485	-0.90212	0.302199315042176
36.734	-4.8522	-4.9762	-0.378670737447967
36.828	-7.5118	-1.7764	0.434138133440149
34.875	-7.5634	-0.67985	-0.943428138602539
38.241	-4.5629	-4.0563	0.963584391161973
34.721	-8.3715	-4.579	1.645
36.716	-1.7406	-3.0904	-0.545941049675277
37.449	-6.7361	-1.3597	1.16397767807033
36.221	-2.9564	-0.61513	-0.455367699008036
35.35	-9.2134	-2.9742	-0.0878275551139229
35.863	-2.4069	-2.5622	1.645
37.065	-7.2034	-1.1197	0.0803123485112612
37.548	-3.7864	-2.5541	1.40845977838047
33.506	-8.587	-3.743	-0.629657875640156
27.402	2.3625	-0.79184	-1.35114787569529
37.59	-3.4846	-3.6459	-0.588517172682058
34.619	-5.6944	-5.4814	0.975993127804962
37.136	-6.9179	-0.88602	-0.597714911950972
36.829	-3.054	-4.6771	-0.213192976205718
32.196	-1.6907	0.61627	1.1696243402415
37.41	-6.4188	-0.83121	0.723497701904602
24.495	-0.80438	1.506	-0.776898612102381
36.545	-7.0306	-0.54223	-0.606956922565711
37.14	-3.9296	-2.3872	-0.26827403804693
37.957	-5.771	-1.0749	-0.474489514887177
34.929	-9.3154	-3.3453	1.10676812890457
37.14	-4.964	-4.1295	-0.701645419334184
25.634	-1.2253	0.94194	-0.42868198644612
35.308	-9.5027	-2.4343	-1.03058570143961
34.74	-1.4122	-5.6472	0.549150398425142
34.288	-1.2429	-5.9811	0.378387542426889
37.081	-2.2684	-3.7777	1.30309172643239
30.542	1.6715	-0.25718	-0.660499692423095
34.236	-10.016	-2.8261	1.645
36.52	-7.3394	-3.0192	-1.40314997394074
37.26	-1.8777	-3.7953	-0.00737077083586978
36.38	-6.6055	-0.06572	-0.364715575001651
34.624	-9.1756	-3.8766	0.117940041003296
36.321	-3.9637	-0.27042	1.00686230387813
37.667	-3.3869	-1.5302	-0.735257459409705
37.937	-4.7004	-4.0766	1.60780091069772
35.295	-7.3557	-2.6164	1.645
37.707	-3.9647	-4.055	0.625737490268051
31.782	-10.612	-2.5976	-0.0671466273187494
34.532	-1.6199	-5.9276	0.0394647972841321
35.502	-5.9782	-1.6541	1.42833413566324
36.366	-7.7739	-1.273	-0.39412545163085
36.761	-4.0431	-2.5386	-0.66548230362542
36.492	-7.1408	-1.0361	1.1214788459093
37.505	-6.6685	-2.6847	1.645
29.049	2.1374	-1.2587	-0.311953265045521
36.546	-7.4554	-1.1895	-0.939215635934597
26.97	-0.27744	-6.7405	-0.553146801959055
35.592	-6.7005	-0.93449	1.645
27.649	-11.462	-3.5438	-0.529444844500294
25.277	-1.3055	1.488	0.0194520025059456
35.832	-1.7551	-5.3572	0.497940330805445
27.77	-11.555	-3.6482	-0.91124404105055
36.334	-6.388	-0.29077	-0.417450598230518
36.944	-6.5048	0.15745	-0.611419382352906
36.24	-2.3286	-1.4169	0.377405901006444
34.219	-0.7002	-5.219	-1.15129779285867
34.789	-7.3388	-0.54573	-0.574470966112425
34.92	-2.181	-0.95545	-0.811921159333316
33.448	-0.77411	0.15523	-0.350176890097756
37.23	-3.1353	-2.1204	-1.22329934500586
36.624	-2.5872	-4.7152	-0.552526183401173
38.028	-3.372	-3.8422	-0.0711316485329948
38.435	-6.2835	-2.839	0.0588168932773367
35.011	-9.3326	-3.6961	-0.165887397649393
35.222	-7.552	-0.12993	-0.568226629815456
35.262	-6.5396	-0.11959	1.645
36.883	-3.2841	-4.7561	-1.02613360376876
36.19	-1.7172	-3.5639	0.126128018677124
33.331	-0.8698	-4.6621	0.771360344410491
33.871	-0.68123	-5.6772	-0.593507948676233
37.055	-7.808	-1.365	-0.894744514038938
35.936	-1.5523	-5.1143	0.850401594582304
37.167	-6.6659	-1.13	-1.49997531552152
34.192	-8.3314	-3.5638	-0.056249858792625
36.745	-7.1831	-2.3689	-0.0731864084864348
34.309	-1.5814	-3.0886	-0.777947455336407
29.454	-1.0348	-6.7118	0.858343266849533
35.992	-6.343	-0.027214	-0.744093187596254
31.845	1.0033	-1.1008	-1.37978678091094
37.769	-5.0176	-1.871	-0.317030822146944
35.556	-2.9167	-0.96308	-1.28784527176073
37.029	-6.5279	-1.0449	-0.54776893435567
37.578	-6.9156	-1.9975	0.72430228508004
35.209	-2.4738	-5.3197	1.645
35.78	-6.7263	-1.6317	-0.455381888104369
37.295	-4.7406	-4.9434	1.32028665382771
32.325	-6.7771	-5.2843	-0.112984581351896
26.075	-11.349	-3.6326	-1.645
36.819	-2.209	-4.6629	-1.645
36.671	-6.1766	-4.2952	1.08893082341539
30.682	1.0168	-1.2092	-0.6453350448094
36.599	-6.6278	-0.62335	0.218323647047092
37.484	-2.9589	-2.2054	-0.876730034253268
34.549	-0.84299	-5.6394	1.645
37.702	-3.2554	-2.2478	-0.705646685139437
30.214	-10.125	-4.3742	-1.22762598617233
36.026	-6.626	-0.1023	0.0261156461256328
36.27	-3.1772	-4.7845	0.200867412914155
34.095	-9.7839	-3.228	1.26670774795896
35.726	-3.108	-0.29894	0.840748708584791
35.136	-0.6424	-1.0237	-0.721434854793633
37.023	-7.7618	-3.0738	0.141720727508456
36.772	-2.0808	-3.8427	-0.824322427149857
34.572	-0.91389	-5.3163	-0.286908785849481
27.664	-10.9	-3.9195	-0.930599768130408
25.499	-1.9116	0.89186	-0.33918398556815
36.51	-6.2637	-0.54518	-0.749543766732553
28.187	-2.0153	0.64751	-0.0987109717960977
37.364	-6.6113	-2.4395	-0.241367092239618
31.148	1.1191	-1.7657	-0.475291040402423
33.708	-1.6614	0.33322	-1.09618448268669
37.508	-7.0244	-1.8393	-0.651845554975947
35.913	-3.5353	-0.26692	0.813696054208212
36.473	-1.6404	-4.767	0.418741038165674
27.464	-11.751	-2.8039	-0.270437143319305
28.696	-0.68077	-6.8741	0.00337943381450618
25.232	-11.836	-3.4376	-0.516482742084637
37.103	-6.7509	-1.4273	0.255806348608418
33.073	-10.383	-3.0347	0.479571187632485
38.3	-5.7317	-1.6831	0.260296629603633
12.655	-12.024	-3.1062	1.56819264472106
33.548	-1.5978	0.067007	-0.585390549114561
34.878	-7.421	-4.5206	-0.674576683225242
36.562	-7.8558	-2.4601	-1.21558955585915
35.119	-8.7121	-3.9509	-1.26464712222378
31.65	0.84958	-1.5053	-0.343233271464764
27.568	-0.41487	-6.818	-0.334146495667768
37.028	-3.37	-4.176	0.548854422221484
37.474	-3.0541	-2.0965	-0.42926860562637
37.231	-3.9099	-4.7721	-0.821582593294859
27.184	-1.4529	0.40133	-0.260256066293489
33.339	-3.0923	-1.8954	1.1666948497551
29.674	1.9213	-1.1953	-0.153988838303966
35.159	-8.7272	-4.1003	0.229287465791266
32.677	-8.7274	-4.1685	-0.784526560049961
36.53	-7.222	-1.5122	-1.00221552005809
38.305	-4.7921	-2.3396	-0.075328442578088
36.442	-8.308	-1.1302	-1.12904140135336
38.265	-6.0586	-2.7998	1.645
38.056	-5.1676	-2.5888	-0.288714487303503
34.051	-7.057	-4.9855	-0.70822899916463
26.906	2.3831	-0.26394	-0.191922013971726
35.947	-7.6318	-0.92707	0.473599651023525
36.67	-6.0862	-0.60603	1.645
31.384	-10.126	-3.673	-0.382405879571988
36.82	-6.8749	-0.3813	-1.0157432019526
29.893	-1.3723	-6.5831	1.645
35.452	-7.5059	-1.1164	0.215224779375131
37.721	-2.718	-3.5393	1.645
36.986	-3.4192	-4.8641	1.645
36.872	-6.6326	-0.5159	-0.974333209519926
31.828	1.1086	-2.2523	-1.0422804534023
33.652	-9.6058	-2.9365	-0.626562668001362
28.656	-0.89458	-6.9293	1.645
30.361	0.79431	-0.83387	-0.492272655892244
34.583	-9.2741	-3.2361	-1.06661531599836
35.665	-1.1446	-3.4708	-0.711067202784426
36.454	-6.533	0.32032	-0.67937662501845
34.705	-0.88028	-5.109	1.645
37.264	-6.0234	-0.95589	-1.24873361457919
36.947	-6.3535	-1.4057	-0.448388320742797
35.071	-9.1648	-1.7033	1.645
35.417	-9.3933	-3.2228	-1.3309720141147
37.275	-3.0113	-4.2995	-0.768859157579181
36.459	-2.2777	-4.9212	0.119392741363163
37.908	-5.4849	-2.8675	-0.998682024907369
36.663	-3.1631	-0.3802	1.645
24.667	-11.97	-3.4268	0.567883092433103
37.199	-1.6237	-2.4917	-0.0864863650528233
29.504	-10.993	-3.853	-0.463302084535433
35.107	-0.70271	-4.7009	-0.192639401800161
36.044	-8.7182	-2.4083	0.244480680543599
36.741	-6.3389	-1.159	0.916643546362691
33.756	0.78472	-3.7174	-0.526510731748926
33.716	-7.4941	-2.944	-0.883062078564274
33.728	-7.5046	-4.2941	-0.551051072563552
34.467	-0.7789	-5.5486	-0.205801313125344
35.769	-1.1302	-4.9338	0.648606425527882
26.98	-11.301	-3.1408	-0.619172261619468
35.159	-5.0452	-1.1061	-0.281095123875599
37.236	-5.8353	-2.0778	-0.586535799102228
37.795	-6.7263	-1.3088	0.466477861941429
24.368	3.7988	0.25655	-0.475181501189283
34.186	-2.9176	0.81454	-1.03744635625198
36.897	-3.6054	-4.7352	-0.481920755067715
36.023	-3.1128	-0.9772	-0.183999903588112
36.105	-7.5793	-1.0388	-0.00740639493121696
33.492	-9.8817	-3.9009	0.0131453809356508
31.972	-10.291	-4.3015	-0.443033388135015
37.487	-6.2291	-1.7669	-0.283333507341394
37.745	-6.0125	-2.6235	-0.274134249956424
28.725	1.7036	-0.72164	-1.0805504225585
31.478	0.98321	-0.87069	-0.781743669693881
34.119	-1.5572	-3.3554	0.396345856672094
36.759	-7.1446	-0.57465	0.523591467182866
38.418	-4.7373	-1.7362	0.653405457838369
30.989	1.3364	-1.2695	0.719927790509828
36.115	-2.5821	-0.79798	-0.469107266191075
27.416	-11.642	-3.608	-0.072256711786621
35.311	-1.2939	-5.3454	0.0309812484838175
13.152	-11.939	-3.2046	-1.01863230281687
35.228	-2.001	-3.9949	1.06728328359642
37.126	-1.7498	-4.0023	-0.999991548761779
35.993	-7.0808	-1.3785	-0.482877869499074
36.613	-7.0288	-0.34779	0.942130574909125
27.938	-0.14693	-6.4389	-0.894003598428964
37.742	-3.366	-3.0438	1.645
35.464	-9.2253	-3.2972	-0.204755214902454
36.719	-7.5573	-3.667	-0.535775217044129
31.917	-9.7447	-4.6294	-0.690239798290859
35.228	-8.4952	-3.2171	-0.467463292354603
36.514	-8.5327	-2.2652	0.424329111719102
33.449	-0.6842	-5.706	1.47671812071916
36.863	-4.6665	-0.57369	-0.241950482962303
35.484	-8.9282	-1.9391	1.645
28.168	-0.41404	-6.7192	0.843578882417335
38.018	-6.5426	-1.8973	0.802561224563543
34.882	-6.9392	-0.59267	-0.346616903500028
36.732	-2.5374	-4.5019	1.20090852817487
34.744	-7.6455	-4.2175	-0.00106401089761299
38.398	-5.8134	-1.1318	-0.810570402549921
34.364	-0.084456	-4.3062	-0.735383481428539
36.981	-6.4968	-1.3048	1.645
37.439	-7.1052	-1.3532	1.37015842800406
37.872	-6.6212	-3.506	0.645286902759068
34.114	-0.95412	-5.5611	1.645
35.131	-9.2436	-3.3567	1.645
27.177	-2.3797	0.14023	-1.06268454129328
35.336	-1.5855	-5.3664	-0.329691789882618
36.034	-7.4432	-0.97491	-0.510950993780132
34.398	-1.8175	-6.1834	1.14745771274204
38.285	-6.068	-1.6478	0.560608078343875
37.946	-3.4073	-2.4633	-1.645
36.452	-2.8956	-0.53636	0.0153825770158004
37.27	-6.4269	-1.0324	-0.385174104854215
37.283	-5.6156	0.019012	0.00914056499976998
32.99	-8.9546	-0.21807	-0.680481493936722
35.043	-1.2339	-5.4064	-1.44863038333881
35.653	-8.8056	-2.0148	-0.649999145593647
37.827	-3.3669	-2.5679	-1.13518493219706
28.019	-0.25125	-6.6692	-0.347714581567788
33.204	0.41913	-3.6203	0.815161469030288
28.639	-1.7463	0.11451	-0.602066555269845
37.711	-5.9719	-3.357	-0.406076709940986
29.757	-0.67542	-6.5392	0.60576598710208
37.923	-3.705	-3.5402	-0.324195448311746
35.261	-1.5128	-5.0484	-0.865474971735493
35.771	-6.6465	-1.0204	-0.965185757106974
34.719	-0.76652	-0.38087	-1.55776223476006
33.647	-9.5361	-2.9473	0.365769673829886
18.476	-11.922	-3.6567	-0.247295459608003
35.052	-2.3438	-0.25459	0.446531238322848
35.815	-7.8946	-0.37288	-0.400922444405022
35.727	-1.6297	-5.1851	-0.38761572469396
26.628	-11.465	-3.5706	1.3256633071275
36.596	-8.2474	-2.108	-0.763681206395838
37.3	-4.165	-1.6175	-0.294413793373612
35.94	-8.616	-2.4003	1.23671774486508
19.144	-11.629	-3.5846	-0.938026610924947
36.961	-6.9266	-1.1732	-0.0423576834182663
35.031	-0.73919	-5.3013	-0.021798091115954
34.091	-7.9047	-4.067	-0.129056865933146
34.45	-9.2067	-3.1109	0.484248183306185
29.42	-11.225	-3.3753	-0.854473169926569
36.049	-2.8343	-0.31658	0.0396325538590059
35.802	-9.2502	-3.1529	1.645
33.908	-0.57427	-1.1263	-0.111314876846868
31.151	-10.386	-3.707	0.653735538717223
36.149	-3.6882	-0.088772	-0.370293256568635
36.433	-4.7672	-1.4114	-0.920384127632766
26.877	2.3493	0.26303	-0.280680029452237
32.89	0.72047	-2.1587	-1.07963471946372
36.233	-7.5856	-0.90686	-0.655598897586887
37.038	-4.3294	-1.0892	-0.958173604163882
25.402	-11.378	-4.1255	-0.833802288481883
34.348	-1.5875	-5.124	-0.682277417557342
37.109	-7.0105	-0.90472	0.824891650287158
24.995	-12.011	-3.4335	-1.16083186986353
38.371	-4.863	-2.051	-0.633634353920175
25.809	-11.625	-3.7767	-0.921037118884547
37.173	-2.6245	-3.9132	-0.0947329799718745
26.736	2.6919	-0.6298	-0.43755604309845
36.636	-8.1869	-3.6598	-0.0307137578253425
32.123	0.60269	-0.86491	-0.43574402381148
33.607	-1.7542	0.66326	1.645
22.571	-0.57713	1.5151	0.586925020278333
36.409	-6.4671	-0.54685	-1.13745179235472
37.436	-2.0099	-3.387	0.648620588478967
36.437	-3.6993	-4.3082	-1.04364038016173
33.231	0.16905	-5.6528	0.130452016001921
29.709	-10.969	-3.9119	-0.928677264196623
36.379	-3.7123	-1.4074	-0.628044868991359
36.229	-7.0194	-0.57746	-0.899161496865519
33.85	-8.5339	-4.1833	-0.468439630402359
38.041	-6.1191	-1.0396	1.645
37.061	-7.7577	-3.156	-0.869758815590197
30.821	-10.653	-3.8519	-0.823870394103057
33.092	-2.3509	-0.10809	0.94272322243651
36.682	-6.2436	-0.22291	0.120441373528721
37.71	-3.7762	-3.6003	-1.01549255312578
36.573	-8.3132	-1.1099	-0.185848734378013
37.832	-5.746	-1.2789	0.245638980060964
35.233	-1.7225	-5.4094	1.645
37.148	-5.3387	-0.68234	-0.289160461783887
37.348	-6.6439	-1.5268	-1.03112297825753
36.054	-7.6498	-0.76852	-0.829435493632983
34.944	-8.9841	-4.1297	-0.547299588218073
35.137	-7.474	-0.47603	-0.82587355139389
28.89	2.0927	-0.92713	0.0959051917937839
33.226	-8.1007	-3.0252	-0.24717831218014
35.129	-7.3311	-0.43908	-0.4672288972656
36.272	-2.8487	-4.1937	1.01837699929167
37.322	-7.6218	-1.4826	-1.53146750824083
37.059	-7.1464	-0.47755	-0.548088943719745
28.133	-11.456	-3.6026	0.00834239090417959
36.79	-1.1179	-1.9369	0.782383455345448
36.436	-7.5013	-0.96146	-1.11629442281643
37.568	-3.1113	-4.1591	0.314850217123426
37.103	-6.8195	-0.88503	-0.945349967267632
35.141	-7.3093	-1.8385	1.29911124271247
37.316	-6.1483	-0.43037	-0.982920815594073
32.963	-0.82231	0.13576	1.645
36.89	-7.2192	-1.1222	-1.075700523599
36.038	-0.75241	-2.4819	-0.416085461417818
37.149	-6.3657	-1.3475	-1.14896517275764
37.508	-3.0489	-2.1855	0.160989912785966
32.951	-2.1329	0.73755	-0.35680549258045
35.269	-8.6907	-0.96378	1.38944759840136
36.747	-2.8716	-4.7368	-1.07128281909725
34.201	-6.8832	-5.1613	1.32112812074696
33.493	-0.10664	-5.5756	1.03022010658859
34.187	-1.4715	-5.6999	-0.0484623267470944
33.996	-0.50546	-3.2843	-0.796006134432811
38.099	-4.1749	-2.0066	-0.0140376542832364
30.039	-10.6	-3.9322	0.353850359158483
36.131	-6.7703	-0.6249	1.00864697901786
36.139	-7.2369	-0.64364	-0.934015991684393
37.648	-2.9954	-2.6871	-0.659940683091563
36.088	-6.6977	-0.52185	-1.07436650160583
38.043	-4.5569	-3.3936	-0.375941013599454
36.099	-7.3386	-0.73775	-1.12996520366253
34.523	-6.4037	-5.2684	-0.807286895640517
24.948	-1.1145	1.1193	-1.3747219647457
38.137	-5.8416	-1.5113	1.01253258570322
36.539	-6.8839	-1.4043	0.801225245430257
36.295	-7.3641	-1.1927	-0.470043341777157
36.329	-1.779	-4.8389	-0.296510975204846
38.171	-4.4907	-2.327	0.553975382474094
35.933	-6.8829	-0.44488	-1.25874584620815
31.452	-9.1478	-3.2273	-0.512274435406063
37.97	-6.9158	-1.8538	-0.231709746767757
21.515	-0.27706	1.74	-0.783731843243903
37.105	-3.6061	-4.5524	0.109143539623264
37.55	-2.3992	-4.0514	-0.499519056210567
32.421	-9.9028	-3.8736	-0.786364592136679
32.521	-10.366	-3.3013	-0.936400144314122
27.563	-1.7829	0.9933	-0.498285372863391
34.882	-7.8087	-4.7386	0.590228034347926
36.607	-2.9684	-1.1872	-0.248275100795957
34.807	-9.2413	-0.70097	0.362902813641112
37.929	-6.679	-1.6821	-0.909228844656458
36.904	-6.9214	-1.6942	-1.23800537437838
35.298	-7.0473	-0.77197	-1.09146132990673
37.93	-4.6532	-1.5629	-0.0855372992515311
34.157	-1.6204	0.0068926	0.9613239632562
37.445	-4.4388	-3.7318	-0.624409256415091
37.993	-6.6047	-0.58157	-0.173210921708112
32.516	-10.186	-4.2238	0.246556685400956
36.836	-2.003	-4.5542	1.645
33.892	-0.68384	-5.8885	-0.888350551744915
36.623	-2.2417	-4.4946	0.213357989085019
31.26	-1.5383	-6.2118	-0.0781466319253768
34.832	-7.3907	0.24362	-0.466240311820073
24.401	-1.0807	0.94528	-0.857830605634061
37.756	-7.1614	-3.4233	-0.76747382466567
36.414	-6.6305	-0.54073	-0.770538703584454
28.343	-11.733	-3.5872	1.10153842464534
36.358	-1.9963	-3.3979	0.0400990505612684
36.922	-5.6457	-4.9601	-0.448459575635158
37.264	-6.7331	-1.3042	1.645
37.675	-7.2641	-2.5191	0.576494848521377
36.616	-6.8313	-0.47681	-0.802046948511
36.531	-6.2769	-0.45093	0.325042459923088
37.569	-6.5148	-1.4642	-0.699934515675767
37.269	-6.4643	-1.3187	1.645
37.221	-6.2661	-0.70586	-0.496827898018499
36.503	-3.0435	-4.7703	-1.1688885974374
34.872	-9.2335	-3.1798	-0.994064139713285
28.13	-0.42296	-6.6429	1.32591564080027
37.262	-7.6743	-2.5575	-0.0369704955576925
29.81	-10.35	-3.8864	0.890120602013305
37.272	-6.8375	-1.1314	-0.0191586618664417
37.096	-3.0514	-4.6541	-1.08554307147836
32.059	1.3109	-2.4168	-0.452022965630305
34.196	-9.5363	-3.2052	-0.305417295525408
31.428	1.6486	-2.2588	-1.645
33.853	-7.9412	-4.2012	0.207892547047025
35.481	-2.2084	-0.77026	0.507552633179582
37.336	-4.2892	-1.3951	-0.389926412524356
34.387	-0.70831	-5.5504	0.958042514426584
36.325	-6.6188	-4.8643	-0.982891887104299
35.72	-8.5251	-3.5035	-0.784159692777566
37.42	-3.8425	-1.2864	-0.725282566472103
38.201	-3.9247	-2.182	1.08919918204783
37.188	-3.3266	-4.129	-0.90099905916881
36.68	-3.1089	-0.80076	-1.09510013371903
36.744	-6.6862	-0.47204	-0.531499935916377
38.1	-6.0953	-1.2467	0.490852636661866
34.746	-0.83355	-5.3832	-1.24744453423563
36.034	-7.7111	-0.66814	0.127839235399699
37.244	-6.5933	-1.2809	-1.17258237002957
22.905	-1.2773	1.3333	1.645
22.352	3.0673	1.2586	-0.313748024560075
35.791	-7.0583	-0.31701	-0.735615823718782
29.047	-11.285	-3.5116	1.645
37.554	-2.4907	-3.7862	0.615625929778049
27.955	2.3396	-0.87238	-0.35036576654475
37.75	-6.5893	-1.4592	0.347883509448501
35.467	-1.2018	-5.1814	-0.109995829350814
23.875	-11.581	-3.7265	-0.125303875784281
36.786	-8.3038	-2.0017	0.449493738506964
37.112	-7.3561	-1.2594	-0.584129056724005
37.809	-7.1081	-3.5919	0.672766152273975
34.849	-9.695	-3.414	0.397166534857871
28.016	2.2856	-0.45016	-0.587078101896646
38.1	-3.8544	-2.0497	-0.567819010815037
29.133	0.029435	-6.8166	0.922637411940117
36.261	-2.6379	-4.6789	0.784551141147701
36.281	-7.2612	-1.4428	-0.74980968695942
34.061	-9.7107	-2.6267	0.351326443016828
27.162	-11.286	-4.1317	-0.915576103634467
37.28	-2.8613	-4.4514	0.528730750229484
35.647	-8.0758	-4.3618	1.645
38.006	-4.5622	-1.6132	0.865369807020996
35.843	-6.6108	-1.5401	-0.713903883658438
37.295	-3.7665	-1.2328	-0.803986803807253
33.832	-8.7472	-3.3011	-1.17078967130537
25.215	3.2448	-0.1568	-0.827874283356071
24.476	-1.1701	0.93116	-0.159483121062647
33.378	-9.128	-3.986	1.645
37.261	-2.7718	-4.19	0.897884298207841
28.418	-11.12	-3.9506	-0.973363138015405
34.351	-9.3416	-4.3517	-0.104074826207514
29.803	-10.77	-3.5859	0.0162173126176539
36.697	-2.4607	-4.6981	-0.180580630549509
33.106	-8.9881	-4.6548	1.3556306441793
36.037	-8.4397	-2.6454	-0.286748027548316
24.371	-1.4143	1.2245	-0.285989303049336
37.736	-7.0645	-2.0451	-1.31258165311323
33.436	-1.2899	-6.2745	-0.0589606623743799
36.478	-7.7756	-0.57777	-0.78755455296705
33.688	-2.6749	1.0381	1.04696890157293
27.877	-10.224	-4.2064	-0.913053229173548
35.014	-8.2377	-0.58041	-1.22311593616237
37.925	-7.2268	-2.1791	1.45525897504232
31.012	0.82625	-1.0063	0.235788398800441
29.352	-10.501	-3.6657	-0.289981132687153
35.127	-9.5065	-3.6642	1.22001967474791
37.485	-7.2194	-1.5734	-0.295863047807805
36.942	-6.4637	-0.66239	0.14861880272488
29.441	-2.4441	0.42788	1.645
29.683	2.3099	-1.5653	-0.526006477481389
36.561	-8.08	-2.507	-1.02060810531668
36.868	-7.3659	-3.4925	0.69299051810593
36.735	-2.0513	-4.5974	-0.453619750800473
37.4	-6.6576	-3.761	1.29624374812523
36.721	-7.1728	-1.6014	1.645
35	-8.9277	-3.0689	-0.847127917074251
35.692	-8.8069	-1.7571	-0.301583128746817
25.93	-1.2025	0.87789	1.645
36.67	-6.252	-0.26205	0.575724833483052
35.914	-2.1429	-5.1293	-0.890522175860351
35.733	-1.9219	-0.14499	1.60127605264221
37.255	-6.7602	-0.97143	-0.685287591045859
31.034	2.13	-1.503	-0.954946073486339
35.22	-1.6653	-1.0212	1.20512554458136
34.516	-1.442	0.39769	-0.899306809595617
35.172	-5.0249	-0.59907	0.915225563794931
21.132	-1.0722	1.3773	1.50473707641845
28.169	-10.539	-4.4468	-0.212210108029096
33.156	0.051677	-0.95287	-0.205631839194663
29.685	-10.994	-2.7076	1.04564879243727
29.561	-2.1923	-0.92529	1.645
37.755	-3.5724	-3.9847	1.645
36.03	-6.7396	-2.2656	-0.678739755559366
36.135	-7.0239	-0.50614	0.771850823686053
33.552	-9.7298	-1.7604	-0.0280751027780553
35.405	-0.70375	-4.8046	-1.25587681864545
37.138	-4.5323	-4.5154	0.259466722199105
38.105	-6.1144	-1.8308	-0.171064119989242
37.034	-2.7736	-2.7544	0.00847373370266667
33.824	-9.9319	-3.7705	0.225686260515196
35.773	-3.3263	-5.1052	-0.551923550211974
36.955	-6.6936	-0.62468	0.756675982426583
27.805	2.13	0.2655	-0.928508672007185
35.487	-7.1229	-0.32773	1.07151909873522
36.965	-4.6772	-4.0313	1.645
36.617	-3.1258	-4.9507	0.781141970939808
33.48	-0.64767	-5.7709	1.62926424230244
29.068	1.9082	-0.13313	-0.89147431779536
36.968	-3.0594	-1.5917	-0.605463859361003
38.365	-5.7093	-3.163	-1.37166276775301
36.584	-3.2355	-4.7375	-0.640964258402728
24.712	2.8802	0.58317	-0.703711737794951
35.563	-0.78294	-4.4159	-0.649466533063652
37.29	-3.1505	-4.2486	0.838465584603605
38.1	-4.3733	-2.6288	1.27211630256867
35.409	-7.9537	-0.78786	0.375260036106363
22.178	3.5218	0.97528	-0.213104089155921
33.037	0.75239	-2.4438	-1.32861613747232
35.201	-6.4466	-4.6978	1.645
36.613	-3.0796	-0.94265	-0.334475483938279
36.82	-6.9642	-1.231	0.322492917531413
35.765	-2.3939	-5.2168	1.54688416423562
27.399	1.8644	0.060854	-1.27965792858614
28.368	-0.59665	-6.7559	0.0474948724622991
34.806	-6.9562	-0.62806	-0.70072088369152
34.234	-9.0501	-4.1876	-0.328582328844703
33.119	-10.31	-2.9906	0.878055849748623
37.13	-3.482	-3.5833	1.645
36.626	-6.7312	-0.7282	-0.296535677367336
36.636	-1.8449	-4.6217	-0.954390659141064
36.51	-8.369	-3.6788	-0.836218824480674
36.557	-6.012	0.058335	-0.848013983288969
36.508	-6.9874	-0.76697	-1.12681444773796
35.285	-7.5377	0.066807	-0.0497750970513701
35.139	-7.3104	-0.6746	-0.772930270778073
35.517	-6.5056	-0.50915	1.05621659718605
36.713	-2.7918	-3.6785	0.678551645791061
36.381	-6.3235	-0.97449	-0.610417817358247
37.804	-3.758	-2.5106	1.26104720591675
37.54	-3.8517	-4.3804	-0.57838618093703
20.185	-12.42	-3.592	-0.772064232880347
31.208	-10.341	-3.9103	-1.54210368707933
38.082	-5.3314	-2.1137	-0.703834158898002
33.099	0.48603	-1.4884	-0.833995248653298
35.948	-1.8128	-5.129	-0.63015102853734
36.978	-1.6567	-1.9199	0.108861158156341
35.258	-5.3219	-5.4431	-0.0788008237726269
36.839	-2.8458	-4.6107	0.648189872547891
36.16	-6.4134	-0.87063	-0.841111961578082
34.963	-0.91573	-4.2992	-0.231434352394184
37.587	-5.2175	-1.004	0.927743709447136
35.653	-7.9359	-0.91161	-0.415803375970484
23.069	-0.86413	1.3787	-0.522063321816104
35.349	-1.7696	-4.8635	-0.124849441981305
37.731	-4.9146	-1.0312	1.645
35.577	-1.6453	-5.4049	1.645
36.415	-2.8229	-5.3315	1.04846015231663
38.276	-5.2348	-2.0977	0.127626304138017
35.975	-7.482	-0.79263	-1.33635437834598
37.718	-6.805	-2.3753	0.402304047044499
37.488	-6.6095	-1.1444	-0.814036910231897
38.205	-3.7763	-2.7418	-1.28624943427668
35.608	-8.7425	-3.6319	0.80914155900559
37.293	-2.0806	-4.0461	0.765498573477524
29.747	1.7848	-0.64182	0.679520516380902
36.43	-6.2279	-0.72841	-0.756684577398754
38.053	-4.9272	-3.8114	-0.863080175536594
37.151	-6.3028	-0.5405	-0.951626962549019
36.103	-2.9353	-0.50444	-1.17191702795407
30.72	1.4517	-0.34053	-0.022315684709346
36.783	-8.0664	-2.712	-0.48200201714655
36.084	-6.9266	-1.1155	-0.462376167479205
37.157	-2.2965	-4.1908	1.34791927387617
38.23	-4.9132	-3.4835	0.782170322778248
36.187	-7.133	-0.64214	0.828360003239596
29.704	-11.031	-4.1478	-0.388568268006488
36.861	-6.3361	-0.60656	-1.1010794280989
37.024	-5.0281	-5.0016	0.899871558479798
35.444	-3.6749	-0.45329	-0.453231047485539
33.758	0.38343	-3.2386	0.812389188205329
36.926	-6.1455	-1.226	-0.327504871509831
35.983	-6.7157	-0.25748	0.0220314625796048
36.018	-6.3323	-1.1371	-0.977295826041854
36.478	-7.1979	-2.0881	0.0931961945283601
37.573	-3.3045	-2.1576	-1.0887562402702
37.412	-6.2447	-2.696	-0.0406393989627694
35.184	-9.2901	-3.1965	1.42949298928777
35.451	-2.0421	-5.2604	-0.431165141890557
35.477	-1.5291	-5.0441	-0.610256028527173
37.732	-3.9914	-1.8724	-0.864697988641491
36.301	-1.469	-4.8456	0.614880478725153
36.294	-2.8729	-4.9081	-0.464195514424592
28.759	-11.084	-4.2342	-0.485806182119015
36.177	-1.8567	-5.0243	1.645
36.409	-6.576	-1.957	0.727427459255066
35.546	-8.9878	-2.0374	-0.313159206753717
36.54	-2.6445	-3.9797	-1.3938604151776
30.035	-10.734	-3.8263	-1.13199526081828
36.243	-3.5794	-0.21717	-0.39226889817541
37.434	-3.8318	-1.858	1.49997744675175
37.246	-2.3567	-4.2847	1.645
36.932	-2.2441	-4.676	-0.665985771120639
35.006	-5.2704	-0.66318	-0.79022723997107
35.937	-7.7764	-1.2843	-0.0875422121230239
37.899	-7.3266	-2.9614	1.25732302858466
35.503	-6.2815	0.51715	0.776934793231787
30.715	1.0071	-0.9415	-0.441631141992273
34.571	-8.8569	-2.5749	-0.55681249276021
34.05	-7.3166	-5.0561	0.523595222006653
34.954	-8.59	-1.2637	0.205802946434837
34.952	-1.4921	-5.7799	0.803636930675797
33.454	-0.75361	-5.856	-0.188139951167443
35.947	-3.498	-4.6138	0.355975129839573
32.924	-0.29634	0.38633	-1.31210749063841
36.038	-5.389	-5.311	1.645
37.887	-5.396	-1.5637	-0.284748372564737
37.267	-6.9481	-1.9059	-1.25366282557411
35.946	-6.5489	-1.2203	0.2972946909476
33.381	-2.7503	-0.92077	0.254281919200049
26.716	-11.636	-3.9302	-1.1828401279781
35.965	-1.3746	-5.0021	1.15565013410986
36.032	-2.4254	-5.2954	0.844094656010308
36.811	-6.4165	0.35144	-0.382825203715106
36.345	-3.4584	-0.40195	-0.266918361222038
33.401	-1.0653	-5.7202	-0.407543779745479
28.31	-11.059	-4.4058	-0.154557038743968
36.16	-3.0067	-5.1595	-0.503216960054804
27.04	-0.27364	-6.8262	0.709539318129604
33.845	-9.7813	-3.7695	0.071380340370205
37.788	-4.174	-1.7582	0.436016203985187
24.414	-12.142	-3.2013	0.614810578545427
25.823	2.7506	-0.30933	-1.16219400467138
34.344	-1.2254	-5.6987	1.645
37.034	-3.681	-5.0419	-0.695220672698724
36.185	-1.9151	-5.1717	0.746060575087197
35.74	-1.5646	-5.2828	0.918345861516846
37.241	-6.6798	-1.5083	-0.168634856696725
26.788	-1.3344	0.7076	0.278674846333631
37.644	-6.4692	-2.6675	-0.572873486721419
27.282	1.8772	0.36123	-0.94298909754951
37.03	-6.9054	-0.89318	-1.06524611918645
30.252	-10.709	-4.2735	-0.860757257972128
37.853	-6.0901	-2.2477	-0.390669813283471
34.46	-9.1908	-4.2253	1.645
35.991	-7.1105	-0.27884	-1.59037189700527
30.4	-10.876	-4.4696	0.339075732720165
36.879	-7.3031	-1.1171	-1.42388201628734
34.821	-6.2335	-5.3327	-0.611861280528689
24.603	3.0977	0.72789	1.645
36.177	-1.3727	-4.7834	0.563473078972296
35.642	-2.2581	-5.5624	-1.12862826057017
31.554	1.5166	-0.70294	-0.57446343569982
37.964	-6.7002	-1.5893	-0.538410837772517
37.393	-6.592	-1.4972	-0.641161630850093
37.835	-4.0336	-3.727	0.570266672724537
36.06	-7.5642	-0.4854	-1.60269320746705
31.82	-1.1205	-6.6025	0.100813626958617
37.654	-2.3191	-2.4915	-0.256414158690973
33.753	-9.4761	-3.5559	-1.21105213256171
29.524	1.8227	-0.21233	-0.114254187411399
35.365	-1.0409	-4.4356	1.645
36.21	-7.1793	-0.91817	-0.65324210364677
35.997	-3.0534	-4.6892	-0.151364439589113
34.806	-8.8901	-2.973	1.645
29.473	-0.48085	-6.5681	0.33568415242737
36.399	-7.0935	-1.8265	-0.813244501004499
37.734	-5.9544	-4.0513	-0.573076404375905
33.546	-0.34527	-5.445	0.837770254736358
28.402	1.6858	-0.84161	0.31130769034319
35.951	-1.7764	-5.2628	0.456779045653593
34.93	-7.4385	0.28604	1.645
35.239	-3.0074	-0.11223	-0.267913920062851
37.362	-2.3661	-4.0574	1.0725841036355
35.622	-3.6657	-1.0615	0.0437815123474046
28.865	1.751	-0.48839	-0.516914941966134
29.485	-11.04	-4.0291	-0.0589617712115493
37.02	-3.3083	-1.0167	0.388513461088658
38.032	-3.8433	-2.5224	0.139933880674461
38.074	-4.3028	-2.4632	-0.517471925517892
32.498	-1.6331	0.075498	-0.446445427180126
38.051	-7.0224	-2.7249	0.73904797232489
37.254	-3.0555	-4.385	1.645
27.546	2.3168	-0.11179	0.847276459477621
35.686	-6.1698	-4.8122	1.3292614520259
34.237	-8.2289	-3.8283	-0.888487076334236
37.502	-6.2755	-1.1577	1.645
34.473	-6.0424	-5.0366	-0.662788234493211
36.427	-6.7942	-0.72939	0.47249416703872
36.493	-3.2037	-1.737	-0.806958025567683
37.859	-5.8203	-2.0456	-0.614735064662114
25.808	2.4843	0.20229	0.0595400539089413
22.106	0.18732	1.8667	-0.384374724794767
37.819	-3.8939	-4.081	-1.16200006343081
28.23	-0.50422	-6.5389	-0.135422852587819
37.469	-3.0494	-4.2007	-0.555478104236469
28.79	-0.60836	-6.4231	0.182494868315493
37.294	-1.9809	-3.4145	0.179342451262902
29.538	-10.738	-4.0519	-0.307842498463058
37.219	-2.0424	-2.5208	-0.498570133890317
37.709	-3.5095	-2.5169	0.620373905468817
36.466	-7.3544	-0.70317	0.0692836445622915
28.257	-0.68969	-6.8239	0.217448939596715
35.92	-6.9901	-0.49628	-0.251945395334365
37.969	-4.1044	-3.9668	-0.970063799840031
36.949	-4.5689	-2.2549	-0.690278875940904
36.522	-7.3306	-1.1206	-0.993071933791752
37.638	-2.9456	-1.7393	-0.924328344394839
36.523	-6.9224	-0.55317	0.135975775312144
36.1	-5.7452	-0.9397	-0.409667269178478
26.615	-11.683	-3.4185	-1.17924758735469
33.946	0.48495	-2.0193	0.133599415082649
37.104	-7.4099	-0.84084	-0.821519405705223
29.977	-11.456	-3.3584	-0.595363773714205
30.906	-10.083	-3.4443	0.760113171256271
35.742	-8.0212	-3.8443	-1.24049944990387
36.707	-6.8401	-1.3848	-0.112939346301438
36.911	-4.0324	-0.88935	-0.279319892230685
35.868	-5.9551	-0.76246	1.09343820464175
31.848	-10.514	-3.7276	-0.447673583372269
38.637	-6.5948	-1.8103	1.645
37.645	-3.0373	-2.7639	0.525328407899873
37.112	-7.4161	-1.9881	-0.532205322737134
37.961	-6.4367	-2.1714	0.182188133310602
37.768	-2.7583	-2.6984	-0.642520309004702
33.721	-9.813	-3.1666	-0.187720767253538
37.897	-4.8967	-1.5729	-0.0932420661195382
37.785	-3.759	-1.4766	0.395503046818578
38.197	-3.1683	-2.8039	-0.61734340259706
38.276	-3.9029	-2.2387	-0.151218287533683
35.812	-5.4805	-0.52955	-0.281104571191735
38.583	-5.346	-2.3082	-0.0504301621944346
22.184	-12.39	-2.6067	0.993958301201161
37.262	-3.681	-4.3805	-0.885060293783857
35.927	-2.6184	-5.194	1.645
30.474	-10.434	-3.6727	-0.691444782649492
35.461	-6.7856	0.21	0.0219664226714928
36.928	-3.1836	-4.6119	1.26524240198231
35.493	-9.2462	-3.3582	-0.149183621128104
29.493	-2.0896	-0.37662	-0.485711337572156
33.177	-9.7487	-2.9992	-0.545818708788792
35.022	-2.2931	-0.30106	-0.231044622917099
36.587	-6.9588	-0.9185	1.40756656425775
38.541	-5.8464	-3.3132	-0.157090183462181
36.965	-3.0487	-1.9398	1.645
37.448	-6.4351	-3.4083	-0.731720651624901
34.733	-2.7372	-1.1845	-1.42649383104232
34.134	-10.156	-2.7773	-0.44660470548329
36.674	-2.2954	-4.338	0.604461189464656
34.224	-1.4421	-5.2872	1.645
37.192	-7.2199	-0.97104	0.342492768842769
20.084	-12.312	-3.48	-0.172300339530273
23.685	-0.6064	0.95115	-0.552754384555911
37.759	-5.8941	-2.4694	-0.824953540144662
37.657	-5.2865	-0.77623	-0.988712563012796
37.029	-4.7412	-3.0954	1.6195218146291
36.952	-8.0395	-3.7747	1.60020067444413
36.16	-6.2388	-4.6065	0.601444690547756
34.205	-9.6351	-2.6179	-0.981367226043339
37.586	-5.8647	-1.1041	-0.0630063584377051
26.933	2.2884	0.38868	-1.44997856242253
32.922	-10.36	-3.0592	-0.90002961867995
33.965	0.34185	-2.8306	-0.642234294587886
35.511	-1.8353	-5.3157	0.688713676148166
34.046	-7.7115	-0.99998	0.087113837746307
36.881	-6.9741	-1.2878	-1.00058808946333
37.265	-6.8089	-1.3866	-0.362155754679508
38.149	-5.5533	-1.2842	0.553552992051698
35.541	-0.99494	-3.919	0.491189252609518
34.494	-0.21675	-1.9609	-0.991355274673605
34.415	-6.8325	0.075148	-0.0093661771551639
27.767	2.2237	-0.43318	-0.279479065133906
33.884	-9.4559	-2.2002	-1.32628056207597
35.304	-0.72865	-1.7241	0.263429947601797
35.735	-6.692	-0.29731	-0.477567734378955
36.258	-3.1272	-2.1291	0.224160866686554
35.425	-1.3523	-5.359	-0.794082732278669
26.252	2.4373	0.2568	-0.812991748213815
35.929	-8.1243	-1.4357	-0.41420664054994
31.206	-10.908	-3.2517	0.299468149977912
32.761	-10.279	-3.5803	-0.0207821528899822
37.447	-2.7711	-3.2962	-1.4127506025607
29.461	-1.419	0.7187	0.744302610890749
37.858	-5.3791	-3.9756	-0.799831542637543
28.46	2.2846	-2.1237	0.060413041158969
32.833	-9.925	-3.8629	-0.638729576710737
36.147	-2.2079	-4.9607	-0.0381777437454362
36.307	-7.1819	-0.72469	-0.395295316696778
36.003	-7.4847	-0.98669	-0.913724647406237
37.946	-3.3618	-3.7233	1.645
35.563	-2.7773	-0.24283	-0.278932667879249
31.516	-1.6663	-1.0651	1.645
35.606	-2.0846	-5.5897	0.704492548983922
35.796	-7.3764	-0.93857	0.317182632767037
33.597	-0.56617	-5.3621	1.06852575253563
37.332	-7.2515	-3.8961	0.920724855733047
35.375	-5.2242	-0.81239	1.28421756677116
28.835	-0.9672	-6.622	-0.697104975422028
35.239	-7.2057	-0.80222	-0.450827295629055
37.496	-3.2443	-4.1554	1.02961092553614
35.045	-8.4451	-3.0206	0.420642368461828
28.657	-0.49517	-6.6234	1.645
29.63	-0.92416	-6.7941	1.03678643972473
36.627	-4.0545	-5.0559	-0.585907388622819
32.506	-10.224	-2.3987	-0.444389602453469
37.684	-3.9188	-3.9944	-0.51175429807876
36.752	-3.5477	-2.6273	-0.148571484026666
37.247	-6.3258	-0.74275	-1.30390465962694
37.127	-6.706	-1.4274	-1.35540046987338
37.208	-4.7836	-0.79393	-0.916941052807089
29.772	1.7553	-0.20628	-1.10636602407083
37.754	-3.583	-4.2792	-0.258013517203875
26.384	-11.718	-3.1602	0.266556841204994
34.688	-1.4445	-4.5017	0.119578978535332
34.092	-8.9227	-4.1576	1.36027376974081
24.626	2.8702	0.65734	-0.619440730408399
28.874	-11.12	-4.0281	-0.99066274049606
37.405	-2.8884	-4.2719	-0.891219102439704
36.164	-7.808	-2.0116	-0.776688238915097
38.275	-5.2304	-2.3682	-0.758881155115993
38.411	-5.9434	-2.5654	0.104510153897761
34.541	-2.8555	-1.6681	0.956669450611744
37.379	-3.6702	-0.92475	-0.533193526673863
35.408	-1.3801	-5.2085	-0.69600267349516
35.028	-7.1752	-0.66195	-0.772952801839709
30.378	-9.9318	-4.0164	-0.957454158569722
37.718	-6.2576	-0.89144	0.636015960712768
32.388	-10.109	-3.1943	0.131086260325523
34.81	-1.815	-0.71735	-0.806190010105617
35.14	-0.37334	-2.7565	0.626015486108541
37.195	-6.8729	-0.94274	-1.10250462368023
37.221	-6.042	-1.2144	-0.334189727809159
27.676	-0.63697	-6.9622	1.14526020227057
29.359	-1.6151	0.50232	0.801567783897066
29.6	1.593	-1.8446	0.644773892040277
36.345	-2.7504	-1.3676	-0.378419680572598
31.902	-10.188	-3.1425	0.217177680830493
35.963	-2.9456	-4.6888	1.645
38.056	-6.0844	-2.1369	0.173374496588082
37.406	-4.8724	-2.8986	-0.763127905185881
34.026	-9.7903	-3.2879	0.620671332238918
31.258	-10.897	-3.3516	1.19360494367007
28.167	2.2203	-0.26485	-1.1725093699749
30.43	-10.246	-3.9492	-1.01061574070372
32.789	-9.4975	-3.0511	-0.435448444447142
36.415	-3.3798	-0.64911	1.645
31.672	-6.1599	-5.747	-0.176266124604941
29.667	-0.36181	-6.2471	-0.507714949094415
35.702	-1.5553	-5.3066	1.37017506613345
35.689	-6.7757	-2.8578	1.645
38.124	-5.9004	-1.833	-1.645
34.751	-2.076	-4.7894	-0.553742269561896
36.026	-2.1342	-5.1439	-1.22092666387171
33.384	-0.71081	-6.05	-1.00760092930105
27.815	-0.57083	-6.707	1.645
36.059	-6.6724	0.099282	-0.128902195347129
28.452	-0.64826	-6.6807	-0.713174333608735
36.284	-1.8405	-5.0251	-0.550967673143381
37.251	-3.3098	-4.4526	0.250857768991664
36.383	-2.5713	-5.1106	1.645
37.505	-3.3844	-3.665	1.13059966704647
35.669	-5.378	-5.4118	0.37363202757963
30.092	-11.065	-3.1338	0.699184696188483
35.169	-9.4052	-2.0994	-0.391660774407978
26.612	-11.577	-3.6266	0.60793218920107
37.007	-3.2381	-4.6457	-0.0710588447204433
37.224	-5.958	-1.089	-0.445335258309735
36.421	-8.4179	-2.0881	-1.63608166316229
35.883	-6.8386	-4.8344	-0.235008989757005
35.158	-7.4175	-0.57039	-0.278787676981342
36.12	-6.8519	-0.23334	0.679699480155468
36.444	-7.3508	-0.80357	-0.217806869983013
37.798	-6.4612	-2.1662	-0.559476740571619
35.577	-2.1617	-5.7207	-0.734082870756742
36.099	-2.2894	-4.5739	-1.00361518044442
36.865	-7.6925	-1.6333	1.48920398688912
30.542	-6.0829	-5.3952	0.0262601621679912
33.715	-9.6432	-2.123	-0.874066192711739
29.709	-1.2098	-6.7267	0.616290233032685
32.441	-8.4786	-4.6004	-0.976391745831154
36.702	-4.5632	-0.72328	-0.569579422256629
37.704	-6.9036	-3.5007	1.645
38.042	-4.4673	-2.5642	-0.0970986501003731
38.014	-5.9577	-1.8809	0.233639993102884
37.411	-6.3305	-1.4893	1.645
37.578	-3.8494	-4.4812	-0.26428315529628
35.186	-7.3743	-0.73991	-0.753048904757905
36.763	-2.5223	-2.4664	-0.693697801098924
35.937	-7.577	-0.66075	-0.430693961715789
37.271	-6.6982	-1.6293	1.645
29.076	-11.036	-4.0158	-0.612432958840401
34.361	-1.276	-5.9627	1.645
33.831	-0.82131	-5.9073	0.244152799068118
37.101	-2.5892	-4.5559	1.23189531010066
33.377	-10.479	-2.644	1.03706735052553
37.259	-3.0075	-4.4835	0.0136181842369139
24.255	-1.0753	1.209	-0.637648142466567
37.046	-6.6266	-1.4054	-0.987259286485042
36.993	-4.0546	-1.8566	-1.42118298538761
36.981	-7.338	-4.1057	1.0157625496266
36.57	-1.9504	-4.6956	-0.926213412312686
34.392	-0.67005	-5.3893	-1.17228771362571
33.424	-10.297	-2.9498	-0.676713850512133
37.117	-7.0294	-1.3152	-0.254005762080824
27.931	-0.28496	-6.5634	1.645
33.235	-10.72	-2.9872	-0.443014108793287
36.177	-2.5183	-1.6875	-0.635004551546545
31.621	1.471	-2.1952	-1.26723003245361
33.298	0.35184	-3.695	-0.185176040210394
36.588	-2.8971	-0.65573	-0.582216265979045
35.328	-8.9384	-1.7754	0.883065628299504
36.022	-6.828	-0.57731	1.16816405835666
27.032	-11.414	-3.9168	-0.416031811664023
33.627	-10.262	-3.7998	-0.157347932373161
37.742	-5.3859	-2.9074	-1.13356916127916
23.422	-0.66444	0.89025	-0.930982851944439
18.772	-12.196	-3.1299	-0.686527272996879
37.352	-7.3788	-1.6396	-0.730537824362888
35.662	-6.8765	-0.14067	-0.332368670521756
22.195	-0.52443	1.9394	-0.975627950163353
34.55	-8.264	-2.9045	-1.28366992816606
36.237	-7.9567	-0.56517	-0.768002398524227
36.316	-4.3292	-0.2157	1.05117934688568
35.013	-1.0942	-0.74452	-1.21456727877658
28.048	-11.488	-4.1721	-0.885089547368922
32.564	-8.7826	-4.3392	0.049524880356404
36.963	-3.5361	-2.5995	-0.359335326211439
34.832	-1.3266	-5.3939	0.997975072930636
29.138	-11.188	-3.8476	0.730873980173177
36.835	-3.5596	-0.94827	-0.237445978966134
36.212	-2.8864	-4.4424	-0.681070457521473
36.328	-7.1272	-0.93379	-0.0700625271719885
36.307	-6.6518	-5.0565	1.645
37.574	-2.8168	-1.8882	1.12276816724333
35.586	-6.7863	-0.30952	-0.245564633583694
35.596	-0.68966	-4.4515	-0.520161696257673
37.467	-3.1874	-2.2578	-1.1785927555834
26.345	-1.1055	0.5634	0.933379846814986
29.408	-0.87213	-6.5897	-0.299548493310637
32.857	-1.747	1.0811	0.234756630228301
37.16	-6.5484	-1.2193	1.645
37.81	-6.0972	-2.6215	0.544754725054366
36.676	-4.9225	-0.54227	-0.664667580879512
36.476	-7.382	-1.0621	0.186791935071297
28.051	-11.463	-3.9954	1.49541641159901
35.188	-7.5203	-0.50527	1.48019609521982
24.178	-11.704	-3.6301	0.956264797684757
36.834	-6.7319	-1.2722	0.156212708961827
34.568	-8.0682	-4.3868	1.645
16.546	-12.122	-3.0507	0.317991856488638
38.155	-4.6891	-2.4946	-0.65586047996788
35.745	-6.4161	-0.72233	0.14990353045041
37.729	-4.9993	-4.3855	0.586770868912908
36.853	-6.3522	-2.1496	0.16848524035229
36.383	-1.4084	-1.6501	-1.645
37.809	-4.4404	-2.6843	-0.503027443501779
37.21	-7.0648	-0.9211	-0.640608746476474
33.373	-6.1595	-5.613	-0.256918370119202
35.672	-1.7917	-5.3377	-0.525225571166813
36.98	-3.2319	-1.217	-1.03445967681256
36.693	-6.5135	-1.0092	-0.364288914696238
38.329	-4.7319	-3.6869	-0.256608446901633
31.809	-9.8667	-4.0254	-1.17809262763472
36.054	-8.1439	-2.2738	0.467648674319692
36.414	-2.6558	-5.1461	0.404126295153555
35.762	-2.4738	-4.9674	-0.518621344726625
30.283	-1.7556	-6.5862	-0.954912672055199
33.643	-1.3637	-2.5897	-0.727379745799217
24.91	-11.954	-3.5912	-0.0144180880639073
36.383	-6.8969	0.11651	0.114953908701047
20.821	-12.156	-3.2601	1.36628954540249
34.17	-1.3725	0.13005	-0.0215873357132694
35.576	-2.7145	-1.1661	0.786337755181002
37.885	-6.1483	-4.0581	-0.518448236408013
37.377	-6.8635	-1.8859	0.493498851791787
37.498	-3.5547	-4.4466	0.354036553604632
28.11	-1.8263	0.47221	-0.768258401510033
35.637	-6.7245	-0.37612	-0.49282191574724
38.43	-6.1105	-2.4777	-0.682363834425015
37.902	-5.9908	-2.0936	-0.019725494821068
36.905	-4.2578	-0.4808	0.707493072064425
36.923	-2.6406	-4.693	1.55340755950926
36.191	-1.9754	-1.1911	0.0416703863205582
33.537	-8.6364	-4.1537	-0.597159934008083
37.368	-6.4768	-2.9922	1.645
37.494	-5.8069	-1.0089	-1.01652085893625
37.14	-3.0531	-2.5682	1.645
26.795	-1.38	0.76789	1.645
36.196	-2.2167	-5.2777	-1.4965621283809
36.408	-7.0685	-0.74929	-0.523027007245165
26.305	2.5123	-0.34699	-0.843611595465588
36.495	-7.6701	-0.95526	1.645
37.311	-7.1319	-2.484	0.529147671146444
31.239	-10.563	-3.4322	-1.05450794145769
37.077	-7.9142	-1.4075	0.64366906680942
37.161	-2.9571	-4.3767	-1.37442275865589
28.073	-11.668	-3.1194	1.645
36.998	-6.8792	-0.55387	-1.24727644777625
27.802	-0.52154	-6.6001	-0.736409332076689
28.058	-0.40419	-6.5521	-0.171717939144482
32.883	-8.6579	-4.8132	-1.19318680532269
27.089	-11.553	-3.8875	-0.873339479678605
34.084	-5.1555	-0.37926	0.567183134504826
29.629	-10.882	-3.5421	-1.10018899002444
37.425	-4.7946	-3.5831	1.00258442104198
35.732	-7.4659	-0.892	0.176947035492572
36.903	-6.0825	-1.1782	-0.858660703525737
37.573	-6.2663	-0.94834	1.645
30.923	-10.273	-3.951	-0.415356613101919
33.343	-10.105	-3.3928	1.23092962419548
24.068	-11.949	-3.7635	-0.812117964452982
27.474	-0.29098	-6.7196	-0.152923645358278
27.947	-11.622	-3.3485	-0.954625363983984
36.349	-7.9935	-1.5244	0.322780006164262
37.918	-7.0786	-3.0856	-0.463189147658173
34.078	-0.040589	-5.3448	-0.0264543701296466
21.515	-0.82075	1.3352	1.645
32.612	-9.982	-3.3678	0.288214846397809
37.18	-7.2877	-2.0295	-0.30471045606836
23.754	-11.761	-3.3614	-0.264956436998262
37.662	-2.5526	-3.9957	0.101288979181569
36.817	-3.992	-1.0023	1.10069719492465
38.313	-5.8634	-3.2643	-0.898117211185181
36.296	-3.9297	-1.4904	-0.77936158201725
24.282	-11.844	-3.4144	-0.61108346208527
37.58	-5.6603	-2.0723	1.645
24.668	-11.654	-3.2159	0.577717884847364
36.107	-8.3833	-3.8955	0.725195277860583
33.207	-10.28	-2.8261	1.645
36.537	-6.301	-1.1695	-0.773050982133433
36.378	-8.7082	-2.2334	-0.651744115673903
36.339	-6.8364	-0.98471	-0.771352953305394
24.997	-0.66669	1.1359	-0.149557928593517
36.092	-3.3609	-0.37577	-0.857778912259299
36.387	-2.0945	-4.6511	0.58622677745061
33.04	0.80558	-4.2231	-0.227362444523757
35.769	-6.9619	-0.47515	-1.30798055496985
33.954	-0.85081	-5.874	-0.138032260586131
37.693	-6.9362	-2.1968	0.722846430903881
37.16	-6.6232	-0.7396	0.106261989572815
32.373	0.99622	-2.1654	-1.08632968069873
36.017	-3.9337	-0.15164	-0.430856676186293
38.382	-5.4187	-2.2298	-1.18927484945357
37.022	-7.8526	-1.9066	-0.467867731024754
36.289	-2.5821	-5.4333	-0.770651379376206
21.996	-12.117	-3.2949	-0.365702661468528
33.331	-10.091	-3.2853	-0.699002638486194
29.769	-1.6298	0.65782	-1.05476168321623
36.04	-7.8278	-3.3901	-0.386403866684534
37.201	-7.6178	-1.6684	-0.748560357317572
38.018	-4.0021	-3.4175	-0.229765477482258
37.406	-4.0066	-3.9598	1.645
26.909	2.6637	0.026832	0.151961705742142
37.162	-5.5491	-4.7764	0.373600195160446
36.558	-3.477	-0.7264	0.146811258488934
33.453	-9.9212	-3.2833	-0.641607311353838
36.085	-8.2433	-1.0166	1.645
37.38	-3.0814	-1.6637	0.47174246404246
35.913	-2.1991	-5.1813	-0.705413556369862
38.079	-6.2421	-1.3115	0.698750944054731
36.915	-7.9132	-1.4713	-1.19039569274042
35.394	-6.7244	-4.8998	-0.773142261570093
36.796	-7.0838	-1.2456	-1.13288196373854
36.201	-2.0957	-4.461	-0.511871963026504
35.784	-2.114	-0.96068	-0.477905578972925
34.45	-0.82641	-5.3395	1.11436341299287
34.343	-1.6947	-5.9695	-0.8455406885491
34.492	-7.3364	0.24994	-1.12719561131447
29.572	-9.596	-4.4341	1.37286641766068
36.946	-7.1431	-0.98937	-0.118279142708219
32.159	-10.433	-3.0039	-0.381862476070599
28.562	-11.373	-3.9338	-1.05137365193183
36.534	-2.8847	-3.859	0.0372467994316095
36.311	-6.2684	-0.71261	-0.557782069096816
22.98	3.3486	0.063496	-0.162044023945743
36.584	-6.9242	-0.77023	-0.743157831054979
29.979	-11.824	-2.9049	-0.0708262538665683
35.9	-7.2416	-0.67509	-0.574271220927197
36.388	-6.8777	-0.40505	0.394909502949136
36.039	-7.5015	-0.37316	-0.734770839787181
30.806	-9.287	-3.5933	1.40694759957937
36.195	-4.2493	-5.2274	0.69304430287435
38.29	-5.6387	-2.4153	1.0002675234324
35.679	-7.0002	-1.2115	-0.533451846217449
37.744	-4.8284	-2.8158	-1.21495727787279
38.176	-3.9397	-2.3623	-0.571527360838243
36.84	-7.9578	-3.3052	-0.728400959754889
29.185	-1.0694	-6.7569	0.747400349054722
36.083	-2.6015	-0.39972	0.529497471826697
25.316	0.0397	0.96357	-0.369216224987534
35.878	-8.1252	-1.6888	0.617970060889455
36.187	-1.3059	-1.2429	1.3809060417148
35.475	-6.9959	-0.76676	-0.683020870792523
28.246	-11.364	-3.9274	-1.2271566830174
35.711	-7.1492	-0.48083	-0.848586261386004
25.14	-11.017	-4.1427	0.0639386709174223
37.011	-5.9559	-0.4383	-0.772353633039944
31.819	0.77723	-1.5751	-0.53074162019451
37.422	-3.4628	-2.3274	-0.590114400395156
34.65	-7.5723	-2.293	1.645
28.415	-1.9853	0.6287	-0.653394162682006
37.373	-6.9962	-0.69014	-0.797326094411277
19.894	-12.408	-3.0023	0.199272292882535
32.785	0.6827	-1.7577	0.720538554753636
36.133	-7.4211	-1.9201	-0.0372170862771254
32.161	0.91575	-1.7862	-0.907697781352854
35.111	-2.7285	-5.6907	1.15297407320974
30.47	-9.6622	-4.3325	-0.312774681008983
36.261	-5.9674	-0.39885	-0.780228924389615
31.038	-10.399	-3.8462	-1.25265443335658
36.842	-7.1254	-1.1484	1.645
34.933	-9.2861	-1.8374	0.80483919390713
37.088	-2.7651	-4.3048	1.64426318569887
35.301	-7.1362	-0.87532	-0.41673390565329
35.983	-8.1255	-2.4158	-1.09475848110803
37.609	-6.1563	-1.2378	0.726999950278871
36.981	-6.59	-0.49138	-0.0945494715783984
37.326	-5.6839	-4.4112	0.51113896036542
35.212	-2.5121	-5.7232	-1.03983937261757
36.22	-7.0306	-1.8249	-0.561850263112756
37.056	-2.086	-4.1943	0.19499796176334
36.78	-7.3321	-1.024	-1.645
35.826	-8.9178	-2.6398	-0.68594374551454
28.144	-11.285	-3.6351	-0.19528065662291
24.761	3.1961	0.59405	-0.617414585675054
37.024	-6.2246	-3.3113	1.645
27.025	-1.1452	0.8769	-0.47931377849533
37.001	-3.1956	-1.9825	-0.532874003569041
35.623	-7.3392	-1.1323	-0.477302596417065
27.224	-11.557	-2.9923	-0.972957076199296
33.291	0.40457	-1.8331	1.645
36.304	-5.6636	-0.46282	-0.578024693861977
36.629	-7.321	-0.79914	-0.900532776310851
34.537	-0.89781	-0.21511	-0.713665768681951
38.141	-4.2786	-2.7783	-1.20184788085556
36.946	-7.765	-1.2246	-0.722352410935164
37.198	-6.5255	-1.0386	-0.34525067729262
36.602	-7.2462	-0.74841	-0.860726849356003
36.741	-6.2321	-0.25214	-0.0541318249340613
28.05	2.1178	-0.84351	0.00677802723737213
35.12	-1.2742	-2.8903	-0.513744490703352
27.377	2.5778	-0.06166	-0.860318086655507
37.998	-6.5588	-1.1578	-0.489475454627296
36.901	-2.8551	-4.7309	-0.0842301728067763
38.11	-4.4154	-1.7878	0.439383371826624
30.886	-9.9839	-3.954	1.39784874859563
27.737	-11.284	-3.2202	-1.2553700448658
37.799	-3.4383	-3.9197	0.372383148692558
36.358	-0.97953	-2.8211	-0.0704937523595313
37.485	-6.3438	-1.5371	1.645
36.001	-6.2461	-0.9769	1.20817379299024
33.407	-9.7397	-3.9947	-0.233563017894801
35.897	-8.9728	-2.3728	1.645
37.444	-6.7964	-3.6172	-0.343698361864373
36.12	-6.4143	-1.0835	-1.18672638159855
30.178	1.4558	-0.55411	-0.394661089077619
36.422	-2.8263	-5.0446	0.0137049033777941
36.344	-2.7243	-5.0541	1.645
23.9	3.4724	0.17699	-0.278654417744719
36.642	-7.6993	-2.0698	-0.783979904628552
36.152	-7.3342	-0.95071	-0.492884367944187
35.68	-4.0853	-5.459	-0.904821255054009
37.4	-5.3887	-1.203	-0.637759044303718
37.496	-2.7345	-3.0657	-1.0485774405055
38.26	-5.4613	-2.6107	1.645
38.176	-5.8106	-2.8118	-0.403394808911527
36.667	-6.7386	-0.78268	-1.03211824277733
36.757	-4.3829	-1.9128	-0.170683712192878
35.638	-1.1759	-3.9446	-0.177704043528829
37.079	-6.2808	-0.77346	1.645
31.616	-10.133	-3.0478	-0.822592298776696
28.289	2.0839	-1.1024	-0.161443684506133
30.382	1.5907	-0.49021	-0.75665488599471
24.838	-11.328	-3.8629	1.23980943685735
32.896	-9.6574	-3.1526	0.0194233211654983
36.339	-7.668	-3.0652	-0.471403109675095
35.769	-1.7993	-5.2612	1.645
37.307	-3.9139	-4.5918	-1.17752296782658
36.517	-7.0275	-0.29672	0.821775834409943
24.271	-12.112	-3.4109	-0.761840984130135
30.247	-10.532	-3.9948	-0.758593820068188
31.076	-10.596	-3.1788	-0.00687743236066166
36.99	-7.0988	-1.0916	-0.719040325325434
35.179	-4.4275	-0.35156	-1.26555662299899
36.204	-0.51726	-2.602	0.210385935046053
33.424	-10.084	-3.4669	-0.830774765741314
28.421	-10.501	-3.8962	-0.27003051055392
37.163	-4.0055	-1.8496	-0.94314848320986
29.468	1.8323	-1.3242	-0.679656265683406
34.579	-9.3204	-3.3467	1.44743150376983
36.693	-3.4679	-1.3316	0.322843802638681
37.919	-4.1884	-3.3612	-0.421194525655858
38.216	-4.6273	-2.5373	-0.655708839503929
34.09	-1.9336	-5.9096	-0.51268019904491
32.07	1.4293	-2.3833	0.989872567587375
36.206	-7.2978	-1.6692	-0.728972377986335
36.432	-2.9785	-1.8557	-0.627738514124338
28.914	1.9943	-0.15523	-0.639448826847238
34.29	-0.70505	-5.4116	0.784819868804928
31.873	1.1603	-1.4668	-0.82286559408238
35.852	-6.3953	-0.66102	-0.295561676009934
33.778	0.11392	-0.5513	1.0119616438018
33.485	-9.167	-3.831	0.426440246314507
35.805	-0.27107	-3.7675	-0.554894503605881
37.344	-5.4244	-3.918	0.236121780538484
31.618	-10.13	-4.2517	-0.34804480668268
35.856	-6.2175	-4.9262	-0.158796533318912
35.513	-9.1151	-3.2543	1.21107981956807
29.196	-10.899	-4.0629	1.645
33.526	-9.8154	-3.646	-0.50188754713508
35.22	-2.8647	-5.4605	1.43699910754534
37.076	-4.767	-1.1442	-0.485198841420212
35.874	-8.6177	-1.8043	0.164045205541541
38.36	-5.3256	-2.9136	1.25382093350685
37.914	-4.9455	-1.6546	-1.22258062725913
37.129	-4.2692	-2.0975	1.20945611386979
23.052	-12.064	-3.317	-0.529374610484825
35.34	-2.5809	-4.242	-0.566314764320583
35.687	-2.4359	-5.3201	1.645
35.633	-2.7754	-0.42644	1.645
34.357	-6.5455	-4.6842	1.56760288542109
34.169	-2.2291	-0.29475	-0.595862140408147
29.985	-11.016	-3.6217	0.235024585090438
38.242	-5.918	-2.1091	-0.570672238646706
36.918	-7.5758	-1.5006	-0.512340625448802
37.434	-4.6484	-2.4277	-1.19932268420946
36.696	-3.7296	-4.7045	-0.799667191801533
36.613	-7.1136	-0.79163	1.01294389596729
37.012	-7.3768	-2.6185	-0.768990108015788
28.143	-0.79826	-6.7107	-0.995420019125713
37.161	-6.9458	-4.105	-0.511958756506857
37.185	-5.435	-1.2468	0.0634396826973448
37.252	-3.2123	-4.5515	0.419775385403971
36.513	-6.807	-1.1852	-0.589187985030224
22.216	-0.28528	1.8218	-0.480546524648664
38.19	-5.2303	-3.4668	-0.156757197319281
27.763	-0.19828	-6.7383	-0.0162979850484953
36.432	-7.4201	-0.80639	1.02487764070725
29.035	1.6447	-0.066406	-1.0736138065668
36.309	-1.0166	-2.6914	0.294525092812353
36.496	-7.1131	-0.84695	-0.41755803445512
28.764	-0.51537	-6.6424	0.273942498837842
37.75	-4.869	-1.3026	-0.76626243337336
35.898	-7.0416	-0.93679	1.48946277845527
36.851	-6.8	-1.1773	-0.893988560170106
36.577	-3.213	-5.146	0.226434547807516
34.702	-1.6396	-3.8829	-0.614925106251441
36.758	-6.2914	-0.49534	0.0665065171999028
36.093	-8.6628	-3.2445	-0.981736213694235
37.658	-4.6228	-3.5033	0.201736050943695
37.717	-5.9636	-3.8253	-0.493426443250343
36.102	-3.0749	-5.1304	0.0695042705061047
37.135	-6.6056	-1.2216	-0.091459242233026
20.317	-12.541	-3.2969	-0.667989332190008
34.658	-0.62976	-5.3143	-0.123594508043957
32.65	-0.74971	-6.2361	0.99440218861966
36.668	-5.7643	-0.36006	-0.34397497598014
36.194	-6.8002	-1.6144	0.400724895512102
36.807	-2.7145	-1.7884	1.645
35.361	-7.6139	-0.68234	-0.0129531454028566
29.6	-10.915	-3.8914	-0.256194352639952
36	-9.0717	-3.5695	1.11050401811651
36.92	-3.6492	-4.6394	-1.4834705312881
24.924	3.2424	0.63254	-1.07169281268476
33.751	-10.254	-2.9882	-0.495536681009553
30.193	1.1488	-0.66419	-0.52216616218268
35.587	-2.51	-0.4416	0.102650034695141
36.737	-5.862	-0.77037	-1.02437361921801
34.689	-0.28268	-3.6521	-0.939428242350847
35.735	-6.5504	-5.0381	0.718954466996453
35.855	-8.5351	-4.1011	1.06904156507053
32.167	-10.434	-3.3169	0.153672688682931
37.132	-6.4566	-0.84542	0.360733888644376
37.317	-6.8573	-3.3818	0.775655440964881
35.969	-7.2747	-0.90899	-0.339016404361144
34.899	-8.9036	-2.1978	0.895624734434442
35.146	-6.8688	-1.1453	1.14329415678565
35.04	-7.5716	-1.0808	-0.406738697648545
33.145	0.72644	-3.0346	-1.00857020198503
37.101	-6.2474	-1.5272	-0.770671409010186
37.13	-6.6506	-0.87502	0.56162627230809
32.987	0.16537	-5.4076	-0.256503937941405
37.131	-4.5617	-0.87893	-0.539584571583879
35.617	-3.9137	0.42156	-0.633693491168658
37.033	-2.5461	-1.0928	0.208467588066845
37.307	-6.0201	-1.5607	-1.34063293950336
16.859	-12.177	-3.2421	1.645
36.605	-7.0821	-2.621	1.645
28.401	-0.6673	-6.6758	0.981203380173825
36.406	-3.0178	-1.5552	-0.43532328298628
37.674	-6.0117	-3.9316	1.645
36.582	-3.2051	-5.0006	-0.187939705982947
34.347	-0.98887	-5.2431	-0.763289691855544
37.579	-7.1001	-2.0947	-0.142794751500787
36.491	-1.3732	-4.2775	0.362155489355833
32.73	-10.178	-2.8586	-0.470093130618372
35.769	-1.0613	-4.7791	-0.912225893565135
36.385	-6.6891	-0.91737	0.83560561156196
38.328	-5.5245	-1.6957	-0.251433386014887
37.348	-6.549	-3.1685	-0.625624473470587
35.607	-1.8209	-5.5017	0.886287991262821
37.216	-7.7869	-1.3901	-0.350917127720843
30.396	1.5929	-2.7118	-0.283752571402055
18.681	-11.853	-3.5342	-0.240936706201348
20.494	-12.103	-3.3423	-0.588139534131562
30.639	-1.4277	-6.4224	-0.53047498493202
36.519	-6.8297	-1.8835	-1.21555879220479
36.663	-8.0185	-1.3392	1.645
35.131	-7.9391	-1.5386	-0.305814005451944
37.16	-7.4515	-1.5202	-0.632434682505816
37.196	-2.9731	-1.8959	1.645
27.695	2.5926	-0.75992	-0.0817112443449926
33.524	-0.99915	-6.1235	-0.91967960843212
37.68	-3.1829	-3.9933	-1.23107836202904
35.879	-1.4706	-5.0897	-0.92268446653566
33.832	-9.4165	-3.2844	0.739696130739936
36.684	-6.916	-0.54257	-0.317315513099329
32.75	-10.422	-2.8005	-0.458113014456322
37.32	-2.9559	-2.0473	-0.488706599648538
37.772	-3.5059	-3.3861	-1.26859573328024
37.974	-3.6555	-3.1281	-0.922604981965216
36.729	-7.5145	-3.1312	-1.07483366889059
33.741	-1.9733	-5.4226	1.645
35.748	-1.2876	-4.9432	-0.211711483123952
33.189	-2.0783	0.76822	-0.321566011243538
36.825	-5.2081	-2.5948	-0.291884102004264
37.279	-7.3662	-1.4602	0.47800837324058
30.771	-10.607	-3.8479	-1.27621049745297
36.627	-6.1571	-0.69163	-0.44027245877171
20.57	-11.951	-3.571	0.61887844424355
37.393	-5.8686	-0.98026	-0.740780777316969
33.279	-10.124	-3.4263	-0.392708115135318
33.288	-0.28058	-5.9272	1.645
36.07	-7.6448	-1.1824	1.6178433637274
37.813	-3.2192	-2.0258	1.14965324804528
30.821	-10.162	-3.2975	-0.0243348900820401
25.703	0.22142	-6.7138	-0.817630933243805
36.601	-7.2495	-1.0362	-0.867828665536235
37.012	-7.5666	-2.4787	-0.478472016511944
36.593	-5.8661	-0.6886	-0.980579492557412
37.973	-4.0567	-3.8317	-0.337709013207489
36.751	-6.7733	-0.83624	-0.0270343124155482
28.577	-1.9917	0.59004	-0.719175700713648
36.711	-5.4696	-0.059321	-0.525760679875228
35.675	-7.1694	-0.86933	-0.674052552312373
35.626	-7.5125	-0.57968	-0.861324793710069
37.08	-2.6979	-1.4846	-0.627303736981913
35.615	-2.2489	-4.7724	-0.810620873970786
33.778	-8.1256	-0.58235	0.153637699405505
36.301	-7.5684	-2.2311	-0.960058873211358
35.944	-7.7459	-1.3209	-0.453683951454265
34.669	-0.46744	-3.1166	0.11380305503362
37.737	-6.611	-1.2513	-0.454654927298955
33.897	-9.3231	-3.4479	-0.629715116796663
33.349	-0.35116	-2.0425	0.195173812446791
35.221	-8.5458	-1.1697	-0.340487626893611
34.079	-9.9018	-3.0968	1.645
25.356	-12.145	-2.9767	-0.0597154818295442
36.934	-7.1197	-1.3898	-0.695609559123763
30.447	1.4981	0.012136	-0.552066059459247
36.212	-4.2356	-0.11937	-0.917830964444083
37.948	-3.335	-3.8358	1.645
37.519	-7.3869	-2.6661	1.645
37.294	-5.8666	-0.45628	-1.06944887521917
36.618	-7.6655	-0.98104	0.482155189394131
36.292	-7.3381	-2.103	-0.46385507149654
31.935	-9.6442	-3.1092	-0.648221782698107
34.25	-0.42419	-5.4538	0.874303840813443
25.224	-11.867	-3.7074	0.307305821440367
34.278	-8.7974	-3.7387	0.747506044858237
34.659	-0.55942	-4.4261	-0.794144284478864
36.802	-7.1285	-0.91854	-0.112233882038398
34.271	-9.6149	-3.6763	-1.01532124333494
28.632	2.1882	-0.58482	-0.313151477607161
35.542	-6.5946	-1.1652	-1.24203994123098
29.457	-8.1844	-4.6495	-0.594700645497332
35.143	-3.4181	-0.3143	-0.445274103840294
36.647	-7.5774	-0.80506	-0.919769180332676
36.482	-1.3979	-3.6565	-0.656163935923814
36.889	-6.3605	-0.64418	-0.301555193237062
29.878	1.9333	-3.6835	-1.10989398000377
26.259	-0.18253	-7.0548	-0.843430028953883
36.059	-5.4499	-1.2052	0.858498018462319
37.168	-2.8936	-4.4433	-1.26631472915266
24.148	-11.976	-3.5319	-0.569876328973587
37.076	-2.1343	-2.4981	-0.816124449057317
32.053	1.3059	-1.5197	-0.988974465676163
29.606	1.5715	-0.54431	-0.712378731511413
29.139	-10.899	-4.2139	0.858232309282673
27.83	-11.511	-3.6894	-1.01723342925834
35.763	-0.51963	-3.4807	0.049379598911704
36.501	-6.4825	-0.69156	-0.613774112937652
37.421	-4.2265	-4.3602	-1.04069235263946
27.841	-0.46924	-6.7153	1.645
35.801	-6.039	-0.10692	-0.0268393479747362
36.429	-1.94	-1.5444	1.645
29.377	1.7668	-0.97623	-0.602686050812464
36.008	-4.144	0.37998	-0.91612181254786
31.857	1.6245	-3.1076	-0.0679603431301265
35.933	-8.4365	-1.8553	-0.514773448206834
36.37	-2.9592	-4.9675	-0.122836660905678
36.261	-6.8152	-1.5389	0.0256760468662041
26.632	-11.363	-3.9523	-0.776626321480661
35.83	-8.0329	-0.94709	-0.00799712194649635
36.007	-6.7848	-4.2244	0.289869527624395
34.409	-9.3628	-3.4874	-0.806793743523425
36.872	-7.3054	-1.1125	-1.32626617100667
34.889	-7.5416	-4.5362	1.04836711369301
36.121	-2.9466	-5.1363	1.33930439093227
37.663	-3.1052	-2.6371	-1.03540630732267
30.435	-2.0178	-5.0573	1.645
37.128	-7.3771	-0.91807	1.38929998601704
36.875	-6.5702	-0.73131	-0.321571021633374
30.867	-10.809	-3.5384	1.31507030405357
36.861	-1.5517	-4.234	-0.886518146663892
36.358	-3.1915	-4.9347	0.0724103568684183
35.609	-7.1077	-0.68315	-0.924901220448054
38.453	-6.2205	-2.5167	0.321814607052606
34.925	-1.4506	-5.7603	0.191659778012578
35.372	-7.55	0.094466	1.645
32.105	-1.7627	-0.10838	-0.665631268240309
36.989	-2.1522	-4.4694	-0.296490803784555
36.492	-7.4624	-0.46387	-0.0246020382024961
33.459	-6.2113	-5.0877	0.441590793586251
36.528	-6.7207	-0.3798	0.174831923238605
35.114	-8.5241	-4.0748	1.28176508878895
31.294	-7.8077	-4.7166	-0.736117842326601
37.437	-6.1818	-4.1612	1.33884054487574
37.342	-6.7824	-1.0638	-1.03573815398043
37.105	-2.5879	-1.2599	0.344558656717959
37.359	-3.4721	-4.3656	0.466975912108146
35.527	-1.6899	-5.4983	-0.570312844277835
35.391	-7.7354	-2.7639	-0.822665381238669
36.806	-7.1946	-1.9069	1.25737695302108
34.841	-1.1825	-5.6789	-0.25386785800097
36.221	-7.3412	-4.4751	-0.755306749745556
37.496	-2.3662	-2.2257	-0.23455126312508
35.88	-8.2388	-4.4135	-0.723441113750261
35.643	-1.0173	-4.7475	-0.584732609143858
27.474	2.3031	-0.87242	-1.645
36.956	-7.4289	-1.0991	-1.1795649782993
36.655	-3.0677	-4.4207	-0.707353736988921
36.291	-3.2826	-5.4975	0.165372795926106
28.667	1.635	-0.37636	-0.161776123698026
35.676	-1.5634	-5.343	-0.573233187588139
26.728	-2.4993	0.37058	-0.532020610949573
35.876	-2.8084	-4.9303	-0.775615344037101
37.664	-2.5775	-2.7475	-0.0911059874154555
28.704	-1.2358	0.73461	0.750854557611695
35.221	-1.4667	-5.6054	-0.489739931942533
17.095	-12.321	-2.8753	-1.22160028979959
37.095	-3.2146	-1.7715	-0.768669590912378
36.805	-6.8704	-0.46855	-1.2744723806602
36.513	-7.4862	-2.793	0.51602113833472
32.465	0.75286	-1.4389	-0.84106184655897
36.718	-6.6751	-0.98773	-0.478571771850627
33.919	-7.0507	-5.0645	-0.495784980775341
34.572	-9.5317	-2.8881	0.203839774900754
27.506	2.6504	-0.70193	-1.20628697049099
31.588	-10.845	-3.7152	1.645
33.383	-10.034	-3.4276	-0.7404058297616
26.988	-0.92323	0.91876	-1.08959970149188
33.974	-0.2086	-5.4289	1.56971767214475
19.483	-12.108	-3.7965	1.35352092905547
28.845	-0.3391	-6.3215	-0.725938346207308
30.671	-0.85242	-6.8893	-0.285055477961944
36.281	-2.7152	-5.341	0.017908209585555
34.081	-0.19025	-0.19369	1.22991013357098
35.884	-6.3224	-0.51641	-0.711729734147142
31.505	-10.677	-3.5357	-0.297018168635651
38.515	-5.1784	-2.2231	-0.20531278051793
31.983	-8.192	0.43924	-0.723740103785028
32.044	-10.644	-3.7583	-0.47855971403815
28.796	2.6423	-1.0447	-0.671697121801255
35.54	-1.4891	-4.931	1.63584760876383
28.339	-11.288	-3.7747	-0.793792156778795
31.698	-1.481	-6.3148	-0.637878640459645
36.426	-7.9875	-4.213	0.543700403113631
37.741	-3.5231	-1.6764	-0.832870039162897
35.285	-8.2893	-0.64382	-0.597387454168573
35.901	-7.5783	-1.5121	1.36249508378233
35.473	-9.362	-2.7353	1.645
26.577	2.4753	-0.54886	-0.872690378648686
36.787	-5.5935	-0.20183	-0.312187883238249
37.144	-2.5994	-2.8073	1.645
37.095	-4.2397	-4.9509	-0.863836071179351
28.812	1.5111	-0.18542	-0.891020884820768
38.32	-4.8525	-3.1108	-0.325892285680323
35.965	-2.0548	-5.2201	-0.902579825263692
28.91	-10.416	-4.3339	1.00931575953675
35.264	-7.1588	-0.50919	0.0901554398998127
36.241	-3.1487	-1.2023	0.0864302999885551
26.865	-11.889	-3.6093	-0.592952111466002
36.969	-6.9389	-2.1567	-0.727927737087211
35.376	-7.6203	-0.86273	1.645
36.223	-7.7271	-1.0545	-0.694632614531805
36.73	-2.8421	-4.3338	-0.568738656682274
34.483	-1.1037	-5.7561	-1.51608540604784
36.956	-3.2025	-4.4751	0.453686055673071
37.298	-5.8161	-0.65225	-0.713491479701225
33.764	-0.71277	-5.7633	-0.927062422395324
36.304	-3.0943	-4.7781	0.744754848127335
37.883	-2.6633	-2.9858	1.16863451099802
30.827	-10.451	-4.0079	1.645
37.032	-6.1426	-0.88556	-0.495972792831319
36.086	-7.7136	-1.5338	1.645
35.868	-8.013	-3.1225	1.645
37.974	-3.5713	-2.2629	1.14773100773093
36.185	-8.2947	-3.287	0.97400025720798
33.895	-8.0079	0.42918	0.0576720553141882
37.122	-3.4666	-4.8168	0.18106096970047
38.09	-4.6696	-3.7878	-0.549290986306306
28.024	-11.618	-3.2678	0.310633341312851
36.532	-2.2219	-4.9142	1.13705866623059
36.12	-6.1442	-0.35725	-0.585818133261892
36.787	-3.2912	-4.7881	-0.482020808229942
33.708	-6.1344	-5.2625	0.0409279336606651
35.989	-1.6761	-5.1643	-0.960861383785662
36.537	-6.8783	-1.0337	0.465783964770722
35.549	-6.4596	-0.15332	-0.751458396177007
35.681	-8.7417	-2.8366	-1.04800519694674
34.349	-1.3018	-5.8695	-0.58962020673796
34.481	-0.83471	-4.8208	-0.630673566815919
37.672	-6.7785	-0.78609	1.50221862908897
36.89	-5.1349	-4.9182	1.645
22.994	0.17768	1.5887	-0.57299779548997
36.808	-7.1617	-1.0805	-0.578946706635004
26.332	2.8248	-0.26543	-0.00377241412982528
36.947	-7.3373	-1.2444	0.477221013213053
29.712	-0.9678	-6.7499	0.58432538936566
33.674	-1.1195	0.1615	-0.532642498138581
29.642	-1.2463	-6.7948	0.673677452050745
31.359	1.2267	-0.79001	-0.506677073310925
20.474	-12.495	-3.206	1.42251410313812
37.127	-7.6054	-3.972	-0.846560242117174
27.274	2.4161	-0.10539	-1.0466779521034
33.256	-0.209	-5.6186	0.0723457406880388
37.501	-3.63	-3.2459	1.645
27.857	-1.7479	0.28644	-0.708788567172783
38.043	-6.8756	-1.8666	0.17116320535612
26.621	-0.41676	-6.7491	-0.0524812894813473
37.543	-6.6177	-3.9242	0.18494759462459
33.074	-10.314	-3.0415	-0.668288723501541
37.642	-6.2693	-1.2363	1.48470606433984
35.664	-1.6218	-5.105	-0.768680836383072
36.254	-2.536	-4.605	1.645
35.866	-8.262	-4.0059	-0.59953981496675
36.769	-3.844	-5.1959	1.14755495462791
36.04	-6.7814	-0.20054	-1.33327287192532
29.113	-0.98121	-6.9442	0.252554405494285
33.734	-9.5652	-3.4776	-0.074658766706038
34.808	-9.1052	-3.57	-0.644445702897923
21.085	3.772	0.79139	1.6390100500105
35.622	-2.128	-5.639	0.456366845913228
36.896	-1.6696	-2.1151	-0.19407687671416
35.456	-3.3218	0.088323	0.862666479778929
22.895	-11.764	-3.655	-0.852660170417844
34.659	-1.9863	-5.9829	-0.741298819852364
36.625	-3.1859	-5.035	-0.0105876743000795
36.426	-6.7145	-0.56541	-0.0676694762321671
37.407	-3.279	-1.2402	-1.18204678373713
26.475	2.8001	-0.13414	1.03319482169967
36.112	-7.3194	-0.71772	-0.531380549925183
34.324	-1.491	-0.028499	0.790905438872645
31.307	-10.824	-3.7747	1.4142948725931
37.58	-4.0989	-3.3811	-0.557847502362946
37.709	-3.0288	-3.4199	0.652553538696948
37.522	-6.8014	-1.605	-0.449630675930648
37.82	-7.0502	-1.9993	0.450499166040198
35.984	-1.9774	-4.2136	-0.891828672932081
36.013	-5.2962	-5.2194	0.118562767453042
37.905	-5.2701	-3.6581	1.645
32.516	-0.5129	-6.2823	0.727650527685825
34.864	-0.4048	-2.0771	0.222929356523091
36.699	-4.6467	0.089536	0.172283920841126
36.514	-2.8311	-4.6458	0.487362970036678
35.342	-0.84757	-4.9727	1.49544099479982
36.848	-6.5595	-2.1398	-1.06070792842621
28.68	-0.5989	-6.5866	-0.0523058417275966
32	-9.0904	-4.758	-0.563060599484956
36.935	-5.5179	-1.3782	-0.423033254429749
30.193	1.2549	-0.92182	-0.445866410543238
37.184	-1.7013	-2.732	-0.045038555514441
35.599	-6.05	-5.0311	-0.996916257496759
37.872	-5.7018	-1.026	1.42933165126771
29.467	-10.775	-3.9691	-0.504234418336169
25.658	-11.743	-4.0632	-1.27991402685802
32.649	-1.5728	0.16861	0.683391753797086
35.97	-1.7404	-1.3486	0.264597350164064
36.144	-2.2189	-1.1147	-0.461256993346363
26.47	-1.2093	0.66759	-0.918070047326533
35.112	-8.381	-1.5627	0.0957937865346297
37.359	-2.1066	-3.8716	-1.645
31.882	-0.57295	-5.8092	1.57964752581196
37.299	-4.6356	-4.2258	-0.711872730563484
35.881	-1.4853	-5.1216	0.798914106036824
36.318	-6.8931	-3.2431	-0.768584138742757
36.568	-6.7341	-0.43936	-0.758348740110898
35.959	-8.016	-1.3819	0.138139962999216
35.877	-8.4213	-3.4308	-0.408311570323327
37.664	-3.9756	-1.3644	0.591202195557261
37.018	-2.1404	-3.4635	-1.62810085327654
37.108	-2.6266	-1.3105	-0.627851253069775
36.446	-6.3734	-4.8093	0.121787468378494
34.623	-7.9058	-0.21977	-0.699080891702846
38.014	-3.428	-3.3169	0.64074972662371
36.438	-5.6209	-1.0791	-1.03882061183339
27.258	0.22043	-6.3336	0.10259119151144
37.128	-7.3755	-1.516	1.56095310328666
35.436	-6.7361	-0.95815	-0.5248455319467
36.441	-7.3309	-1.0821	-1.23685076724702
37.22	-6.5674	-1.1292	-0.274886121738614
36.732	-7.2218	-0.73825	0.025613428617766
37.432	-2.5769	-3.2596	1.36321399975928
37.07	-3.5895	-4.5398	-1.45007160490928
26.151	2.5267	-0.32816	1.48742893518462
35.259	-0.56743	-3.8436	-0.537327431147178
38.008	-3.2008	-3.5752	-0.75959895356642
33.007	0.29962	-0.29684	-0.919445884980951
37.083	-6.3311	-0.76982	0.104902722574296
34.858	-0.90232	-5.1763	1.01908645257478
35.237	-0.69076	-4.8874	1.645
36.619	-3.3442	-5.008	-1.01127822069195
35.257	-2.0901	-4.006	-0.790699593521854
34.462	-9.6263	-2.7398	-0.907617828038909
36.277	-7.249	-0.71106	-0.348899689459448
26.937	-11.434	-4.0353	-0.732028333657237
33.624	-9.7678	-3.2114	0.242874505109667
37.164	-3.1932	-4.4762	0.700037730228487
33.301	-0.8584	-6.2191	1.645
24.144	-11.871	-4.1725	-0.442777089993314
37.031	-6.9763	-1.0374	0.330829284499888
37.211	-6.4572	-0.88182	0.391771319448955
36.058	-0.71232	-3.8443	-0.628010487532866
37.247	-5.6924	-4.4819	-0.363325305278169
37.587	-7.0356	-2.9008	-1.2419554206179
36.927	-2.4784	-4.6331	0.73524768107243
29.143	-1.0016	-6.5471	-0.248544903001117
27.421	-11.915	-3.1716	0.0101012034991901
34.867	-2.1455	-5.957	0.487717962267688
35.498	-8.087	-2.6598	-0.680403588616941
37.013	-1.3675	-2.5758	0.682537564327137
34.412	-0.72442	-5.3799	0.598753004248378
29.205	-1.0063	-6.6398	-0.248219627439718
33.259	-0.86748	-5.1327	-0.426582617280576
33.57	-8.7984	-2.8098	-0.338444941288276
18.117	-12.427	-2.7497	-0.275370880132965
37.652	-4.4151	-4.0434	1.07955306218752
37.883	-3.842	-3.38	0.0394223925478505
36.17	-7.445	-0.85062	-0.378463978274109
32.197	1.205	-4.1368	1.01969871388422
37.838	-3.7151	-3.567	-0.970561962187661
32.13	-10.432	-3.3767	-0.809360689807142
36.331	-7.1059	-0.41523	1.12818471996085
37.69	-2.9721	-2.3396	-0.163367426740043
37.289	-5.8562	-1.1742	-0.95354217626543
32.829	-2.2829	-5.3286	1.15944221296187
25.063	2.6942	0.50611	-0.369487641237627
37.069	-7.3037	-1.1191	-0.453072932699247
30.135	-9.1454	-4.2499	-0.336872011230056
37.961	-4.5137	-3.6152	1.645
26.936	-1.6129	1.3973	0.64465341850646
36.844	-2.8627	-4.1771	0.269982849754772
37.061	-6.5184	-1.2337	-0.678906410590383
37.356	-5.2576	-1.0494	0.383619410738156
29.648	-0.84476	0.71673	-0.0503022544958334
34.285	-0.88002	-5.7289	0.678950627014031
37.049	-6.6954	-1.5441	-0.877678946244299
36.083	-8.5847	-3.8822	-0.433149884194384
29.455	1.4441	-0.33154	0.797034701621951
29.891	1.399	-0.59674	-0.824936481882652
36.937	-6.6664	-1.0888	-0.0960047615644343
28.461	0.98628	0.17033	-0.30293121919395
37.404	-5.4861	-1.3972	-1.1470749084478
37.269	-6.594	-4.1428	1.645
27.479	-1.1421	0.8687	1.57406591886105
38.265	-5.2641	-1.6418	0.557482594045543
37.36	-1.9229	-3.4248	-0.447267220762438
36.673	-7.7313	-1.7312	-0.241182532697468
37.401	-2.788	-4.0256	1.25108691146487
35.233	-8.8871	-3.1131	1.645
36.885	-8.2585	-1.4113	-0.127430710918564
36.234	-7.6629	-0.97961	-0.912038984022042
29.945	-1.3699	-6.7296	0.359413146830576
37.523	-5.7548	-4.5898	1.26759508218741
36.022	-5.6927	-0.69924	1.645
34.237	-0.72906	-5.5845	-0.660675494265192
35.811	-7.1054	-0.26252	-1.06856311200715
36.627	-2.2565	-4.6513	0.879949779312044
31.846	-3.3065	-0.63738	-0.416410945785495
34.803	-1.1978	-5.5854	0.544850933382229
34.108	-1.3907	0.43458	-0.581861745712789
35.171	-6.1369	-1.2886	-0.714778950101868
37.879	-3.3745	-3.9897	-1.02029348506564
30.384	-1.1125	-6.3906	0.174077894809708
36.092	-7.0394	-3.7643	-0.398479715577313
36.997	-2.8596	-4.6194	1.645
36.175	-7.537	-1.5303	-0.666810128270574
36.488	-7.3251	-2.3262	0.548787116862793
37.809	-6.3381	-1.42	0.573328157385185
35.954	-7.1833	-0.97152	1.09140120836592
36.646	-6.9621	-4.4572	-0.652497328794247
36.439	-2.5243	-2.1194	0.585622511154399
38.182	-4.7359	-4.0348	1.1610511632934
33.203	-10.02	-3.7952	0.819966711021299
37.485	-6.1472	-1.8209	1.645
29.373	-1.8565	0.38733	-0.032439376813015
30.852	1.7849	-1.8279	-0.161394243812291
29.038	-11.463	-3.3336	-0.718908997373958
36.626	-3.6918	-0.73483	0.319714691031746
35.629	-9.285	-3.1762	-0.419948865888337
35.873	-6.1718	0.076158	1.645
23.219	-11.625	-3.7246	-0.633083379933708
36.922	-6.114	-0.78434	0.271825869537626
35.571	-0.535	-3.7779	0.434013370681444
31.72	-0.96702	0.3544	0.51813334382767
37.285	-3.4399	-4.4883	-0.414372479008916
37.89	-3.3009	-2.8666	-1.63855352188179
34.273	-0.69818	-5.6839	0.0314869801866598
37.907	-5.6622	-1.514	-0.700131846982879
36.103	-2.9022	-4.7952	-0.50013842265184
37.301	-2.9975	-4.1287	0.239600965773095
37.305	-7.1596	-1.4898	0.514482695484605
30.903	0.73487	-0.78254	-0.631786006592469
36.38	-3.1166	-4.3906	0.93838619682289
28.036	-0.32208	-6.6729	0.582760381267921
36.904	-2.4271	-4.0264	0.167288936342785
37.393	-3.4946	-4.3244	0.0331125358786056
37.241	-3.7254	-1.2785	-1.21824025976809
35.082	-1.3413	-5.5522	-0.735971615512608
36.778	-6.6332	-1.1096	0.3872589983498
36.382	-2.1964	-0.9519	-0.300409475439021
26.104	2.9775	0.38525	-1.11088355830918
33.447	-0.099584	0.24688	-0.262322220349515
37.105	-2.5589	-3.5756	-0.477618966906763
30.026	1.6761	-1.1057	-1.06803915325686
33.046	-8.5364	-0.65937	0.468132134554793
34.469	-3.1586	0.16337	-1.08391190505364
31.865	0.77388	-1.3397	-1.488451276546
28.861	-2.2487	0.5869	-1.095779559142
33.42	-1.847	-0.09335	0.834088662905369
34.92	-2.2908	-0.34357	-0.791559014119368
31.224	0.17342	-5.7504	1.22117716739297
36.424	-7.281	-0.91605	0.301889679062822
34.045	-9.3825	-2.7884	-1.36533907741178
37.267	-2.9412	-1.1413	-0.792998702283961
36.998	-6.6701	-0.68066	-0.557329012573028
36.834	-7.6649	-2.6837	-1.14096698809355
33.033	0.14127	-0.89016	-0.711688326588379
29.53	-11.489	-3.1516	-0.978339322796132
36.349	-7.4662	-1.0629	-0.718031890694038
14.2	-12.25	-2.7913	-0.328569801152677
37.53	-4.251	-3.1865	-0.346097944415024
36.601	-3.3263	-0.83788	-0.373000056476692
33.679	-0.86234	-0.17042	-0.942350103815588
33.966	-0.18969	-0.95979	-0.108929869354415
37.215	-2.1692	-3.2804	-0.996408056011842
36.854	-3.5895	-4.6313	-0.925606448476914
24.281	-0.95431	1.6062	-0.575614966833785
35.599	-6.7579	-0.15719	1.645
25.345	2.9604	0.81839	0.606110066113091
29.477	-10.678	-4.2809	-1.19284988216722
36.425	-0.63911	-3.5397	-1.14811491448774
34.486	-9.5717	-3.7802	0.826246246682335
33.366	-9.9976	-3.4617	-0.619868772003245
35.716	-8.4489	-2.1184	1.645
36.11	-7.4497	-1.499	1.04011821391595
22.655	-11.631	-3.7513	0.104539552975194
36.996	-7.5551	-2.6668	0.6760732461446
36.35	-1.06	-3.5694	-1.34991866454424
22.237	-11.81	-3.5527	-0.767488912854464
36.765	-2.6537	-0.90358	-0.587361774874297
33.209	-1.3065	0.58739	0.498971628217483
38.277	-5.7043	-2.5148	-0.0927724425762312
34.672	-9.018	-2.7887	-0.697161771976743
28.566	2.1575	-0.46418	-0.886446023762225
35.949	-7.0988	0.036498	-0.318911198477368
36.04	-8.1498	-3.5092	-0.941451891925701
28.21	-11.078	-3.6007	-0.203278604776189
20.617	-0.3175	1.6639	1.06533842105128
38.095	-4.4114	-3.0289	0.355700979031417
37.469	-3.1858	-2.9957	-0.815773212792257
36.759	-3.5836	-0.81804	0.656487781735902
37.31	-7.5264	-2.6178	0.561978373842565
36.324	-7.7981	-3.4379	0.628313469721638
36.205	-2.6511	-0.80731	-0.376108077995821
33.365	0.518	-1.5642	-0.829932818733349
14.631	-11.506	-3.6427	-0.954048635783521
34.719	-9.8405	-3.3063	1.645
37.172	-5.7699	-2.3884	-0.611368352363407
36.678	-7.6703	-1.4146	1.645
38.39	-4.8164	-3.1837	0.27103217903618
28.693	1.9418	-0.84665	-1.44610538665786
38.086	-4.8205	-3.8928	-0.340692384084965
36.681	-7.6883	-1.3233	0.117496718502305
26.188	-1.2389	0.73822	-0.0777228148114233
37.348	-4.3808	-3.4643	0.764510173847887
36.807	-6.8513	-1.4331	-0.978118357746667
37.268	-4.9914	-0.25184	1.645
37.491	-6.0219	-1.2997	-0.762959532270213
36.72	-6.1892	-0.64828	0.374747281236096
36.064	-7.1385	-1.2273	0.475423051222286
37.412	-4.5111	-2.4789	1.645
36.115	-6.9508	-0.31193	-0.586486557193348
35.332	-3.4379	0.25797	1.62679248896183
34.246	-1.9271	-6.1455	-0.574981274725863
36.451	-2.0925	-4.9467	0.00833321344970736
37.692	-3.8642	-3.9815	0.366039980989565
37.493	-3.1652	-4.0554	1.48172453707597
29.473	-2.0004	1.2233	0.47927668242076
36.66	-6.6386	-0.37036	-0.841706417409094
36.973	-4.4217	-0.99545	-0.809873381021901
36.564	-7.3469	-0.8169	-0.873534613296817
35.818	-1.2328	-4.9674	-1.03537882134962
24.502	-11.889	-4.0808	1.36238484540745
29.141	-10.738	-4.3405	-0.757641557736211
36.36	-2.2355	-0.98092	0.270198636259736
38.175	-6.4615	-2.3743	0.34628419979501
36.419	-6.6899	-0.5559	0.340294028619167
36.488	-6.1858	-3.8549	0.103635839959044
36.42	-7.2465	-0.79641	0.380320932440608
36.195	-3.0407	-2.149	-0.134972560588624
35.754	-8.7903	-3.0805	0.520874863233353
32.294	1.3388	-1.5872	0.210906747901261
37.331	-2.3602	-3.1346	-0.290911420474647
28.015	-11.269	-3.5031	0.443800430541118
27.895	2.1727	-0.70999	-0.718092490319645
36.754	-3.0007	-4.6999	0.486574070949287
27.788	-0.7983	-6.5807	1.645
27.088	0.10397	-6.6888	1.645
36.113	-7.5229	-1.1566	-1.16743816446132
36.96	-6.9343	-1.0159	-0.830273591812646
32.801	-10.494	-2.9191	-1.12970775861194
35.636	-9.2272	-3.3149	-0.263039993490689
37.488	-4.8809	-1.9614	-0.425864754082934
37.028	-8.0319	-2.3737	1.645
30.909	-10.532	-3.6165	-1.23069777635316
36.125	-7.0592	-0.43751	-0.874275532832443
36.733	-2.908	-4.739	0.0246674942798786
36.626	-5.7911	-1.2278	-0.701179512406366
28.049	-10.987	-4.007	-0.138004917053626
37.016	-2.6871	-3.6991	1.645
27.536	2.4938	-0.31686	-0.541690782272021
35.196	-7.2738	-0.20346	-0.458806496768933
37.298	-6.2867	-4.72	0.741642925604655
36.841	-6.0594	-5.141	-0.798536436715666
36.939	-3.7073	-4.6069	1.0638712940162
28.959	-10.732	-3.9835	1.645
36.785	-1.4031	-3.5604	0.695062575583148
37.784	-3.0457	-3.1938	1.10231463074129
36.359	-7.4549	-1.0004	-1.21340459817227
36.92	-5.8143	-0.62305	0.701722138304698
33.859	-9.2605	-2.5721	-0.121406460715573
37.878	-4.0903	-2.2179	1.3306222606094
34.039	-8.7942	-4.1058	-1.50252652327712
29.947	-10.855	-3.69	-1.10114700890015
36.231	-6.2373	-5.1256	0.975078211281024
36.362	-7.0014	-1.1047	-0.397287817553266
36.415	-1.8489	-3.4901	0.710621531887824
36.223	-7.4272	-1.0084	0.385789941921858
37.766	-3.2181	-1.9562	-0.200349086402303
33.532	-9.5404	-3.8361	0.356140008241951
37.166	-4.2299	-4.5378	-0.900543518657121
31.329	-9.8618	-4.0712	1.27238443463017
38.211	-6.7695	-2.7243	-0.487262852745033
36.695	-8.3244	-3.4796	-0.131265509853309
35.219	-2.1202	-1.3575	0.788490361139189
35.886	-6.8034	-0.66589	-0.127143174424509
37.367	-3.737	-1.2535	-0.340244325050407
20.626	-11.99	-3.1838	0.0433713330432816
35.53	-1.198	-4.9193	0.0714739627755019
36.172	-0.92643	-4.2247	-0.180112488397825
36.077	-2.6253	-4.9514	-0.13977965241775
35.967	-2.729	-0.69909	-0.894428083401445
36.327	-3.639	-5.216	-0.754236204181844
34.886	-6.2481	-5.5571	1.18274729409601
34.958	-1.4558	-5.6443	0.692176424035875
31.849	-10.422	-3.1593	-0.829219849290728
34.961	-9.0902	-2.5955	-0.450424444860465
38.228	-5.9979	-2.4075	-0.0391069097273903
28.476	2.3052	-0.21928	-0.0431227390164118
36.367	-7.0131	-1.7098	-0.672212855411036
34.7	-1.2137	-5.6412	-0.905197217043592
27.847	-1.0006	-6.7591	0.125224191396311
27.558	-11.495	-3.2371	-0.942795512460927
37.597	-4.7139	-4.268	-0.197280679281999
36.394	-6.1789	-1.2919	0.0692334995240678
34.005	-0.32428	-5.4688	0.526629611145073
32.942	-10.187	-3.8424	-0.378869391200438
35.407	-6.9301	-1.0617	0.34273331231561
35.304	-6.792	-4.5462	-0.731308915109618
36.574	-8.6753	-3.4189	-0.459385991750038
33.362	0.38835	-1.7634	-1.4852729391096
31.359	1.133	-1.4757	-0.337758245662197
34.574	-3.6874	0.49795	-0.70974151119363
36.479	-2.3034	-4.7111	-0.572302836194613
33.998	-7.9864	-0.16569	1.645
35.595	-7.1083	-1.4836	-0.513428305835065
35.861	-2.605	-5.277	-0.283699566145335
35.668	-7.5501	-1.0858	-0.101548899291006
37.836	-4.3579	-3.3202	-0.271608320318186
35.822	-6.391	-2.1782	-0.458925867927352
36.361	-7.4636	-0.51885	-1.04069799445343
34.547	-9.2514	-3.6529	-0.974785932615575
27.991	-1.7102	0.46544	-0.878184010027019
38.169	-4.0381	-2.3338	-0.702146581889144
34.816	-1.9829	-0.24815	1.22543926169141
37.137	-3.3898	-4.8805	-1.06914322574812
35.954	-7.1988	-1.5628	-0.67819833123418
30.162	1.0924	-0.59141	-0.840274644814998
31.827	0.24387	-1.1057	-0.648964019761077
29.737	-10.997	-3.7093	-0.40709836625374
35.2	-1.6433	-5.5416	-0.600087266387937
27.619	-11.723	-3.0238	-0.401645945189785
31.457	-0.30158	-6.5963	-0.00183574163060806
37.001	-1.8216	-3.9956	0.507936352299485
37.001	-2.4226	-2.9225	0.341560795856551
36.838	-3.1052	-0.58324	-0.092621635569391
35.73	-7.9709	-0.66978	1.14436371836955
29.989	-1.4419	-6.6104	1.09641125425956
33.114	-0.44001	-5.9828	0.319944151362874
37.175	-3.326	-4.0231	-0.291822717906355
36.996	-7.5969	-1.0678	0.525788612324633
34.952	-6.4194	-5.1862	-0.0910933142101008
35.848	-8.0086	-0.74692	-0.344701340766594
36.297	-6.6218	-1.3064	-0.178714627941307
36.271	-7.3453	-1.3238	0.581761558243425
36.293	-1.505	-4.5643	0.0645843505581197
37.27	-6.2276	-1.1357	0.982503581750617
34.893	-8.2576	-0.2879	-0.581795573452909
37.547	-3.1049	-3.4645	0.063063089128841
36.105	-7.3621	-0.27467	-0.660954570035203
24.961	-12.173	-3.2356	-0.970769551302316
36.292	-2.6554	-4.4174	-0.131365475143995
34.883	-4.4287	-1.5223	1.61038424412015
36.371	-1.3748	-4.149	-0.117303173711246
34.803	-7.3818	-0.18694	-0.122227711884898
37.779	-6.3044	-1.8107	1.645
37.33	-2.1802	-2.9054	0.517786884750911
22.13	-12.369	-2.9595	-0.334431863600458
29.318	-10.906	-4.083	1.00476746599695
37.988	-3.183	-3.7179	-1.645
37.776	-3.2527	-3.708	1.08669121429302
32.946	-10.118	-3.8613	-0.803748215479437
37.07	-2.1273	-3.4271	-0.883100118388938
17.539	-12.176	-3.6076	-0.839570874046537
36.474	-2.0151	-4.8982	-1.645
31.882	0.099737	0.85538	-0.0189354734634461
35.835	-5.3318	-5.5868	0.629597122733371
34.055	0.053927	-3.4849	-0.458950117591294
36.056	-7.7506	-4.4819	-0.741066081514153
27.534	-0.34665	-6.4868	0.17129694491853
29.101	1.8205	-1.2912	-1.16101905251216
33.057	0.84632	-2.7147	0.767446298405028
37.21	-4.2579	-4.7383	1.28850536444683
37.605	-6.5111	-0.87244	1.645
36.13	-2.8164	-5.1146	-0.766632841105011
37.997	-4.8692	-1.9471	-0.0806018648275565
37.948	-6.3604	-1.6608	-1.10639435213234
27.045	2.3681	0.63953	-0.980241339321603
35.958	-2.3821	-5.0615	-0.48913879367028
33.023	-9.9253	-4.2566	-0.95577401620827
35.042	-7.5012	-4.9165	-0.54750355768483
28.06	-11.31	-4.1272	-1.55324035980286
29.628	1.4832	-0.091737	-0.728747948330037
24.884	-12.03	-3.7199	-0.843992182503995
29.713	-1.3836	0.57155	-0.265874468347286
35.127	-8.9068	-3.2601	-1.40101179977975
27.944	-0.12737	-6.92	-0.248557797175439
33.449	-0.70302	-0.86649	0.157339478397809
36.404	-0.77396	-3.045	-1.01242037618752
36.282	-1.236	-3.9953	0.33057301757908
37.46	-4.4038	-1.0835	-0.994559339391959
32.664	-10.854	-2.59	1.17620799144413
37.065	-2.8718	-1.9238	0.552997826489551
36.791	-7.3313	-1.4707	0.38075355500538
38.576	-4.8825	-2.3728	-0.763294437832869
35.99	-2.0913	-5.2288	0.199030237803455
38.366	-5.4234	-2.4492	-0.723133570503039
37.005	-7.4155	-1.2923	0.198060947649345
34.865	-8.7229	-3.4379	0.826650989399882
24.003	0.13853	1.4663	-0.540682919444137
35.521	-7.0953	-0.81215	1.17998440388984
32.739	0.91199	-2.6954	-1.27636665386045
33.353	-0.15211	-5.6436	-0.650324485773991
36.875	-2.9204	-4.2667	-1.2000129304123
26.959	-11.641	-3.4896	-1.23312056252728
36.976	-6.7599	-1.9741	-0.185876036641979
34.85	-8.5722	-4.0191	-0.389968267299379
29.127	1.8274	-0.60295	-0.462952947578866
36.394	-7.593	-0.62675	0.0805029675130283
36.651	-7.5829	-1.2475	1.21937309295182
35.59	-2.7801	-5.4654	1.63898678582012
27.103	-1.7895	0.51807	-0.329854953421982
35.282	-0.54191	-4.5888	-1.26738266317747
36.163	-7.092	-0.771	-0.621206950995542
37.603	-3.5366	-2.3554	-0.703183238079722
33.099	0.055081	-5.2592	1.37263839602174
36.332	-6.6978	-0.47076	-0.423093658364047
36.431	-1.4634	-3.8262	-0.65714697053681
36.775	-7.7189	-0.67347	0.00170919014107939
24.869	-11.715	-3.337	-1.33264741453035
31.074	0.26967	-6.3372	-0.879246191314111
35.681	-7.0142	0.034118	-1.05556661045029
34.545	-0.57259	-5.36	0.751219892990934
27.989	0.13398	0.8053	1.645
28.783	-1.1034	-6.5278	1.42179265104542
27.447	-11.476	-3.9333	-1.645
34.944	-1.8333	-5.6746	-1.03926037206376
36.966	-5.8746	-2.2644	1.645
