27.563	-1.7829	0.9933	1.645
38.23	-4.9132	-3.4835	1.14537833387439
35.146	-6.8688	-1.1453	0.241300448074558
35.336	-1.5855	-5.3664	1.49294431892896
37.568	-3.1113	-4.1591	-0.0882934451435594
36.791	-7.3313	-1.4707	1.37485025436935
36.304	-3.0943	-4.7781	0.0989805410891104
36.966	-5.8746	-2.2644	-0.482772748827192
28.639	-1.7463	0.11451	0.882472883515416
25.808	2.4843	0.20229	-0.832614840473067
37.109	-7.0105	-0.90472	-1.31314741269358
28.051	-11.463	-3.9954	1.62108658658924
34.271	-9.6149	-3.6763	-0.806497848069703
27.04	-0.27364	-6.8262	-0.309245845153726
37.574	-2.8168	-1.8882	0.410050832280726
37.4	-6.6576	-3.761	0.322411349073629
34.929	-9.3154	-3.3453	0.736234534340262
36.584	-3.2355	-4.7375	1.63081124199011
36.277	-7.249	-0.71106	0.638056624364143
37.268	-4.9914	-0.25184	-0.98680382769766
37.519	-7.3869	-2.6661	0.397162664432215
35.606	-2.0846	-5.5897	0.262358112537475
35.222	-7.552	-0.12993	-1.05661486332072
35.784	-2.114	-0.96068	-0.71591443306292
24.281	-0.95431	1.6062	-0.337690440313929
36.808	-7.1617	-1.0805	-1.15591514322271
37.393	-3.4946	-4.3244	0.998442384860264
34.92	-2.2908	-0.34357	1.35467423182337
36.503	-3.0435	-4.7703	0.0397243065300745
36.558	-3.477	-0.7264	-1.04310798787164
30.821	-10.653	-3.8519	-0.231871981178581
27.421	-11.915	-3.1716	-0.623000679741855
37.704	-6.9036	-3.5007	0.36565174782035
38.09	-4.6696	-3.7878	1.24502174381425
36.562	-7.8558	-2.4601	0.678024185337058
37.032	-6.1426	-0.88556	1.18434497894519
35.609	-7.1077	-0.68315	-0.921351847901966
36.054	-8.1439	-2.2738	-0.335938897615265
34.348	-1.5875	-5.124	-0.849815448305178
38.366	-5.4234	-2.4492	-1.01635422764496
36.834	-6.7319	-1.2722	-0.813122503386294
20.57	-11.951	-3.571	-0.235500758069835
36.861	-6.3361	-0.60656	0.0978858898625866
37.101	-6.2474	-1.5272	-1.05642333227486
37.648	-2.9954	-2.6871	-0.911270053033567
35.2	-1.6433	-5.5416	-0.924847571183253
37.59	-3.4846	-3.6459	-0.945125048237612
24.838	-11.328	-3.8629	-0.464321904031562
37.785	-3.759	-1.4766	-0.590047377748065
37.502	-6.2755	-1.1577	-0.816408307716253
26.259	-0.18253	-7.0548	-0.559175834308703
36.034	-7.7111	-0.66814	-0.341578895416926
36.897	-3.6054	-4.7352	0.426816711508241
22.98	3.3486	0.063496	1.06520522179522
34.721	-8.3715	-4.579	-0.611672904660801
35.542	-6.5946	-1.1652	-1.02088042824757
24.91	-11.954	-3.5912	0.0108742206152471
24.282	-11.844	-3.4144	-0.0767040118703868
28.168	-0.41404	-6.7192	-0.516996429316396
36.937	-6.6664	-1.0888	-0.843343624688316
36.772	-2.0808	-3.8427	-0.977552566474895
35.947	-3.498	-4.6138	-0.341134509731953
37.034	-3.681	-5.0419	1.645
36.834	-7.6649	-2.6837	1.645
33.537	-8.6364	-4.1537	-0.64778567784024
37.149	-6.3657	-1.3475	-1.15487153157207
36.289	-2.5821	-5.4333	-0.314235147280479
36.419	-6.6899	-0.5559	0.232557410328904
30.821	-10.162	-3.2975	-0.845858716464669
37.447	-2.7711	-3.2962	1.645
35.563	-0.78294	-4.4159	-0.352254194475097
36.981	-7.338	-4.1057	-0.553211175681928
32.649	-1.5728	0.16861	0.719728757946205
28.452	-0.64826	-6.6807	0.0886144515709792
26.716	-11.636	-3.9302	-0.204473093070664
25.063	2.6942	0.50611	0.26773984470298
37.279	-7.3662	-1.4602	-0.532029020038521
16.546	-12.122	-3.0507	-0.985318410223216
36.296	-3.9297	-1.4904	0.793526771960988
27.558	-11.495	-3.2371	-0.759811490382793
36.96	-6.9343	-1.0159	-0.239746911924057
37.75	-4.869	-1.3026	-0.83736844498965
34.952	-1.4921	-5.7799	0.825155064043588
28.796	2.6423	-1.0447	0.634626162302222
27.274	2.4161	-0.10539	-0.720898225085933
34.17	-1.3725	0.13005	-0.890074704480005
37.131	-4.5617	-0.87893	-1.4607317176057
36.684	-6.916	-0.54257	-1.41231412610498
35.929	-8.1243	-1.4357	0.479959139770926
37.58	-4.0989	-3.3811	-1.33758592681509
36.868	-7.3659	-3.4925	1.645
29.772	1.7553	-0.20628	0.680864631607619
36.901	-2.8551	-4.7309	-1.06986853561247
35.984	-1.9774	-4.2136	0.179487574421327
35.668	-7.5501	-1.0858	-0.550882794923621
34.944	-8.9841	-4.1297	-0.404796100275896
34.883	-4.4287	-1.5223	-0.950406574113039
33.349	-0.35116	-2.0425	-1.21210636175242
34.878	-7.421	-4.5206	1.38419938766553
35.285	-8.2893	-0.64382	-0.669762585510873
34.961	-9.0902	-2.5955	-0.718318560039303
29.757	-0.67542	-6.5392	-0.13014292513584
36.673	-7.7313	-1.7312	-0.835781011928064
27.474	-0.29098	-6.7196	1.645
33.424	-10.084	-3.4669	-0.0412167451656149
36.03	-6.7396	-2.2656	-0.437933545503129
35.461	-6.7856	0.21	1.00258574815209
37.168	-2.8936	-4.4433	-0.413444406561172
36.626	-6.7312	-0.7282	-0.125864308690057
36.629	-7.321	-0.79914	-0.525517384407622
36.602	-7.2462	-0.74841	-0.0192419349575413
36.229	-7.0194	-0.57746	1.645
38.176	-3.9397	-2.3623	-1.22751428464641
37.603	-3.5366	-2.3554	-0.361361398572002
33.384	-0.71081	-6.05	-1.645
37.271	-6.6982	-1.6293	-0.743828806533981
37.28	-2.8613	-4.4514	0.327935450260993
30.542	-6.0829	-5.3952	0.598263914346052
36.441	-7.3309	-1.0821	-1.34532602112403
37.835	-4.0336	-3.727	-0.521084773821414
37.548	-3.7864	-2.5541	1.42316362628751
34.078	-0.040589	-5.3448	-1.03402977074444
29.461	-1.419	0.7187	-0.979770073663408
26.959	-11.641	-3.4896	-0.34322503281264
36.647	-7.5774	-0.80506	-0.170488515022243
36.601	-3.3263	-0.83788	1.645
31.698	-1.481	-6.3148	1.41690206326057
37.236	-5.8353	-2.0778	0.308996475088538
38.014	-3.428	-3.3169	0.210671840676878
37.069	-7.3037	-1.1191	0.0853881193040031
34.541	-2.8555	-1.6681	-0.304332655508337
37.425	-4.7946	-3.5831	-0.730847778762386
33.291	0.40457	-1.8331	0.607692138717725
27.506	2.6504	-0.70193	-1.02665969064742
37.772	-3.5059	-3.3861	0.754006577243346
36.281	-7.2612	-1.4428	-0.622860108154515
37.809	-6.3381	-1.42	-0.0733175667499954
37.432	-2.5769	-3.2596	-0.569398121396244
36.054	-7.6498	-0.76852	-0.312946799752106
36.52	-7.3394	-3.0192	-0.330597466580194
36.848	-6.5595	-2.1398	-0.710449220688218
36.783	-8.0664	-2.712	0.599488714226748
36.243	-3.5794	-0.21717	-0.799140870783818
34.719	-0.76652	-0.38087	0.433172157616577
37.368	-6.4768	-2.9922	-0.449291677945916
37.367	-3.737	-1.2535	0.352668033017667
35.521	-7.0953	-0.81215	-0.782134631360481
34.583	-9.2741	-3.2361	1.645
37.827	-3.3669	-2.5679	0.686762613408709
28.476	2.3052	-0.21928	-0.857660685297667
35.937	-7.7764	-1.2843	-0.612927748839363
37.946	-3.3618	-3.7233	-0.177062617892575
24.144	-11.871	-4.1725	1.645
37.259	-3.0075	-4.4835	0.594520409135652
36.922	-5.6457	-4.9601	0.576249900945361
36.534	-2.8847	-3.859	-0.549272522753372
36.113	-7.5229	-1.1566	-0.72270694007148
37.161	-2.9571	-4.3767	-0.642441188259992
29.878	1.9333	-3.6835	-0.900749609265987
20.084	-12.312	-3.48	0.100667424667564
36.307	-6.6518	-5.0565	1.645
36.561	-8.08	-2.507	0.443078671998939
25.499	-1.9116	0.89186	-0.626815992641958
29.139	-10.899	-4.2139	1.645
34.547	-9.2514	-3.6529	-0.943813694014729
34.963	-0.91573	-4.2992	-0.803383477824053
36.718	-6.6751	-0.98773	1.645
33.073	-10.383	-3.0347	-0.0368693252737918
26.628	-11.465	-3.5706	1.645
37.434	-4.6484	-2.4277	-1.01351168549075
35.936	-1.5523	-5.1143	-0.0734651847060943
37.322	-7.6218	-1.4826	1.41432882507091
36.819	-2.209	-4.6629	-0.575530392362176
35.771	-6.6465	-1.0204	1.37001331168915
35.965	-1.3746	-5.0021	1.645
36.513	-6.807	-1.1852	-0.837147134290987
36.57	-1.9504	-4.6956	-0.587086525083899
36.947	-6.3535	-1.4057	-0.0941247546671335
36.513	-7.4862	-2.793	-0.00817024787927366
32.059	1.3109	-2.4168	-1.15314645016237
27.464	-11.751	-2.8039	-0.920046014839948
33.353	-0.15211	-5.6436	-0.205207545011459
34.532	-1.6199	-5.9276	1.32674429930226
38.242	-5.918	-2.1091	0.135495327633687
36.996	-7.5969	-1.0678	0.606252512375488
32.922	-10.36	-3.0592	0.566000204709329
35.498	-8.087	-2.6598	0.695714196984237
33.897	-9.3231	-3.4479	-0.609273513994797
21.749	-12.082	-3.1072	-0.221399599504933
34.864	-0.4048	-2.0771	1.645
37.29	-3.1505	-4.2486	-0.612533784548152
31.505	-10.677	-3.5357	-0.496475836859998
35.769	-1.1302	-4.9338	-0.0751380754613141
36.883	-3.2841	-4.7561	-0.115869653335809
24.603	3.0977	0.72789	-0.111756067960429
34.091	-7.9047	-4.067	-1.59528910608143
37.887	-5.396	-1.5637	0.532119562628123
35.011	-9.3326	-3.6961	-0.604036078832243
27.177	-2.3797	0.14023	-0.0601407966137012
37.434	-3.8318	-1.858	1.18411043575854
36.04	-6.7814	-0.20054	-1.305220128916
35.031	-0.73919	-5.3013	-0.65132471766309
36.613	-7.0288	-0.34779	-1.08649851552628
37.22	-6.5674	-1.1292	0.0744243248509417
35.9	-7.2416	-0.67509	-0.522545714745732
29.454	-1.0348	-6.7118	-0.807227142781007
29.945	-1.3699	-6.7296	1.645
35.852	-6.3953	-0.66102	-0.40040295500698
37.664	-3.9756	-1.3644	0.174218979488089
34.572	-0.91389	-5.3163	-0.712430498878973
28.79	-0.60836	-6.4231	0.0436374023267632
34.702	-1.6396	-3.8829	-0.560008295142371
35.282	-0.54191	-4.5888	-1.09977491212162
37.487	-6.2291	-1.7669	-0.348900289386413
34.865	-8.7229	-3.4379	-1.05626001224207
26.98	-11.301	-3.1408	1.645
36.433	-4.7672	-1.4114	-0.631966171329593
38.053	-4.9272	-3.8114	0.87554938133276
37.336	-4.2892	-1.3951	1.27768526905624
34.7	-1.2137	-5.6412	-0.840904559659461
27.763	-0.19828	-6.7383	0.142723485584236
36.125	-7.0592	-0.43751	0.209578157528629
37.82	-7.0502	-1.9993	0.36307572344734
30.771	-10.607	-3.8479	1.645
33.381	-2.7503	-0.92077	0.991102208990034
38.051	-7.0224	-2.7249	-0.167575581819393
37.31	-7.5264	-2.6178	-0.174134816976714
38.169	-4.0381	-2.3338	-0.682505068884613
29.468	1.8323	-1.3242	-1.46711495731093
36.194	-6.8002	-1.6144	-0.780116388393984
35.425	-1.3523	-5.359	-0.566735717436911
35.748	-1.2876	-4.9432	-1.23835349246571
36.088	-6.6977	-0.52185	-0.996060012355682
25.823	2.7506	-0.30933	-0.284320669541213
26.788	-1.3344	0.7076	0.620904358811353
37.352	-7.3788	-1.6396	-0.0955352742712642
36.201	-2.0957	-4.461	-0.509963657770199
35.913	-2.1991	-5.1813	-0.801743527711485
36.175	-7.537	-1.5303	-1.03657252638758
37.485	-7.2194	-1.5734	1.11731152160535
34.523	-6.4037	-5.2684	-1.26714284899235
35.577	-2.1617	-5.7207	-0.681170428344786
33.42	-1.847	-0.09335	-0.593931981239589
34.893	-8.2576	-0.2879	-0.745308243137503
27.224	-11.557	-2.9923	0.175821697242302
35.042	-7.5012	-4.9165	0.951659129064811
36.292	-2.6554	-4.4174	-0.441558088192764
30.43	-10.246	-3.9492	-0.694392245477568
37.547	-3.1049	-3.4645	-1.04625252615975
37.326	-5.6839	-4.4112	-0.376035091523291
32.516	-10.186	-4.2238	1.43381809408328
34.192	-8.3314	-3.5638	-0.53257021364854
35.866	-3.3966	-1.9231	1.645
27.479	-1.1421	0.8687	0.71112115041278
33.998	-7.9864	-0.16569	-0.53696552466482
31.917	-9.7447	-4.6294	1.57324291148836
28.048	-11.488	-4.1721	1.10596534931293
25.232	-11.836	-3.4376	0.0356142588929598
29.359	-1.6151	0.50232	1.02130881686972
36.82	-6.9642	-1.231	1.645
36.573	-8.3132	-1.1099	0.126693596240641
37.948	-3.335	-3.8358	0.0622635243906039
29.561	-2.1923	-0.92529	-1.20351798816375
37.406	-4.8724	-2.8986	-0.583061283997521
36.04	-8.1498	-3.5092	0.200338513776176
33.974	-0.2086	-5.4289	-0.863458578232533
35.517	-6.5056	-0.50915	-0.806912916052111
34.081	-0.19025	-0.19369	1.16500790515265
36.835	-3.5596	-0.94827	-0.547934981446063
29.473	-2.0004	1.2233	0.152895638639255
38.137	-5.8416	-1.5113	-0.191823192275057
35.975	-7.482	-0.79263	-0.22467788775158
34.09	-1.9336	-5.9096	-0.480470161253367
27.089	-11.553	-3.8875	1.645
35.687	-2.4359	-5.3201	0.475783150011079
37.342	-6.7824	-1.0638	0.896536120909152
36.767	-7.3284	-1.2693	0.319044165903242
30.283	-1.7556	-6.5862	0.11020503169783
37.393	-6.592	-1.4972	-0.99067229482928
36.059	-5.4499	-1.2052	1.4434689089918
35.873	-6.1718	0.076158	0.180660500863916
35.815	-7.8946	-0.37288	0.43878409979233
35.861	-2.605	-5.277	-0.568829354756481
37.667	-3.3869	-1.5302	0.398137970472209
34.051	-7.057	-4.9855	-0.678474699208607
37.348	-6.549	-3.1685	1.645
37.269	-6.594	-4.1428	-0.327177563829386
37.295	-3.7665	-1.2328	0.236888576193124
36.682	-6.2436	-0.22291	-0.539828411789411
29.947	-10.855	-3.69	-0.313141579810859
33.459	-6.2113	-5.0877	-0.761231770823235
36.112	-7.3194	-0.71772	0.0946624487427958
31.038	-10.399	-3.8462	1.64019031880417
34.186	-2.9176	0.81454	0.162755032876547
34.29	-0.70505	-5.4116	1.50048320199331
36.06	-7.5642	-0.4854	0.198770366246069
12.655	-12.024	-3.1062	0.244004473077096
35.679	-7.0002	-1.2115	-0.727438190836505
35.311	-1.2939	-5.3454	-0.894354610445366
37.974	-3.6555	-3.1281	-0.865015000273752
35.805	-0.27107	-3.7675	-0.0442755747336946
37.255	-6.7602	-0.97143	-0.272209828177799
36.828	-7.5118	-1.7764	-1.15553863499293
34.412	-0.72442	-5.3799	-0.581275436428503
27.619	-11.723	-3.0238	1.17995607906928
36.093	-8.6628	-3.2445	-0.833421005763999
37.784	-3.0457	-3.1938	0.0391544284285517
36.627	-6.1571	-0.69163	-0.669893953067374
36.316	-4.3292	-0.2157	-0.495447136981792
37.136	-6.9179	-0.88602	-0.860382148803173
28.257	-0.68969	-6.8239	1.645
36.293	-1.505	-4.5643	-0.904917279927836
36.367	-7.0131	-1.7098	-0.354241642066338
38.211	-6.7695	-2.7243	-1.62227581103928
35.733	-1.9219	-0.14499	-0.829197573077482
37.348	-6.6439	-1.5268	1.02740892473104
37.344	-5.4244	-3.918	-1.12385567726295
37.664	-2.5775	-2.7475	-0.730108717888536
37.859	-5.8203	-2.0456	-0.711159238284329
31.309	1.3203	-2.1248	0.502448765026567
35.769	-1.7993	-5.2612	-0.106390212875545
29.667	-0.36181	-6.2471	0.00967005862718484
33.401	-1.0653	-5.7202	-0.802486143591614
38.435	-6.2835	-2.839	-1.05826891076009
34.494	-0.21675	-1.9609	-0.285085823232082
35.503	-6.2815	0.51715	0.378708358435463
29.6	1.593	-1.8446	-0.802358991382257
33.362	0.38835	-1.7634	0.236681590664282
36.311	-6.2684	-0.71261	-0.80119871597804
34.196	-9.5363	-3.2052	0.120566992007141
35.88	-8.2388	-4.4135	1.51657292791602
35.298	-7.0473	-0.77197	-0.952159389598723
37.164	-3.1932	-4.4762	-0.521598406133813
36.676	-4.9225	-0.54227	0.303524687208011
36.805	-6.8704	-0.46855	-0.307979091059373
29.53	-11.489	-3.1516	0.63273632979749
35.73	-7.9709	-0.66978	0.433601560204036
29.504	-10.993	-3.853	-0.643265803517722
33.366	-9.9976	-3.4617	-1.02618383031919
36.037	-8.4397	-2.6454	-0.777063588808645
35.665	-1.1446	-3.4708	-0.736606172394956
37.858	-5.3791	-3.9756	-0.942672277166005
35.769	-1.0613	-4.7791	0.0607077082148585
35.675	-7.1694	-0.86933	-0.741311360357931
38.1	-4.3733	-2.6288	-0.315108659155236
33.106	-8.9881	-4.6548	0.619923033605625
34.45	-9.2067	-3.1109	1.645
36.716	-1.7406	-3.0904	0.723720879573829
22.178	3.5218	0.97528	1.645
27.032	-11.414	-3.9168	0.885976501816306
32.987	0.16537	-5.4076	-0.512132826457728
35.855	-8.5351	-4.1011	-1.02444770231817
29.477	-10.678	-4.2809	1.21956552392413
37.373	-6.9962	-0.69014	-0.364522329866644
27.991	-1.7102	0.46544	0.147025280755037
37.295	-4.7406	-4.9434	-0.610560350931599
33.074	-10.314	-3.0415	0.523197705522138
32.801	-10.494	-2.9191	-0.639121203657967
35.249	-6.5454	-5.549	0.221834098727215
37.289	-5.8562	-1.1742	1.34085501349474
28.865	1.751	-0.48839	-0.0575239038407868
37.16	-7.4515	-1.5202	-0.468492228745296
37.445	-4.4388	-3.7318	-0.584798650679883
24.148	-11.976	-3.5319	-0.968801623210057
34.623	-7.9058	-0.21977	-0.661814060107857
31.846	-3.3065	-0.63738	1.645
33.046	-8.5364	-0.65937	-0.167017059490616
36.013	-5.2962	-5.2194	-0.302366011749416
24.068	-11.949	-3.7635	-0.92770825250817
36.451	-2.0925	-4.9467	-1.08228752367064
35.843	-6.6108	-1.5401	0.0562157498856889
37.755	-3.5724	-3.9847	1.6430849262009
20.474	-12.495	-3.206	0.401549382162468
26.577	2.4753	-0.54886	-0.524825092761986
36.697	-2.4607	-4.6981	-0.524811196589327
37.488	-6.6095	-1.1444	-0.932286268097853
36.018	-6.3323	-1.1371	-0.13980459996396
33.824	-9.9319	-3.7705	-1.27928388982444
27.989	0.13398	0.8053	-0.612424039104677
37.93	-4.6532	-1.5629	-1.51140971036312
35.546	-8.9878	-2.0374	-0.80750152003905
32.516	-0.5129	-6.2823	0.529306903584034
37.449	-6.7361	-1.3597	-0.00861955322006916
29.648	-0.84476	0.71673	-0.593557695792305
35.765	-2.3939	-5.2168	-0.518051483931108
17.539	-12.176	-3.6076	-0.899882912127241
37.501	-3.63	-3.2459	-0.0149080538614954
35.394	-6.7244	-4.8998	-0.611258172883971
33.728	-7.5046	-4.2941	0.774128958735017
36.655	-3.0677	-4.4207	1.63914133314737
36.241	-3.1487	-1.2023	1.645
37.597	-4.7139	-4.268	-0.680081596467788
31.428	1.6486	-2.2588	-1.42641736590217
31.457	-0.30158	-6.5963	1.02179381287867
37.467	-3.1874	-2.2578	-0.563774193520054
38.382	-5.4187	-2.2298	-0.629590629328186
33.871	-0.68123	-5.6772	1.645
31.516	-1.6663	-1.0651	-0.595695292948077
36.732	-2.5374	-4.5019	-0.436310977708636
35.868	-5.9551	-0.76246	-0.601479323528195
36.385	-6.6891	-0.91737	1.54782014889341
27.402	2.3625	-0.79184	-0.971467638980087
35.727	-1.6297	-5.1851	0.981979231757278
38.11	-4.4154	-1.7878	-0.838561103851966
37.4	-5.3887	-1.203	-0.596815564528753
38.39	-4.8164	-3.1837	-0.538301557478619
26.075	-11.349	-3.6326	-0.548258459743657
37.117	-7.0294	-1.3152	-0.75809866578764
29.408	-0.87213	-6.5897	1.645
26.909	2.6637	0.026832	0.407342737652522
36.185	-1.9151	-5.1717	-0.933297850641658
38.171	-4.4907	-2.327	-1.12152499703109
33.365	0.518	-1.5642	-0.911039630211881
23.219	-11.625	-3.7246	-1.33611151007625
35.773	-3.3263	-5.1052	-0.0774255785693084
38.014	-5.9577	-1.8809	-1.6257909981914
36.785	-1.4031	-3.5604	-0.615093980335835
37.579	-7.1001	-2.0947	-1.32569379685569
35.436	-6.7361	-0.95815	-0.759145747749775
28.874	-11.12	-4.0281	1.645
33.552	-9.7298	-1.7604	-0.445026225401905
37.663	-3.1052	-2.6371	-0.225354613383516
34.224	-1.4421	-5.2872	-1.17306648386376
33.209	-1.3065	0.58739	0.560429099404275
34.285	-0.88002	-5.7289	-0.268490945751152
36.896	-1.6696	-2.1151	-0.729098547251896
29.985	-11.016	-3.6217	-0.910133823112737
37.138	-4.5323	-4.5154	-0.605100839768471
34.841	-1.1825	-5.6789	1.236055202563
29.538	-10.738	-4.0519	1.645
35.184	-9.2901	-3.1965	-0.0280996009583884
36.927	-6.6277	-0.54409	-0.0159072575457716
37.059	-7.1464	-0.47755	-1.38784073502563
36.754	-3.0007	-4.6999	-0.818381664511494
31.148	1.1191	-1.7657	0.386452440993431
36.522	-7.3306	-1.1206	-0.240080096379782
31.239	-10.563	-3.4322	1.00524318100714
28.343	-11.733	-3.5872	0.953161663421828
35.456	-3.3218	0.088323	-0.283656771626227
32.498	-1.6331	0.075498	-0.82321269792238
37.317	-6.8573	-3.3818	1.29426035484358
35.692	-8.8069	-1.7571	1.07152749088936
37.298	-6.2867	-4.72	1.645
37.578	-6.9156	-1.9975	-1.00038735885673
33.377	-10.479	-2.644	-0.649888973056433
34.469	-3.1586	0.16337	-1.19085197516504
30.989	1.3364	-1.2695	-0.0597951798674845
33.033	0.14127	-0.89016	-0.600590471540751
36.599	-6.6278	-0.62335	-1.06282915856217
37.127	-7.6054	-3.972	-0.370470135750018
34.886	-6.2481	-5.5571	-0.122014858407713
36.904	-2.4271	-4.0264	0.699107953503061
34.899	-8.9036	-2.1978	-0.800225706764495
34.357	-6.5455	-4.6842	0.330284033233577
34.157	-1.6204	0.0068926	-0.621397853176829
35.948	-1.8128	-5.129	-0.701772788168904
35.933	-8.4365	-1.8553	-0.0921637648637808
33.099	0.48603	-1.4884	1.02090666883479
38.365	-5.7093	-3.163	-1.24961885065169
35.451	-2.0421	-5.2604	0.029523721480456
29.485	-11.04	-4.0291	1.58206971446709
36.976	-6.7599	-1.9741	0.168753326228775
37.151	-6.3028	-0.5405	0.00356911036144264
32.833	-9.925	-3.8629	0.217561546228396
36.865	-7.6925	-1.6333	-0.161128175740703
38.32	-4.8525	-3.1108	-1.14496469776943
37.969	-4.1044	-3.9668	1.10896323271956
36.077	-2.6253	-4.9514	-0.193517537887801
35.549	-6.4596	-0.15332	-0.00578346236846643
37.356	-5.2576	-1.0494	1.645
35.111	-2.7285	-5.6907	-0.973683630680632
27.377	2.5778	-0.06166	-0.390491053771634
36.478	-7.7756	-0.57777	-0.914813343718677
36.195	-4.2493	-5.2274	-0.649938798379595
35.951	-1.7764	-5.2628	1.645
36.42	-7.2465	-0.79641	-0.439412052970138
35.832	-1.7551	-5.3572	1.04486716614638
33.231	0.16905	-5.6528	-0.588067398856864
37.07	-3.5895	-4.5398	-0.771312385173447
36.22	-7.0306	-1.8249	-0.602130659410959
31.72	-0.96702	0.3544	0.736098673377973
36.607	-2.9684	-1.1872	0.458249176996712
29.81	-10.35	-3.8864	1.58357872808031
24.003	0.13853	1.4663	-0.606896528055921
34.789	-7.3388	-0.54573	0.891734668782515
35.257	-2.0901	-4.006	-0.990108880680063
36.026	-2.1342	-5.1439	0.944123852695845
28.812	1.5111	-0.18542	0.357381196275829
31.074	0.26967	-6.3372	-0.471470270555021
30.923	-10.273	-3.951	1.645
36.038	-5.389	-5.311	0.0467816203311623
37.798	-6.4612	-2.1662	-0.454831831926734
27.931	-0.28496	-6.5634	0.149800565077727
17.095	-12.321	-2.8753	-0.257846642037101
36.023	-3.1128	-0.9772	-0.6493064359981
34.55	-8.264	-2.9045	-0.393074832739738
35.071	-9.1648	-1.7033	-0.817856766270262
36.206	-7.2978	-1.6692	-1.08125580789423
31.65	0.84958	-1.5053	1.25623337456197
36.642	-7.6993	-2.0698	0.00441629790441506
33.946	0.48495	-2.0193	-0.661603372506915
36.345	-3.4584	-0.40195	0.586251789397219
34.309	-1.5814	-3.0886	-0.425445927012942
28.693	1.9418	-0.84665	0.371861302944275
29.572	-9.596	-4.4341	0.619008535261854
33.524	-0.99915	-6.1235	-0.557826318857284
31.588	-10.845	-3.7152	-0.677601831104102
29.747	1.7848	-0.64182	-0.895144207552424
32.044	-10.644	-3.7583	0.292508512814085
31.307	-10.824	-3.7747	0.318753151954431
33.751	-10.254	-2.9882	1.43907875667134
34.114	-0.95412	-5.5611	0.663611705815698
36.519	-6.8297	-1.8835	1.48620051622654
34.079	-9.9018	-3.0968	-0.489594998937909
36.212	-2.8864	-4.4424	-0.800850486923363
35.791	-7.0583	-0.31701	-0.942069042818356
36.133	-7.4211	-1.9201	-0.303381335857315
36.693	-3.4679	-1.3316	-0.925231136501831
24.371	-1.4143	1.2245	1.645
35.239	-7.2057	-0.80222	-0.132175697906697
26.475	2.8001	-0.13414	-0.912765565488284
36.452	-2.8956	-0.53636	-0.880263036454121
37.71	-3.7762	-3.6003	-1.16309785902052
36.473	-1.6404	-4.767	-0.501194977850533
28.019	-0.25125	-6.6692	-1.218096699923
35.467	-1.2018	-5.1814	0.170848994244849
36.344	-2.7243	-5.0541	-0.524388239683086
29.713	-1.3836	0.57155	-0.369974663504828
37.332	-7.2515	-3.8961	-0.298075929081655
37.13	-3.482	-3.5833	-0.0260533068125646
36.863	-4.6665	-0.57369	-0.494401259210145
36.488	-6.1858	-3.8549	-0.480010389898228
37.929	-6.679	-1.6821	0.526643185007935
37.469	-3.0494	-4.2007	-0.2957765848706
37.029	-6.5279	-1.0449	-0.563588789094407
29.737	-10.997	-3.7093	-0.56394458466353
37.305	-7.1596	-1.4898	-0.00191781764266373
36.049	-2.8343	-0.31658	-0.848436336245791
36.531	-6.2769	-0.45093	0.817536011635855
37.543	-6.6177	-3.9242	-0.141759629076992
36.946	-7.765	-1.2246	-0.557041353034323
37.961	-6.4367	-2.1714	0.483711931678513
21.996	-12.117	-3.2949	-0.649453793764634
38.124	-5.9004	-1.833	-0.222956351086576
29.709	-1.2098	-6.7267	1.645
29.101	1.8205	-1.2912	0.543692635308891
30.039	-10.6	-3.9322	1.18147858401633
36.935	-5.5179	-1.3782	-0.730971679919742
34.344	-1.2254	-5.6987	1.17769636329464
37.609	-6.1563	-1.2378	0.0914712128437878
36.646	-6.9621	-4.4572	0.357366529584624
34.237	-0.72906	-5.5845	-0.55422454037575
28.577	-1.9917	0.59004	-0.584504244057751
34.545	-0.57259	-5.36	-1.645
36.37	-2.9592	-4.9675	0.206290033999261
35.796	-7.3764	-0.93857	-0.887000532098468
37.247	-5.6924	-4.4819	-0.512940621556995
38.018	-6.5426	-1.8973	-0.691188116432342
30.135	-9.1454	-4.2499	0.0798231610700214
37.925	-7.2268	-2.1791	1.15073510187978
36.817	-3.992	-1.0023	-0.481740368026332
37.3	-4.165	-1.6175	1.645
36.663	-3.1631	-0.3802	-0.272680420069612
33.343	-10.105	-3.3928	-0.717904738048955
37.298	-5.8161	-0.65225	1.645
37.919	-4.1884	-3.3612	-0.25380907469427
27.399	1.8644	0.060854	-1.2790765036651
36.406	-3.0178	-1.5552	0.697090401279629
37.508	-3.0489	-2.1855	0.841068254306239
30.47	-9.6622	-4.3325	1.36672295048519
36.321	-3.9637	-0.27042	-0.403422098484501
31.452	-9.1478	-3.2273	-0.476024250590052
37.879	-3.3745	-3.9897	-0.808528982765662
34.572	-9.5317	-2.8881	-0.835740565630392
37.216	-7.7869	-1.3901	-0.461210417638876
35.877	-8.4213	-3.4308	-1.33640582200851
26.621	-0.41676	-6.7491	-0.794687852123479
37.508	-7.0244	-1.8393	1.645
26.97	-0.27744	-6.7405	-0.637502818621482
37.262	-7.6743	-2.5575	-1.21072535504611
37.112	-7.3561	-1.2594	-0.610659807790964
36.083	-8.5847	-3.8822	0.79118880988423
36.36	-2.2355	-0.98092	-0.921547571975267
36.796	-7.0838	-1.2456	-1.11581190776435
36.301	-7.5684	-2.2311	1.09053214508088
23.685	-0.6064	0.95115	-0.732676856852565
33.207	-10.28	-2.8261	0.00544452903879764
37.267	-2.9412	-1.1413	-0.662547644165227
32.123	0.60269	-0.86491	0.582302800382085
37.272	-6.8375	-1.1314	-0.226785807732824
28.91	-10.416	-4.3339	-0.18801843368801
37.819	-3.8939	-4.081	-0.537451376888921
36.636	-8.1869	-3.6598	0.643725878993708
37.776	-3.2527	-3.708	0.677141952284976
33.721	-9.813	-3.1666	-1.08442876737317
31.857	1.6245	-3.1076	0.157747506546067
37.247	-6.3258	-0.74275	-1.40396531281302
22.994	0.17768	1.5887	-0.564238550454484
36.926	-6.1455	-1.226	-0.647274922837315
23.052	-12.064	-3.317	0.0586808450958946
34.933	-9.2861	-1.8374	-0.462709942262638
37.605	-6.5111	-0.87244	0.333186352120553
33.447	-0.099584	0.24688	-0.854483655910649
34.882	-7.8087	-4.7386	-0.957629331232329
38.276	-5.2348	-2.0977	-0.746100924635698
23.069	-0.86413	1.3787	0.515841174517099
21.085	3.772	0.79139	1.645
29.205	-1.0063	-6.6398	1.09731255001236
29.629	-10.882	-3.5421	1.24103387848449
35.285	-7.5377	0.066807	0.274921831259254
33.965	0.34185	-2.8306	0.106168795433112
34.659	-0.55942	-4.4261	-0.586287699650549
37.768	-2.7583	-2.6984	-0.289534101426939
36.946	-7.1431	-0.98937	-1.17226627647912
36.881	-6.9741	-1.2878	1.54776945529408
38.149	-5.5533	-1.2842	-1.07806741995917
36.735	-2.0513	-4.5974	-0.705299936697426
31.258	-10.897	-3.3516	1.645
37.69	-2.9721	-2.3396	-0.864315012368119
30.906	-10.083	-3.4443	1.13752535673789
30.026	1.6761	-1.1057	0.864307629799107
37.27	-6.2276	-1.1357	0.0149113568103582
34.619	-5.6944	-5.4814	0.0109796651546848
35.269	-8.6907	-0.96378	-0.121809452959879
38.079	-6.2421	-1.3115	0.498864558611919
35.898	-7.0416	-0.93679	1.645
35.72	-8.5251	-3.5035	1.12266926709637
33.226	-8.1007	-3.0252	-0.697570826965567
37.283	-5.6156	0.019012	-1.08608241440731
33.778	-8.1256	-0.58235	-0.387877243804267
33.492	-9.8817	-3.9009	1.645
37.331	-2.3602	-3.1346	0.933805807731715
38.265	-6.0586	-2.7998	-0.902623222408244
27.788	-0.7983	-6.5807	-0.353456047347667
37.717	-5.9636	-3.8253	-1.06221460929595
35.599	-6.05	-5.0311	0.202683647121891
29.441	-2.4441	0.42788	-0.529459958417421
29.712	-0.9678	-6.7499	-0.713934401252633
29.989	-1.4419	-6.6104	1.34844920867093
37.028	-8.0319	-2.3737	1.645
24.924	3.2424	0.63254	0.776084770089018
35.262	-6.5396	-0.11959	-0.861781513962498
32.388	-10.109	-3.1943	-0.980836591700588
35.365	-1.0409	-4.4356	0.0275393714377352
35.92	-6.9901	-0.49628	-1.03122439300862
36.702	-4.5632	-0.72328	-1.15988266316951
36.12	-6.4143	-1.0835	-1.24814366047419
37.129	-4.2692	-2.0975	-0.337473905691071
36.584	-6.9242	-0.77023	-0.824167205164912
36.998	-6.8792	-0.55387	-0.844985528374907
36.625	-3.1859	-5.035	-0.449528023337405
38.182	-4.7359	-4.0348	1.645
38.541	-5.8464	-3.3132	-0.524234985150459
36.429	-1.94	-1.5444	-0.712843053695547
30.715	1.0071	-0.9415	0.193605676145088
33.436	-1.2899	-6.2745	-0.629843173116054
38.329	-4.7319	-3.6869	1.02043328025626
37.469	-3.1858	-2.9957	-1.51240965558702
36.454	-6.533	0.32032	-0.572651689637746
30.542	1.6715	-0.25718	-0.781816033171145
37.36	-1.9229	-3.4248	-0.571147121306974
36.38	-6.6055	-0.06572	1.645
28.13	-0.42296	-6.6429	0.101770347609347
36.409	-6.4671	-0.54685	1.645
36.432	-2.9785	-1.8557	-0.693307454241919
36.034	-7.4432	-0.97491	-0.88220000383048
37.89	-3.3009	-2.8666	0.375404263296825
35.754	-8.7903	-3.0805	0.283504175649035
27.447	-11.476	-3.9333	1.645
35.159	-1.6508	-5.7185	-1.60555567270057
29.606	1.5715	-0.54431	-0.233347030655916
34.832	-1.3266	-5.3939	-0.454324195888365
31.329	-9.8618	-4.0712	-0.825994225731976
28.073	-11.668	-3.1194	-0.381381658597551
35.812	-5.4805	-0.52955	-0.679086969845378
35.664	-1.6218	-5.105	1.645
36.032	-2.4254	-5.2954	-0.223841906747806
19.144	-11.629	-3.5846	0.131210862543472
37.024	-6.2246	-3.3113	0.0937467734602334
35.83	-8.0329	-0.94709	-0.566753718009178
36.427	-6.7942	-0.72939	-1.31456845180976
34.669	-0.46744	-3.1166	0.40284549075745
33.057	0.84632	-2.7147	1.28827778973288
36.956	-7.4289	-1.0991	1.645
38.583	-5.346	-2.3082	-1.645
33.624	-9.7678	-3.2114	-0.867625446980107
33.859	-9.2605	-2.5721	-0.53024078405586
30.035	-10.734	-3.8263	-1.05362696698719
37.185	-5.435	-1.2468	-0.364812479904752
36.596	-8.2474	-2.108	-0.365136406008468
35.114	-8.5241	-4.0748	-0.91397652616508
33.453	-9.9212	-3.2833	0.457177188491961
37.23	-3.1353	-2.1204	0.302725961376959
28.169	-10.539	-4.4468	1.645
20.617	-0.3175	1.6639	1.645
34.092	-8.9227	-4.1576	-0.630458438562166
31.782	-10.612	-2.5976	-0.745454392481087
36.479	-2.3034	-4.7111	0.840468320716583
38.43	-6.1105	-2.4777	1.645
33.954	-0.85081	-5.874	0.779159811684814
38.042	-4.4673	-2.5642	-0.481336080774539
33.756	0.78472	-3.7174	-0.733117366250143
27.83	-11.511	-3.6894	0.59414974216195
35.405	-0.70375	-4.8046	-0.451881064435103
35.615	-2.2489	-4.7724	-0.74404968595878
38.028	-3.372	-3.8422	0.708468891962807
29.133	0.029435	-6.8166	-0.535391320708422
36.861	-1.5517	-4.234	-0.228497954948838
35.954	-7.1833	-0.97152	1.645
38.275	-5.2304	-2.3682	-0.807458650364521
37.196	-2.9731	-1.8959	1.645
30.867	-10.809	-3.5384	1.645
22.352	3.0673	1.2586	-0.643711467378529
36.693	-6.5135	-1.0092	-1.26730182041739
36.769	-3.844	-5.1959	0.703109274351966
28.05	2.1178	-0.84351	-0.338186513340177
37.573	-6.2663	-0.94834	1.07289985702626
35.577	-1.6453	-5.4049	-0.223921657985346
35.221	-1.4667	-5.6054	-0.832724142394166
28.562	-11.373	-3.9338	-0.73261956270222
36.092	-3.3609	-0.37577	0.247694987012429
37.488	-4.8809	-1.9614	-0.893282194172679
36.196	-2.2167	-5.2777	1.645
29.6	-10.915	-3.8914	0.372112781234099
38.576	-4.8825	-2.3728	-1.48411968955039
37.359	-2.1066	-3.8716	-1.05218034225
29.035	1.6447	-0.066406	-1.21294689054908
36.961	-6.9266	-1.1732	-0.654765442117108
35.137	-7.474	-0.47603	0.324947897244986
13.152	-11.939	-3.2046	-0.61096839734506
37.221	-6.2661	-0.70586	-1.27225705556969
35.221	-8.5458	-1.1697	1.645
37.974	-3.5713	-2.2629	-0.137598885811751
35.376	-7.6203	-0.86273	-0.817281998352348
36.854	-3.5895	-4.6313	1.645
34.689	-0.28268	-3.6521	-0.93213522521273
28.566	2.1575	-0.46418	-0.693361660654655
36.546	-7.4554	-1.1895	-1.12246378817477
37.905	-5.2701	-3.6581	0.610634784337343
36.545	-7.0306	-0.54223	-1.645
33.203	-10.02	-3.7952	0.476060573064013
26.384	-11.718	-3.1602	-0.0852447050699155
35.209	-0.0088546	-1.6024	-0.340177315642052
36.825	-5.2081	-2.5948	1.24444133133792
28.402	1.6858	-0.84161	-0.929024118288233
35.143	-3.4181	-0.3143	-0.932683799019127
36.759	-3.5836	-0.81804	1.645
35.884	-6.3224	-0.51641	-0.416132667130878
36.359	-7.4549	-1.0004	-1.49611361581508
26.936	-1.6129	1.3973	-0.173123417591725
33.331	-10.091	-3.2853	-1.40970255975504
35.158	-7.4175	-0.57039	-0.854030172324891
37.484	-2.9589	-2.2054	1.25052668927277
37.657	-5.2865	-0.77623	0.198548780696435
37.07	-2.1273	-3.4271	-0.610254045192343
36.626	-3.6918	-0.73483	-0.687799803109757
30.886	-9.9839	-3.954	0.715217051655382
37.662	-2.5526	-3.9957	-0.162538850753188
34.349	-1.3018	-5.8695	-0.53271818760032
20.821	-12.156	-3.2601	-1.04687827002418
37.393	-5.8686	-0.98026	0.467774292212542
31.554	1.5166	-0.70294	0.219155380604381
33.099	0.055081	-5.2592	-0.846296740405103
31.616	-10.133	-3.0478	0.0192527969549664
35.672	-1.7917	-5.3377	0.404825983444875
37.729	-4.9993	-4.3855	0.325241706120733
35.742	-8.0212	-3.8443	1.645
25.345	2.9604	0.81839	1.645
37.799	-3.4383	-3.9197	-0.162800983994587
34.219	-0.7002	-5.219	-0.238670718027628
30.558	0.84485	-0.90212	-1.12168685056954
36.965	-4.6772	-4.0313	0.587906288815456
31.865	0.77388	-1.3397	0.142144100318167
37.81	-6.0972	-2.6215	0.0343198875888985
36.026	-6.626	-0.1023	0.434379753788957
24.869	-11.715	-3.337	-0.73088021570546
37.742	-3.366	-3.0438	-0.562321641835426
36.442	-8.308	-1.1302	-1.16924540892904
23.9	3.4724	0.17699	0.000125322697464874
35.022	-2.2931	-0.30106	1.50587867262149
37.077	-7.9142	-1.4075	-0.617610134669632
37.343	-6.62	-3.3463	-0.357671669000813
37.198	-6.5255	-1.0386	-0.530883901700257
34.288	-1.2429	-5.9811	-0.55871281548965
38.371	-4.863	-2.051	-1.19244458862216
36.671	-6.1766	-4.2952	1.645
35.991	-7.1105	-0.27884	-0.992572188903827
35.78	-6.7263	-1.6317	-0.579428565457318
34.409	-9.3628	-3.4874	0.743879154087253
36.765	-2.6537	-0.90358	-0.934598246266974
36.19	-1.7172	-3.5639	1.645
33.892	-0.68384	-5.8885	1.645
37.364	-6.6113	-2.4395	0.829507046032102
37.241	-6.6798	-1.5083	-0.460289957462269
37.307	-3.9139	-4.5918	0.315929462417423
36.969	-6.9389	-2.1567	-0.210089979242127
33.373	-6.1595	-5.613	-0.778868720306629
35.636	-9.2272	-3.3149	0.841969196932682
19.894	-12.408	-3.0023	-0.590770695832383
34.579	-9.3204	-3.3467	0.724493954269716
26.305	2.5123	-0.34699	-0.176987715235627
35.97	-1.7404	-1.3486	-0.332034609900777
36.039	-7.5015	-0.37316	-1.08563786558965
36.281	-2.7152	-5.341	-0.0896611789706809
37.412	-4.5111	-2.4789	-0.676205549751868
36.624	-2.5872	-4.7152	1.13828988332803
35.475	-6.9959	-0.76676	0.145072959501511
37.405	-2.8884	-4.2719	-0.196816686902949
34.201	-6.8832	-5.1613	0.610951843085593
36.35	-1.06	-3.5694	0.523346079253675
36.911	-4.0324	-0.88935	-0.586970462767476
32.951	-2.1329	0.73755	-0.536078434426091
33.643	-1.3637	-2.5897	-0.319268793571736
36.681	-7.6883	-1.3233	0.270184413415543
34.246	-1.9271	-6.1455	0.0333569070249687
36.059	-6.6724	0.099282	-0.701388476044191
37.275	-3.0113	-4.2995	-0.951555606197737
25.277	-1.3055	1.488	0.723240999977333
34.733	-2.7372	-1.1845	0.596664944600415
34.803	-7.3818	-0.18694	-0.981612916262455
38.19	-5.2303	-3.4668	0.905724802273298
37.41	-6.4188	-0.83121	0.77569254843226
36.474	-2.0151	-4.8982	1.2829359271153
35.587	-2.51	-0.4416	-1.40554422588343
34.026	-9.7903	-3.2879	-0.115947074472338
36.875	-6.5702	-0.73131	-0.262415986628622
33.845	-9.7813	-3.7695	1.645
36.495	-7.6701	-0.95526	1.645
34.05	-7.3166	-5.0561	-0.905518227771385
37.221	-6.042	-1.2144	0.0975659031364859
36.636	-1.8449	-4.6217	1.645
35.201	-6.4466	-4.6978	1.645
33.548	-1.5978	0.067007	-0.754612821639628
27.103	-1.7895	0.51807	0.132801424185788
37.264	-6.7331	-1.3042	0.109891346867375
22.13	-12.369	-2.9595	-0.235368595895847
18.772	-12.196	-3.1299	-0.29134077351071
34.108	-1.3907	0.43458	0.169342161630653
33.832	-8.7472	-3.3011	0.952073264026258
37.885	-6.1483	-4.0581	-0.287949680829482
36.1	-5.7452	-0.9397	-0.530997622473264
36.318	-6.8931	-3.2431	1.645
35.716	-8.4489	-2.1184	0.513162058511441
36.939	-3.7073	-4.6069	-0.818844335463401
37.028	-3.37	-4.176	0.595333523026476
36.537	-6.301	-1.1695	0.723494820220922
33.708	-6.1344	-5.2625	1.645
37.049	-6.6954	-1.5441	-0.953071132306306
27.534	-0.34665	-6.4868	-1.13393942598529
33.764	-0.71277	-5.7633	1.54518846456715
33.832	-9.4165	-3.2844	-1.07558969083351
36.056	-7.7506	-4.4819	1.645
26.47	-1.2093	0.66759	1.645
37.172	-5.7699	-2.3884	1.59692944657053
22.106	0.18732	1.8667	-0.585681543252717
32.89	0.72047	-2.1587	-1.49728972981535
31.82	-1.1205	-6.6025	-0.572107187481966
33.454	-0.75361	-5.856	-0.577943275546958
34.958	-1.4558	-5.6443	-0.0274035245675763
37.264	-6.0234	-0.95589	-0.240251064335864
37.126	-1.7498	-4.0023	-0.366016931096031
37.58	-5.6603	-2.0723	1.645
36.963	-3.5361	-2.5995	-0.576858256599818
26.865	-11.889	-3.6093	1.40713677596193
28.656	-0.89458	-6.9293	1.32597899293724
34.364	-0.084456	-4.3062	-0.546374644516851
36.092	-7.0394	-3.7643	-1.06396293383064
33.189	-2.0783	0.76822	0.0214864969689991
24.178	-11.704	-3.6301	-1.00308105303984
38.056	-5.1676	-2.5888	0.400165459246823
36.12	-6.1442	-0.35725	-0.0482557484909085
31.151	-10.386	-3.707	-1.4918654329021
32.896	-9.6574	-3.1526	-0.524451000729355
32.301	0.83282	-1.4899	1.645
36.408	-7.0685	-0.74929	-0.585781666237149
35.304	-0.72865	-1.7241	-1.08888501660325
27.045	2.3681	0.63953	-0.760754210085527
33.688	-2.6749	1.0381	-0.911554268060696
30.193	1.1488	-0.66419	-1.02025486588773
37.707	-3.9647	-4.055	1.645
33.908	-0.57427	-1.1263	-0.741505304487046
37.269	-6.4643	-1.3187	1.07418248059626
33.716	-7.4941	-2.944	-0.266450194483468
37.474	-3.0541	-2.0965	-1.11392177924914
28.036	-0.32208	-6.6729	-1.4281212901765
27.673	-11.413	-4.0307	1.04939136399761
35.826	-8.9178	-2.6398	-0.017085669736372
36.904	-6.9214	-1.6942	-1.26578451261649
27.841	-0.46924	-6.7153	-1.00795865462645
36.66	-6.6386	-0.37036	-0.393273971649892
37.418	-2.9354	-2.5082	-0.487006348721789
35.676	-1.5634	-5.343	1.645
36.362	-7.0014	-1.1047	-0.243895347102099
35.647	-8.0758	-4.3618	0.625209236831118
34.944	-1.8333	-5.6746	-0.756369969059366
33.383	-10.034	-3.4276	-0.394918186899456
37.523	-5.7548	-4.5898	0.338071978274607
36.493	-3.2037	-1.737	0.535122709732949
27.088	0.10397	-6.6888	1.06018508681942
37.294	-1.9809	-3.4145	0.0171424644511958
36.064	-7.1385	-1.2273	-0.14575792861398
36.492	-7.4624	-0.46387	-0.0554074968189147
35.136	-0.6424	-1.0237	0.637963680930064
29.628	1.4832	-0.091737	-1.645
29.038	-11.463	-3.3336	0.259789881486661
38.228	-5.9979	-2.4075	0.218783083696623
36.761	-4.0431	-2.5386	0.0957226938194962
37.148	-5.3387	-0.68234	-0.104829957547778
38.141	-4.2786	-2.7783	-1.33607174366527
32.421	-9.9028	-3.8736	-0.722573930544905
28.21	-11.078	-3.6007	-0.287220170835215
37.261	-2.7718	-4.19	0.336341728530814
37.918	-7.0786	-3.0856	-0.270582183487476
36.444	-7.3508	-0.80357	-0.0432373385127096
34.688	-1.4445	-4.5017	-0.245597388347869
36.719	-7.5573	-3.667	0.0806764247073864
27.258	0.22043	-6.3336	0.0440841727405998
34.516	-1.442	0.39769	-0.691829879593437
37.32	-2.9559	-2.0473	1.29661073056939
38.032	-3.8433	-2.5224	-0.332095304779571
36.775	-7.7189	-0.67347	-0.26169402695728
37.741	-3.5231	-1.6764	-0.186350069465095
31.683	-1.2044	1.0754	-0.692991802711238
37.005	-7.4155	-1.2923	-0.719637222413668
36.212	-4.2356	-0.11937	-0.961238495623679
28.415	-1.9853	0.6287	0.813554961373196
36.627	-4.0545	-5.0559	-0.451986924421195
32.105	-1.7627	-0.10838	0.080402988288477
37.108	-2.6266	-1.3105	-0.920785300985239
37.184	-1.7013	-2.732	1.32161313284448
36.732	-7.2218	-0.73825	-0.359969730908856
27.282	1.8772	0.36123	-1.30447054616569
30.671	-0.85242	-6.8893	1.645
20.317	-12.541	-3.2969	-0.465009651745781
38.216	-4.6273	-2.5373	1.61441869516792
36.431	-1.4634	-3.8262	1.25446581390717
34.821	-6.2335	-5.3327	-0.519466770020529
37.175	-3.326	-4.0231	-0.583486962804822
28.049	-10.987	-4.007	0.727391427536605
35.653	-8.8056	-2.0148	-0.0890451687462585
37.076	-2.1343	-2.4981	0.842500234489783
36.382	-2.1964	-0.9519	1.4225439228285
36.404	-0.77396	-3.045	-0.643962462747469
29.068	1.9082	-0.13313	-0.948578885258991
34.858	-0.90232	-5.1763	-0.975673660734653
34.483	-1.1037	-5.7561	-0.503820888525219
28.418	-11.12	-3.9506	1.23054179338117
37.161	-6.9458	-4.105	0.354454006510695
18.476	-11.922	-3.6567	-0.60825871885579
30.682	1.0168	-1.2092	0.383943876375083
36.135	-7.0239	-0.50614	1.645
34.954	-8.59	-1.2637	-0.290664888302663
35.949	-7.0988	0.036498	-0.672594530174295
36.744	-6.6862	-0.47204	-0.802904089012776
22.237	-11.81	-3.5527	1.645
37.359	-3.4721	-4.3656	0.0930470643003911
38.205	-3.7763	-2.7418	-0.433317373179711
35.965	-2.0548	-5.2201	1.15699407115194
30.384	-1.1125	-6.3906	0.574353287133839
36.008	-4.144	0.37998	-0.173107048666324
36.667	-6.7386	-0.78268	-1.09301821918814
36.022	-5.6927	-0.69924	1.645
35.119	-8.7121	-3.9509	-0.762070540642016
36.177	-1.8567	-5.0243	-0.74623271525839
37.899	-7.3266	-2.9614	0.653803578976264
35.638	-1.1759	-3.9446	0.55068920842669
35.328	-8.9384	-1.7754	1.07484913661887
36.89	-5.1349	-4.9182	-0.533829966077847
32.942	-10.187	-3.8424	1.24067969263783
35.052	-2.3438	-0.25459	0.469242055275801
36.802	-7.1285	-0.91854	-0.75015892678945
36.72	-6.1892	-0.64828	0.196442596353194
37.914	-4.9455	-1.6546	0.832760584675838
28.759	-11.084	-4.2342	0.647703846502887
36.944	-6.5048	0.15745	-0.7035877940696
22.195	-0.52443	1.9394	-0.283900264846868
35.131	-9.2436	-3.3567	1.645
37.055	-7.808	-1.365	0.765211237395723
35.139	-7.3104	-0.6746	-0.807513491426859
26.736	2.6919	-0.6298	-1.08557302927958
19.483	-12.108	-3.7965	-0.463967415827906
31.827	0.24387	-1.1057	0.354634080674141
37.809	-7.1081	-3.5919	1.645
29.076	-11.036	-4.0158	1.645
36.613	-3.0796	-0.94265	-0.957380312797793
28.058	-0.40419	-6.5521	1.30717789094573
27.184	-1.4529	0.40133	-0.61771362515801
31.26	-1.5383	-6.2118	1.57439990684822
33.996	-0.50546	-3.2843	0.939528380855003
37.907	-5.6622	-1.514	-0.77213526695906
30.806	-9.287	-3.5933	1.645
37.081	-2.2684	-3.7777	-0.949348643143227
37.709	-3.0288	-3.4199	1.16182751446017
35.239	-3.0074	-0.11223	-0.572188793804057
36.68	-3.1089	-0.80076	0.0334745078072504
35.477	-1.5291	-5.0441	1.645
36.361	-7.4636	-0.51885	-1.30111176270938
36.388	-6.8777	-0.40505	0.791943890728588
37.307	-6.0201	-1.5607	-1.645
37.095	-4.2397	-4.9509	-1.06135663934859
37.742	-5.3859	-2.9074	0.442302740714284
27.474	2.3031	-0.87242	-0.696937455745769
37.878	-4.0903	-2.2179	-0.768580272024902
37.012	-7.5666	-2.4787	0.256539973383489
28.31	-11.059	-4.4058	1.645
36.466	-7.3544	-0.70317	-0.420286719499434
31.983	-8.192	0.43924	-0.568529960830883
37.16	-6.5484	-1.2193	1.645
35.927	-2.6184	-5.194	-0.242952563934268
34.169	-2.2291	-0.29475	-0.306056650809879
35.596	-0.68966	-4.4515	-0.111839264800912
35.68	-4.0853	-5.459	-1.32845728195482
32.612	-9.982	-3.3678	-1.09270881089279
29.683	2.3099	-1.5653	-0.0114553120183568
34.746	-0.83355	-5.3832	-0.461600864477757
36.131	-6.7703	-0.6249	0.774835073032924
38.175	-6.4615	-2.3743	-1.06003695364947
33.493	-0.10664	-5.5756	-0.547147480235136
36.105	-7.3621	-0.27467	-0.977366377366854
37.718	-6.2576	-0.89144	-0.60666777447625
38.418	-4.7373	-1.7362	0.4645891154463
29.185	-1.0694	-6.7569	0.914803108222576
35.493	-9.2462	-3.3582	-0.571924721971066
27.649	-11.462	-3.5438	-0.568038325780097
30.178	1.4558	-0.55411	-0.312728320073055
21.132	-1.0722	1.3773	0.287121058079831
37.128	-7.3771	-0.91807	-1.02734743512888
37.998	-6.5588	-1.1578	-1.3011662826127
34.889	-7.5416	-4.5362	-0.951116496247179
33.007	0.29962	-0.29684	-1.07738110591239
37.033	-2.5461	-1.0928	-0.0014957504230413
35.35	-9.2134	-2.9742	1.10465268183307
26.252	2.4373	0.2568	-0.538297233312458
36.902	-7.0363	-0.65284	-1.00503912263502
33.119	-10.31	-2.9906	-0.220242093792996
30.435	-2.0178	-5.0573	-0.949389691302121
37.065	-2.8718	-1.9238	1.29702183140182
36.51	-8.369	-3.6788	-0.208772166516463
37.105	-3.6061	-4.5524	-0.355467872386237
36.82	-6.8749	-0.3813	0.778926094185953
37.997	-4.8692	-1.9471	0.247039815998611
37.211	-6.4572	-0.88182	-0.909780212175915
31.076	-10.596	-3.1788	-0.637903241073196
28.144	-11.285	-3.6351	1.1609787325326
26.728	-2.4993	0.37058	0.0384412371993767
33.57	-8.7984	-2.8098	0.574744386565345
36.185	-8.2947	-3.287	-1.28492511008158
37.011	-5.9559	-0.4383	0.0823336807740662
32.664	-10.854	-2.59	-0.622345313196589
35.686	-6.1698	-4.8122	-0.710361412747464
35.856	-6.2175	-4.9262	-0.605152984803333
37.54	-3.8517	-4.3804	1.59816245736665
36.144	-2.2189	-1.1147	-1.04584580461304
35.417	-9.3933	-3.2228	-0.784578899395756
32.373	0.99622	-2.1654	0.393089439950951
36.574	-8.6753	-3.4189	1.645
35.043	-1.2339	-5.4064	0.954340988470199
37.065	-7.2034	-1.1197	0.102760460460924
28.339	-11.288	-3.7747	1.645
36.564	-7.3469	-0.8169	1.22481504887852
36.152	-7.3342	-0.95071	-0.646468914477738
37.75	-6.5893	-1.4592	0.338757111544784
33.04	0.80558	-4.2231	0.31426718883064
33.156	0.051677	-0.95287	0.897559078820235
32.99	-8.9546	-0.21807	-0.341356256515986
33.758	0.38343	-3.2386	-0.768351602829106
35.301	-7.1362	-0.87532	-0.808126930203994
36.752	-3.5477	-2.6273	0.191776768705064
37.675	-7.2641	-2.5191	-0.367510448256778
35.769	-6.9619	-0.47515	-0.500801995314763
35.963	-2.9456	-4.6888	-0.839857351436939
32.739	0.91199	-2.6954	1.4086297699671
37.491	-6.0219	-1.2997	-0.229266167241138
32.13	-10.432	-3.3767	1.40021149588138
28.289	2.0839	-1.1024	-0.337495123366578
31.621	1.471	-2.1952	0.202060731585248
36.163	-7.092	-0.771	-0.277115038969965
32.73	-10.178	-2.8586	1.06162778938033
37.674	-6.0117	-3.9316	0.620662142112857
25.703	0.22142	-6.7138	1.645
33.037	0.75239	-2.4438	1.21871700655414
27.895	2.1727	-0.70999	-0.342793871895867
18.117	-12.427	-2.7497	-0.208949311951134
33.741	-1.9733	-5.4226	1.645
36.294	-2.8729	-4.9081	-0.562066117622766
35.983	-8.1255	-2.4158	1.43348473990336
37.14	-4.964	-4.1295	-0.313362143941032
34.719	-9.8405	-3.3063	0.0566347703876972
35.681	-7.0142	0.034118	-0.85765780530646
35.209	-2.4738	-5.3197	1.31766092337535
35.219	-2.1202	-1.3575	0.490881808721952
35.989	-1.6761	-5.1643	0.279866744362025
32.196	-1.6907	0.61627	-0.164193860972435
36.836	-2.003	-4.5542	0.598555150102264
37.587	-7.0356	-2.9008	0.531562814940677
27.162	-11.286	-4.1317	-0.78599021414525
36.394	-7.593	-0.62675	-0.279309302203257
32.924	-0.29634	0.38633	0.892234300087325
35.629	-9.285	-3.1762	-0.628604210492366
34.324	-1.491	-0.028499	0.578009874660707
35	-8.9277	-3.0689	1.30668537523896
36.67	-6.252	-0.26205	-0.594968798777164
37.079	-6.2808	-0.77346	1.58041449357296
36.829	-3.054	-4.6771	-1.25245379410746
36.99	-7.0988	-1.0916	-0.598287830814964
37.21	-7.0648	-0.9211	-0.87371364724435
33.966	-0.18969	-0.95979	0.2679635202814
36.432	-7.4201	-0.80639	-1.34225951200954
37.21	-4.2579	-4.7383	-0.938850826317679
28.133	-11.456	-3.6026	-0.813772133405618
28.46	2.2846	-2.1237	-1.01963213505854
35.409	-7.9537	-0.78786	1.36290008780379
27.416	-11.642	-3.608	-0.284770889991803
26.933	2.2884	0.38868	0.541155231535653
35.732	-7.4659	-0.892	-0.159038644736592
36.307	-7.1819	-0.72469	-0.800157671062941
34.74	-1.4122	-5.6472	-0.854195116266202
37.883	-3.842	-3.38	-0.548298818737718
36.922	-6.114	-0.78434	-0.650013011743125
34.134	-10.156	-2.7773	-0.774781312262697
35.958	-2.3821	-5.0615	-0.830099191529051
36.358	-3.1915	-4.9347	1.08964203304433
25.215	3.2448	-0.1568	1.645
33.204	0.41913	-3.6203	-0.573299141333529
21.515	-0.27706	1.74	-0.634618267677851
30.72	1.4517	-0.34053	-0.41687659837631
37.638	-2.9456	-1.7393	0.427843862602079
37.104	-7.4099	-0.84084	-1.1127320083141
36.103	-2.9353	-0.50444	1.645
33.48	-0.64767	-5.7709	0.242734676624142
32.07	1.4293	-2.3833	-0.2836412794081
27.847	-1.0006	-6.7591	0.854717550145812
37.97	-6.9158	-1.8538	1.25388874229813
33.378	-9.128	-3.986	1.645
32.75	-10.422	-2.8005	0.838879686549097
35.992	-6.343	-0.027214	-0.742181471850343
38.35	-4.2938	-3.138	-1.20079558259692
35.946	-6.5489	-1.2203	-0.707776212872556
29.352	-10.501	-3.6657	0.300868514657768
36.918	-7.5758	-1.5006	-0.188495631834628
34.624	-9.1756	-3.8766	-1.38589573286967
37.018	-2.1404	-3.4635	1.645
34.875	-7.5634	-0.67985	-0.73779258959717
36.083	-2.6015	-0.39972	-0.677412552547226
35.473	-9.362	-2.7353	1.10251408819911
34.574	-3.6874	0.49795	0.233846666207032
26.188	-1.2389	0.73822	-0.741854675648568
36.491	-1.3732	-4.2775	-1.26954158692429
29.977	-11.456	-3.3584	-0.886549545429557
21.515	-0.82075	1.3352	1.645
38.453	-6.2205	-2.5167	0.733123162336915
37.973	-4.0567	-3.8317	1.645
36.616	-6.8313	-0.47681	0.218521612883912
37.759	-5.8941	-2.4694	-0.457325768582115
36.787	-3.2912	-4.7881	0.406228213460557
37.16	-6.6232	-0.7396	0.623341022414264
36.038	-0.75241	-2.4819	-0.774253264438629
35.944	-7.7459	-1.3209	-0.485628747994034
26.937	-11.434	-4.0353	-0.728301364911328
29.674	1.9213	-1.1953	0.362265586202524
36.745	-7.1831	-2.3689	-0.458213216650647
36.627	-2.2565	-4.6513	0.809310120863075
36.007	-6.7848	-4.2244	-0.0806316153909841
36.841	-6.0594	-5.141	1.43388428065747
33.235	-10.72	-2.9872	-1.13308736053548
37.219	-2.0424	-2.5208	1.112123272446
30.193	1.2549	-0.92182	0.151562414265059
37.652	-4.4151	-4.0434	-1.63629018009099
37.745	-6.0125	-2.6235	-0.0761502101630466
31.873	1.1603	-1.4668	-0.961972999238784
38.086	-4.8205	-3.8928	-0.867806505989332
35.159	-5.0452	-1.1061	-0.0562093282370164
30.378	-9.9318	-4.0164	0.241070198544243
36.282	-1.236	-3.9953	-1.01119177991468
37.031	-6.9763	-1.0374	-1.28705197536614
35.233	-8.8871	-3.1131	-0.987055125874796
36.003	-7.4847	-0.98669	-0.997727862691352
35.866	-8.262	-4.0059	0.384257647941971
34.486	-9.5717	-3.7802	0.0895139477906609
37.734	-5.9544	-4.0513	-0.157678763506042
36.729	-7.5145	-3.1312	-1.14126454781182
36.195	-3.0407	-2.149	1.645
35.556	-2.9167	-0.96308	0.876683340662379
37.684	-3.9188	-3.9944	-0.60230123874393
24.712	2.8802	0.58317	-0.512687739569837
37.496	-2.7345	-3.0657	-1.59828918028883
36.905	-4.2578	-0.4808	-1.19663496211668
35.361	-7.6139	-0.68234	-1.0012822649354
36.422	-2.8263	-5.0446	0.682942177924565
37.732	-3.9914	-1.8724	-1.28397122784499
34.492	-7.3364	0.24994	-0.487262845793266
34.273	-0.69818	-5.6839	0.16513205835018
37.505	-6.6685	-2.6847	-1.48437077864971
35.947	-7.6318	-0.92707	-0.99019895023437
34.387	-0.70831	-5.5504	0.85759568552956
34.751	-2.076	-4.7894	-0.450972885227186
35.452	-7.5059	-1.1164	-0.0532755396813075
34.347	-0.98887	-5.2431	-0.372455246975245
36.514	-8.5327	-2.2652	0.285606183120011
32.159	-10.433	-3.0039	0.206579738275666
37.68	-3.1829	-3.9933	-0.171015487926285
37.411	-6.3305	-1.4893	1.50767612211264
31.935	-9.6442	-3.1092	-1.48051120926545
36.751	-6.7733	-0.83624	-0.939256810038363
36.379	-3.7123	-1.4074	0.961064959009438
27.877	-10.224	-4.2064	0.207472469102288
27.815	-0.57083	-6.707	0.777123947835877
36.261	-5.9674	-0.39885	1.28470373157228
36.234	-7.6629	-0.97961	-0.695351531566255
38.515	-5.1784	-2.2231	0.117951338124594
35.34	-2.5809	-4.242	0.827131293391231
23.422	-0.66444	0.89025	-0.640987456103522
35.013	-1.0942	-0.74452	-1.36852154356987
34.568	-8.0682	-4.3868	1.645
27.568	-0.41487	-6.818	-0.0769630582542403
27.664	-10.9	-3.9195	0.506018126734333
24.502	-11.889	-4.0808	1.645
35.53	-1.198	-4.9193	1.32172153039279
37.103	-6.7509	-1.4273	0.424634804739016
33.177	-9.7487	-2.9992	-0.305159550622702
28.143	-0.79826	-6.7107	-0.675505970553279
35.913	-3.5353	-0.26692	-1.04028185038322
36.89	-7.2192	-1.1222	-1.24258970405048
32.521	-10.366	-3.3013	-0.2781408207176
37.836	-4.3579	-3.3202	-0.894720032112444
35.595	-7.1083	-1.4836	-0.420088774454906
37.721	-2.718	-3.5393	-1.31405423190398
35.576	-2.7145	-1.1661	-1.15820648483785
32.564	-8.7826	-4.3392	-0.571386873123676
38.1	-6.0953	-1.2467	-0.760435290742406
37.406	-4.0066	-3.9598	0.226951834982453
37.795	-6.7263	-1.3088	-1.30366165776625
22.895	-11.764	-3.655	0.581484306926376
35.622	-3.6657	-1.0615	-0.958740485047471
37.231	-3.9099	-4.7721	-0.818599850658579
34.537	-0.89781	-0.21511	0.0489252087117826
35.233	-1.7225	-5.4094	1.645
29.685	-10.994	-2.7076	-0.56802823021761
37.034	-2.7736	-2.7544	-0.527715690674599
36.197	-2.5887	-0.88178	-0.0563960858409262
33.256	-0.209	-5.6186	1.645
27.767	2.2237	-0.43318	-0.000337836616224902
36.79	-1.1179	-1.9369	-0.217959793900081
30.639	-1.4277	-6.4224	1.06285912620643
36.998	-6.6701	-0.68066	0.476505232205879
37.144	-2.5994	-2.8073	-0.954762959097609
36.523	-6.9224	-0.55317	-1.13456916162712
38.056	-6.0844	-2.1369	-0.478215407477187
37.988	-3.183	-3.7179	-0.823119397892616
27.536	2.4938	-0.31686	0.638277337867362
32.65	-0.74971	-6.2361	-1.43905810400115
38.328	-5.5245	-1.6957	-1.15454494705897
36.674	-2.2954	-4.338	-0.158403585920623
36.84	-7.9578	-3.3052	0.828167542245559
34.65	-7.5723	-2.293	-0.710857328899428
36.588	-2.8971	-0.65573	-0.804569393941479
29.457	-8.1844	-4.6495	1.645
37.293	-2.0806	-4.0461	-0.2872794733136
37.756	-7.1614	-3.4233	-0.283122673596588
38.201	-3.9247	-2.182	-0.420622764529073
36.426	-6.7145	-0.56541	-1.645
37.163	-4.0055	-1.8496	0.0941864627597229
36.381	-6.3235	-0.97449	-0.567310043911094
31.819	0.77723	-1.5751	1.645
33.339	-3.0923	-1.8954	-0.294649583805395
29.473	-0.48085	-6.5681	1.645
37.013	-1.3675	-2.5758	-1.24908144176022
36.618	-7.6655	-0.98104	1.645
37.692	-3.8642	-3.9815	0.998383680000614
37.923	-3.705	-3.5402	-0.269216471389109
31.012	0.82625	-1.0063	-0.222554778090196
36.044	-8.7182	-2.4083	-1.02451762026056
36.601	-7.2495	-1.0362	-0.570084750662257
36.952	-8.0395	-3.7747	0.586491943617033
36.842	-7.1254	-1.1484	-1.02560676893995
28.89	2.0927	-0.92713	-0.0981099284031824
35.258	-5.3219	-5.4431	1.0084637696427
36.205	-2.6511	-0.80731	-0.923133284706159
38.411	-5.9434	-2.5654	-0.243154965106232
36.115	-6.9508	-0.31193	0.582720754025617
36.085	-8.2433	-1.0166	1.61904127182193
36.221	-2.9564	-0.61513	0.454003648111783
35.169	-9.4052	-2.0994	0.878847588389827
36.12	-6.8519	-0.23334	1.645
34.343	-1.6947	-5.9695	1.00177861741012
36.759	-7.1446	-0.57465	1.09592852646646
35.372	-7.55	0.094466	-0.49603183998806
36.934	-7.1197	-1.3898	-0.941126275417022
35.726	-3.108	-0.29894	-0.16841118797913
36.711	-5.4696	-0.059321	-0.685667038387771
23.875	-11.581	-3.7265	-0.711082695403509
35.669	-5.378	-5.4118	0.362332637162693
33.092	-2.3509	-0.10809	-0.773105796924854
35.045	-8.4451	-3.0206	0.337033999840047
36.328	-7.1272	-0.93379	0.487668834799552
37.522	-6.8014	-1.605	-0.450503635649316
36.271	-7.3453	-1.3238	-0.62733318049172
36.582	-3.2051	-5.0006	-0.749874002583528
36.528	-6.7207	-0.3798	-0.526598784796708
37.407	-3.279	-1.2402	-0.970010668392859
27.77	-11.555	-3.6482	0.0273069350714761
38.276	-3.9029	-2.2387	1.33896992630019
37.001	-2.4226	-2.9225	-0.517434403972984
35.74	-1.5646	-5.2828	-0.831693038754667
36.539	-6.8839	-1.4043	0.988276457537759
29.377	1.7668	-0.97623	0.715698010780575
36.187	-7.133	-0.64214	-0.116625784013934
36.058	-0.71232	-3.8443	0.272001026732978
35.883	-6.8386	-4.8344	1.645
33.734	-9.5652	-3.4776	-0.282349325640753
35.107	-0.70271	-4.7009	-0.213469424386307
37.485	-6.1472	-1.8209	-0.83426710387558
35.876	-2.8084	-4.9303	-0.937650214562839
37.246	-2.3567	-4.2847	-0.372652340288073
27.025	-1.1452	0.8769	-0.627891930547532
37.813	-3.2192	-2.0258	0.0826309317795385
38.041	-6.1191	-1.0396	-0.0674679266942411
32.441	-8.4786	-4.6004	0.448249881965326
35.848	-8.0086	-0.74692	-0.964414317374693
37.586	-5.8647	-1.1041	-0.370600080173537
32.785	0.6827	-1.7577	-0.270660412009038
36.668	-5.7643	-0.36006	1.17931247726899
24.626	2.8702	0.65734	-0.74731185044413
28.835	-0.9672	-6.622	1.645
36.54	-2.6445	-3.9797	-1.31226246232085
29.891	1.399	-0.59674	-0.975768724737966
33.85	-8.5339	-4.1833	0.54166275161698
37.902	-5.9908	-2.0936	0.0774402554736503
28.11	-1.8263	0.47221	1.63961702000282
36.741	-6.2321	-0.25214	-1.16755155190847
36.437	-3.6993	-4.3082	-0.63442217662013
20.185	-12.42	-3.592	0.303873677009526
35.408	-1.3801	-5.2085	0.24528439912498
28.421	-10.501	-3.8962	0.0593639232494525
35.571	-0.535	-3.7779	0.364840689994211
34.005	-0.32428	-5.4688	-0.575738317321717
27.947	-11.622	-3.3485	-0.451898514566903
25.402	-11.378	-4.1255	0.908780794516099
35.933	-6.8829	-0.44488	-0.498224633302794
36.399	-7.0935	-1.8265	-0.471734209842551
37.587	-5.2175	-1.004	-0.484263259073638
36.92	-5.8143	-0.62305	0.617822418131128
28.401	-0.6673	-6.6758	1.53700442176766
37.872	-5.7018	-1.026	-1.08030381408527
33.506	-8.587	-3.743	-1.02086446917352
35.762	-2.4738	-4.9674	0.0589878479692627
35.527	-1.6899	-5.4983	1.30269993434869
35.308	-9.5027	-2.4343	0.116877815625993
36.532	-2.2219	-4.9142	0.72873813912494
36.187	-1.3059	-1.2429	0.306586404357004
36.409	-6.576	-1.957	-0.467745382156056
35.702	-1.5553	-5.3066	-1.01653140859596
37.838	-3.7151	-3.567	0.170414349691226
36.587	-6.9588	-0.9185	0.203593987178889
32.167	-10.434	-3.3169	1.645
30.214	-10.125	-4.3742	-0.432130960227209
33.708	-1.6614	0.33322	0.186369027830085
35.444	-3.6749	-0.45329	-0.562002990141042
30.447	1.4981	0.012136	0.500809646798851
24.271	-12.112	-3.4109	0.310112881856159
36.086	-7.7136	-1.5338	-0.322528298454259
35.633	-2.7754	-0.42644	0.760676572780547
33.279	-10.124	-3.4263	0.0162190244376451
36.394	-6.1789	-1.2919	-0.765181741891157
35.172	-5.0249	-0.59907	-0.860440718323422
35.868	-8.013	-3.1225	-0.652691321851745
37.736	-7.0645	-2.0451	-1.27335367838287
35.94	-8.616	-2.4003	-1.15942208900957
31.294	-7.8077	-4.7166	-0.487490512051337
24.368	3.7988	0.25655	-0.509326548434592
35.954	-7.1988	-1.5628	-0.585742580353272
35.874	-8.6177	-1.8043	-0.183156061007292
36.496	-7.1131	-0.84695	-0.596287776733538
36.295	-7.3641	-1.1927	-0.104139697880655
37.437	-6.1818	-4.1612	-0.916897601265908
37.162	-5.5491	-4.7764	0.272875592612094
37.937	-4.7004	-4.0766	-0.226745295553374
34.571	-8.8569	-2.5749	0.010032139601242
35.295	-7.3557	-2.6164	1.50213282609326
37.964	-6.7002	-1.5893	-1.22799436940583
38.176	-5.8106	-2.8118	1.645
24.884	-12.03	-3.7199	0.184081761591748
36.07	-7.6448	-1.1824	-1.07401870513365
29.709	-10.969	-3.9119	-0.254183985986036
25.356	-12.145	-2.9767	-0.841214865323843
36.332	-6.6978	-0.47076	0.32418220834091
34.205	-9.6351	-2.6179	-0.555876512894394
35.54	-1.4891	-4.931	1.58075355952706
37.53	-4.251	-3.1865	-0.447661143112328
36.327	-3.639	-5.216	1.03306741581371
33.449	-0.6842	-5.706	0.118662722193703
24.255	-1.0753	1.209	-0.466101399604589
36.839	-2.8458	-4.6107	-0.905255756272352
34.398	-1.8175	-6.1834	-0.425065792271431
37.137	-3.3898	-4.8805	0.295631175676509
37.404	-5.4861	-1.3972	-0.391581014615683
37.007	-3.2381	-4.6457	-0.881288612946824
37.299	-4.6356	-4.2258	-0.984455609899814
37.444	-6.7964	-3.6172	-0.767464658102866
35.375	-5.2242	-0.81239	-1.06710466820833
36.099	-7.3386	-0.73775	-0.709257423452977
37.215	-2.1692	-3.2804	-0.985567356875876
27.695	2.5926	-0.75992	0.595503379932176
29.455	1.4441	-0.33154	-0.99802028845618
35.304	-6.792	-4.5462	0.234659244153565
37.083	-6.3311	-0.76982	0.855302285761458
35.993	-7.0808	-1.3785	-0.529403480670208
35.349	-1.7696	-4.8635	-0.373044451629263
36.537	-6.8783	-1.0337	0.120535280072095
36.107	-8.3833	-3.8955	0.301346888377159
35.735	-6.692	-0.29731	0.202325603751246
34.806	-6.9562	-0.62806	-0.394055849494926
28.657	-0.49517	-6.6234	-0.522731549420583
36.482	-1.3979	-3.6565	-0.663454591782327
36.421	-8.4179	-2.0881	1.40299109130412
36.438	-5.6209	-1.0791	-1.02519606685442
33.259	-0.86748	-5.1327	-0.548272372464472
36.889	-6.3605	-0.64418	1.20479413734931
30.474	-10.434	-3.6727	-0.873411565530863
26.615	-11.683	-3.4185	-0.771484171657966
28.704	-1.2358	0.73461	-0.796123193233599
37.224	-5.958	-1.089	-0.544926167763365
37.948	-6.3604	-1.6608	0.520816529893008
36.139	-7.2369	-0.64364	0.0740037407856167
35.006	-5.2704	-0.66318	-0.713659343274334
28.024	-11.618	-3.2678	-0.398903899705862
37.061	-6.5184	-1.2337	1.645
38.1	-3.8544	-2.0497	-0.476451592557814
26.104	2.9775	0.38525	-1.06505075076198
37.301	-2.9975	-4.1287	-0.00392256998683469
36.366	-7.7739	-1.273	0.0550131113682264
35.59	-2.7801	-5.4654	-0.623685472049768
37.493	-3.1652	-4.0554	-0.48750179289229
25.634	-1.2253	0.94194	0.48128413628506
29.979	-11.824	-2.9049	-0.389308806650195
30.092	-11.065	-3.1338	0.245951545922975
35.969	-7.2747	-0.90899	1.645
35.179	-4.4275	-0.35156	1.10987661444626
37.42	-3.8425	-1.2864	0.279752668324151
33.448	-0.77411	0.15523	-0.0781028857166494
28.461	0.98628	0.17033	-1.14157702243529
24.401	-1.0807	0.94528	-0.538811331840756
35.863	-2.4069	-2.5622	0.0477590682985232
34.816	-1.9829	-0.24815	-0.0875351334625175
31.828	1.1086	-2.2523	-0.457662607747314
37.737	-6.611	-1.2513	0.472673259009276
37.897	-4.8967	-1.5729	-1.05709580557463
36.261	-6.8152	-1.5389	0.169732138032143
37.702	-3.2554	-2.2478	1.13512772994367
36.577	-3.213	-5.146	0.428242847508064
33.424	-10.297	-2.9498	-0.857988164725038
35.541	-0.99494	-3.919	0.545809990082019
35.487	-7.1229	-0.32773	-1.04052899661736
36.514	-2.8311	-4.6458	-0.864038774706342
36.517	-7.0275	-0.29672	-0.0142520929742083
24.997	-0.66669	1.1359	-0.608863603634915
35.617	-3.9137	0.42156	-1.15607908169161
36.349	-7.4662	-1.0629	1.03040156745769
33.919	-7.0507	-5.0645	-0.816178680096225
36.204	-0.51726	-2.602	-0.555942605626136
38.241	-4.5629	-4.0563	1.16848013305213
36.446	-6.3734	-4.8093	0.24090094547646
37.658	-4.6228	-3.5033	1.645
37.436	-2.0099	-3.387	-0.558727359237602
36.947	-7.3373	-1.2444	-0.396139126237232
38.26	-5.4613	-2.6107	0.527933531845261
37.188	-3.3266	-4.129	-0.692500344467266
36.67	-6.0862	-0.60603	-1.56411926718918
36.872	-6.6326	-0.5159	0.446489634851128
35.626	-7.5125	-0.57968	-0.579774007538954
37.056	-2.086	-4.1943	0.360037458823
36.758	-6.2914	-0.49534	1.37048093121235
35.12	-1.2742	-2.8903	-0.535897747591806
36.51	-6.2637	-0.54518	-0.620559165729737
31.902	-10.188	-3.1425	-0.316444702948871
22.571	-0.57713	1.5151	-0.331081508424649
37.18	-7.2877	-2.0295	1.07422488977911
37.348	-4.3808	-3.4643	0.181954467604283
37.485	-6.3438	-1.5371	-0.29469864288345
35.662	-6.8765	-0.14067	-0.66285606396587
33.532	-9.5404	-3.8361	-0.344981519568362
35.835	-5.3318	-5.5868	-1.12494323353258
25.296	-0.72466	1.6146	-0.745744175994113
36.099	-2.2894	-4.5739	0.428373347250218
22.655	-11.631	-3.7513	-0.0334736626632666
36.233	-7.5856	-0.90686	-0.672766865326648
37.693	-6.9362	-2.1968	-1.26773682066475
35.801	-6.039	-0.10692	1.645
34.236	-10.016	-2.8261	-0.260037096760218
26.632	-11.363	-3.9523	-0.324714816028902
37.001	-3.1956	-1.9825	-0.778911194685748
30.361	0.79431	-0.83387	0.932350716077118
36.378	-8.7082	-2.2334	-0.248756531111243
27.676	-0.63697	-6.9622	-0.523609958267732
36.292	-7.3381	-2.103	-0.867468362125385
37.201	-7.6178	-1.6684	-0.156639037787515
28.187	-2.0153	0.64751	0.585634001688278
33.853	-7.9412	-4.2012	-0.478572205694976
29.704	-11.031	-4.1478	1.645
36.261	-2.6379	-4.6789	-0.237150830419217
28.696	-0.68077	-6.8741	1.645
36.923	-2.6406	-4.693	-0.251776771292061
37.809	-4.4404	-2.6843	-0.418026862889869
29.318	-10.906	-4.083	-0.774163272093802
34.659	-1.9863	-5.9829	-0.183360678443888
36.981	-6.4968	-1.3048	-0.857811270904276
35.592	-6.7005	-0.93449	1.645
34.361	-1.276	-5.9627	0.417700342063036
36.872	-7.3054	-1.1125	0.845133385089687
26.332	2.8248	-0.26543	-0.726328211468472
27.737	-11.284	-3.2202	0.144000939891272
36.973	-4.4217	-0.99545	0.0840639802420766
37.022	-7.8526	-1.9066	-0.86901701928513
37.241	-3.7254	-1.2785	-1.18932140337932
34.046	-7.7115	-0.99998	-0.547165833470004
29.049	2.1374	-1.2587	-1.04818194477515
29.196	-10.899	-4.0629	-0.557150869544944
37.251	-3.3098	-4.4526	-0.194110126846416
35.127	-8.9068	-3.2601	-0.368929789392968
36.16	-3.0067	-5.1595	-0.76563387579324
33.526	-9.8154	-3.646	-0.995239868762433
34.392	-0.67005	-5.3893	1.38808724750649
34.351	-9.3416	-4.3517	0.00253936479186532
30.909	-10.532	-3.6165	-0.427128010307624
36.942	-6.4637	-0.66239	-1.23200327476782
28.06	-11.31	-4.1272	0.143423094311331
33.679	-0.86234	-0.17042	-0.40209229378487
37.908	-5.4849	-2.8675	1.645
37.401	-2.788	-4.0256	0.833401936306226
34.849	-9.695	-3.414	0.864461092765055
36.879	-7.3031	-1.1171	0.00247498543452487
37.166	-4.2299	-4.5378	-0.756733445431576
37.14	-3.9296	-2.3872	0.508964563529238
38.095	-4.4114	-3.0289	-0.595708477188328
37.03	-6.9054	-0.89318	0.934801923768965
36.371	-1.3748	-4.149	0.581366934820025
36.695	-8.3244	-3.4796	0.16656253035083
34.808	-9.1052	-3.57	-0.641950448210666
35.967	-2.729	-0.69909	-0.361419787906188
37.711	-5.9719	-3.357	-0.663433272203537
35.607	-1.8209	-5.5017	-1.21876093080757
35.464	-9.2253	-3.2972	-0.670032102418407
29.047	-11.285	-3.5116	-1.40651638706412
35.599	-6.7579	-0.15719	-0.473415378002194
36.13	-2.8164	-5.1146	-0.863307803321539
36.806	-7.1946	-1.9069	1.645
35.881	-1.4853	-5.1216	-1.645
14.631	-11.506	-3.6427	0.0651608719658319
33.652	-9.6058	-2.9365	0.605963597121273
31.845	1.0033	-1.1008	-0.504885651705763
36.339	-7.668	-3.0652	-0.754247720584531
33.114	-0.44001	-5.9828	-0.214438821879367
27.938	-0.14693	-6.4389	-0.865545985783389
37.262	-3.681	-4.3805	-0.48011018265306
37.199	-1.6237	-2.4917	-0.961211360903573
37.127	-6.706	-1.4274	-0.452130943579759
36.254	-2.536	-4.605	-0.447496533462436
37.029	-4.7412	-3.0954	-0.665414831973749
37.554	-2.4907	-3.7862	-0.257275048349638
36.811	-6.4165	0.35144	1.645
35.822	-6.391	-2.1782	-0.925546089580702
31.972	-10.291	-4.3015	0.90461929370866
37.001	-1.8216	-3.9956	1.39100228351481
28.016	2.2856	-0.45016	-0.402818317115013
33.895	-8.0079	0.42918	-0.52995575180522
31.809	-9.8667	-4.0254	-0.97904141708196
34.119	-1.5572	-3.3554	-0.804613783516946
32.677	-8.7274	-4.1685	-0.529439116726017
36.339	-6.8364	-0.98471	-1.37703997446464
31.208	-10.341	-3.9103	0.483803579286229
33.407	-9.7397	-3.9947	-0.568258272163081
34.85	-8.5722	-4.0191	-0.202332509064941
28.246	-11.364	-3.9274	-0.809341658596252
33.301	-0.8584	-6.2191	1.47329198663139
37.103	-6.8195	-0.88503	0.300363987398474
36.978	-1.6567	-1.9199	-0.626252770282325
26.906	2.3831	-0.26394	-0.856948965079306
35.127	-9.5065	-3.6642	-0.367002474466333
35.735	-6.5504	-5.0381	-0.926404283133442
34.061	-9.7107	-2.6267	-0.902129159529114
35.141	-7.3093	-1.8385	-1.12274685745416
31.034	2.13	-1.503	-0.858378257430253
34.237	-8.2289	-3.8283	0.0168358211595183
36.383	-2.5713	-5.1106	0.560605006855644
35.196	-7.2738	-0.20346	-0.425278447833634
37.779	-6.3044	-1.8107	-1.25825291838431
36.91	-3.242	-1.1441	-0.574923486650332
34.867	-2.1455	-5.957	0.644595845974887
35.711	-7.1492	-0.48083	-0.456906140220136
34.882	-6.9392	-0.59267	-1.07309945329129
28.845	-0.3391	-6.3215	0.332260274115412
24.961	-12.173	-3.2356	1.14262960488346
37.112	-7.4161	-1.9881	-0.820258055218961
22.905	-1.2773	1.3333	-0.734763350568387
36.358	-1.9963	-3.3979	-1.08100039670448
36.678	-7.6703	-1.4146	1.02635356051468
36.309	-1.0166	-2.6914	-0.377286101973727
32.761	-10.279	-3.5803	0.0337903981507728
36.492	-7.1408	-1.0361	0.632993069712114
26.612	-11.577	-3.6266	-0.851921235340139
37.101	-2.5892	-4.5559	-0.788913052499574
35.643	-1.0173	-4.7475	1.645
36.993	-4.0546	-1.8566	1.645
36.191	-1.9754	-1.1911	-0.86014987939552
32.465	0.75286	-1.4389	-0.773927649840841
35.879	-1.4706	-5.0897	-0.160585803841401
37.08	-2.6979	-1.4846	-0.77288171529719
35.927	-7.6408	-0.39627	0.768107956663556
37.024	-5.0281	-5.0016	-0.623221743013875
33.831	-0.82131	-5.9073	0.975925615000499
35.112	-8.381	-1.5627	-0.598392792946166
36.21	-7.1793	-0.91817	0.427665915581108
35.228	-2.001	-3.9949	1.55720523893289
31.224	0.17342	-5.7504	0.983467571407354
27.857	-1.7479	0.28644	-0.613088238107445
36.383	-1.4084	-1.6501	-0.357596709986887
37.173	-2.6245	-3.9132	-0.270418543249215
36.258	-3.1272	-2.1291	-0.535483995392362
36.844	-2.8627	-4.1771	-0.881119733149598
37.157	-2.2965	-4.1908	-0.298004909343571
38.265	-5.2641	-1.6418	0.735371308578677
24.995	-12.011	-3.4335	-0.698066006657549
37.498	-3.5547	-4.4466	1.645
36.488	-7.3251	-2.3262	-0.671278160371683
37.422	-3.4628	-2.3274	-0.571352894549732
37.872	-6.6212	-3.506	-1.00128871812393
36.78	-7.3321	-1.024	-0.936666321184725
37.362	-2.3661	-4.0574	1.645
37.105	-2.5879	-1.2599	-0.780511462837281
35.261	-1.5128	-5.0484	0.587554684919244
34.806	-8.8901	-2.973	-0.321191938625651
35.212	-2.5121	-5.7232	0.75615221690243
36.237	-7.9567	-0.56517	-0.239016355180542
33.647	-9.5361	-2.9473	-0.548233602489247
37.853	-6.0901	-2.2477	-0.342499833558558
36.231	-6.2373	-5.1256	-1.10320485413293
37.804	-3.758	-2.5106	-0.61592612485453
37.27	-6.4269	-1.0324	0.592860077140532
35.22	-1.6653	-1.0212	0.211668470826245
32.963	-0.82231	0.13576	-0.577757100376199
36.223	-7.7271	-1.0545	0.706257994733353
35.332	-3.4379	0.25797	0.495639125205928
36.358	-0.97953	-2.8211	-0.630358977196578
26.795	-1.38	0.76789	-0.340396730523469
29.63	-0.92416	-6.7941	0.335035341604871
33.298	0.35184	-3.695	-0.794822406186436
36.927	-2.4784	-4.6331	-0.530485930739591
34.45	-0.82641	-5.3395	-0.677675639753677
36	-9.0717	-3.5695	-0.245468914798711
27.802	-0.52154	-6.6001	-0.729354479371617
36.699	-4.6467	0.089536	1.645
36.763	-2.5223	-2.4664	-0.790551862920393
34.055	0.053927	-3.4849	-0.515104976578507
36.663	-8.0185	-1.3392	1.645
28.783	-1.1034	-6.5278	-0.323987196069083
38.313	-5.8634	-3.2643	-0.910186092837583
37.448	-6.4351	-3.4083	1.645
34.872	-9.2335	-3.1798	0.0354183435101423
36.932	-2.2441	-4.676	-1.50356713752047
35.188	-7.5203	-0.50527	0.355040234628143
36.605	-7.0821	-2.621	-0.955658113177027
36.43	-6.2279	-0.72841	-1.15873531593436
36.707	-6.8401	-1.3848	-0.996595241601719
35.391	-7.7354	-2.7639	0.169162002033584
36.619	-3.3442	-5.008	0.396702442000491
36.965	-3.0487	-1.9398	-1.06572755176519
36.149	-3.6882	-0.088772	-0.551683217911074
26.877	2.3493	0.26303	-0.595352648213936
38.082	-5.3314	-2.1137	-0.479987729983587
25.941	-0.49807	1.7601	-0.569374037629499
37.744	-4.8284	-2.8158	0.705976898578474
36.102	-3.0749	-5.1304	-0.368099818547887
36.997	-2.8596	-4.6194	1.645
35.129	-7.3311	-0.43908	-0.0189002943853954
30.827	-10.451	-4.0079	-0.912984896082424
26.988	-0.92323	0.91876	1.39197483885094
36.696	-3.7296	-4.7045	-0.791262556637333
36.415	-2.8229	-5.3315	1.645
36.968	-3.0594	-1.5917	-1.01671261815526
35.082	-1.3413	-5.5522	0.656519277894147
35.513	-9.1151	-3.2543	-0.699377163725898
37.55	-2.3992	-4.0514	-0.761602938584565
38.043	-4.5569	-3.3936	0.507045838239317
29.141	-10.738	-4.3405	-0.576267396409377
36.807	-6.8513	-1.4331	-1.61938352733714
34.084	-5.1555	-0.37926	-0.612460614490492
25.809	-11.625	-3.7767	0.308789531531084
36.27	-3.1772	-4.7845	-0.992466456677396
36.105	-7.5793	-1.0388	-1.35453124855196
35.983	-6.7157	-0.25748	-0.18505551980849
36.16	-6.2388	-4.6065	1.00854492941095
36.903	-6.0825	-1.1782	-0.309159970307521
35.802	-9.2502	-3.1529	-0.549196441898023
37.192	-7.2199	-0.97104	-0.398024289579648
27.546	2.3168	-0.11179	0.666753557770173
37.285	-3.4399	-4.4883	-0.850659269322399
36.92	-3.6492	-4.6394	0.692703366974275
37.061	-7.7577	-3.156	1.59215349270124
38.398	-5.8134	-1.1318	-0.474364574916497
35.897	-8.9728	-2.3728	1.16648684779122
36.24	-2.3286	-1.4169	1.645
34.672	-9.018	-2.7887	-0.782066480390629
32.506	-10.224	-2.3987	0.10184548102911
34.93	-7.4385	0.28604	0.29283573671004
36.568	-6.7341	-0.43936	-0.185274819783123
30.4	-10.876	-4.4696	-0.223878443377627
37.023	-7.7618	-3.0738	1.48957173608752
36.001	-6.2461	-0.9769	-1.1512303179815
37.38	-3.0814	-1.6637	1.47168350732272
35.484	-8.9282	-1.9391	-0.0918033550849467
29.493	-2.0896	-0.37662	0.171711818797345
35.763	-0.51963	-3.4807	1.645
35.745	-6.4161	-0.72233	0.417221116000176
35.997	-3.0534	-4.6892	0.697878550567136
35.689	-6.7757	-2.8578	1.26860071948781
38.155	-4.6891	-2.4946	-1.07547521759242
20.494	-12.103	-3.3423	-0.259112040611576
37.095	-3.2146	-1.7715	-1.39161385553416
36.838	-3.1052	-0.58324	-0.603358273016737
35.237	-0.69076	-4.8874	1.645
31.359	1.2267	-0.79001	0.487281053456896
23.754	-11.761	-3.3614	-0.809104702967817
32.883	-8.6579	-4.8132	-0.289698120632335
34.92	-2.181	-0.95545	-0.744066248089876
33.145	0.72644	-3.0346	0.000406202641311943
37.754	-3.583	-4.2792	1.645
33.884	-9.4559	-2.2002	-1.37054488056649
35.028	-7.1752	-0.66195	-0.373080062439792
35.228	-8.4952	-3.2171	-0.137351428958954
36.121	-2.9466	-5.1363	-0.898620249999915
28.68	-0.5989	-6.5866	-1.01632749653239
33.778	0.11392	-0.5513	-1.06169927110077
37.718	-6.805	-2.3753	-0.866434288907014
24.667	-11.97	-3.4268	-0.803920859946081
36.53	-7.222	-1.5122	-0.997875152471906
36.508	-6.9874	-0.76697	1.37133152665039
31.359	1.133	-1.4757	-1.1959275792879
36.996	-7.5551	-2.6668	1.645
34.925	-1.4506	-5.7603	0.722955135360036
36.617	-3.1258	-4.9507	-1.03629135160168
35.563	-2.7773	-0.24283	-1.19418294691538
35.878	-8.1252	-1.6888	-0.425455970526759
36.593	-5.8661	-0.6886	-0.702839878581892
30.903	0.73487	-0.78254	-0.963186859933118
37.957	-5.771	-1.0749	1.645
36.956	-3.2025	-4.4751	-0.702527824559673
36.329	-1.779	-4.8389	-0.693229944811674
36.022	-6.828	-0.57731	-1.05776369238922
36.38	-3.1166	-4.3906	0.933143091509696
28.167	2.2203	-0.26485	0.0378964646163769
31.672	-6.1599	-5.747	-0.415471398462065
34.278	-8.7974	-3.7387	-0.799248939170831
29.769	-1.6298	0.65782	-0.356340278480843
34.658	-0.62976	-5.3143	-0.414143273484453
37.135	-6.6056	-1.2216	-0.697291750564581
38.074	-4.3028	-2.4632	0.335781794141539
33.288	-0.28058	-5.9272	-0.309287775779719
29.524	1.8227	-0.21233	-0.973159687566008
37.421	-4.2265	-4.3602	0.55548735800694
33.753	-9.4761	-3.5559	0.291609136052518
29.893	-1.3723	-6.5831	-1.55238073910769
28.23	-0.50422	-6.5389	-0.209420698250425
38.3	-5.7317	-1.6831	0.950792596889391
36.915	-7.9132	-1.4713	-1.49701138287436
36.115	-2.5821	-0.79798	-0.422571739175985
36.414	-2.6558	-5.1461	1.645
32.946	-10.118	-3.8613	1.39024410353869
37.709	-3.5095	-2.5169	0.219468372909185
36.272	-2.8487	-4.1937	-0.662872700089796
37.128	-7.3755	-1.516	-0.52242676785279
29.113	-0.98121	-6.9442	-0.811907374334426
37.832	-5.746	-1.2789	1.645
30.852	1.7849	-1.8279	0.0318467176166736
35.264	-7.1588	-0.50919	0.363917715912802
35.586	-6.7863	-0.30952	1.645
33.485	-9.167	-3.831	-0.504137129029124
35.637	-6.7245	-0.37612	0.0939338094921147
37.496	-3.2443	-4.1554	0.683178409542481
35.681	-8.7417	-2.8366	1.50113119588514
36.297	-6.6218	-1.3064	0.583334070131444
26.151	2.5267	-0.32816	-1.20340116884427
30.247	-10.532	-3.9948	1.645
34.462	-9.6263	-2.7398	0.101941125317586
38.277	-5.7043	-2.5148	-1.28104112055834
27.955	2.3396	-0.87238	-0.842112207798714
36.557	-6.012	0.058335	-0.772470987473095
37.769	-5.0176	-1.871	0.115903884042094
36.737	-5.862	-0.77037	-0.757894095251263
28.632	2.1882	-0.58482	0.157074214109565
37.252	-3.2123	-4.5515	0.712740874005541
34.095	-9.7839	-3.228	-1.0273605702812
35.502	-5.9782	-1.6541	-0.676945925614896
33.449	-0.70302	-0.86649	0.728402860012548
25.658	-11.743	-4.0632	0.553275158350031
29.127	1.8274	-0.60295	-0.378436004392564
35.642	-2.2581	-5.5624	-0.936889865404462
36.851	-6.8	-1.1773	1.09390851687607
37.961	-4.5137	-3.6152	-1.13465995680034
37.132	-6.4566	-0.84542	-0.432771085068222
37.088	-2.7651	-4.3048	-1.07443517774668
24.495	-0.80438	1.506	-0.82074903483265
38.36	-5.3256	-2.9136	-0.697082158117542
36.626	-5.7911	-1.2278	0.0500775609554152
36.713	-2.7918	-3.6785	-0.408177332382281
37.012	-7.3768	-2.6185	-0.776107006943481
31.849	-10.422	-3.1593	-0.149341308793018
32.857	-1.747	1.0811	-0.291707199477503
25.93	-1.2025	0.87789	-1.16871344503698
37.644	-6.4692	-2.6675	-0.774512589779122
35.914	-2.1429	-5.1293	-0.492491527000723
36.177	-2.5183	-1.6875	-0.0823694675187394
36.164	-7.808	-2.0116	-0.535339291206224
37.578	-3.8494	-4.4812	0.388270950397388
37.412	-6.2447	-2.696	-0.582533666923278
37.883	-2.6633	-2.9858	0.586758036031423
36.349	-7.9935	-1.5244	-0.100322871401746
16.859	-12.177	-3.2421	-0.430336953394937
38.285	-6.068	-1.6478	-0.662492257786532
36.787	-5.5935	-0.20183	-0.840042274191909
28.667	1.635	-0.37636	-0.885541396387381
36.383	-6.8969	0.11651	-0.663634001570455
36.476	-7.382	-1.0621	-0.205224329773629
36.426	-7.9875	-4.213	0.153242522652474
35.622	-2.128	-5.639	-0.948778241629989
30.252	-10.709	-4.2735	0.949337677655853
29.138	-11.188	-3.8476	-0.725114283384596
32.325	-6.7771	-5.2843	-0.78906740833768
37.26	-1.8777	-3.7953	0.88616496733915
36.147	-2.2079	-4.9607	0.928726578896723
37.046	-6.6266	-1.4054	-0.762743458182492
36.223	-7.4272	-1.0084	-0.0740094037600552
35.352	-7.529	-3.7597	-1.04766653819601
38.006	-4.5622	-1.6132	-0.850935251964475
37.076	-4.767	-1.1442	-1.1861653803897
37.379	-3.6702	-0.92475	-0.519063113528461
37.105	-2.5589	-3.5756	-0.632174145496
35.913	-7.6121	-0.87189	-0.659069946498898
36.415	-1.8489	-3.4901	0.469073692125398
22.184	-12.39	-2.6067	0.956071967213489
36.955	-6.6936	-0.62468	0.53067120925291
35.407	-6.9301	-1.0617	0.0215242236599224
37.766	-3.2181	-1.9562	-0.37817577277195
24.476	-1.1701	0.93116	1.44778730558905
36.324	-7.7981	-3.4379	-0.163248538535314
34.952	-6.4194	-5.1862	-0.76112781894085
35.959	-8.016	-1.3819	-0.629165550197754
35.159	-8.7272	-4.1003	1.645
36.436	-7.5013	-0.96146	-1.08120724128897
34.549	-0.84299	-5.6394	0.910672066370777
35.608	-8.7425	-3.6319	-0.755842535284774
37.645	-3.0373	-2.7639	1.17853510676081
27.805	2.13	0.2655	-0.458463609624576
37.731	-4.9146	-1.0312	-0.819992907417977
36.875	-2.9204	-4.2667	-0.283458115350342
33.597	-0.56617	-5.3621	-1.29449990708584
34.81	-1.815	-0.71735	1.645
34.807	-9.2413	-0.70097	-0.978995828587111
38.099	-4.1749	-2.0066	0.571079258626423
35.04	-7.5716	-1.0808	-0.884607382002056
34.467	-0.7789	-5.5486	-0.0606035252083447
35.014	-8.2377	-0.58041	-0.472879581864888
38.29	-5.6387	-2.4153	1.29019550961886
36.387	-2.0945	-4.6511	-0.90641317504552
24.668	-11.654	-3.2159	-0.112246192128363
36.73	-2.8421	-4.3338	-0.534016342300156
28.015	-11.269	-3.5031	1.48310009148267
28.764	-0.51537	-6.6424	-1.17155338724283
31.882	0.099737	0.85538	-0.985125771499788
30.382	1.5907	-0.49021	-0.369382419639816
33.023	-9.9253	-4.2566	-0.487000501511648
36.949	-4.5689	-2.2549	-0.583959607657508
37.788	-4.174	-1.7582	0.756182813526818
36.414	-6.6305	-0.54073	-1.20315168779467
30.162	1.0924	-0.59141	-0.218852475774586
36.853	-6.3522	-2.1496	-0.0816155934353716
37.993	-6.6047	-0.58157	-0.465751688513005
31.618	-10.13	-4.2517	-0.181609965987999
36.425	-0.63911	-3.5397	-0.517258827257325
36.478	-7.1979	-2.0881	1.09505390443007
35.22	-2.8647	-5.4605	-0.161145211047175
34.039	-8.7942	-4.1058	-0.773102183164797
35.342	-0.84757	-4.9727	0.519831536603442
34.234	-9.0501	-4.1876	-1.06920395623723
35.623	-7.3392	-1.1323	-0.183836333431327
31.206	-10.908	-3.2517	-0.606104819886729
36.651	-7.5829	-1.2475	-0.297779968850288
32.829	-2.2829	-5.3286	-1.12889074333563
25.316	0.0397	0.96357	1.08678354045062
36.807	-2.7145	-1.7884	1.44096160448436
38.305	-4.7921	-2.3396	-1.09654747699517
28.368	-0.59665	-6.7559	-1.13196445182232
36.98	-3.2319	-1.217	0.390329241725747
34.744	-7.6455	-4.2175	0.198192243193495
29.467	-10.775	-3.9691	-1.02255854629335
29.373	-1.8565	0.38733	0.326943154386384
36.928	-3.1836	-4.6119	0.0362440499505151
36.786	-8.3038	-2.0017	-0.689409344111767
37.496	-2.3662	-2.2257	1.14813865985736
36.331	-7.1059	-0.41523	-0.320309565352003
25.14	-11.017	-4.1427	-0.592607457075943
33.674	-1.1195	0.1615	-0.32438352466685
36.284	-1.8405	-5.0251	-1.15402597042191
36.424	-7.281	-0.91605	-0.734820049222943
25.224	-11.867	-3.7074	1.645
38.637	-6.5948	-1.8103	-0.560197411939037
24.414	-12.142	-3.2013	1.43936401813183
32.161	0.91575	-1.7862	-0.325333465893853
37.46	-4.4038	-1.0835	-1.12416033814202
35.259	-0.56743	-3.8436	1.645
36.301	-1.469	-4.8456	1.645
14.2	-12.25	-2.7913	0.406822226156987
37.13	-6.6506	-0.87502	-0.55058688585635
18.681	-11.853	-3.5342	1.645
31.848	-10.514	-3.7276	-0.669700303325276
37.038	-4.3294	-1.0892	0.0211938605693654
37.642	-6.2693	-1.2363	0.247342659019764
34.832	-7.3907	0.24362	-0.594472352011692
36.613	-7.1136	-0.79163	-1.51560424542991
36.017	-3.9337	-0.15164	-0.887871679918678
29.42	-11.225	-3.3753	0.80090801135981
36.291	-3.2826	-5.4975	-0.942310661124339
36.733	-2.908	-4.739	0.0535124997149362
37.311	-7.1319	-2.484	-0.394348034211051
37.208	-4.7836	-0.79393	-0.826459170082541
36.986	-3.4192	-4.8641	0.235372651071304
36.741	-6.3389	-1.159	0.600270838831903
37.195	-6.8729	-0.94274	1.645
29.143	-1.0016	-6.5471	-0.620456454565478
29.642	-1.2463	-6.7948	1.01128643153567
37.267	-6.9481	-1.9059	1.03743634730245
37.316	-6.1483	-0.43037	-0.590036594713304
31.384	-10.126	-3.673	-0.160767725507407
37.946	-3.4073	-2.4633	-0.543966129797783
37.016	-2.6871	-3.6991	1.57688312981684
24.761	3.1961	0.59405	1.33269510972936
36.623	-2.2417	-4.4946	0.615003859803412
28.861	-2.2487	0.5869	-0.314955072332411
36.778	-6.6332	-1.1096	-0.478616197725007
35.901	-7.5783	-1.5121	-1.5202337087336
36.334	-6.388	-0.29077	-0.528621623509784
38.018	-4.0021	-3.4175	-1.11844773307377
37.02	-3.3083	-1.0167	-1.15456869409396
36.439	-2.5243	-2.1194	-0.919672577111647
35.99	-2.0913	-5.2288	0.504966664834956
32.294	1.3388	-1.5872	-0.131678615384161
36.17	-7.445	-0.85062	-0.651267377770272
37.122	-3.4666	-4.8168	-0.501624378830154
37.265	-6.8089	-1.3866	0.04491738714121
37.569	-6.5148	-1.4642	-0.645046591953178
35.131	-7.9391	-1.5386	-0.693012617888923
35.653	-7.9359	-0.91161	-1.39397856712874
36.885	-8.2585	-1.4113	-1.18104129714244
36.345	-2.7504	-1.3676	-0.648324399390659
35.886	-6.8034	-0.66589	0.235514767078842
30.396	1.5929	-2.7118	0.321421802157751
28.959	-10.732	-3.9835	-0.60393874274442
32.197	1.205	-4.1368	-0.361173235451878
36.757	-4.3829	-1.9128	1.645
34.415	-6.8325	0.075148	0.689321022551593
36.501	-6.4825	-0.69156	-0.6786362184838
33.331	-0.8698	-4.6621	-0.926068827531786
36.721	-7.1728	-1.6014	-0.288709425211361
36.459	-2.2777	-4.9212	-1.10505782334615
26.345	-1.1055	0.5634	-0.905401556268705
34.481	-0.83471	-4.8208	-0.594426094917897
34.25	-0.42419	-5.4538	-0.658636298120149
37.167	-6.6659	-1.13	1.10358794611523
36.989	-2.1522	-4.4694	1.52323074481762
38.043	-6.8756	-1.8666	-0.2335600256848
37.377	-6.8635	-1.8859	-0.402852568643124
28.914	1.9943	-0.15523	-0.201365589199319
36.747	-2.8716	-4.7368	-0.0499812895528533
34.473	-6.0424	-5.0366	1.24936430427214
33.715	-9.6432	-2.123	-0.599747662952993
33.627	-10.262	-3.7998	-0.52056637104799
35.818	-1.2328	-4.9674	0.0888196450516866
37.672	-6.7785	-0.78609	-0.613894720550087
32	-9.0904	-4.758	1.645
32.789	-9.4975	-3.0511	0.712800401104098
37.494	-5.8069	-1.0089	0.453919041698743
35.811	-7.1054	-0.26252	-0.0751351917323829
36.39	-6.9544	-0.46647	1.645
37.573	-3.3045	-2.1576	-0.945205366925008
37.654	-2.3191	-2.4915	0.190770773303299
29.803	-10.77	-3.5859	-0.881087180232864
34.803	-1.1978	-5.5854	-1.05831270403046
34.187	-1.4715	-5.6999	0.465146042630458
35.481	-2.2084	-0.77026	-0.218513858365788
37.439	-7.1052	-1.3532	-0.918043793116799
35.14	-0.37334	-2.7565	-0.828253798127302
35.366	-1.8119	-5.5672	-0.325348968736389
36.177	-1.3727	-4.7834	-1.11417342414048
31.882	-0.57295	-5.8092	1.34158761843211
38.008	-3.2008	-3.5752	-1.1179564692422
34.705	-0.88028	-5.109	-0.671223378226594
33.546	-0.34527	-5.445	-0.615392002758738
36.221	-7.3412	-4.4751	-0.563128419548973
36.325	-6.6188	-4.8643	-0.229023846028214
34.46	-9.1908	-4.2253	0.572172152203871
36.304	-5.6636	-0.46282	-0.609909557678146
32.053	1.3059	-1.5197	1.645
36.084	-6.9266	-1.1155	-0.896549742192771
36.981	-6.59	-0.49138	-0.819530248071785
38.105	-6.1144	-1.8308	-0.97158095749325
37.096	-3.0514	-4.6541	-0.568464337317132
35.511	-1.8353	-5.3157	1.47262430687736
38.197	-3.1683	-2.8039	0.289774319280808
35.186	-7.3743	-0.73991	-1.14909233524419
36.172	-0.92643	-4.2247	-0.970649428885206
36.04	-7.8278	-3.3901	-1.31353126524406
35.773	-7.8802	-0.81617	-0.770485405612585
37.294	-5.8666	-0.45628	-0.449673298389942
33.607	-1.7542	0.66326	-0.679248913294764
34.045	-9.3825	-2.7884	-1.34289680780089
37.33	-2.1802	-2.9054	-0.736653895394732
35.171	-6.1369	-1.2886	-0.0266249276144514
36.103	-2.9022	-4.7952	-0.28530219125449
35.937	-7.577	-0.66075	-0.607248305541014
22.216	-0.28528	1.8218	-0.720493850727831
31.478	0.98321	-0.87069	-0.589795034180753
20.626	-11.99	-3.1838	1.645
36.16	-6.4134	-0.87063	1.645
36.415	-3.3798	-0.64911	-0.137851246169234
36.734	-4.8522	-4.9762	1.45269682414781
28.725	1.7036	-0.72164	-0.673980121627107
37.244	-6.5933	-1.2809	1.645
37.14	-3.0531	-2.5682	0.241599963057294
27.944	-0.12737	-6.92	1.645
37.254	-3.0555	-4.385	1.15864317208158
30.623	-10.628	-2.3359	-0.949153058414393
33.103	-10.306	-3.7632	0.280002291596158
37.505	-3.3844	-3.665	-1.25214426695683
36.11	-7.4497	-1.499	1.645
24.948	-1.1145	1.1193	-1.02492605468775
