38.056	-5.1676	-2.5888	1.27000700732164
33.209	-1.3065	0.58739	-0.324561556558359
34.278	-8.7974	-3.7387	-0.615452962946327
28.759	-11.084	-4.2342	0.670912128134824
37.105	-3.6061	-4.5524	-0.375430752096724
31.72	-0.96702	0.3544	0.574518471463722
29.377	1.7668	-0.97623	-0.0410753997912647
29.352	-10.501	-3.6657	0.574074105956003
34.545	-0.57259	-5.36	-1.51702360602128
29.205	-1.0063	-6.6398	-0.0205276707223397
35.609	-7.1077	-0.68315	-0.6466736743883
34.412	-0.72442	-5.3799	-1.07158779819534
37.799	-3.4383	-3.9197	0.301084517891516
33.524	-0.99915	-6.1235	-0.635177675830115
36.646	-6.9621	-4.4572	1.30057783871783
27.282	1.8772	0.36123	-1.0742322075764
26.736	2.6919	-0.6298	0.186916754013045
37.289	-5.8562	-1.1742	1.645
38.169	-4.0381	-2.3338	-0.522383320371496
29.977	-11.456	-3.3584	0.88843075660485
37.914	-4.9455	-1.6546	1.645
35.947	-7.6318	-0.92707	-0.750688287673743
35.944	-7.7459	-1.3209	-1.00140611460147
30.435	-2.0178	-5.0573	-1.0822100113424
26.621	-0.41676	-6.7491	-0.534711040308722
37.101	-2.5892	-4.5559	-1.35022515857673
37.907	-5.6622	-1.514	-1.20395876916113
22.184	-12.39	-2.6067	0.998901021256036
37.336	-4.2892	-1.3951	-0.026158057352477
25.809	-11.625	-3.7767	0.488984099495885
36.963	-3.5361	-2.5995	-0.386212491191887
25.941	-0.49807	1.7601	-0.549305154538375
37.344	-5.4244	-3.918	0.542240270400623
34.721	-8.3715	-4.579	-0.886311506203215
20.185	-12.42	-3.592	-0.206789159906053
34.29	-0.70505	-5.4116	1.19319327873321
36.345	-3.4584	-0.40195	0.33106054656872
36.651	-7.5829	-1.2475	-0.390280738061431
35.622	-3.6657	-1.0615	-0.646875067277012
37.718	-6.805	-2.3753	-0.487909345960216
28.339	-11.288	-3.7747	1.51133284680478
36.629	-7.321	-0.79914	-0.662012187633593
26.615	-11.683	-3.4185	-0.578608372836735
33.42	-1.847	-0.09335	-1.0055815274133
35.269	-8.6907	-0.96378	0.0312189679859378
33.384	-0.71081	-6.05	-1.4624534714902
34.789	-7.3388	-0.54573	0.90050149192789
37.149	-6.3657	-1.3475	-1.38134636214887
38.014	-5.9577	-1.8809	-1.36813827152299
36.881	-6.9741	-1.2878	1.645
33.974	-0.2086	-5.4289	-0.856844214046726
35.929	-8.1243	-1.4357	0.802759844648317
35.679	-7.0002	-1.2115	-0.38356853133662
37.711	-5.9719	-3.357	-0.586177883122154
36.976	-6.7599	-1.9741	-0.663971266457088
35.137	-7.474	-0.47603	0.1209455292083
36.452	-2.8956	-0.53636	-0.440731242405046
32.197	1.205	-4.1368	-0.865265390267995
37.741	-3.5231	-1.6764	-0.683620313262645
31.384	-10.126	-3.673	-0.229123179478061
38.453	-6.2205	-2.5167	0.995013720243176
35.949	-7.0988	0.036498	-0.576979375327187
35.221	-1.4667	-5.6054	-0.585277792145443
36.636	-1.8449	-4.6217	1.645
28.566	2.1575	-0.46418	-0.655029035486481
36.744	-6.6862	-0.47204	-0.616382698577758
33.362	0.38835	-1.7634	-0.551168474933169
26.075	-11.349	-3.6326	-0.112587996934703
28.143	-0.79826	-6.7107	-0.568412615880168
36.626	-3.6918	-0.73483	-1.01639311318557
36.96	-6.9343	-1.0159	-0.138852627932261
37.798	-6.4612	-2.1662	-0.411059449439576
37.4	-5.3887	-1.203	-0.546630334313841
34.039	-8.7942	-4.1058	-0.564928819419126
36.601	-7.2495	-1.0362	-0.553099540074889
27.103	-1.7895	0.51807	0.121287162635188
37.923	-3.705	-3.5402	-0.218832502529699
37.157	-2.2965	-4.1908	0.505978473677158
34.689	-0.28268	-3.6521	-0.762883466663091
35.637	-6.7245	-0.37612	0.384612656995895
37.16	-7.4515	-1.5202	-0.176076109606826
27.089	-11.553	-3.8875	1.38480864026108
33.708	-6.1344	-5.2625	1.51813261502927
30.361	0.79431	-0.83387	1.54847863573199
37.262	-3.681	-4.3805	-0.573210805695169
36.564	-7.3469	-0.8169	-0.421359119858503
37.005	-7.4155	-1.2923	-0.366533278198586
36.349	-7.9935	-1.5244	-0.450681545000122
31.672	-6.1599	-5.747	-0.0682108788740569
36.105	-7.3621	-0.27467	-0.688240658019343
37.13	-3.482	-3.5833	0.174103283436477
29.113	-0.98121	-6.9442	-0.86634777651092
36.785	-1.4031	-3.5604	-0.365703977940815
37.734	-5.9544	-4.0513	-0.976902700575371
36.034	-7.7111	-0.66814	-0.483129056178166
28.343	-11.733	-3.5872	-0.112772090291173
31.329	-9.8618	-4.0712	-0.842305901027097
33.235	-10.72	-2.9872	-0.846477063874664
36.616	-6.8313	-0.47681	-0.140766845634258
27.947	-11.622	-3.3485	-0.453377564451426
37.031	-6.9763	-1.0374	-1.61568072615979
37.348	-6.549	-3.1685	1.47475083679056
37.447	-2.7711	-3.2962	1.645
34.702	-1.6396	-3.8829	-0.51681987116053
35.735	-6.692	-0.29731	0.511061361189818
37.032	-6.1426	-0.88556	0.729640181807667
37.693	-6.9362	-2.1968	-0.900850088677637
34.867	-2.1455	-5.957	1.02709379560265
36.82	-6.9642	-1.231	1.645
37.322	-7.6218	-1.4826	1.645
34.92	-2.2908	-0.34357	1.34100661037825
37.804	-3.758	-2.5106	-0.443459076707499
34.74	-1.4122	-5.6472	-0.508193089598895
26.577	2.4753	-0.54886	-0.561338744718317
38.043	-4.5569	-3.3936	-0.13870889968761
29.373	-1.8565	0.38733	-0.555487086753437
33.189	-2.0783	0.76822	0.154355321143666
36.221	-2.9564	-0.61513	-0.314658304957804
17.095	-12.321	-2.8753	0.558587656486925
35.805	-0.27107	-3.7675	1.24973461500086
36.495	-7.6701	-0.95526	1.645
27.546	2.3168	-0.11179	0.329938466264403
29.127	1.8274	-0.60295	0.0579068220338222
37.198	-6.5255	-1.0386	-0.697344975161441
38.3	-5.7317	-1.6831	1.645
29.133	0.029435	-6.8166	-0.99201822439717
37.578	-6.9156	-1.9975	-0.726906028849215
36.532	-2.2219	-4.9142	0.530756498244548
36.92	-3.6492	-4.6394	0.962042244738333
38.141	-4.2786	-2.7783	-1.12747641129741
31.917	-9.7447	-4.6294	1.645
35.262	-6.5396	-0.11959	-0.907057716760895
33.301	-0.8584	-6.2191	1.45030244743071
36.293	-1.505	-4.5643	-0.804264809817746
34.486	-9.5717	-3.7802	0.799961922662537
36.379	-3.7123	-1.4074	1.28098980898465
35.571	-0.535	-3.7779	0.485451595108107
37.42	-3.8425	-1.2864	0.754220174361086
37.68	-3.1829	-3.9933	-0.77055718598572
35.425	-1.3523	-5.359	-0.426866993720398
34.899	-8.9036	-2.1978	-0.817495596242686
36.056	-7.7506	-4.4819	1.645
27.77	-11.555	-3.6482	-0.773673372662568
28.016	2.2856	-0.45016	0.448357298820883
27.045	2.3681	0.63953	-0.662281381276496
26.865	-11.889	-3.6093	1.645
37.294	-1.9809	-3.4145	-0.0781524085099265
36.473	-1.6404	-4.767	-1.10407166937563
38.19	-5.2303	-3.4668	-0.705155982341705
35.773	-3.3263	-5.1052	0.0659808041123631
24.712	2.8802	0.58317	-0.344901193905838
29.642	-1.2463	-6.7948	0.758181752690755
34.201	-6.8832	-5.1613	0.87170852272663
37.024	-6.2246	-3.3113	-0.403369655557781
33.279	-10.124	-3.4263	0.0956889546214206
37.554	-2.4907	-3.7862	0.0560081632048953
25.634	-1.2253	0.94194	-0.721218353342195
37.316	-6.1483	-0.43037	-1.2557157412768
37.769	-5.0176	-1.871	0.93673760175036
31.258	-10.897	-3.3516	1.645
35.642	-2.2581	-5.5624	-1.12687332653744
36.561	-8.08	-2.507	1.39827126087598
36.92	-5.8143	-0.62305	0.992150744185973
35.633	-2.7754	-0.42644	0.128295030154467
36.51	-6.2637	-0.54518	-0.380983202550245
35.745	-6.4161	-0.72233	1.17038635982094
28.187	-2.0153	0.64751	0.126333895531654
36.663	-8.0185	-1.3392	1.645
37.579	-7.1001	-2.0947	-0.912742540374424
30.382	1.5907	-0.49021	-0.351898606645543
38.056	-6.0844	-2.1369	0.0682891525326246
38.276	-3.9029	-2.2387	1.17294130713322
36.993	-4.0546	-1.8566	1.645
36.059	-5.4499	-1.2052	1.0237041430593
37.034	-2.7736	-2.7544	-0.487427887733169
36.998	-6.6701	-0.68066	0.831811393303226
36.732	-7.2218	-0.73825	-0.523311991287728
37.574	-2.8168	-1.8882	1.1038137939257
38.09	-4.6696	-3.7878	0.704623077570761
32.922	-10.36	-3.0592	0.539491845626142
35.984	-1.9774	-4.2136	0.421554918368564
36.989	-2.1522	-4.4694	1.645
35.219	-2.1202	-1.3575	0.144987980048792
36.16	-6.4134	-0.87063	1.645
33.892	-0.68384	-5.8885	1.645
36.626	-5.7911	-1.2278	-0.47182215902909
32.942	-10.187	-3.8424	1.37923604385192
38.43	-6.1105	-2.4777	1.645
37.393	-5.8686	-0.98026	0.0818835888035207
37.21	-7.0648	-0.9211	-0.780632797174595
35.464	-9.2253	-3.2972	-0.341612160039553
36.956	-3.2025	-4.4751	-0.382635565237694
36.432	-2.9785	-1.8557	-0.485884401069289
36.558	-3.477	-0.7264	-1.22157411093724
35.366	-1.8119	-5.5672	0.193766274430399
29.648	-0.84476	0.71673	-0.151072052687656
37.13	-6.6506	-0.87502	-0.93879008454369
28.133	-11.456	-3.6026	-0.793193528595316
36.863	-4.6665	-0.57369	-0.436260253115089
36.942	-6.4637	-0.66239	-0.743486715622348
35.467	-1.2018	-5.1814	-0.105064495063982
35.261	-1.5128	-5.0484	-0.493965456958469
36.488	-6.1858	-3.8549	-0.354324670825211
30.396	1.5929	-2.7118	0.447620047113631
36.284	-1.8405	-5.0251	-0.797930819826815
38.36	-5.3256	-2.9136	-0.71762818683412
36.381	-6.3235	-0.97449	-0.707849345883356
36.378	-8.7082	-2.2334	-0.489045419781636
37.246	-2.3567	-4.2847	-0.913899023898375
29.945	-1.3699	-6.7296	0.556901624520143
27.032	-11.414	-3.9168	0.274957706813019
37.493	-3.1652	-4.0554	-0.322291540585122
37.23	-3.1353	-2.1204	0.212446642242158
37.412	-4.5111	-2.4789	-0.440621407200829
37.4	-6.6576	-3.761	-1.32732168100663
35.233	-1.7225	-5.4094	1.645
24.495	-0.80438	1.506	-0.626946261672953
28.11	-1.8263	0.47221	1.30071255078562
33.073	-10.383	-3.0347	-0.455330119958062
35.629	-9.285	-3.1762	-0.101620128380919
37.964	-6.7002	-1.5893	-1.05278704471946
35.623	-7.3392	-1.1323	-0.816811092532669
28.861	-2.2487	0.5869	-0.195076810493732
33.298	0.35184	-3.695	-0.46202901267704
36.889	-6.3605	-0.64418	1.645
27.767	2.2237	-0.43318	-0.0816953996325077
31.827	0.24387	-1.1057	0.299562778014112
36.997	-2.8596	-4.6194	0.708420490226781
38.086	-4.8205	-3.8928	-0.570134466206844
28.796	2.6423	-1.0447	1.08600553489514
36.426	-7.9875	-4.213	-0.055375633842379
37.131	-4.5617	-0.87893	-1.19282577601549
34.841	-1.1825	-5.6789	1.01980503790225
36.537	-6.8783	-1.0337	-0.38079423891148
37.034	-3.681	-5.0419	1.645
33.459	-6.2113	-5.0877	-0.437425647665737
37.016	-2.6871	-3.6991	1.645
34.273	-0.69818	-5.6839	0.771314222413412
34.806	-6.9562	-0.62806	0.101682985444019
29.035	1.6447	-0.066406	-0.62604627395335
35.83	-8.0329	-0.94709	-0.313214060160065
36.195	-3.0407	-2.149	1.645
36.699	-4.6467	0.089536	1.645
36.996	-7.5551	-2.6668	1.645
37.469	-3.1858	-2.9957	-1.28087992226697
28.764	-0.51537	-6.6424	-0.864700084370443
35.754	-8.7903	-3.0805	1.3355328961549
34.196	-9.5363	-3.2052	-0.464450255122966
28.639	-1.7463	0.11451	1.46246149543386
27.184	-1.4529	0.40133	-0.577305270164968
37.26	-1.8777	-3.7953	1.24209556679158
24.401	-1.0807	0.94528	-0.425688606537646
22.994	0.17768	1.5887	-0.440829407810903
28.23	-0.50422	-6.5389	-0.596321799226567
37.38	-3.0814	-1.6637	1.54271472990639
37.195	-6.8729	-0.94274	1.645
28.368	-0.59665	-6.7559	-1.0467677784221
29.504	-10.993	-3.853	-0.58027493345302
38.35	-4.2938	-3.138	-1.16179544748862
35.563	-2.7773	-0.24283	-1.36139793266332
35.689	-6.7757	-2.8578	0.603425709238906
27.258	0.22043	-6.3336	-0.732291091091441
29.359	-1.6151	0.50232	1.20602332835939
37.033	-2.5461	-1.0928	-0.372866665127449
37.295	-4.7406	-4.9434	-1.0070029815097
36.883	-3.2841	-4.7561	0.044834046743855
29.704	-11.031	-4.1478	1.645
37.872	-6.6212	-3.506	-1.06492977471254
34.079	-9.9018	-3.0968	-0.201616095230048
36.741	-6.2321	-0.25214	-0.999168066347578
34.398	-1.8175	-6.1834	-0.389100542824512
33.57	-8.7984	-2.8098	0.956193593746068
36.1	-5.7452	-0.9397	-0.487992309135271
36.508	-6.9874	-0.76697	1.645
28.874	-11.12	-4.0281	0.240591017149948
33.453	-9.9212	-3.2833	1.09130132989043
37.29	-3.1505	-4.2486	-0.49967960745714
35.951	-1.7764	-5.2628	1.27262935047843
36.231	-6.2373	-5.1256	-0.890831736387103
37.899	-7.3266	-2.9614	1.11901857485735
30.378	-9.9318	-4.0164	0.943201145682502
37.766	-3.2181	-1.9562	-0.189991409723802
35.209	-2.4738	-5.3197	1.645
37.674	-6.0117	-3.9316	0.785050958637941
37.729	-4.9993	-4.3855	-0.966512639706637
37.832	-5.746	-1.2789	1.645
35.563	-0.78294	-4.4159	-0.653285000728986
37.919	-4.1884	-3.3612	-0.280584414180768
20.626	-11.99	-3.1838	1.10300307430964
38.042	-4.4673	-2.5642	-0.386727388907852
37.444	-6.7964	-3.6172	-0.565236683940171
36.008	-4.144	0.37998	-0.421562157626925
36.115	-6.9508	-0.31193	0.962846988563608
36.923	-2.6406	-4.693	-0.760464964926213
36.038	-5.389	-5.311	0.0388277202994197
36.121	-2.9466	-5.1363	-1.08314983677712
35.676	-1.5634	-5.343	1.645
22.195	-0.52443	1.9394	-0.20284417352948
36.206	-7.2978	-1.6692	-0.741885977739443
36.38	-3.1166	-4.3906	-0.251769240772328
37.305	-7.1596	-1.4898	0.204362521394905
38.366	-5.4234	-2.4492	-1.40383525730258
36.16	-6.2388	-4.6065	1.645
34.45	-9.2067	-3.1109	1.645
34.051	-7.057	-4.9855	-0.348628918923964
36.301	-1.469	-4.8456	1.21844681835199
36.928	-3.1836	-4.6119	-0.127089932174806
37.268	-4.9914	-0.25184	-1.03557786767313
35.967	-2.729	-0.69909	-0.293152335636683
36.875	-2.9204	-4.2667	0.172077437406407
37.838	-3.7151	-3.567	-0.300313256895196
36.099	-2.2894	-4.5739	-0.332672315332923
24.178	-11.704	-3.6301	-0.294052556079465
33.448	-0.77411	0.15523	0.364201053404335
36.144	-2.2189	-1.1147	-0.707383792523499
35.866	-3.3966	-1.9231	1.15233710137387
34.658	-0.62976	-5.3143	-0.441150905615151
33.353	-0.15211	-5.6436	-0.10537463823047
35.071	-9.1648	-1.7033	-0.448565060734776
29.6	1.593	-1.8446	-0.68104754857296
31.882	0.099737	0.85538	-0.844849843875785
36.037	-8.4397	-2.6454	-0.555990315571764
36.879	-7.3031	-1.1171	0.48443380926063
36.765	-2.6537	-0.90358	-0.651429020593209
36.577	-3.213	-5.146	0.537900425280316
38.637	-6.5948	-1.8103	-0.674209742835352
36.194	-6.8002	-1.6144	-0.545160085953138
35.748	-1.2876	-4.9432	-1.18594108412697
35.769	-6.9619	-0.47515	-0.670316027235613
36.291	-3.2826	-5.4975	-0.99622483209074
35.675	-7.1694	-0.86933	-0.563922770754302
24.997	-0.66669	1.1359	-0.182008976782619
36.04	-7.8278	-3.3901	-1.00144155568817
36.113	-7.5229	-1.1566	-0.712234086182666
31.208	-10.341	-3.9103	0.273469168553656
36.613	-7.0288	-0.34779	-1.07775840979381
37.065	-7.2034	-1.1197	0.284639388593279
36.329	-1.779	-4.8389	-0.818250709708976
36.903	-6.0825	-1.1782	-0.197003961999007
31.516	-1.6663	-1.0651	-0.0988028522498797
27.673	-11.413	-4.0307	1.31649379840217
31.616	-10.133	-3.0478	0.920564283662189
36.103	-2.9353	-0.50444	1.645
33.401	-1.0653	-5.7202	-0.661324904815249
36.304	-3.0943	-4.7781	-0.530100326023842
30.923	-10.273	-3.951	1.645
35.131	-7.9391	-1.5386	-0.554810262553478
34.05	-7.3166	-5.0561	-0.451270561109616
36.102	-3.0749	-5.1304	-0.308822042258065
37.105	-2.5589	-3.5756	-0.335728328471939
29.6	-10.915	-3.8914	0.0517205705482299
36.421	-8.4179	-2.0881	1.21585983307626
23.685	-0.6064	0.95115	-0.361926655558153
20.617	-0.3175	1.6639	1.645
36.331	-7.1059	-0.41523	-0.52137140917382
32.07	1.4293	-2.3833	0.357526532771069
38.175	-6.4615	-2.3743	-0.669311077143502
36.681	-7.6883	-1.3233	0.361838230163085
28.415	-1.9853	0.6287	0.61998130839165
34.547	-9.2514	-3.6529	-0.939966510447852
38.242	-5.918	-2.1091	-0.314668091746267
27.399	1.8644	0.060854	-0.469939334041598
35.22	-1.6653	-1.0212	0.658443095254597
34.808	-9.1052	-3.57	-0.318908979979921
37.028	-3.37	-4.176	0.527288514137853
32.564	-8.7826	-4.3392	-0.574882278667881
36.584	-6.9242	-0.77023	-1.37521777967902
29.81	-10.35	-3.8864	1.645
37.768	-2.7583	-2.6984	-1.03888690038338
37.08	-2.6979	-1.4846	-0.845772832317973
36.98	-3.2319	-1.217	-0.0733224289619312
38.155	-4.6891	-2.4946	-0.741504064815706
36.19	-1.7172	-3.5639	1.59427540149375
31.902	-10.188	-3.1425	-0.309536072398928
35.171	-6.1369	-1.2886	-0.540051724583232
33.506	-8.587	-3.743	-0.826446164027912
32.044	-10.644	-3.7583	0.765721218705777
27.563	-1.7829	0.9933	1.645
38.137	-5.8416	-1.5113	-0.810781970362698
27.088	0.10397	-6.6888	-0.409499624157306
36.514	-8.5327	-2.2652	0.559947212690737
33.04	0.80558	-4.2231	-0.069491018178164
36.345	-2.7504	-1.3676	-0.919847291323217
37.264	-6.7331	-1.3042	0.346223338249572
36.437	-3.6993	-4.3082	-0.556263994606668
37.076	-2.1343	-2.4981	-0.452970587607171
34.095	-9.7839	-3.228	-0.713599467992962
37.809	-6.3381	-1.42	-0.925276405042749
35.502	-5.9782	-1.6541	-0.393879682738595
36.996	-7.5969	-1.0678	0.870304345868864
36.721	-7.1728	-1.6014	-0.766807253318499
34.134	-10.156	-2.7773	-0.268810983752679
31.478	0.98321	-0.87069	-0.67370612054447
35.376	-7.6203	-0.86273	-0.560237546653162
36.968	-3.0594	-1.5917	-0.708768271000801
36.769	-3.844	-5.1959	-0.697281559887545
36.282	-1.236	-3.9953	-0.608030825838233
36.301	-7.5684	-2.2311	0.532460292784521
37.244	-6.5933	-1.2809	1.645
36.022	-6.828	-0.57731	-0.561879591157008
36.946	-7.765	-1.2246	-1.15257854765507
36.234	-7.6629	-0.97961	-0.358723945954461
32.498	-1.6331	0.075498	-0.666450873656587
35.608	-8.7425	-3.6319	-0.65728825657116
37.112	-7.4161	-1.9881	-1.01321189821302
37.902	-5.9908	-2.0936	0.208232926734099
34.45	-0.82641	-5.3395	-0.586247313827744
29.467	-10.775	-3.9691	-0.795999224521899
34.81	-1.815	-0.71735	1.645
35.342	-0.84757	-4.9727	1.645
37.523	-5.7548	-4.5898	0.025862945613097
37.55	-2.3992	-4.0514	-0.752830596933066
22.216	-0.28528	1.8218	-0.465864064014317
33.037	0.75239	-2.4438	0.592197593765013
34.659	-0.55942	-4.4261	-0.560339815756189
35.94	-8.616	-2.4003	-1.09960788007077
36.503	-3.0435	-4.7703	-0.282612436224735
36.001	-6.2461	-0.9769	-0.833855618699444
37.127	-7.6054	-3.972	0.355208524384047
35.617	-3.9137	0.42156	-1.26191243859212
32.677	-8.7274	-4.1685	-0.625679329917606
25.658	-11.743	-4.0632	-0.613985745141828
37.664	-3.9756	-1.3644	-0.162107102419744
35.801	-6.039	-0.10692	1.645
37.484	-2.9589	-2.2054	1.20385238024126
35.914	-2.1429	-5.1293	-0.0127976698950998
35.141	-7.3093	-1.8385	-0.856211283809509
24.502	-11.889	-4.0808	1.645
37.241	-3.7254	-1.2785	-0.941793286366683
37.439	-7.1052	-1.3532	0.0159879117599271
36.311	-6.2684	-0.71261	-0.589365674987614
38.305	-4.7921	-2.3396	-0.587238989027818
14.631	-11.506	-3.6427	0.607442434199283
33.832	-8.7472	-3.3011	1.26495072680689
37.836	-4.3579	-3.3202	-0.750507339395837
35.158	-7.4175	-0.57039	-0.63307599832899
33.092	-2.3509	-0.10809	-0.674888843107648
35.969	-7.2747	-0.90899	1.645
36.03	-6.7396	-2.2656	-0.249587375551592
37.652	-4.4151	-4.0434	-1.31887181752003
37.236	-5.8353	-2.0778	1.06643913513831
37.001	-1.8216	-3.9956	1.58869844724654
36.436	-7.5013	-0.96146	-0.824520095823658
36.367	-7.0131	-1.7098	-0.04084831666533
37.53	-4.251	-3.1865	0.0485837260040784
25.277	-1.3055	1.488	-0.72866660642846
28.704	-1.2358	0.73461	-0.591462363822757
35.607	-1.8209	-5.5017	-0.94002376477341
33.099	0.055081	-5.2592	-0.571523781693454
37.573	-3.3045	-2.1576	-0.795271058572283
30.039	-10.6	-3.9322	1.645
36.791	-7.3313	-1.4707	1.52758900852712
37.657	-5.2865	-0.77623	0.056279067665788
37.672	-6.7785	-0.78609	-0.467065666247245
37.269	-6.4643	-1.3187	0.568753091458307
35.97	-1.7404	-1.3486	0.319564145483746
36.324	-7.7981	-3.4379	0.163722472421757
36.359	-7.4549	-1.0004	-1.0990257559318
25.356	-12.145	-2.9767	-0.854927572729969
25.703	0.22142	-6.7138	1.645
34.409	-9.3628	-3.4874	0.528102246663757
37.07	-3.5895	-4.5398	-0.582032344397287
27.664	-10.9	-3.9195	1.645
36.309	-1.0166	-2.6914	-0.292828216498803
33.331	-10.091	-3.2853	-1.43597040233772
33.383	-10.034	-3.4276	-0.468194987818172
36.415	-3.3798	-0.64911	-0.371651555129004
36.969	-6.9389	-2.1567	-0.425560418968752
36.944	-6.5048	0.15745	-0.0423933345779906
37.262	-7.6743	-2.5575	-1.13338089750334
29.947	-10.855	-3.69	-0.739947694252749
36.78	-7.3321	-1.024	-0.891718317311573
35.221	-8.5458	-1.1697	1.645
27.619	-11.723	-3.0238	1.645
36.922	-6.114	-0.78434	-0.32905809627574
36.904	-2.4271	-4.0264	1.28571147176513
36.034	-7.4432	-0.97491	-0.620559652107168
37.377	-6.8635	-1.8859	-0.236959897876515
16.859	-12.177	-3.2421	-0.211242603407637
36.425	-0.63911	-3.5397	-1.12510497890442
34.005	-0.32428	-5.4688	-0.522158134140814
35.375	-5.2242	-0.81239	-0.980561474129252
29.461	-1.419	0.7187	-0.217002450150358
35.818	-1.2328	-4.9674	-0.719467789105567
37.163	-4.0055	-1.8496	-1.32619809950205
37.081	-2.2684	-3.7777	-0.767458402915065
36.934	-7.1197	-1.3898	-0.848664954126552
37.007	-3.2381	-4.6457	-0.733565798764512
33.454	-0.75361	-5.856	-0.482556663510274
36.261	-5.9674	-0.39885	1.645
33.741	-1.9733	-5.4226	1.645
28.402	1.6858	-0.84161	-0.808394972283365
36.04	-6.7814	-0.20054	-1.42817975897855
36.67	-6.0862	-0.60603	-0.973879232574033
37.3	-4.165	-1.6175	0.718845638993566
33.871	-0.68123	-5.6772	1.645
28.036	-0.32208	-6.6729	-1.12347659929744
35.549	-6.4596	-0.15332	0.0865270003223398
36.865	-7.6925	-1.6333	0.207799475416296
34.816	-1.9829	-0.24815	-0.619410202176665
34.583	-9.2741	-3.2361	1.645
35.615	-2.2489	-4.7724	-0.87694982333727
29.893	-1.3723	-6.5831	-1.16938360461478
31.148	1.1191	-1.7657	-0.39026916024121
26.475	2.8001	-0.13414	-0.753432911655708
36.112	-7.3194	-0.71772	-0.660259600402402
34.624	-9.1756	-3.8766	-1.03793151266451
36.04	-8.1498	-3.5092	0.136249347011306
32.506	-10.224	-2.3987	0.570781129446895
38.329	-4.7319	-3.6869	1.58003679242726
34.46	-9.1908	-4.2253	0.346407526794956
38.11	-4.4154	-1.7878	-1.01004124034488
27.763	-0.19828	-6.7383	0.66511078404402
27.025	-1.1452	0.8769	-0.285709352709599
27.955	2.3396	-0.87238	-0.513038218552204
37.988	-3.183	-3.7179	-0.705764123979978
35.769	-1.0613	-4.7791	-0.155009625156773
37.103	-6.8195	-0.88503	0.683644628303163
37.496	-3.2443	-4.1554	1.26487658324397
24.282	-11.844	-3.4144	0.391676986221367
37.029	-4.7412	-3.0954	-0.559233779580675
25.215	3.2448	-0.1568	1.645
36.13	-2.8164	-5.1146	-0.623925458315293
27.474	-0.29098	-6.7196	1.645
35.22	-2.8647	-5.4605	-0.627782531781197
37.522	-6.8014	-1.605	-0.38229329609136
35.586	-6.7863	-0.30952	-0.252222322459372
35.681	-7.0142	0.034118	-0.687053330406238
24.003	0.13853	1.4663	-0.494661363993703
37.038	-4.3294	-1.0892	-0.676455489907101
22.571	-0.57713	1.5151	-0.704356757866883
35.927	-7.6408	-0.39627	-0.457487893010295
24.761	3.1961	0.59405	1.645
28.812	1.5111	-0.18542	0.84398819358453
38.241	-4.5629	-4.0563	1.645
33.099	0.48603	-1.4884	0.763418407962231
25.808	2.4843	0.20229	-0.831312260155718
35.822	-6.391	-2.1782	-0.543649072869983
36.986	-3.4192	-4.8641	-0.126880891100766
35.311	-1.2939	-5.3454	-1.04716089214637
37.58	-5.6603	-2.0723	1.645
24.414	-12.142	-3.2013	1.61028121200407
34.205	-9.6351	-2.6179	-0.266674747932715
33.853	-7.9412	-4.2012	-0.480533347140362
38.275	-5.2304	-2.3682	-0.955852273327035
38.095	-4.4114	-3.0289	-0.239058185317976
37.925	-7.2268	-2.1791	1.11930436766844
37.929	-6.679	-1.6821	0.731392929185197
36.482	-1.3979	-3.6565	-0.345069741606081
36.277	-7.249	-0.71106	0.490492522830566
22.98	3.3486	0.063496	-0.436186057032107
36.966	-5.8746	-2.2644	-0.75773955955829
35.028	-7.1752	-0.66195	-0.526493355917623
36.528	-6.7207	-0.3798	-0.211623093970841
37.216	-7.7869	-1.3901	-0.400120724466362
32.301	0.83282	-1.4899	1.52576516012749
37.352	-7.3788	-1.6396	0.71280414764849
36.733	-2.908	-4.739	-0.374834781517372
37.162	-5.5491	-4.7764	0.136938743726883
35.264	-7.1588	-0.50919	-0.839928684442346
38.006	-4.5622	-1.6132	-0.817267122680046
35.692	-8.8069	-1.7571	1.645
35.328	-8.9384	-1.7754	1.45318323148473
32.99	-8.9546	-0.21807	-0.291167028121529
35.879	-1.4706	-5.0897	-0.250307547599345
35.927	-2.6184	-5.194	-1.0299375214162
36.304	-5.6636	-0.46282	-0.601889534653448
36.854	-3.5895	-4.6313	1.645
37.401	-2.788	-4.0256	1.03986850216392
37.293	-2.0806	-4.0461	-0.30532179364311
30.026	1.6761	-1.1057	0.595636471717107
37.393	-3.4946	-4.3244	0.284547172017599
36.926	-6.1455	-1.226	-0.491817767019001
36.454	-6.533	0.32032	-0.479966285025588
22.106	0.18732	1.8667	-0.482650279768713
37.858	-5.3791	-3.9756	-0.879211191338766
25.063	2.6942	0.50611	-0.689765236838445
28.257	-0.68969	-6.8239	1.11825703575053
34.929	-9.3154	-3.3453	1.11798990635751
35.212	-2.5121	-5.7232	1.48529471887164
33.537	-8.6364	-4.1537	-0.602030178762316
35.184	-9.2901	-3.1965	-0.445924075327783
37.265	-6.8089	-1.3866	-0.721045834925333
33.647	-9.5361	-2.9473	-0.656695014652831
28.865	1.751	-0.48839	-0.451060174951947
37.974	-3.6555	-3.1281	-0.660164003124282
35.852	-6.3953	-0.66102	-0.587045602688981
36.861	-1.5517	-4.234	-1.30110935487367
33.758	0.38343	-3.2386	-0.588502834662634
28.845	-0.3391	-6.3215	-0.46069018643681
30.852	1.7849	-1.8279	0.772513090464341
37.788	-4.174	-1.7582	0.511371349902842
36.713	-2.7918	-3.6785	0.247054065761607
34.091	-7.9047	-4.067	-0.979668941987504
34.237	-8.2289	-3.8283	0.619974726565325
37.835	-4.0336	-3.727	-0.334547139976641
35.936	-1.5523	-5.1143	-0.6424647727098
35.599	-6.05	-5.0311	0.580453654380558
38.228	-5.9979	-2.4075	0.658270964394573
37.326	-5.6839	-4.4112	-1.00767901313995
35.901	-7.5783	-1.5121	-1.19091850394846
37.299	-4.6356	-4.2258	-0.760207802033302
36.904	-6.9214	-1.6942	-1.07820431398356
36.107	-8.3833	-3.8955	-0.167252031581049
35.477	-1.5291	-5.0441	-0.122722737305422
36.796	-7.0838	-1.2456	-1.645
32.785	0.6827	-1.7577	0.0455463973587942
36.623	-2.2417	-4.4946	1.01232340331733
34.494	-0.21675	-1.9609	-1.14819627749587
33.998	-7.9864	-0.16569	-0.52468152788966
31.151	-10.386	-3.707	-1.2693494882676
27.506	2.6504	-0.70193	-0.825111601665267
37.018	-2.1404	-3.4635	1.645
26.259	-0.18253	-7.0548	-0.425101981979516
35.576	-2.7145	-1.1661	-0.550340054246443
37.883	-3.842	-3.38	-1.12212813749115
35.12	-1.2742	-2.8903	-0.634903600284691
28.91	-10.416	-4.3339	-0.220766184496075
35.763	-0.51963	-3.4807	1.645
24.068	-11.949	-3.7635	-0.450037087871128
36.491	-1.3732	-4.2775	-1.05374026160189
37.642	-6.2693	-1.2363	0.563630369321388
37.707	-3.9647	-4.055	1.645
36.955	-6.6936	-0.62468	1.06262441294113
37.46	-4.4038	-1.0835	-1.03567286764962
37.488	-6.6095	-1.1444	-1.20227263152197
34.344	-1.2254	-5.6987	0.141645323657582
35.769	-1.7993	-5.2612	-0.616709051877281
34.952	-6.4194	-5.1862	-0.258516651871529
36.438	-5.6209	-1.0791	-0.698967796208833
34.469	-3.1586	0.16337	-0.792576948861993
20.474	-12.495	-3.206	1.20137767726727
33.919	-7.0507	-5.0645	-0.54708218962926
35.769	-1.1302	-4.9338	-0.0554210825757009
30.906	-10.083	-3.4443	1.645
26.906	2.3831	-0.26394	-0.739408569841404
37.485	-7.2194	-1.5734	-1.01694313520868
36.582	-3.2051	-5.0006	-1.10128767182468
36.807	-2.7145	-1.7884	1.645
36.767	-7.3284	-1.2693	0.544311774162188
37.167	-6.6659	-1.13	0.75658475369785
35.139	-7.3104	-0.6746	-0.766948423728611
27.536	2.4938	-0.31686	0.36160247377557
24.667	-11.97	-3.4268	-0.336991991828011
35.983	-6.7157	-0.25748	-0.110872397807255
36.163	-7.092	-0.771	-0.667984562718453
35.948	-1.8128	-5.129	-0.444287723520879
34.17	-1.3725	0.13005	-0.74839600981364
37.547	-3.1049	-3.4645	-0.9356495788019
34.186	-2.9176	0.81454	0.531429056480709
34.026	-9.7903	-3.2879	-0.176057514404668
34.271	-9.6149	-3.6763	-0.676939863193529
27.83	-11.511	-3.6894	0.609435525601418
35.881	-1.4853	-5.1216	-1.36167297453064
37.948	-6.3604	-1.6608	0.383724269965257
33.378	-9.128	-3.986	1.645
37.088	-2.7651	-4.3048	-0.979880401089249
36.786	-8.3038	-2.0017	-0.401474921560866
36.534	-2.8847	-3.859	-0.374149657135586
36.67	-6.252	-0.26205	-0.609682993912534
34.415	-6.8325	0.075148	-0.614428883611557
32.649	-1.5728	0.16861	1.59107120724216
36.836	-2.003	-4.5542	0.445815531791782
35.408	-1.3801	-5.2085	0.879515385612703
37.494	-5.8069	-1.0089	0.419521522403391
37.343	-6.62	-3.3463	-0.53048388866264
25.232	-11.836	-3.4376	-0.0186844601303115
35.883	-6.8386	-4.8344	1.645
37.737	-6.611	-1.2513	0.440738982074617
34.246	-1.9271	-6.1455	0.0982829271155798
36.366	-7.7739	-1.273	0.228869882557809
27.802	-0.52154	-6.6001	-0.5948903076447
37.568	-3.1113	-4.1591	-0.0168314760145693
35.298	-7.0473	-0.77197	-0.887477900290645
36.872	-6.6326	-0.5159	-0.411702924669018
35.992	-6.343	-0.027214	-0.535672301715108
36.187	-7.133	-0.64214	-0.0325514368579708
29.629	-10.882	-3.5421	1.16732214732082
36.66	-6.6386	-0.37036	-1.06538425706173
35.249	-6.5454	-5.549	-0.718724802624538
36.513	-7.4862	-2.793	0.639681070236533
35.013	-1.0942	-0.74452	-1.21259710353864
35.983	-8.1255	-2.4158	0.707954894722156
34.572	-0.91389	-5.3163	-0.63286637404345
37.905	-5.2701	-3.6581	0.863973856463337
37.16	-6.6232	-0.7396	0.863340453263012
27.558	-11.495	-3.2371	-0.166989650713563
21.132	-1.0722	1.3773	0.883999199243321
38.583	-5.346	-2.3082	-1.57716457063399
27.877	-10.224	-4.2064	-0.553488710217546
36.044	-8.7182	-2.4083	-0.27491343113127
30.178	1.4558	-0.55411	-1.17686228304739
30.384	-1.1125	-6.3906	-0.425873168992471
36.394	-6.1789	-1.2919	-0.746023720208316
35.592	-6.7005	-0.93449	0.195589951826968
35.868	-5.9551	-0.76246	-0.554809725521514
35.169	-9.4052	-2.0994	1.04722870614129
37.885	-6.1483	-4.0581	-0.192687361984257
29.53	-11.489	-3.1516	1.25151617666191
24.148	-11.976	-3.5319	-0.788183737671096
36.674	-2.2954	-4.338	-1.16969763271657
24.603	3.0977	0.72789	0.230068866842427
34.549	-0.84299	-5.6394	1.43626767013723
35.014	-8.2377	-0.58041	-0.714994303185356
33.954	-0.85081	-5.874	1.22074237325987
38.079	-6.2421	-1.3115	0.59967414687251
23.052	-12.064	-3.317	0.222926976966914
35.835	-5.3318	-5.5868	-0.704264775950607
37.961	-4.5137	-3.6152	-0.944605370436384
26.728	-2.4993	0.37058	-0.347985753244846
35.082	-1.3413	-5.5522	-0.471089069067279
36.133	-7.4211	-1.9201	-0.786245211290281
37.379	-3.6702	-0.92475	-0.419284577260598
29.076	-11.036	-4.0158	1.645
33.643	-1.3637	-2.5897	0.15616039175195
36.37	-2.9592	-4.9675	-0.47895662296785
36.003	-7.4847	-0.98669	-0.563459858419209
21.749	-12.082	-3.1072	0.406268701296543
36.939	-3.7073	-4.6069	-0.732436861367391
30.771	-10.607	-3.8479	1.34053121413615
37.609	-6.1563	-1.2378	-0.504245340472481
35.653	-8.8056	-2.0148	0.441329054216622
36.446	-6.3734	-4.8093	0.82893249558013
36.735	-2.0513	-4.5974	-0.863669514411355
37.079	-6.2808	-0.77346	1.1739900218106
35.733	-1.9219	-0.14499	-0.737409889970363
36.655	-3.0677	-4.4207	1.645
35.765	-2.3939	-5.2168	-0.400911558491461
37.488	-4.8809	-1.9614	-0.341515667448609
37.301	-2.9975	-4.1287	-0.745200157848517
27.841	-0.46924	-6.7153	-0.939759900043788
37.684	-3.9188	-3.9944	-0.463164554100496
35.861	-2.605	-5.277	-0.759335629973695
37.128	-7.3771	-0.91807	-0.701703383734208
37.897	-4.8967	-1.5729	-0.533908402111772
37.36	-1.9229	-3.4248	-0.337450768231161
35.159	-8.7272	-4.1003	0.660393140298739
36.229	-7.0194	-0.57746	1.645
38.411	-5.9434	-2.5654	0.0749232688221218
26.252	2.4373	0.2568	0.0785095010543336
37.298	-6.2867	-4.72	1.645
32.325	-6.7771	-5.2843	-0.643096659972881
34.348	-1.5875	-5.124	-0.464299674238174
30.447	1.4981	0.012136	-0.334436743906003
37.161	-2.9571	-4.3767	-0.367847829370605
37.14	-3.0531	-2.5682	-0.664153238003917
36.478	-7.1979	-2.0881	1.645
36.362	-7.0014	-1.1047	0.667507159416576
31.882	-0.57295	-5.8092	-0.130190234041473
35.726	-3.108	-0.29894	-0.880213916376242
33.996	-0.50546	-3.2843	-0.501710807273279
36.601	-3.3263	-0.83788	1.645
37.356	-5.2576	-1.0494	0.417005413682623
33.177	-9.7487	-2.9992	0.0559465420261778
35.866	-8.262	-4.0059	-0.657494138562502
28.05	2.1178	-0.84351	0.00822424081805376
33.493	-0.10664	-5.5756	-0.946695886387744
34.803	-1.1978	-5.5854	-0.848793521480913
32.761	-10.279	-3.5803	0.331834340926144
30.909	-10.532	-3.6165	0.926708733761201
32.159	-10.433	-3.0039	0.264794815185162
35.802	-9.2502	-3.1529	-0.406974731388269
26.632	-11.363	-3.9523	-0.15393375902128
36.332	-6.6978	-0.47076	-0.288367369580576
36.697	-2.4607	-4.6981	-1.12955731734534
33.349	-0.35116	-2.0425	-1.11605368622926
33.688	-2.6749	1.0381	-0.922780781704932
36.12	-6.4143	-1.0835	-0.981814033936383
37.434	-4.6484	-2.4277	-0.787792326432447
36.318	-6.8931	-3.2431	1.36398292929238
35.958	-2.3821	-5.0615	-0.660791539481904
34.952	-1.4921	-5.7799	1.18263932115169
35.527	-1.6899	-5.4983	1.645
30.903	0.73487	-0.78254	-0.817827338868029
33.145	0.72644	-3.0346	-0.37347580954667
36.27	-3.1772	-4.7845	-0.670104257259054
34.234	-9.0501	-4.1876	-0.828455754218585
37.083	-6.3311	-0.76982	0.777956844009278
36.693	-6.5135	-1.0092	-1.04686188854666
26.936	-1.6129	1.3973	-0.0715284635156122
37.58	-4.0989	-3.3811	-1.03214039280358
35.257	-2.0901	-4.006	-1.11143607056686
37.675	-7.2641	-2.5191	0.0573693491380402
36.927	-6.6277	-0.54409	0.18762619597878
36.981	-6.59	-0.49138	-0.670983280884259
36.839	-2.8458	-4.6107	-0.374324813671802
26.959	-11.641	-3.4896	-0.309213171133261
37.241	-6.6798	-1.5083	-0.42391794781893
38.265	-6.0586	-2.7998	-0.369937460787918
32.924	-0.29634	0.38633	1.645
37.362	-2.3661	-4.0574	1.40194532567109
37.126	-1.7498	-4.0023	-0.122803785528513
36.451	-2.0925	-4.9467	-0.739463229987237
19.894	-12.408	-3.0023	-0.97794456600813
36.68	-3.1089	-0.80076	0.330361297340401
37.175	-3.326	-4.0231	-0.371604631426969
24.838	-11.328	-3.8629	0.10063052202559
33.449	-0.70302	-0.86649	0.32793559590879
24.476	-1.1701	0.93116	-0.114730554026812
37.795	-6.7263	-1.3088	-0.8937468377778
35.513	-9.1151	-3.2543	-0.262622175088866
37.393	-6.592	-1.4972	-0.942852361763061
37.022	-7.8526	-1.9066	-1.30201876601348
36.758	-6.2914	-0.49534	1.55877878148394
36.172	-0.92643	-4.2247	-0.836985819510692
36.334	-6.388	-0.29077	-0.205272132283935
21.515	-0.27706	1.74	-0.555141944596611
24.281	-0.95431	1.6062	0.14522882504648
33.449	-0.6842	-5.706	0.00818957175389188
37.785	-3.759	-1.4766	-0.541552517822719
33.624	-9.7678	-3.2114	-0.9145179671314
35.361	-7.6139	-0.68234	-0.594209189963037
35.233	-8.8871	-3.1131	-0.771374198061959
26.988	-0.92323	0.91876	-0.781116682861793
36.702	-4.5632	-0.72328	-0.553826568928063
38.197	-3.1683	-2.8039	0.617275978847267
30.162	1.0924	-0.59141	-0.846041997099908
22.13	-12.369	-2.9595	-0.242119584361282
28.452	-0.64826	-6.6807	0.128326620964972
28.401	-0.6673	-6.6758	0.0966440841191229
37.127	-6.706	-1.4274	-0.528287797188197
30.47	-9.6622	-4.3325	1.645
36.254	-2.536	-4.605	-0.5858172988845
36.272	-2.8487	-4.1937	-0.770603843224358
38.313	-5.8634	-3.2643	-0.736058823860548
37.254	-3.0555	-4.385	1.12970247623381
35.493	-9.2462	-3.3582	-0.173350236953493
36.427	-6.7942	-0.72939	-1.06893439712796
37.221	-6.2661	-0.70586	-1.22451574438605
36.853	-6.3522	-2.1496	-0.234373413448742
37.597	-4.7139	-4.268	-0.315649221731888
36.605	-7.0821	-2.621	-0.492702684032494
29.683	2.3099	-1.5653	-0.287458907898789
37.937	-4.7004	-4.0766	-0.666571326489664
33.103	-10.306	-3.7632	0.354258368893736
27.815	-0.57083	-6.707	0.599551694988376
37.946	-3.4073	-2.4633	-0.773533769230886
36.424	-7.281	-0.91605	-0.274208632484712
36.568	-6.7341	-0.43936	0.18639931884878
35.711	-7.1492	-0.48083	-0.137298926767992
36.083	-2.6015	-0.39972	-1.29255404191884
26.877	2.3493	0.26303	-0.449533346563383
37.469	-3.0494	-4.2007	-0.106327250203262
35.336	-1.5855	-5.3664	0.558596510547944
36.084	-6.9266	-1.1155	-0.893814714043271
37.663	-3.1052	-2.6371	-0.309843031590756
34.347	-0.98887	-5.2431	-0.35722106867079
37.221	-6.042	-1.2144	-0.747335982022071
29.42	-11.225	-3.3753	0.886436581641542
33.007	0.29962	-0.29684	-0.859351086747302
28.476	2.3052	-0.21928	-0.595874621791058
35.394	-6.7244	-4.8998	-0.52172876893919
36.459	-2.2777	-4.9212	-0.917674882583456
37.076	-4.767	-1.1442	-0.914017268181667
38.176	-5.8106	-2.8118	1.645
37.31	-7.5264	-2.6178	-0.509631613760449
35.541	-0.99494	-3.919	0.896702529622979
33.597	-0.56617	-5.3621	-1.00785170007296
26.47	-1.2093	0.66759	0.459937145223391
37.367	-3.737	-1.2535	0.465112346656382
36.918	-7.5758	-1.5006	0.565943097187818
35.954	-7.1988	-1.5628	-0.296705206800085
33.447	-0.099584	0.24688	-0.568697959891339
37.192	-7.2199	-0.97104	-0.731822535730532
35.052	-2.3438	-0.25459	-0.265862655355239
33.207	-10.28	-2.8261	0.770013541752907
33.652	-9.6058	-2.9365	1.24370383297153
25.345	2.9604	0.81839	1.645
34.865	-8.7229	-3.4379	-0.66609973258968
29.524	1.8227	-0.21233	-0.225924618261366
36.642	-7.6993	-2.0698	0.58405716132795
28.693	1.9418	-0.84665	1.32126068356032
29.709	-1.2098	-6.7267	1.50516167061095
37.756	-7.1614	-3.4233	0.484466016088975
37.645	-3.0373	-2.7639	1.21101684908583
35.665	-1.1446	-3.4708	-0.639965714277603
37.908	-5.4849	-2.8675	1.645
37.011	-5.9559	-0.4383	0.452853509761978
35.933	-6.8829	-0.44488	-0.770012099289261
38.182	-4.7359	-4.0348	1.645
32	-9.0904	-4.758	1.4657958436438
36.602	-7.2462	-0.74841	-0.156242392443073
36.426	-6.7145	-0.56541	-1.40605348429974
36.956	-7.4289	-1.0991	1.645
36.678	-7.6703	-1.4146	1.47101608868899
37.54	-3.8517	-4.3804	0.546272476669169
33.226	-8.1007	-3.0252	-0.593134741145846
34.169	-2.2291	-0.29475	-0.462397014955683
22.352	3.0673	1.2586	-0.0788909622831493
33.832	-9.4165	-3.2844	-0.522853278124547
36.361	-7.4636	-0.51885	-0.999049531314754
34.288	-1.2429	-5.9811	0.152558795690287
35.877	-8.4213	-3.4308	-0.838435732682211
37.14	-4.964	-4.1295	1.5853513264568
35.88	-8.2388	-4.4135	1.42067519032867
35.884	-6.3224	-0.51641	-0.542990850236505
36.013	-5.2962	-5.2194	-0.452699829975377
33.114	-0.44001	-5.9828	-0.0354981571299193
36.415	-2.8229	-5.3315	-0.187385065882507
35.222	-7.552	-0.12993	-0.988367063850178
35.878	-8.1252	-1.6888	-0.581243623224078
35.876	-2.8084	-4.9303	-0.598136563653154
30.092	-11.065	-3.1338	0.631611926344434
35.365	-1.0409	-4.4356	-0.471928914715073
35.868	-8.013	-3.1225	-0.265695302862735
36.947	-6.3535	-1.4057	0.326966975479895
25.296	-0.72466	1.6146	-0.534448055083241
29.457	-8.1844	-4.6495	1.645
36.432	-7.4201	-0.80639	-0.936492860496257
37.07	-2.1273	-3.4271	-0.376154313433103
36.718	-6.6751	-0.98773	1.645
35.647	-8.0758	-4.3618	-0.51640507481767
32.89	0.72047	-2.1587	-1.15087285501132
29.63	-0.92416	-6.7941	-0.491030668151875
29.878	1.9333	-3.6835	-0.490907001716957
32.829	-2.2829	-5.3286	-0.334253688642786
38.053	-4.9272	-3.8114	0.652720564157593
36.07	-7.6448	-1.1824	-0.789394907480244
29.139	-10.899	-4.2139	1.645
31.239	-10.563	-3.4322	0.284728386228294
28.656	-0.89458	-6.9293	-0.0648085188387906
27.931	-0.28496	-6.5634	-0.494518174259603
37.095	-3.2146	-1.7715	-1.38916520557427
35.771	-6.6465	-1.0204	1.56859680380524
34.084	-5.1555	-0.37926	-0.516803675572629
33.824	-9.9319	-3.7705	-0.817160148888522
38.211	-6.7695	-2.7243	-1.16680216811704
34.751	-2.076	-4.7894	-0.402440402597908
36.479	-2.3034	-4.7111	1.4073899307966
37.33	-2.1802	-2.9054	-0.694302487505725
36.21	-7.1793	-0.91817	-0.5879440819879
31.935	-9.6442	-3.1092	-0.829577963747875
27.447	-11.476	-3.9333	1.645
34.744	-7.6455	-4.2175	-0.527278167709525
33.751	-10.254	-2.9882	-0.246191385620045
36.91	-3.242	-1.1441	-0.618631025708457
33.204	0.41913	-3.6203	-0.3472627249195
36.058	-0.71232	-3.8443	0.971114637021802
35.304	-0.72865	-1.7241	-0.89250508082012
35.636	-9.2272	-3.3149	0.642246725316565
36.763	-2.5223	-2.4664	-0.180454079181818
36.281	-2.7152	-5.341	0.146971747744927
28.783	-1.1034	-6.5278	-0.573019888427282
29.473	-0.48085	-6.5681	1.18677049633604
38.1	-4.3733	-2.6288	-0.653146961246748
20.57	-11.951	-3.571	0.0141541757355479
31.82	-1.1205	-6.6025	-0.359517674967801
37.02	-3.3083	-1.0167	-1.07421750124771
33.884	-9.4559	-2.2002	-1.14082213727098
31.683	-1.2044	1.0754	-0.736775312239834
37.368	-6.4768	-2.9922	-0.178405335427521
38.105	-6.1144	-1.8308	-0.520409753306853
35.258	-5.3219	-5.4431	1.645
36.501	-6.4825	-0.69156	-0.383306698301881
34.467	-0.7789	-5.5486	-0.21002904711491
35.9	-7.2416	-0.67509	-0.28880972694803
38.277	-5.7043	-2.5148	-0.999224487713847
37.961	-6.4367	-2.1714	-0.147486770286272
38.124	-5.9004	-1.833	-0.654737396956369
28.06	-11.31	-4.1272	-0.707778600332916
37.422	-3.4628	-2.3274	0.0665895937495661
37.586	-5.8647	-1.1041	-0.194694474758243
36.258	-3.1272	-2.1291	0.111738182863314
25.93	-1.2025	0.87789	-0.950386989910212
36.241	-3.1487	-1.2023	0.795814763391284
36.897	-3.6054	-4.7352	0.855189634496569
32.196	-1.6907	0.61627	-0.0156902842520693
37.185	-5.435	-1.2468	-0.299361374486939
35.99	-2.0913	-5.2288	0.708239784317786
35.188	-7.5203	-0.50527	0.699565590972879
26.612	-11.577	-3.6266	-0.281215535482983
30.72	1.4517	-0.34053	-0.348182414584369
33.721	-9.813	-3.1666	-1.04142283112804
35.937	-7.7764	-1.2843	-0.48143331852811
37.136	-6.9179	-0.88602	-0.719864086321075
36.741	-6.3389	-1.159	0.749072444594293
12.655	-12.024	-3.1062	-0.159482253214992
36.223	-7.7271	-1.0545	1.31263946217815
33.373	-6.1595	-5.613	-0.644699399371477
27.416	-11.642	-3.608	0.057351367471007
26.628	-11.465	-3.5706	1.645
33.607	-1.7542	0.66326	-0.481204525319709
34.669	-0.46744	-3.1166	0.71464826580865
35.043	-1.2339	-5.4064	0.809126807228408
34.849	-9.695	-3.414	-0.00638501030326645
28.31	-11.059	-4.4058	0.968834338843342
36.851	-6.8	-1.1773	1.63413497771677
32.946	-10.118	-3.8613	1.645
31.074	0.26967	-6.3372	-0.356784616838948
37.505	-6.6685	-2.6847	-1.20820270010615
28.246	-11.364	-3.9274	-0.735873981654456
35.484	-8.9282	-1.9391	0.141523249588888
37.059	-7.1464	-0.47755	-1.15653959805915
37.283	-5.6156	0.019012	-0.896502054802313
37.137	-3.3898	-4.8805	-1.38400362398129
29.468	1.8323	-1.3242	-1.35547315352137
35.687	-2.4359	-5.3201	0.786634119115743
35.237	-0.69076	-4.8874	1.645
36.695	-8.3244	-3.4796	0.696534592613007
26.788	-1.3344	0.7076	-0.27978333867957
36.625	-3.1859	-5.035	-0.685718282755296
36.12	-6.8519	-0.23334	1.645
34.882	-7.8087	-4.7386	-0.952547365648982
36.57	-1.9504	-4.6956	-0.606483787693312
36.478	-7.7756	-0.57777	-0.79462377715679
37.664	-2.5775	-2.7475	-0.132971438094577
35.521	-7.0953	-0.81215	-0.0479119466050265
32.294	1.3388	-1.5872	0.401309135373702
35.201	-6.4466	-4.6978	1.645
35.997	-3.0534	-4.6892	1.03050951128815
36.307	-6.6518	-5.0565	1.645
35.965	-2.0548	-5.2201	0.0317050050588137
34.878	-7.421	-4.5206	1.645
37.101	-6.2474	-1.5272	-0.876322774863247
36.834	-7.6649	-2.6837	1.645
36.915	-7.9132	-1.4713	-1.55300520706456
36.496	-7.1131	-0.84695	-0.534437030077303
33.734	-9.5652	-3.4776	0.693598883765172
29.989	-1.4419	-6.6104	0.693209131829739
31.846	-3.3065	-0.63738	-0.152120998631727
36.328	-7.1272	-0.93379	-0.430358693709296
37.93	-4.6532	-1.5629	-1.50652487885193
36.935	-5.5179	-1.3782	-0.594972854480801
27.737	-11.284	-3.2202	-0.05180459440652
35.886	-6.8034	-0.66589	0.957024024347226
36.978	-1.6567	-1.9199	-0.523839073720748
28.89	2.0927	-0.92713	-0.789589468370379
36.488	-7.3251	-2.3262	-0.623880595449992
36.668	-5.7643	-0.36006	1.645
24.368	3.7988	0.25655	-0.435437123673938
33.845	-9.7813	-3.7695	1.21433417631951
36.023	-3.1128	-0.9772	-0.652061329685204
37.122	-3.4666	-4.8168	-0.486465887937151
36.902	-7.0363	-0.65284	-0.688606176607035
35.937	-7.577	-0.66075	-0.637235244807498
36.221	-7.3412	-4.4751	-0.574212842768972
38.028	-3.372	-3.8422	-0.562667504316831
33.023	-9.9253	-4.2566	-0.304801422511582
36.321	-3.9637	-0.27042	0.513188643687665
36.358	-0.97953	-2.8211	-0.458553213184235
34.858	-0.90232	-5.1763	-0.618099173523763
26.188	-1.2389	0.73822	-0.780245531774094
34.537	-0.89781	-0.21511	-0.156054661452389
37.491	-6.0219	-1.2997	0.199023216950171
36.187	-1.3059	-1.2429	0.498726661155682
34.078	-0.040589	-5.3448	-0.919062849616653
26.104	2.9775	0.38525	-0.804198828904682
36.946	-7.1431	-0.98937	-0.732594947418376
37.809	-4.4404	-2.6843	-0.10625539971996
34.351	-9.3416	-4.3517	1.15644140790755
35.599	-6.7579	-0.15719	-0.580702229911462
35.913	-2.1991	-5.1813	-1.15609679551057
32.857	-1.747	1.0811	-0.770033164977306
35.131	-9.2436	-3.3567	1.645
34.889	-7.5416	-4.5362	-0.909786302531375
37.487	-6.2291	-1.7669	-0.24036698993941
35.127	-8.9068	-3.2601	0.121640809836153
37.27	-6.4269	-1.0324	1.14873475711327
36.476	-7.382	-1.0621	-1.00489573970875
31.65	0.84958	-1.5053	1.2688392408124
36.296	-3.9297	-1.4904	-0.534017835725362
37.878	-4.0903	-2.2179	-0.478461579229636
32.896	-9.6574	-3.1526	-0.57020820127947
37.759	-5.8941	-2.4694	0.21904289895587
37.437	-6.1818	-4.1612	-0.740855546047592
35.546	-8.9878	-2.0374	-0.740408466875555
30.247	-10.532	-3.9948	1.53032443189602
37.404	-5.4861	-1.3972	-0.12234573685303
35.475	-6.9959	-0.76676	-0.0628830297784618
36.54	-2.6445	-3.9797	-1.08908657630444
37.97	-6.9158	-1.8538	0.897711453289951
26.345	-1.1055	0.5634	-0.759661580057668
36.316	-4.3292	-0.2157	-0.628404125784811
38.26	-5.4613	-2.6107	0.48810881827299
36.474	-2.0151	-4.8982	0.834935543521358
37.505	-3.3844	-3.665	-1.1607232426537
35.127	-9.5065	-3.6642	0.0536256133686492
37.648	-2.9954	-2.6871	-0.794671294610637
38.018	-4.0021	-3.4175	-0.768042008156258
24.626	2.8702	0.65734	-0.458798349439944
35.716	-8.4489	-2.1184	0.287744241336097
36.627	-2.2565	-4.6513	0.81992029398381
24.255	-1.0753	1.209	-0.52955201023167
36.885	-8.2585	-1.4113	-0.885310957533906
29.572	-9.596	-4.4341	0.131083955515218
18.772	-12.196	-3.1299	-0.53958451692538
32.801	-10.494	-2.9191	-0.196470355492147
37.819	-3.8939	-4.081	-0.201549199344532
31.845	1.0033	-1.1008	-0.868128990137126
36.433	-4.7672	-1.4114	-0.522583981495359
29.561	-2.1923	-0.92529	-0.646005451132039
37.267	-6.9481	-1.9059	-0.650663476605005
34.492	-7.3364	0.24994	-0.794251686411282
28.657	-0.49517	-6.6234	-0.707019858320625
35.159	-1.6508	-5.7185	-1.1292531183098
36.088	-6.6977	-0.52185	-0.81873345586457
32.883	-8.6579	-4.8132	-0.10385633277927
37.024	-5.0281	-5.0016	-0.0468134091796077
38.39	-4.8164	-3.1837	-0.765116233329726
32.963	-0.82231	0.13576	-0.492318072765843
36.261	-6.8152	-1.5389	-0.337618846114777
37.231	-3.9099	-4.7721	0.163925016348021
37.069	-7.3037	-1.1191	0.0775916564111411
22.905	-1.2773	1.3333	-0.565870149770434
26.795	-1.38	0.76789	0.272056052976665
36.825	-5.2081	-2.5948	-0.325587339749302
33.231	0.16905	-5.6528	-0.528604022379535
36.039	-7.5015	-0.37316	-1.03108662404708
36.135	-7.0239	-0.50614	1.645
28.073	-11.668	-3.1194	0.257224766440981
29.408	-0.87213	-6.5897	1.645
35.596	-0.68966	-4.4515	-0.195879910944917
27.857	-1.7479	0.28644	-0.501809760832089
37.662	-2.5526	-3.9957	-0.863391937471775
35.791	-7.0583	-0.31701	-0.69877026414093
35.732	-7.4659	-0.892	0.327289937926036
37.449	-6.7361	-1.3597	-0.325660416989154
34.944	-1.8333	-5.6746	-0.576469380509828
24.924	3.2424	0.63254	0.144656786924778
29.769	-1.6298	0.65782	-0.722070196406586
35.04	-7.5716	-1.0808	-0.940052148654677
32.65	-0.74971	-6.2361	-1.23753853900591
38.515	-5.1784	-2.2231	0.56441839790634
34.719	-9.8405	-3.3063	0.495067247363486
27.04	-0.27364	-6.8262	-0.473113999307147
37.993	-6.6047	-0.58157	0.323158826267739
36.43	-6.2279	-0.72841	-0.98646649154771
31.359	1.133	-1.4757	-0.702890613164349
19.144	-11.629	-3.5846	-0.61385738502824
36.513	-6.807	-1.1852	-0.631098997901974
34.623	-7.9058	-0.21977	-0.602588288632834
32.516	-10.186	-4.2238	1.48088836748923
35.873	-6.1718	0.076158	-1.0208668467019
36.131	-6.7703	-0.6249	0.568912293946346
38.285	-6.068	-1.6478	-0.433591834819722
35.863	-2.4069	-2.5622	0.11238589686232
33.728	-7.5046	-4.2941	1.09096283885215
37.75	-4.869	-1.3026	-0.713912483660348
37.813	-3.2192	-2.0258	-0.519226770610518
37.364	-6.6113	-2.4395	0.929234364984228
29.138	-11.188	-3.8476	-0.628451637430362
35.473	-9.362	-2.7353	1.45813176994099
37.411	-6.3305	-1.4893	1.53245443703827
36.747	-2.8716	-4.7368	-0.476990274758907
35.773	-7.8802	-0.81617	-0.686448262967581
36.787	-3.2912	-4.7881	-0.544191497884764
37.89	-3.3009	-2.8666	0.679395112394877
35.517	-6.5056	-0.50915	-0.464524050362271
31.457	-0.30158	-6.5963	-0.75811034911363
37.879	-3.3745	-3.9897	-0.797603462067208
35.595	-7.1083	-1.4836	-0.185755355399969
36.519	-6.8297	-1.8835	0.921370104615627
36.205	-2.6511	-0.80731	-0.182345125647599
37.16	-6.5484	-1.2193	1.645
37.342	-6.7824	-1.0638	-0.566845486217824
34.886	-6.2481	-5.5571	-0.206662434793926
38.014	-3.428	-3.3169	-0.873328516104739
37.065	-2.8718	-1.9238	1.645
37.75	-6.5893	-1.4592	-0.154313499070071
35.681	-8.7417	-2.8366	0.402551184627804
37.108	-2.6266	-1.3105	-0.610786611927614
27.474	2.3031	-0.87242	0.501788794822964
20.084	-12.312	-3.48	-0.355066499148512
37.578	-3.8494	-4.4812	-0.591917062907877
36.584	-3.2355	-4.7375	1.62467954867258
35.897	-8.9728	-2.3728	0.52722604053961
37.112	-7.3561	-1.2594	-0.162672006850149
36.24	-2.3286	-1.4169	1.645
34.092	-8.9227	-4.1576	-0.300093005946389
36.819	-2.209	-4.6629	-0.48966957616527
36.89	-7.2192	-1.1222	-0.990258855420685
29.068	1.9082	-0.13313	-0.740880873247477
33.716	-7.4941	-2.944	0.622885357138093
34.893	-8.2576	-0.2879	-0.498099780541942
32.521	-10.366	-3.3013	-0.84384238405117
34.925	-1.4506	-5.7603	0.611958407097648
17.539	-12.176	-3.6076	-0.706973271538586
34.733	-2.7372	-1.1845	0.645718461156407
36.73	-2.8421	-4.3338	-0.396346254495594
36.032	-2.4254	-5.2954	-0.244344655685173
36.627	-6.1571	-0.69163	-0.43293219542335
36.295	-7.3641	-1.1927	0.180560489316696
36.327	-3.639	-5.216	-0.455428241718307
33.674	-1.1195	0.1615	0.0773078570674411
35.832	-1.7551	-5.3572	1.645
34.349	-1.3018	-5.8695	-0.708179932922335
36.588	-2.8971	-0.65573	-0.512532886502206
35.407	-6.9301	-1.0617	0.701272530657754
36.399	-7.0935	-1.8265	-0.628848863277191
31.359	1.2267	-0.79001	0.328151133006647
27.568	-0.41487	-6.818	0.659077648158045
27.421	-11.915	-3.1716	-0.596061898758671
36.932	-2.2441	-4.676	-0.923522948798992
32.388	-10.109	-3.1943	-0.610448157556414
37.71	-3.7762	-3.6003	-0.61620538102743
36.99	-7.0988	-1.0916	-0.495905027295074
31.012	0.82625	-1.0063	-0.637089522725576
36.093	-8.6628	-3.2445	-0.460474486065735
38.171	-4.4907	-2.327	-0.979594164135986
36.292	-2.6554	-4.4174	-0.47301488038719
31.819	0.77723	-1.5751	0.120878023482148
36.383	-2.5713	-5.1106	1.01566763484227
31.452	-9.1478	-3.2273	-0.382093769924728
38.051	-7.0224	-2.7249	-0.450555863896821
30.989	1.3364	-1.2695	0.0111831235625082
37.519	-7.3869	-2.6661	0.627696525012331
37.887	-5.396	-1.5637	0.439503823205031
37.406	-4.8724	-2.8986	-0.503864840932406
38.32	-4.8525	-3.1108	-0.814216958329759
36.382	-2.1964	-0.9519	1.19068470986395
34.192	-8.3314	-3.5638	-0.50488160488832
27.402	2.3625	-0.79184	-0.967336422845818
37.709	-3.5095	-2.5169	-0.0455063136972719
36.841	-6.0594	-5.141	-0.431390294090316
36.42	-7.2465	-0.79641	-0.722451787827328
36.007	-6.7848	-4.2244	-0.476393239462183
35.898	-7.0416	-0.93679	1.645
37.307	-6.0201	-1.5607	-1.52997697114166
33.074	-10.314	-3.0415	0.496035338629529
38.176	-3.9397	-2.3623	-0.900285613443506
35.54	-1.4891	-4.931	1.06110911246015
34.705	-0.88028	-5.109	-0.568868281362316
18.117	-12.427	-2.7497	0.6327162902261
33.778	0.11392	-0.5513	-0.908271045917442
35.686	-6.1698	-4.8122	-0.514712126075322
31.505	-10.677	-3.5357	-0.432368508675413
35.179	-4.4275	-0.35156	1.645
34.045	-9.3825	-2.7884	-1.13413646659314
36.537	-6.301	-1.1695	1.645
34.92	-2.181	-0.95545	-0.186868228503607
32.105	-1.7627	-0.10838	-0.262386266463586
37.638	-2.9456	-1.7393	0.127299477455791
35.042	-7.5012	-4.9165	-0.386436563121394
21.085	3.772	0.79139	1.645
29.628	1.4832	-0.091737	-1.645
27.479	-1.1421	0.8687	1.4779257482314
36.84	-7.9578	-3.3052	0.75435082410223
36.587	-6.9588	-0.9185	-0.311713960301038
31.621	1.471	-2.1952	0.449441273639477
36.344	-2.7243	-5.0541	-0.515037434788213
31.309	1.3203	-2.1248	0.735884269112389
28.048	-11.488	-4.1721	-0.398755075485203
14.2	-12.25	-2.7913	1.03832440251767
36.164	-7.808	-2.0116	-0.680422655580069
37.485	-6.1472	-1.8209	-0.547162103531523
35.285	-7.5377	0.066807	0.33686272964741
37.055	-7.808	-1.365	0.651309472810002
37.721	-2.718	-3.5393	-1.05383233116102
36.406	-3.0178	-1.5552	1.16598886112596
36.388	-6.8777	-0.40505	-0.406078374458877
34.882	-6.9392	-0.59267	-1.01404851055695
36.115	-2.5821	-0.79798	-0.383910392553396
30.283	-1.7556	-6.5862	-0.243376095926357
34.25	-0.42419	-5.4538	0.203826649742073
16.546	-12.122	-3.0507	-0.71876068229785
33.156	0.051677	-0.95287	0.968679910960798
37.166	-4.2299	-4.5378	-0.714177596831636
34.541	-2.8555	-1.6681	-0.543399161732561
35	-8.9277	-3.0689	-0.109233988196757
34.157	-1.6204	0.0068926	-0.575041107231403
37.467	-3.1874	-2.2578	-0.200132356303582
37.208	-4.7836	-0.79393	-0.743416895261526
37.023	-7.7618	-3.0738	-0.533860376248005
36.861	-6.3361	-0.60656	-0.463204110802698
37.267	-2.9412	-1.1413	-0.456565360349737
34.364	-0.084456	-4.3062	-0.478973288425232
33.492	-9.8817	-3.9009	1.645
36.72	-6.1892	-0.64828	-0.373223827741951
36.868	-7.3659	-3.4925	1.645
23.219	-11.625	-3.7246	-1.03481841110869
35.92	-6.9901	-0.49628	-0.521739200988301
31.782	-10.612	-2.5976	-0.335665171401648
29.674	1.9213	-1.1953	-0.00625171835445971
28.015	-11.269	-3.5031	1.645
35.669	-5.378	-5.4118	0.474875544854601
36.414	-6.6305	-0.54073	-1.30248276491573
36.778	-6.6332	-1.1096	-1.16261325031516
38.008	-3.2008	-3.5752	-0.883942061966825
34.746	-0.83355	-5.3832	-0.621175707842222
36.177	-1.3727	-4.7834	-0.833052217145165
34.061	-9.7107	-2.6267	0.476144051323349
32.789	-9.4975	-3.0511	-0.138560168536579
34.954	-8.59	-1.2637	-0.319513231606098
34.7	-1.2137	-5.6412	-0.709282494826659
29.485	-11.04	-4.0291	1.645
36.175	-7.537	-1.5303	-0.704568312108845
36	-9.0717	-3.5695	0.13292915442779
37.109	-7.0105	-0.90472	-0.90621960890459
37.295	-3.7665	-1.2328	-0.875418086304924
36.429	-1.94	-1.5444	-0.0679173308579741
35.487	-7.1229	-0.32773	-0.990680569197472
36.492	-7.1408	-1.0361	-0.0436216647340444
33.106	-8.9881	-4.6548	0.849750992374371
36.523	-6.9224	-0.55317	-1.00822614410046
21.515	-0.82075	1.3352	1.645
37.704	-6.9036	-3.5007	0.444271811365022
36.737	-5.862	-0.77037	-0.614634869402952
34.361	-1.276	-5.9627	0.0397787718251352
37.103	-6.7509	-1.4273	0.837548703043463
36.243	-3.5794	-0.21717	-1.16052743907636
34.568	-8.0682	-4.3868	1.645
37.434	-3.8318	-1.858	1.62840792430262
37.251	-3.3098	-4.4526	-0.0523594562461382
37.373	-6.9962	-0.69014	-0.0592565432702157
37.644	-6.4692	-2.6675	-0.642070585163261
37.587	-5.2175	-1.004	0.110545149724928
35.285	-8.2893	-0.64382	-0.672788996120647
38.29	-5.6387	-2.4153	1.645
35.811	-7.1054	-0.26252	0.158715649381043
38.201	-3.9247	-2.182	-0.46879468914384
34.55	-8.264	-2.9045	-0.487883288558761
36.965	-3.0487	-1.9398	-0.904919930966148
28.835	-0.9672	-6.622	0.385149975935818
32.951	-2.1329	0.73755	-0.877633434781809
33.057	0.84632	-2.7147	0.327233979956289
24.948	-1.1145	1.1193	-0.85717588021304
29.441	-2.4441	0.42788	-0.592840786676409
37.425	-4.7946	-3.5831	-0.659554848012981
32.664	-10.854	-2.59	-0.471010205893319
26.98	-11.301	-3.1408	1.645
34.65	-7.5723	-2.293	-0.54929318402977
37.173	-2.6245	-3.9132	-0.227084048422448
37.056	-2.086	-4.1943	0.727307250728329
34.523	-6.4037	-5.2684	-1.3006841355651
37.095	-4.2397	-4.9509	-0.767864818742687
34.237	-0.72906	-5.5845	0.0844653227650447
35.34	-2.5809	-4.242	1.27960608181568
28.421	-10.501	-3.8962	-0.23399721735121
36.444	-7.3508	-0.80357	1.05232444788195
26.384	-11.718	-3.1602	-0.105635741983019
35.372	-7.55	0.094466	-0.911395579762131
36.197	-2.5887	-0.88178	0.472993492152268
34.081	-0.19025	-0.19369	1.645
36.965	-4.6772	-4.0313	0.751193796892101
34.236	-10.016	-2.8261	-0.00515328096194394
38.018	-6.5426	-1.8973	-0.907955156466809
36.414	-2.6558	-5.1461	1.2191166362225
36.415	-1.8489	-3.4901	-0.591660396127112
35.444	-3.6749	-0.45329	-0.614258745244613
37.259	-3.0075	-4.4835	-0.316580432365752
35.72	-8.5251	-3.5035	-0.552010450634756
37.432	-2.5769	-3.2596	-0.496072414971012
22.237	-11.81	-3.5527	1.645
36.838	-3.1052	-0.58324	-0.552045755183382
35.796	-7.3764	-0.93857	-0.260253640390327
37.269	-6.594	-4.1428	-1.00428310688916
36.619	-3.3442	-5.008	0.0666044168159307
28.461	0.98628	0.17033	-1.18887819394768
28.632	2.1882	-0.58482	0.299028231655609
36.383	-1.4084	-1.6501	-1.26136158649783
35.461	-6.7856	0.21	1.52488732603049
32.441	-8.4786	-4.6004	1.61559709332568
36.937	-6.6664	-1.0888	-0.449040016717917
27.991	-1.7102	0.46544	0.169725714170167
30.821	-10.162	-3.2975	-0.0635953149862434
35.626	-7.5125	-0.57968	-0.769554462081133
37.012	-7.3768	-2.6185	-0.802944709542802
31.865	0.77388	-1.3397	-0.576552047102416
29.891	1.399	-0.59674	-0.747591096809767
34.046	-7.7115	-0.99998	-0.75126014488486
34.187	-1.4715	-5.6999	0.462940655137775
36.086	-7.7136	-1.5338	-0.432662609996612
28.562	-11.373	-3.9338	-0.372739418207379
36.492	-7.4624	-0.46387	0.384282397817074
26.332	2.8248	-0.26543	-0.734430320030224
26.909	2.6637	0.026832	-0.646027180749651
34.875	-7.5634	-0.67985	-0.460967681764682
37.731	-4.9146	-1.0312	-0.799588178648484
37.151	-6.3028	-0.5405	0.909168549522395
35.975	-7.482	-0.79263	0.00836772165555249
32.612	-9.982	-3.3678	-0.761425193905112
35.762	-2.4738	-4.9674	-0.568930444670466
37.421	-4.2265	-4.3602	1.03071146187381
33.366	-9.9976	-3.4617	-0.694673798444958
26.97	-0.27744	-6.7405	-0.574870288405658
35.332	-3.4379	0.25797	0.559712280008025
33.831	-0.82131	-5.9073	0.483576154420659
26.933	2.2884	0.38868	0.935998271032381
36.52	-7.3394	-3.0192	-0.675288502092292
37.028	-8.0319	-2.3737	1.645
36.339	-6.8364	-0.98471	-1.07348073241158
37.199	-1.6237	-2.4917	0.326311809113228
28.019	-0.25125	-6.6692	-0.915970977910465
35.114	-8.5241	-4.0748	-0.616408630366405
35.295	-7.3557	-2.6164	1.49476042541472
33.046	-8.5364	-0.65937	0.518936524963462
37.22	-6.5674	-1.1292	0.536557720434573
36.383	-6.8969	0.11651	-0.511638700863238
31.848	-10.514	-3.7276	0.0669874687530721
28.79	-0.60836	-6.4231	-0.931572353465953
35.282	-0.54191	-4.5888	-0.753157777120752
18.476	-11.922	-3.6567	-0.296905985968088
35.913	-7.6121	-0.87189	-0.287161982678358
35.107	-0.70271	-4.7009	0.32727023544739
37.001	-2.4226	-2.9225	-0.413624559883088
30.035	-10.734	-3.8263	-0.93921530286205
33.48	-0.64767	-5.7709	0.321438216136472
38.216	-4.6273	-2.5373	1.645
30.214	-10.125	-4.3742	-1.23923444428015
36.711	-5.4696	-0.059321	-0.7520090655544
29.606	1.5715	-0.54431	-0.00650682209769492
34.516	-1.442	0.39769	-0.637316867743488
31.554	1.5166	-0.70294	-1.26873402066263
30.542	1.6715	-0.25718	-0.566488568671165
25.823	2.7506	-0.30933	-0.363588459903115
37.201	-7.6178	-1.6684	-0.518042837092216
22.895	-11.764	-3.655	1.05469379054551
37.736	-7.0645	-2.0451	-0.86884779607195
36.201	-2.0957	-4.461	-0.488803470837467
33.548	-1.5978	0.067007	-0.683195863101712
36.808	-7.1617	-1.0805	-1.03672348658854
36.875	-6.5702	-0.73131	0.0925102948727231
36.092	-7.0394	-3.7643	-0.817694627328628
36.998	-6.8792	-0.55387	-0.508781833739553
31.26	-1.5383	-6.2118	1.12892458292767
37.508	-3.0489	-2.1855	0.486932293632195
37.224	-5.958	-1.089	-0.320278644257211
33.381	-2.7503	-0.92077	0.849282289056032
36.734	-4.8522	-4.9762	1.645
36.911	-4.0324	-0.88935	-0.198342743147462
28.169	-10.539	-4.4468	1.645
37.974	-3.5713	-2.2629	-0.281954632711339
36.952	-8.0395	-3.7747	0.166323254735462
28.46	2.2846	-2.1237	-0.82674759555478
36.017	-3.9337	-0.15164	-0.751313670088871
13.152	-11.939	-3.2046	-0.583331757536352
35.405	-0.70375	-4.8046	-1.14483513182423
36.719	-7.5573	-3.667	-0.301534778881432
36.522	-7.3306	-1.1206	-0.79297774549761
36.441	-7.3309	-1.0821	-1.08198863213859
34.572	-9.5317	-2.8881	-0.352309884725146
30.193	1.2549	-0.92182	-0.696132880767667
31.307	-10.824	-3.7747	1.10046103759058
36.085	-8.2433	-1.0166	1.645
37.412	-6.2447	-2.696	-0.610016976985996
30.827	-10.451	-4.0079	-0.730211735450891
36.083	-8.5847	-3.8822	-0.232541575747327
37.104	-7.4099	-0.84084	-0.886673272668701
34.224	-1.4421	-5.2872	-0.931606284180809
28.13	-0.42296	-6.6429	0.527066072778533
29.747	1.7848	-0.64182	-0.435443695256168
20.821	-12.156	-3.2601	-0.451678808100782
36.682	-6.2436	-0.22291	-0.582143727775244
32.75	-10.422	-2.8005	0.332272699583801
36.759	-7.1446	-0.57465	1.53156044711025
35.664	-1.6218	-5.105	1.645
38.382	-5.4187	-2.2298	-0.862866135438944
34.392	-0.67005	-5.3893	1.645
30.886	-9.9839	-3.954	0.190023632872676
36.905	-4.2578	-0.4808	-1.07606582340312
37.271	-6.6982	-1.6293	-0.557496656695681
29.318	-10.906	-4.083	-0.473898840375148
37.407	-3.279	-1.2402	-0.631288469533677
37.012	-7.5666	-2.4787	0.712742345946011
23.9	3.4724	0.17699	-0.414998383508172
29.473	-2.0004	1.2233	0.0263193567787899
32.421	-9.9028	-3.8736	-0.475153618406526
35.843	-6.6108	-1.5401	-0.776395249862898
34.324	-1.491	-0.028499	-0.870602075007523
31.618	-10.13	-4.2517	-0.178777139616978
36.212	-4.2356	-0.11937	-0.313551237504183
38.435	-6.2835	-2.839	-1.15123120204104
36.147	-2.2079	-4.9607	-0.658398128133816
35.577	-1.6453	-5.4049	-0.47711651212086
35.259	-0.56743	-3.8436	1.645
29.477	-10.678	-4.2809	1.39446204125402
35.209	-0.0088546	-1.6024	-0.800714600570838
37.82	-7.0502	-1.9993	0.0108644072980254
36.059	-6.6724	0.099282	-0.63419085966328
35.53	-1.198	-4.9193	0.944042930897384
37.872	-5.7018	-1.026	-0.0141285618958588
27.676	-0.63697	-6.9622	-0.588471804013562
23.069	-0.86413	1.3787	0.733622916717221
36.12	-6.1442	-0.35725	0.191946687578316
36.358	-3.1915	-4.9347	1.39581330082041
33.259	-0.86748	-5.1327	-0.494251016527125
37.81	-6.0972	-2.6215	1.02599342528183
36.297	-6.6218	-1.3064	0.883743980911693
38.1	-3.8544	-2.0497	-0.257773752345868
33.339	-3.0923	-1.8954	0.084530732356121
36.261	-2.6379	-4.6789	-0.024506488590228
27.162	-11.286	-4.1317	-0.69266878515964
35.352	-7.529	-3.7597	-0.819882003971115
36.844	-2.8627	-4.1771	-0.827610077068594
28.21	-11.078	-3.6007	0.410718524232755
36.802	-7.1285	-0.91854	-0.419359388364054
24.371	-1.4143	1.2245	1.645
36.752	-3.5477	-2.6273	-0.283727845654989
29.757	-0.67542	-6.5392	0.398773502751446
35.436	-6.7361	-0.95815	-0.40664135878103
34.619	-5.6944	-5.4814	0.504949473691078
35.826	-8.9178	-2.6398	-0.769526512924118
34.114	-0.95412	-5.5611	-0.605163439850198
36.947	-7.3373	-1.2444	0.0181507900319214
37.21	-4.2579	-4.7383	-0.649925126232999
36.732	-2.5374	-4.5019	-0.785318218066023
37.718	-6.2576	-0.89144	-1.10517960125551
36.11	-7.4497	-1.499	0.791605519599353
36.53	-7.222	-1.5122	-0.899949238583653
37.275	-3.0113	-4.2995	-0.639556480231575
35.946	-6.5489	-1.2203	-0.560591299268548
38.398	-5.8134	-1.1318	-0.442872883842414
36.064	-7.1385	-1.2273	-0.181319608954776
37.188	-3.3266	-4.129	-0.405203720678328
37.654	-2.3191	-2.4915	-0.10348502126006
35.702	-1.5553	-5.3066	-0.948390875284929
33.288	-0.28058	-5.9272	-0.919127663152916
36.817	-3.992	-1.0023	-0.235833053093879
36.613	-7.1136	-0.79163	-1.40680854921247
30.867	-10.809	-3.5384	1.645
32.123	0.60269	-0.86491	0.56746528333774
35.031	-0.73919	-5.3013	-0.652837625056249
35.228	-2.001	-3.9949	1.645
36.349	-7.4662	-1.0629	1.39128806130485
36.292	-7.3381	-2.103	-0.623713014251605
24.995	-12.011	-3.4335	-0.257572214642115
36.557	-6.012	0.058335	-0.570614553166889
36.422	-2.8263	-5.0446	1.645
36.493	-3.2037	-1.737	-0.0146421715626015
33.966	-0.18969	-0.95979	0.419558049496299
35.735	-6.5504	-5.0381	-0.783071989834308
35.301	-7.1362	-0.87532	-0.518620300332415
28.289	2.0839	-1.1024	0.527046770218516
37.272	-6.8375	-1.1314	-0.181271466561811
36.233	-7.5856	-0.90686	-0.576998179456149
35.456	-3.3218	0.088323	0.320511012190743
35.815	-7.8946	-0.37288	-0.715566296114527
36.761	-4.0431	-2.5386	-0.973336074776961
35.111	-2.7285	-5.6907	-0.87702224652855
38.328	-5.5245	-1.6957	-0.958461982183147
29.979	-11.824	-2.9049	-0.29642531575442
29.772	1.7553	-0.20628	0.465754259453313
35.848	-8.0086	-0.74692	-0.767946588127178
37.27	-6.2276	-1.1357	-0.353018606628873
37.754	-3.583	-4.2792	1.645
27.274	2.4161	-0.10539	-0.418783544687167
37.013	-1.3675	-2.5758	-0.905895876585797
27.377	2.5778	-0.06166	-0.157186860584292
36.627	-4.0545	-5.0559	-0.633234746543818
36.22	-7.0306	-1.8249	-0.425964122288599
30.193	1.1488	-0.66419	-0.936849503693293
36.775	-7.7189	-0.67347	-0.86198072045841
36.514	-2.8311	-4.6458	-0.589240029476839
34.483	-1.1037	-5.7561	0.0813809154477276
36.149	-3.6882	-0.088772	-0.763624085133614
29.985	-11.016	-3.6217	-0.397024969125821
24.271	-12.112	-3.4109	-0.2497703784881
25.224	-11.867	-3.7074	1.36314046012616
31.873	1.1603	-1.4668	-0.871007740125551
34.832	-1.3266	-5.3939	-0.225499453083953
20.494	-12.103	-3.3423	0.281780170812571
35.954	-7.1833	-0.97152	1.645
37.744	-4.8284	-2.8158	1.21984887952843
36.693	-3.4679	-1.3316	-0.850306509739487
28.168	-0.41404	-6.7192	0.194837380223953
38.371	-4.863	-2.051	-1.21036358399523
29.685	-10.994	-2.7076	-0.888306662057891
37.496	-2.7345	-3.0657	-1.21248685357067
38.276	-5.2348	-2.0977	-0.65620734136877
36.404	-0.77396	-3.045	-0.675398063573035
36.077	-2.6253	-4.9514	-0.0826577898837958
36.466	-7.3544	-0.70317	-0.533599791831003
28.049	-10.987	-4.007	0.668928268863969
37.001	-3.1956	-1.9825	-0.549976419324173
35.196	-7.2738	-0.20346	-0.596347654384699
36.339	-7.668	-3.0652	-0.600291867454702
32.161	0.91575	-1.7862	-0.69601704368862
37.436	-2.0099	-3.387	-0.576697259890996
34.473	-6.0424	-5.0366	0.988679325364512
37.03	-6.9054	-0.89318	-0.188163199675631
33.546	-0.34527	-5.445	-0.50077785635975
27.177	-2.3797	0.14023	0.263647948345074
36.573	-8.3132	-1.1099	-0.381962351512189
33.753	-9.4761	-3.5559	1.01739544047213
31.698	-1.481	-6.3148	-0.62658237712747
35.239	-3.0074	-0.11223	-0.253683950706244
31.294	-7.8077	-4.7166	-0.413935382325123
36.387	-2.0945	-4.6511	-0.754290882168342
36.022	-5.6927	-0.69924	1.645
35.409	-7.9537	-0.78786	1.52455377135384
36.613	-3.0796	-0.94265	-0.61708100834127
37.603	-3.5366	-2.3554	-0.557564571829696
30.623	-10.628	-2.3359	-0.776922700184194
36.054	-7.6498	-0.76852	-0.368438042144369
33.764	-0.71277	-5.7633	1.38820300709307
33.85	-8.5339	-4.1833	0.235044514056039
34.571	-8.8569	-2.5749	-0.452338718078945
37.196	-2.9731	-1.8959	1.645
35.653	-7.9359	-0.91161	-1.30604068088191
34.803	-7.3818	-0.18694	-0.704866172793848
29.047	-11.285	-3.5116	-0.697802634105558
26.151	2.5267	-0.32816	-1.26033889196433
37.077	-7.9142	-1.4075	-0.540013957496262
37.348	-6.6439	-1.5268	-0.362684358649192
34.462	-9.6263	-2.7398	0.656982621951761
37.317	-6.8573	-3.3818	0.902732217609351
27.788	-0.7983	-6.5807	-0.773351445080342
37.779	-6.3044	-1.8107	-1.01725678759187
36.961	-6.9266	-1.1732	-0.288995168465161
36.618	-7.6655	-0.98104	1.645
37.247	-5.6924	-4.4819	-0.330627489210335
36.39	-6.9544	-0.46647	0.176190072213739
36.848	-6.5595	-2.1398	-0.768887127520381
30.671	-0.85242	-6.8893	1.645
36.754	-3.0007	-4.6999	-0.866037968961897
34.821	-6.2335	-5.3327	-0.300007155186619
35.146	-6.8688	-1.1453	-0.681440047301353
27.938	-0.14693	-6.4389	-0.798882853196829
35.239	-7.2057	-0.80222	-0.718702861099449
37.144	-2.5994	-2.8073	-0.802206527714148
35.498	-8.087	-2.6598	0.302099310135243
31.857	1.6245	-3.1076	0.355015238443709
22.178	3.5218	0.97528	-0.0579178842105012
27.464	-11.751	-2.8039	0.0177085600108294
35.022	-2.2931	-0.30106	1.645
23.875	-11.581	-3.7265	-0.571110934361268
37.948	-3.335	-3.8358	0.18617202698311
35.874	-8.6177	-1.8043	1.05132081233762
36.981	-7.338	-4.1057	-0.824750801825185
35.349	-1.7696	-4.8635	-0.593629547382553
36.394	-7.593	-0.62675	0.0098426210503716
36.676	-4.9225	-0.54227	-0.792383744787697
36.325	-6.6188	-4.8643	-0.996229279071564
37.128	-7.3755	-1.516	-1.12428916885655
37.573	-6.2663	-0.94834	0.998996410829595
38.418	-4.7373	-1.7362	1.00507714278538
36.751	-6.7733	-0.83624	-0.763782744684673
35.742	-8.0212	-3.8443	1.645
38.074	-4.3028	-2.4632	-0.491804677792901
31.588	-10.845	-3.7152	-0.200703931615391
36.593	-5.8661	-0.6886	-0.619758685484248
33.203	-10.02	-3.7952	0.543649739242817
33.715	-9.6432	-2.123	-0.524480647956007
33.708	-1.6614	0.33322	-0.649106287845565
24.884	-12.03	-3.7199	0.320744800808682
36.981	-6.4968	-1.3048	-0.820694502502762
33.895	-8.0079	0.42918	-0.528779934607567
36.099	-7.3386	-0.73775	-0.211235034558966
35.186	-7.3743	-0.73991	-1.0221624696574
24.144	-11.871	-4.1725	1.645
24.961	-12.173	-3.2356	0.559743473736078
37.105	-2.5879	-1.2599	-0.658513108412587
28.696	-0.68077	-6.8741	1.645
37.418	-2.9354	-2.5082	-0.73780528744928
36.783	-8.0664	-2.712	1.01107168938964
36.271	-7.3453	-1.3238	-1.04590388416772
30.715	1.0071	-0.9415	-0.218654208229906
24.91	-11.954	-3.5912	0.854574647127822
33.436	-1.2899	-6.2745	-0.573739802364994
36.745	-7.1831	-2.3689	-0.57678777412893
31.972	-10.291	-4.3015	-0.69245650323163
32.167	-10.434	-3.3169	-0.228843066118631
36.596	-8.2474	-2.108	1.38887580960193
38.041	-6.1191	-1.0396	0.295931501411217
35.638	-1.1759	-3.9446	-0.666821447663992
35.856	-6.2175	-4.9262	-0.509396051496833
34.055	0.053927	-3.4849	-0.332740914591365
38.032	-3.8433	-2.5224	-0.31603620401296
36.35	-1.06	-3.5694	-0.529015124101315
30.806	-9.287	-3.5933	1.645
36.409	-6.4671	-0.54685	1.645
37.548	-3.7864	-2.5541	0.234697992936653
18.681	-11.853	-3.5342	-0.210565650687756
33.343	-10.105	-3.3928	-1.04904244979812
37.772	-3.5059	-3.3861	0.536742980244631
35.228	-8.4952	-3.2171	-0.176976889422347
34.108	-1.3907	0.43458	0.197870715131928
28.418	-11.12	-3.9506	0.742547379694277
33.331	-0.8698	-4.6621	-0.813247099586346
33.033	0.14127	-0.89016	-0.529170299152023
35.119	-8.7121	-3.9509	-0.567001041962819
35.672	-1.7917	-5.3377	0.211086136112984
35.308	-9.5027	-2.4343	-0.255213109258627
26.716	-11.636	-3.9302	0.992323153995514
37.255	-6.7602	-0.97143	-0.121435678994743
35.112	-8.381	-1.5627	-0.53791571313431
35.959	-8.016	-1.3819	-0.0986104413118156
33.908	-0.57427	-1.1263	-0.580001823158909
36.307	-7.1819	-0.72469	-0.306346088235449
34.672	-9.018	-2.7887	-0.531918597371988
37.046	-6.6266	-1.4054	-0.67212714680352
37.331	-2.3602	-3.1346	0.140893228261778
31.076	-10.596	-3.1788	-0.0318132434263047
37.285	-3.4399	-4.4883	-0.598815874494921
38.205	-3.7763	-2.7418	-0.229211491437612
35.933	-8.4365	-1.8553	-0.7258335760887
36.06	-7.5642	-0.4854	0.499970849819345
27.224	-11.557	-2.9923	0.784179664242274
38.265	-5.2641	-1.6418	1.02249791461543
34.832	-7.3907	0.24362	-0.483063325423823
32.053	1.3059	-1.5197	0.445905714533956
33.291	0.40457	-1.8331	0.340546904289079
35.947	-3.498	-4.6138	-0.455814109741373
34.872	-9.2335	-3.1798	0.246877996689843
36.624	-2.5872	-4.7152	0.419589744215516
37.776	-3.2527	-3.708	0.685788030370156
36.371	-1.3748	-4.149	1.17932224310738
38.149	-5.5533	-1.2842	-0.889908471635297
30.135	-9.1454	-4.2499	0.067761066138144
28.024	-11.618	-3.2678	0.391441427347185
26.305	2.5123	-0.34699	0.432752946383378
31.206	-10.908	-3.2517	-0.895338290419007
38.365	-5.7093	-3.163	-0.892161373129767
37.168	-2.8936	-4.4433	-0.447778449197507
36.408	-7.0685	-0.74929	-0.422429540132392
37.717	-5.9636	-3.8253	-0.77811308133064
27.944	-0.12737	-6.92	1.645
35.965	-1.3746	-5.0021	1.645
34.883	-4.4287	-1.5223	-0.820096775348694
34.481	-0.83471	-4.8208	-0.529331428881209
33.946	0.48495	-2.0193	-0.682745507007292
32.987	0.16537	-5.4076	1.645
37.59	-3.4846	-3.6459	-1.26699739517454
37.502	-6.2755	-1.1577	-0.679370062474279
36.79	-1.1179	-1.9369	-0.361653210086245
35.643	-1.0173	-4.7475	1.36374864223251
37.853	-6.0901	-2.2477	0.120516687149575
35.662	-6.8765	-0.14067	-0.358904525451754
35.417	-9.3933	-3.2228	-0.625836417825967
37.279	-7.3662	-1.4602	-0.992227470701662
28.051	-11.463	-3.9954	1.645
37.742	-5.3859	-2.9074	0.787481024050297
37.359	-2.1066	-3.8716	-1.31897137469326
31.428	1.6486	-2.2588	-1.08425143089104
37.997	-4.8692	-1.9471	-0.167951387332841
36.82	-6.8749	-0.3813	-0.774852151058917
36.671	-6.1766	-4.2952	0.382865025701242
37.485	-6.3438	-1.5371	-0.478462716839134
28.144	-11.285	-3.6351	0.00958870701302188
36.517	-7.0275	-0.29672	-0.575995020120208
36.759	-3.5836	-0.81804	1.27773842346319
37.69	-2.9721	-2.3396	-0.713304475278565
33.485	-9.167	-3.831	-0.708582393421492
33.679	-0.86234	-0.17042	-0.583112963407815
37.448	-6.4351	-3.4083	0.507849239028709
36.901	-2.8551	-4.7309	-1.23445875386738
34.532	-1.6199	-5.9276	0.940050692722465
36.177	-1.8567	-5.0243	-1.19906121736564
36.973	-4.4217	-0.99545	0.605643089613111
36.237	-7.9567	-0.56517	-0.56307017219022
34.219	-0.7002	-5.219	-0.546167277138246
28.68	-0.5989	-6.5866	-0.657508937965147
29.143	-1.0016	-6.5471	-0.386824655822292
24.869	-11.715	-3.337	-0.432269507127558
33.256	-0.209	-5.6186	1.645
38.576	-4.8825	-2.3728	-1.26232442306154
28.667	1.635	-0.37636	-0.491492955113554
32.13	-10.432	-3.3767	0.597932280865073
36.667	-6.7386	-0.78268	-0.894793316239446
37.117	-7.0294	-1.3152	-0.257992568644958
28.914	1.9943	-0.15523	-0.528065988387007
37.138	-4.5323	-4.5154	-0.396368761003958
37.311	-7.1319	-2.484	-0.396404821203514
37.859	-5.8203	-2.0456	-0.66524782198212
35.668	-7.5501	-1.0858	0.130310658749102
31.034	2.13	-1.503	-0.736917555479743
33.897	-9.3231	-3.4479	-0.51687951569783
36.103	-2.9022	-4.7952	0.215969631960728
36.607	-2.9684	-1.1872	0.792559257578049
35.587	-2.51	-0.4416	-1.09883988809943
34.85	-8.5722	-4.0191	-0.654318905418708
37.129	-4.2692	-2.0975	0.37573295978778
35.391	-7.7354	-2.7639	0.272129775019223
36.545	-7.0306	-0.54223	-1.09561043388081
37.957	-5.771	-1.0749	0.571838336604021
32.516	-0.5129	-6.2823	0.120640919436546
28.167	2.2203	-0.26485	0.116059820444087
28.725	1.7036	-0.72164	-0.721474998278162
35.727	-1.6297	-5.1851	1.52075409231677
30.682	1.0168	-1.2092	0.387824534375206
29.712	-0.9678	-6.7499	-0.404896336562356
36.177	-2.5183	-1.6875	0.418252958450013
36.092	-3.3609	-0.37577	-0.942642459883484
33.365	0.518	-1.5642	-1.19837522571634
37.172	-5.7699	-2.3884	1.645
36.204	-0.51726	-2.602	-0.607419471564991
36.385	-6.6891	-0.91737	1.20485210458471
28.959	-10.732	-3.9835	-0.294180136227938
36.949	-4.5689	-2.2549	-0.515254162693592
34.09	-1.9336	-5.9096	-0.330123449513421
35.991	-7.1105	-0.27884	-1.00182367350626
22.655	-11.631	-3.7513	-0.666826928526781
36.196	-2.2167	-5.2777	1.46633651980767
33.424	-10.297	-2.9498	-0.573366838644325
35.556	-2.9167	-0.96308	0.757162280249137
36.16	-3.0067	-5.1595	-0.738555385572917
36.828	-7.5118	-1.7764	-1.11699251498147
36.772	-2.0808	-3.8427	-0.801054361425226
32.465	0.75286	-1.4389	0.143169205528847
37.702	-3.2554	-2.2478	1.645
35.511	-1.8353	-5.3157	1.29412726070538
33.532	-9.5404	-3.8361	-0.818735384480684
27.895	2.1727	-0.70999	0.0194192442244129
37.543	-6.6177	-3.9242	-0.603770616299722
29.049	2.1374	-1.2587	-0.574110792867297
36.294	-2.8729	-4.9081	-0.533246865165634
37.332	-7.2515	-3.8961	-0.637640217281317
37.809	-7.1081	-3.5919	1.645
35.451	-2.0421	-5.2604	0.179346450613717
35.73	-7.9709	-0.66978	-0.584156855972253
36.185	-8.2947	-3.287	-1.10256984173152
34.309	-1.5814	-3.0886	-0.441117941099472
34.343	-1.6947	-5.9695	1.39174782427538
30.4	-10.876	-4.4696	0.0460174205847117
36.419	-6.6899	-0.5559	0.00667677573113961
36.018	-6.3323	-1.1371	-0.60743492589098
25.316	0.0397	0.96357	1.37779061577946
31.224	0.17342	-5.7504	1.44951553072312
36.636	-8.1869	-3.6598	0.893371013461053
36.026	-2.1342	-5.1439	0.745711907817927
36.038	-0.75241	-2.4819	-0.719616493857622
35.011	-9.3326	-3.6961	1.54073757599135
33.859	-9.2605	-2.5721	-0.460374311154573
37.096	-3.0514	-4.6541	-0.922395474777848
37.405	-2.8884	-4.2719	-0.644148915683794
36.647	-7.5774	-0.80506	1.32559030845267
37.261	-2.7718	-4.19	0.590606743652786
31.809	-9.8667	-4.0254	-0.308206240924629
36.191	-1.9754	-1.1911	-0.647784950259225
37.755	-3.5724	-3.9847	1.645
35.812	-5.4805	-0.52955	-0.471716012967397
36.562	-7.8558	-2.4601	-0.659184251541608
37.061	-6.5184	-1.2337	1.30069814554521
37.219	-2.0424	-2.5208	-0.098006045681099
36.684	-6.916	-0.54257	-1.12386871988844
30.821	-10.653	-3.8519	-0.126932898234684
37.32	-2.9559	-2.0473	1.03937473528424
36.729	-7.5145	-3.1312	-0.670166659588036
37.215	-2.1692	-3.2804	-0.641175939633686
36.757	-4.3829	-1.9128	1.645
35.35	-9.2134	-2.9742	0.798104954724576
29.185	-1.0694	-6.7569	-0.306884642958802
36.663	-3.1631	-0.3802	-0.976685662914853
36.787	-5.5935	-0.20183	-0.605940770348506
32.059	1.3109	-2.4168	-0.848097976893339
37.247	-6.3258	-0.74275	-1.00357010934915
37.061	-7.7577	-3.156	-0.664666312644208
29.538	-10.738	-4.0519	1.645
36.805	-6.8704	-0.46855	-0.522195933505379
36.89	-5.1349	-4.9182	-0.563359515981118
35.542	-6.5946	-1.1652	-0.870229608887317
37.692	-3.8642	-3.9815	1.17872954770329
29.101	1.8205	-1.2912	0.780459868325576
37.264	-6.0234	-0.95589	-0.833081602002402
32.73	-10.178	-2.8586	1.03778670207956
30.252	-10.709	-4.2735	-0.434805700743239
36.806	-7.1946	-1.9069	1.645
34.944	-8.9841	-4.1297	-0.65074067313391
33.377	-10.479	-2.644	-1.08452021612301
27.847	-1.0006	-6.7591	1.645
36.223	-7.4272	-1.0084	0.0742658685059989
34.387	-0.70831	-5.5504	0.218866649981866
29.713	-1.3836	0.57155	-0.224935735637425
37.161	-6.9458	-4.105	-0.772435235716768
37.501	-3.63	-3.2459	-0.351911131009774
37.827	-3.3669	-2.5679	0.417498193775402
36.872	-7.3054	-1.1125	1.25860732120174
37.498	-3.5547	-4.4466	0.254607019928837
36.673	-7.7313	-1.7312	-0.585842461642854
36.439	-2.5243	-2.1194	-0.643225406314397
29.493	-2.0896	-0.37662	-0.390053307348356
29.737	-10.997	-3.7093	-0.41257147740455
36.539	-6.8839	-1.4043	1.4776154091289
36.546	-7.4554	-1.1895	-0.633591954953366
27.649	-11.462	-3.5438	1.12820926567908
29.803	-10.77	-3.5859	-0.659932544735051
35.14	-0.37334	-2.7565	-0.830082432008835
35.143	-3.4181	-0.3143	-0.769651602680093
34.958	-1.4558	-5.6443	-0.59504981618877
36.289	-2.5821	-5.4333	-0.427249120696813
36.617	-3.1258	-4.9507	-0.990814391934937
34.357	-6.5455	-4.6842	0.25568038654896
37.946	-3.3618	-3.7233	-0.581887837211044
35.129	-7.3311	-0.43908	-0.0694563972331357
36.531	-6.2769	-0.45093	0.386995845446908
38.043	-6.8756	-1.8666	-0.866584641625076
36.835	-3.5596	-0.94827	-0.546986464937321
34.688	-1.4445	-4.5017	-0.794728787072462
34.933	-9.2861	-1.8374	1.645
29.667	-0.36181	-6.2471	0.563107872723324
35.159	-5.0452	-1.1061	-0.119170164053852
37.148	-5.3387	-0.68234	0.952905684880054
33.756	0.78472	-3.7174	-0.658303849050864
37.658	-4.6228	-3.5033	1.645
37.969	-4.1044	-3.9668	1.28588212874202
36.707	-6.8401	-1.3848	-1.00742095309214
35.006	-5.2704	-0.66318	-0.651611793832774
34.864	-0.4048	-2.0771	1.645
37.587	-7.0356	-2.9008	0.876864804989609
37.298	-5.8161	-0.65225	1.645
24.668	-11.654	-3.2159	-0.017425343182011
35.855	-8.5351	-4.1011	-0.819502625638716
37.14	-3.9296	-2.3872	-0.755813693821945
36.807	-6.8513	-1.4331	-1.29587872426438
36.36	-2.2355	-0.98092	-0.430665681024191
35.481	-2.2084	-0.77026	-0.548236358262869
36.834	-6.7319	-1.2722	-0.400039087615141
36.026	-6.626	-0.1023	0.15583987990567
36.696	-3.7296	-4.7045	-0.665860058821235
34.285	-0.88002	-5.7289	-0.064117118929631
37.164	-3.1932	-4.4762	-0.916975963674739
36.358	-1.9963	-3.3979	-0.893802122193955
21.996	-12.117	-3.2949	-0.443433622358375
37.883	-2.6633	-2.9858	0.709225699099872
36.431	-1.4634	-3.8262	-0.392279765380101
33.119	-10.31	-2.9906	-0.0168669003734285
27.695	2.5926	-0.75992	-0.0794274818229399
23.422	-0.66444	0.89025	-0.526455203416252
34.93	-7.4385	0.28604	0.305757342564507
37.973	-4.0567	-3.8317	1.645
37.709	-3.0288	-3.4199	1.38751602816075
35.993	-7.0808	-1.3785	-0.223926192555674
36.105	-7.5793	-1.0388	-1.02575309063288
32.833	-9.925	-3.8629	0.512735174721847
30.639	-1.4277	-6.4224	0.839551067676676
36.054	-8.1439	-2.2738	0.081993146301858
34.579	-9.3204	-3.3467	0.988730775047859
37.667	-3.3869	-1.5302	0.664215539070234
33.778	-8.1256	-0.58235	-0.4395060792598
35.172	-5.0249	-0.59907	-0.65802662333825
35.136	-0.6424	-1.0237	0.0469301100155329
37.918	-7.0786	-3.0856	-0.0225174096691752
33.965	0.34185	-2.8306	0.682978437240853
35.963	-2.9456	-4.6888	-0.775212311599683
25.14	-11.017	-4.1427	-0.512517356096748
36.281	-7.2612	-1.4428	-0.562056909510992
37.049	-6.6954	-1.5441	-0.42558189756758
35.503	-6.2815	0.51715	0.525971333506449
36.212	-2.8864	-4.4424	-0.577454896092412
35.452	-7.5059	-1.1164	0.180766952794364
35.59	-2.7801	-5.4654	-0.668271646138582
30.558	0.84485	-0.90212	-0.809896172292114
37.742	-3.366	-3.0438	-0.383855347951573
36.829	-3.054	-4.6771	-1.22428037411551
36.896	-1.6696	-2.1151	-0.727484819484976
34.119	-1.5572	-3.3554	-0.689840048776701
23.754	-11.761	-3.3614	-0.635166807824624
35.989	-1.6761	-5.1643	-0.0631135060103255
36.811	-6.4165	0.35144	1.645
36.185	-1.9151	-5.1717	-0.773896837502361
36.049	-2.8343	-0.31658	-0.703476579783684
37.605	-6.5111	-0.87244	0.259791900592345
31.828	1.1086	-2.2523	-0.0797685213757382
36.442	-8.308	-1.1302	-1.26264035942485
36.51	-8.369	-3.6788	0.171033289922359
37.998	-6.5588	-1.1578	-0.935824209172375
36.125	-7.0592	-0.43751	-0.527202045490548
29.038	-11.463	-3.3336	0.91297571406018
31.849	-10.422	-3.1593	-0.362143897791425
30.43	-10.246	-3.9492	-0.500713888189264
37.18	-7.2877	-2.0295	1.40012183409798
37.569	-6.5148	-1.4642	-0.28560830298514
35.304	-6.792	-4.5462	0.760283661260896
29.141	-10.738	-4.3405	-0.468939134587825
34.807	-9.2413	-0.70097	-0.771003099239757
38.1	-6.0953	-1.2467	-0.442392798126527
28.058	-0.40419	-6.5521	1.206372797544
37.029	-6.5279	-1.0449	-0.448078900122866
20.317	-12.541	-3.2969	-0.215943843890204
37.745	-6.0125	-2.6235	0.329878440723501
36.409	-6.576	-1.957	-0.359360535183362
35.2	-1.6433	-5.5416	-0.728246468440056
34.574	-3.6874	0.49795	-0.502798822471896
38.082	-5.3314	-2.1137	-0.442004866916796
34.961	-9.0902	-2.5955	-0.293852659792329
35.577	-2.1617	-5.7207	-0.519719817312153
36.152	-7.3342	-0.95071	-0.137960984155882
33.424	-10.084	-3.4669	0.260928617540296
19.483	-12.108	-3.7965	-0.496248490605846
36.599	-6.6278	-0.62335	-0.907290069139331
30.474	-10.434	-3.6727	-0.702863808417062
38.099	-4.1749	-2.0066	-0.783825072235099
37.496	-2.3662	-2.2257	0.322848174968139
34.659	-1.9863	-5.9829	-0.694569114504741
33.552	-9.7298	-1.7604	0.00314001003481508
32.739	0.91199	-2.6954	0.352467301441717
35.606	-2.0846	-5.5897	-0.121835156366655
28.577	-1.9917	0.59004	-0.550077844163492
36.922	-5.6457	-4.9601	-0.00336691502468221
36.716	-1.7406	-3.0904	0.178281174944623
26.937	-11.434	-4.0353	-0.0745071168523116
36.927	-2.4784	-4.6331	-0.897401830077198
35.913	-3.5353	-0.26692	-1.01643177035748
29.196	-10.899	-4.0629	-0.514328965244978
36.195	-4.2493	-5.2274	-0.405400570835303
30.542	-6.0829	-5.3952	1.30498037531448
34.719	-0.76652	-0.38087	1.28345117219852
27.534	-0.34665	-6.4868	-0.84333244779517
35.045	-8.4451	-3.0206	0.0521090722142734
36.626	-6.7312	-0.7282	-1.30928230647342
29.455	1.4441	-0.33154	-0.759732695728236
33.627	-10.262	-3.7998	-0.505381542696282
36.38	-6.6055	-0.06572	-0.384086273997108
37.348	-4.3808	-3.4643	0.368403644486788
36.139	-7.2369	-0.64364	-0.425975074921969
25.499	-1.9116	0.89186	-0.444305489052834
37.784	-3.0457	-3.1938	0.294504031719055
35.68	-4.0853	-5.459	-1.077176984164
38.541	-5.8464	-3.3132	-0.621693670546501
34.806	-8.8901	-2.973	-0.245902116912157
35.78	-6.7263	-1.6317	-0.861723339902431
35.784	-2.114	-0.96068	-0.316975060998027
37.474	-3.0541	-2.0965	-0.883743615853368
33.407	-9.7397	-3.9947	-0.150366135015025
37.132	-6.4566	-0.84542	-0.0756098532484645
37.211	-6.4572	-0.88182	-0.871666599973068
37.732	-3.9914	-1.8724	-1.15438593393139
38.23	-4.9132	-3.4835	-0.576265775709939
31.983	-8.192	0.43924	-0.518944662615654
29.454	-1.0348	-6.7118	-0.577708879448169
31.038	-10.399	-3.8462	1.34385502097241
37.359	-3.4721	-4.3656	-0.871410543760535
37.184	-1.7013	-2.732	1.24937637860528
36.17	-7.445	-0.85062	-0.521910148665374
27.989	0.13398	0.8053	-0.595703013233123
34.963	-0.91573	-4.2992	-0.724616123223642
37.252	-3.2123	-4.5515	0.980792826108636
37.135	-6.6056	-1.2216	-0.627890155225958
37.307	-3.9139	-4.5918	-0.710611936612038
29.709	-10.969	-3.9119	-0.777078003136662
35.622	-2.128	-5.639	-0.836348579393737
37.406	-4.0066	-3.9598	0.319026902910455
37.294	-5.8666	-0.45628	-0.19768704089254
33.526	-9.8154	-3.646	-0.853547491152386
36.574	-8.6753	-3.4189	1.645
37.28	-2.8613	-4.4514	0.36354936881218
25.402	-11.378	-4.1255	0.426804127428918
37.41	-6.4188	-0.83121	1.01498980958777
27.805	2.13	0.2655	-0.604108086066786
36.842	-7.1254	-1.1484	-0.833192240278817
37.445	-4.4388	-3.7318	-0.519406739251541
32.373	0.99622	-2.1654	0.126956791391164
35.74	-1.5646	-5.2828	-1.31288192927643
37.508	-7.0244	-1.8393	1.645
