27.841	-0.46924	-6.7153	-0.0640264870542424
27.944	-0.12737	-6.92	-0.248624383846513
28.144	-11.285	-3.6351	1.5552868551487
29.468	1.8323	-1.3242	-0.335130992188147
35.563	-0.78294	-4.4159	-0.99401585323331
35.826	-8.9178	-2.6398	0.471799967461137
37.293	-2.0806	-4.0461	0.0952155633101199
32.159	-10.433	-3.0039	-1.33565645833543
30.035	-10.734	-3.8263	-0.312379217194801
36.191	-1.9754	-1.1911	-1.11877773595504
27.619	-11.723	-3.0238	0.433367306177943
36.113	-7.5229	-1.1566	1.645
36.201	-2.0957	-4.461	-0.501596854405377
29.076	-11.036	-4.0158	-1.645
34.309	-1.5814	-3.0886	-0.323159877857597
27.184	-1.4529	0.40133	-0.955744652526491
35.546	-8.9878	-2.0374	1.645
32.167	-10.434	-3.3169	-0.625039883027869
28.049	-10.987	-4.007	0.216058748786784
37.254	-3.0555	-4.385	1.43615743988488
35.222	-7.552	-0.12993	-0.0610839188744707
33.103	-10.306	-3.7632	-0.442388247957177
34.55	-8.264	-2.9045	-0.164453035559753
30.542	1.6715	-0.25718	1.05861090384777
30.193	1.2549	-0.92182	-0.351768389876281
37.899	-7.3266	-2.9614	-1.28052064150026
36.952	-8.0395	-3.7747	-1.41321171965783
36.593	-5.8661	-0.6886	-0.342624848987751
26.988	-0.92323	0.91876	0.922980937557513
37.172	-5.7699	-2.3884	0.0733421579948524
37.26	-1.8777	-3.7953	-0.349980318870733
28.759	-11.084	-4.2342	0.0825395018514179
35.425	-1.3523	-5.359	-0.750140774585392
37.012	-7.3768	-2.6185	-1.30307067558289
31.074	0.26967	-6.3372	0.709696461356013
36.001	-6.2461	-0.9769	-0.781612975706685
37.103	-6.8195	-0.88503	-1.06587709058157
38.285	-6.068	-1.6478	-1.61142831807041
36.663	-3.1631	-0.3802	1.31220090869693
33.353	-0.15211	-5.6436	-0.605251690279284
36.294	-2.8729	-4.9081	-1.10653831963253
33.343	-10.105	-3.3928	-0.391523184087539
35.577	-1.6453	-5.4049	1.645
33.373	-6.1595	-5.613	0.139825697851416
37.548	-3.7864	-2.5541	0.27733745359398
38.29	-5.6387	-2.4153	0.482250046572648
34.026	-9.7903	-3.2879	-1.40264997194237
35.159	-8.7272	-4.1003	-0.0527262624272571
31.038	-10.399	-3.8462	0.0707461055433771
28.21	-11.078	-3.6007	1.21113865288514
36.212	-4.2356	-0.11937	-0.892027384260593
30.558	0.84485	-0.90212	-0.330165892556229
29.047	-11.285	-3.5116	0.645202343978151
31.034	2.13	-1.503	0.986920411006459
29.709	-1.2098	-6.7267	-0.398406055334975
28.143	-0.79826	-6.7107	1.645
35.989	-1.6761	-5.1643	-0.755706541787064
34.039	-8.7942	-4.1058	-0.584742879993754
36.842	-7.1254	-1.1484	-0.879527594396941
36.735	-2.0513	-4.5974	-0.836387730156611
30.135	-9.1454	-4.2499	-0.311710277823687
36.522	-7.3306	-1.1206	-1.35968206136338
35.958	-2.3821	-5.0615	-1.26588259432657
35.83	-8.0329	-0.94709	-0.436507372374548
35.876	-2.8084	-4.9303	-0.956377214299071
37.469	-3.1858	-2.9957	0.625901330621609
31.26	-1.5383	-6.2118	-0.983047460303017
36.399	-7.0935	-1.8265	0.657969800377617
34.237	-8.2289	-3.8283	-0.833573160117095
36.16	-3.0067	-5.1595	1.645
36.415	-2.8229	-5.3315	1.07012709867145
34.351	-9.3416	-4.3517	-1.16971456031201
32.829	-2.2829	-5.3286	0.926476815702516
35.754	-8.7903	-3.0805	-0.77351432237273
36.879	-7.3031	-1.1171	-0.0494720652580545
36.083	-8.5847	-3.8822	-0.587212842895379
38.095	-4.4114	-3.0289	1.645
38.265	-5.2641	-1.6418	1.645
36.828	-7.5118	-1.7764	-1.40809741509177
37.368	-6.4768	-2.9922	0.239058082465735
36.978	-1.6567	-1.9199	-0.867626650695782
34.091	-7.9047	-4.067	-0.198938564999758
37.498	-3.5547	-4.4466	1.17461535107832
36.926	-6.1455	-1.226	1.34201863498277
37.298	-6.2867	-4.72	-0.622301558337738
27.546	2.3168	-0.11179	0.329717568081288
36.684	-6.916	-0.54257	-0.762541696199247
20.084	-12.312	-3.48	-0.802628768505729
35.97	-1.7404	-1.3486	-0.464042041581222
32.044	-10.644	-3.7583	-0.843874484304224
30.092	-11.065	-3.1338	-1.17251867365842
35.298	-7.0473	-0.77197	-0.734548995817291
37.07	-3.5895	-4.5398	-1.34560706378763
33.524	-0.99915	-6.1235	0.63795338549841
36.839	-2.8458	-4.6107	-0.293091606862195
35.107	-0.70271	-4.7009	1.26946254173705
31.698	-1.481	-6.3148	1.16809054634681
36.049	-2.8343	-0.31658	-0.340944043745049
36.646	-6.9621	-4.4572	-0.150693095360129
37.294	-1.9809	-3.4145	1.645
36.716	-1.7406	-3.0904	0.0515590141178589
37.083	-6.3311	-0.76982	0.339574363445768
37.377	-6.8635	-1.8859	-1.24657545215272
36.72	-6.1892	-0.64828	-0.874519400166114
36.942	-6.4637	-0.66239	0.550584142879019
38.277	-5.7043	-2.5148	1.41160148632067
33.753	-9.4761	-3.5559	0.15434451280911
28.015	-11.269	-3.5031	0.589199130482617
35.608	-8.7425	-3.6319	1.26701917658264
35.843	-6.6108	-1.5401	-1.03045222355867
33.845	-9.7813	-3.7695	-0.243474162401583
37.742	-3.366	-3.0438	0.282135671183556
38.09	-4.6696	-3.7878	-0.34940411124615
36.981	-6.59	-0.49138	-0.909467680453897
36.854	-3.5895	-4.6313	1.0800050573265
36.853	-6.3522	-2.1496	-0.726416870197506
35.913	-7.6121	-0.87189	-0.625027032593783
37.742	-5.3859	-2.9074	-0.276646211010507
35.716	-8.4489	-2.1184	-1.07179858317867
24.838	-11.328	-3.8629	1.38963937692345
35.257	-2.0901	-4.006	1.645
28.036	-0.32208	-6.6729	0.33440638301504
29.674	1.9213	-1.1953	1.04506951677629
36.89	-7.2192	-1.1222	-0.35188290177699
35.983	-8.1255	-2.4158	1.32871077049695
37.21	-4.2579	-4.7383	-0.987018767326183
37.344	-5.4244	-3.918	1.18094107550713
36.785	-1.4031	-3.5604	-0.0540651481041745
37.231	-3.9099	-4.7721	-0.536764384199228
24.668	-11.654	-3.2159	-0.234825807201762
33.627	-10.262	-3.7998	-0.709994470784916
36.358	-0.97953	-2.8211	-0.492803832529709
27.04	-0.27364	-6.8262	0.130761081796017
35.866	-8.262	-4.0059	1.645
27.447	-11.476	-3.9333	1.645
35.461	-6.7856	0.21	1.07411135128031
34.867	-2.1455	-5.957	-0.464048299754464
32.388	-10.109	-3.1943	-0.431789219436868
38.1	-4.3733	-2.6288	-1.3098188187977
33.966	-0.18969	-0.95979	1.645
34.157	-1.6204	0.0068926	-0.810117181450123
35.933	-6.8829	-0.44488	-0.903596793801586
37.046	-6.6266	-1.4054	1.18158739935279
29.713	-1.3836	0.57155	-0.285670369639067
37.244	-6.5933	-1.2809	-0.594857139643967
37.362	-2.3661	-4.0574	-1.39123512964967
35.179	-4.4275	-0.35156	1.645
35.769	-1.7993	-5.2612	1.15982186934407
36.927	-6.6277	-0.54409	-0.861849734921835
29.113	-0.98121	-6.9442	0.424335002561285
36.379	-3.7123	-1.4074	-0.972090213423803
33.552	-9.7298	-1.7604	-0.761332700499952
34.462	-9.6263	-2.7398	-0.651666011143023
37.508	-7.0244	-1.8393	0.114765049211451
37.485	-6.3438	-1.5371	-0.441666292175224
32.105	-1.7627	-0.10838	1.645
34.882	-7.8087	-4.7386	-0.193461167420207
36.272	-2.8487	-4.1937	1.08680844800361
30.4	-10.876	-4.4696	-0.309892304116349
37.173	-2.6245	-3.9132	-0.982110093065278
33.919	-7.0507	-5.0645	-0.8890562279072
38.176	-5.8106	-2.8118	-1.36113443618689
36.786	-8.3038	-2.0017	0.477545386430044
36.588	-2.8971	-0.65573	0.0332147914123379
28.418	-11.12	-3.9506	-0.319193737378626
37.028	-3.37	-4.176	-0.0954262016560443
37.75	-6.5893	-1.4592	-0.959194069867987
36.564	-7.3469	-0.8169	1.31853356877311
29.667	-0.36181	-6.2471	1.645
35.811	-7.1054	-0.26252	-0.674785869705005
37.088	-2.7651	-4.3048	-1.50484166445521
36.865	-7.6925	-1.6333	-0.201976383406604
37.467	-3.1874	-2.2578	-0.235446215720217
26.98	-11.301	-3.1408	-0.501681755812418
37.693	-6.9362	-2.1968	1.645
36.741	-6.2321	-0.25214	-0.395815610039037
29.6	1.593	-1.8446	-0.937875247816122
33.778	0.11392	-0.5513	-0.943524306839877
36.863	-4.6665	-0.57369	0.652421162162388
24.712	2.8802	0.58317	-0.364220749628705
30.806	-9.287	-3.5933	1.645
37.29	-3.1505	-4.2486	-0.84143710819227
36.345	-3.4584	-0.40195	0.489946735928458
37.798	-6.4612	-2.1662	-0.20660756941766
35.295	-7.3557	-2.6164	0.67342796494097
31.294	-7.8077	-4.7166	-0.432809918360002
38.105	-6.1144	-1.8308	-1.34354954195687
30.162	1.0924	-0.59141	1.60129082059898
36.093	-8.6628	-3.2445	-1.14061903108025
35.984	-1.9774	-4.2136	0.974064261742881
36.415	-3.3798	-0.64911	1.62459901996936
33.259	-0.86748	-5.1327	-0.36135749134144
29.772	1.7553	-0.20628	0.350310662835421
31.309	1.3203	-2.1248	0.236364165844601
35.304	-0.72865	-1.7241	-0.67640234046909
35.365	-1.0409	-4.4356	-0.973883395396362
37.918	-7.0786	-3.0856	-1.645
26.906	2.3831	-0.26394	-1.645
28.704	-1.2358	0.73461	-0.484809186637356
37.422	-3.4628	-2.3274	-0.820422676788996
29.878	1.9333	-3.6835	-0.066147131648809
27.045	2.3681	0.63953	0.245521314136549
37.112	-7.4161	-1.9881	-0.286776729801739
33.407	-9.7397	-3.9947	-0.937353615268719
38.053	-4.9272	-3.8114	-1.24590142788175
35.609	-7.1077	-0.68315	0.0686938059844609
34.055	0.053927	-3.4849	-1.42371464551286
30.178	1.4558	-0.55411	1.15562575105412
36.989	-2.1522	-4.4694	0.163839943721962
34.492	-7.3364	0.24994	-0.87298244902337
38.197	-3.1683	-2.8039	1.20167131417461
34.387	-0.70831	-5.5504	1.39860539512515
35.92	-6.9901	-0.49628	-0.969093586931782
28.048	-11.488	-4.1721	-1.26964366095051
36.12	-6.8519	-0.23334	-1.26250614092441
34.961	-9.0902	-2.5955	0.667423878774299
27.664	-10.9	-3.9195	0.183237223001389
37.028	-8.0319	-2.3737	1.43582523456236
35.937	-7.7764	-1.2843	1.11677477558238
33.824	-9.9319	-3.7705	-0.743829710695467
29.985	-11.016	-3.6217	-0.696239757923036
37.095	-4.2397	-4.9509	-0.280169468037762
33.721	-9.813	-3.1666	1.645
32.612	-9.982	-3.3678	-0.580446667774873
28.861	-2.2487	0.5869	0.685403405455845
37.519	-7.3869	-2.6661	-0.488555904488789
22.905	-1.2773	1.3333	0.108827323148374
32.506	-10.224	-2.3987	0.0790212911456889
36.223	-7.4272	-1.0084	0.930783200468831
31.828	1.1086	-2.2523	-1.15563449113833
36.927	-2.4784	-4.6331	-0.93226972705387
37.925	-7.2268	-2.1791	-0.759317780101867
36.115	-2.5821	-0.79798	-1.01445913210115
32.053	1.3059	-1.5197	-0.730603260481568
25.296	-0.72466	1.6146	-0.720047209499228
34.483	-1.1037	-5.7561	-1.50512026632976
36.626	-3.6918	-0.73483	-1.51073932076274
33.381	-2.7503	-0.92077	1.645
26.97	-0.27744	-6.7405	-0.858787250310828
37.406	-4.0066	-3.9598	-1.25370062103147
28.016	2.2856	-0.45016	0.108645118626781
29.373	-1.8565	0.38733	1.6354811491135
30.623	-10.628	-2.3359	1.63943235294323
34.205	-9.6351	-2.6179	1.645
37.444	-6.7964	-3.6172	-1.02234609896101
36.254	-2.536	-4.605	1.645
32.739	0.91199	-2.6954	-0.72876679720224
35.636	-9.2272	-3.3149	-0.29911785713451
35.521	-7.0953	-0.81215	-1.00971872338356
37.58	-5.6603	-2.0723	0.300324255470386
29.642	-1.2463	-6.7948	-0.577243681316162
37.883	-3.842	-3.38	0.689382100151408
24.995	-12.011	-3.4335	1.645
36.981	-7.338	-4.1057	-0.522629957616322
37.105	-2.5879	-1.2599	-0.206504611952158
33.106	-8.9881	-4.6548	-0.586119694782925
37.144	-2.5994	-2.8073	-1.15755354189377
33.365	0.518	-1.5642	1.645
35.159	-1.6508	-5.7185	-0.281667720535613
38.124	-5.9004	-1.833	-0.16219505793421
27.558	-11.495	-3.2371	-0.23509170449325
30.542	-6.0829	-5.3952	0.205206099196276
37.69	-2.9721	-2.3396	-0.509885241557869
37.023	-7.7618	-3.0738	-0.560217961407705
37.136	-6.9179	-0.88602	-1.06312568583702
36.261	-5.9674	-0.39885	-0.607576913363931
36.996	-7.5551	-2.6668	1.645
37.411	-6.3305	-1.4893	0.641755339874738
37.285	-3.4399	-4.4883	-0.253557785200059
34.744	-7.6455	-4.2175	-0.302548013728503
37.055	-7.808	-1.365	-0.120177260108283
32.785	0.6827	-1.7577	-0.817972561187132
34.864	-0.4048	-2.0771	-0.908721989531162
38.11	-4.4154	-1.7878	-1.15658931901399
36.721	-7.1728	-1.6014	-0.581498395879951
37.605	-6.5111	-0.87244	-0.390524374484465
33.965	0.34185	-2.8306	0.180092195955571
25.499	-1.9116	0.89186	1.645
36.986	-3.4192	-4.8641	-1.01147440051198
36.531	-6.2769	-0.45093	-0.501314792540679
35.675	-7.1694	-0.86933	-0.346602867407154
37.188	-3.3266	-4.129	-0.926589990627593
22.571	-0.57713	1.5151	0.956142636357276
37.872	-5.7018	-1.026	1.22681291769387
33.145	0.72644	-3.0346	1.645
35.112	-8.381	-1.5627	-0.466311706125244
34.808	-9.1052	-3.57	-0.0136991761881225
26.305	2.5123	-0.34699	0.0725363556395463
36.197	-2.5887	-0.88178	0.202130827490109
33.099	0.48603	-1.4884	1.10929578917954
36.022	-5.6927	-0.69924	0.839735328843307
36.383	-6.8969	0.11651	1.56567233395394
35.456	-3.3218	0.088323	0.225483791261199
36.617	-3.1258	-4.9507	1.59610081987171
29.989	-1.4419	-6.6104	-0.441986493217627
34.467	-0.7789	-5.5486	-0.390684248747378
35.352	-7.529	-3.7597	-0.172558910513528
28.91	-10.416	-4.3339	0.646552577299148
37.279	-7.3662	-1.4602	-0.45362961234541
32.946	-10.118	-3.8613	-0.269190029125369
37.259	-3.0075	-4.4835	1.645
37.709	-3.5095	-2.5169	-0.212590392692067
26.937	-11.434	-4.0353	-1.645
36.023	-3.1128	-0.9772	1.645
33.119	-10.31	-2.9906	-0.0860508095258753
35.409	-7.9537	-0.78786	0.437936250001985
36.627	-2.2565	-4.6513	-0.395928346581379
36.059	-6.6724	0.099282	-0.627019280807201
35.052	-2.3438	-0.25459	0.333631284625822
36.934	-7.1197	-1.3898	-1.00106300200638
38.435	-6.2835	-2.839	0.023701774336375
23.875	-11.581	-3.7265	-0.299206942488953
36.998	-6.6701	-0.68066	0.256222008676235
28.133	-11.456	-3.6026	-1.06160969240488
36.528	-6.7207	-0.3798	1.645
35.855	-8.5351	-4.1011	-0.347436671511196
36.584	-3.2355	-4.7375	1.645
36.04	-6.7814	-0.20054	0.685014757686116
34.746	-0.83355	-5.3832	0.604984672134009
30.026	1.6761	-1.1057	0.982513684823701
36.545	-7.0306	-0.54223	-0.207268039009682
37.569	-6.5148	-1.4642	1.21994166422079
36.466	-7.3544	-0.70317	-1.01657472453812
37.737	-6.611	-1.2513	-0.235450011385016
34.045	-9.3825	-2.7884	1.645
36.904	-6.9214	-1.6942	1.645
37.14	-3.0531	-2.5682	0.579126181763646
32.421	-9.9028	-3.8736	-0.790512714752599
35.633	-2.7754	-0.42644	1.4009554932903
35.571	-0.535	-3.7779	0.511958429802348
29.704	-11.031	-4.1478	0.343505139764314
20.474	-12.495	-3.206	-0.763220263016609
36.802	-7.1285	-0.91854	-0.812758994433717
37.732	-3.9914	-1.8724	-0.747658922397816
35.765	-2.3939	-5.2168	0.0678854133355602
38.276	-3.9029	-2.2387	1.44651506268319
36.778	-6.6332	-1.1096	0.749450598326649
35.111	-2.7285	-5.6907	1.645
37.702	-3.2554	-2.2478	-0.220629201522243
36.177	-2.5183	-1.6875	-0.408711988862588
30.886	-9.9839	-3.954	1.645
35.201	-6.4466	-4.6978	-0.144088414573829
21.515	-0.82075	1.3352	1.4527146560766
36.537	-6.8783	-1.0337	0.06069994542655
38.328	-5.5245	-1.6957	-0.305435959758597
35.975	-7.482	-0.79263	-0.254126398974143
36.056	-7.7506	-4.4819	-0.716441700637069
36.904	-2.4271	-4.0264	-0.205903034583455
30.396	1.5929	-2.7118	-0.701606350362904
37.89	-3.3009	-2.8666	-1.36234595370833
37.065	-7.2034	-1.1197	-0.095677247656235
37.208	-4.7836	-0.79393	1.645
35.769	-1.1302	-4.9338	0.897296240829504
32.677	-8.7274	-4.1685	-1.13942527702929
33.954	-0.85081	-5.874	1.645
35.599	-6.7579	-0.15719	-0.603962679858833
37.16	-6.6232	-0.7396	-0.588409721298627
36.651	-7.5829	-1.2475	0.97994069737539
33.493	-0.10664	-5.5756	-1.24576380705394
38.453	-6.2205	-2.5167	-0.539707811869432
36.99	-7.0988	-1.0916	-0.418222149344172
36.693	-6.5135	-1.0092	-0.577237892637105
36.301	-7.5684	-2.2311	1.17266485812611
34.051	-7.057	-4.9855	-0.0709452107438083
28.05	2.1178	-0.84351	0.134403253907878
35.366	-1.8119	-5.5672	0.403687267929187
34.568	-8.0682	-4.3868	-0.259829526878582
25.93	-1.2025	0.87789	-0.0198848638438671
33.831	-0.82131	-5.9073	-1.50212088617449
31.65	0.84958	-1.5053	0.396991924007416
33.85	-8.5339	-4.1833	1.645
38.382	-5.4187	-2.2298	-1.072329484848
36.636	-8.1869	-3.6598	-0.0278919272825254
37.001	-2.4226	-2.9225	-1.15851846125132
37.149	-6.3657	-1.3475	-0.679434801284893
33.189	-2.0783	0.76822	0.0148496305356
28.845	-0.3391	-6.3215	-1.02448886617317
37.883	-2.6633	-2.9858	1.2588760252147
37.379	-3.6702	-0.92475	0.289931641770988
36.534	-2.8847	-3.859	1.645
28.019	-0.25125	-6.6692	0.223658797609853
29.977	-11.456	-3.3584	-0.75436570649509
35.011	-9.3326	-3.6961	-1.17243010389534
35.464	-9.2253	-3.2972	-0.106672980753576
35.407	-6.9301	-1.0617	0.918309740265507
33.998	-7.9864	-0.16569	-0.710846344852521
38.637	-6.5948	-1.8103	0.304669335632211
36.426	-6.7145	-0.56541	-1.18563365662215
31.902	-10.188	-3.1425	1.645
38.137	-5.8416	-1.5113	-0.988343092713824
37.201	-7.6178	-1.6684	0.363519621023652
33.647	-9.5361	-2.9473	0.454205592003397
30.821	-10.162	-3.2975	-0.79432743473906
20.317	-12.541	-3.2969	-0.886442164994919
33.436	-1.2899	-6.2745	1.26652417875909
37.011	-5.9559	-0.4383	-1.21926657676195
30.639	-1.4277	-6.4224	0.384159819919567
37.879	-3.3745	-3.9897	0.0989592516448524
27.088	0.10397	-6.6888	1.645
36.304	-5.6636	-0.46282	-0.728345927912748
35.692	-8.8069	-1.7571	-0.866258457576951
36.476	-7.382	-1.0621	-0.425010820416122
36.345	-2.7504	-1.3676	-1.48639606612607
36.577	-3.213	-5.146	-0.633068762299254
35.726	-3.108	-0.29894	1.645
34.361	-1.276	-5.9627	-1.0549537130387
35.873	-6.1718	0.076158	-1.03921969419637
34.169	-2.2291	-0.29475	0.585676147554778
37.58	-4.0989	-3.3811	-0.447583844511436
36.754	-3.0007	-4.6999	-0.288407110851446
24.961	-12.173	-3.2356	-0.700798522290042
36.601	-3.3263	-0.83788	-0.402593107989771
22.106	0.18732	1.8667	0.245947201404016
36.212	-2.8864	-4.4424	-0.982527569109775
36.492	-7.4624	-0.46387	-0.918650282857528
37.484	-2.9589	-2.2054	-1.0350397084503
35.405	-0.70375	-4.8046	0.218123468940421
30.989	1.3364	-1.2695	1.40698824007846
36.12	-6.1442	-0.35725	-0.470505175602879
37.131	-4.5617	-0.87893	1.01079961736342
37.872	-6.6212	-3.506	-0.596745319351535
36.647	-7.5774	-0.80506	0.672003544484141
37.905	-5.2701	-3.6581	-0.693947634024215
34.751	-2.076	-4.7894	-0.205087839279303
37.745	-6.0125	-2.6235	-1.23482852531532
36.98	-3.2319	-1.217	-0.791748500046147
30.384	-1.1125	-6.3906	0.0540141514683737
35.493	-9.2462	-3.3582	1.645
27.767	2.2237	-0.43318	0.574685389388656
37.271	-6.6982	-1.6293	0.174070943211601
33.074	-10.314	-3.0415	0.839360556310658
28.402	1.6858	-0.84161	1.645
35.672	-1.7917	-5.3377	-0.583126173207226
38.276	-5.2348	-2.0977	-0.752181256300818
37.55	-2.3992	-4.0514	-0.638655568706762
34.807	-9.2413	-0.70097	0.950367753430154
33.652	-9.6058	-2.9365	0.393276895319404
34.537	-0.89781	-0.21511	1.22299371172683
37.505	-3.3844	-3.665	0.952628125529955
38.23	-4.9132	-3.4835	1.05331620753536
36.673	-7.7313	-1.7312	-0.368064856915852
37.421	-4.2265	-4.3602	0.607198066790783
37.061	-7.7577	-3.156	-0.569365996590507
33.548	-1.5978	0.067007	-0.848614229485253
37.776	-3.2527	-3.708	-0.642411934899287
37.28	-2.8613	-4.4514	-0.0665066036930008
36.674	-2.2954	-4.338	0.298487780183776
37.709	-3.0288	-3.4199	1.06751874648757
37.741	-3.5231	-1.6764	-0.338787633576996
36	-9.0717	-3.5695	-0.605397031573555
28.257	-0.68969	-6.8239	-0.372203457796113
36.969	-6.9389	-2.1567	-0.727711565824163
34.583	-9.2741	-3.2361	-0.69492265879354
24.401	-1.0807	0.94528	1.07394870932939
37.14	-4.964	-4.1295	-0.021522246719229
36.008	-4.144	0.37998	0.767141235770521
37.858	-5.3791	-3.9756	0.812985127555136
29.803	-10.77	-3.5859	-0.0688071454658895
37.878	-4.0903	-2.2179	0.105743642759324
38.418	-4.7373	-1.7362	1.645
35.769	-1.0613	-4.7791	0.41391564239766
29.493	-2.0896	-0.37662	-0.950203789636008
37.065	-2.8718	-1.9238	1.645
32.942	-10.187	-3.8424	0.305570012449335
34.669	-0.46744	-3.1166	0.546573662390139
37.117	-7.0294	-1.3152	-0.328098653434222
37.779	-6.3044	-1.8107	0.847900318808091
36.981	-6.4968	-1.3048	1.645
35.607	-1.8209	-5.5017	1.645
37.101	-2.5892	-4.5559	-0.434343216831331
34.344	-1.2254	-5.6987	0.848419872624202
36.444	-7.3508	-0.80357	-0.520557443763889
18.117	-12.427	-2.7497	-1.20243691825803
35.141	-7.3093	-1.8385	-1.10807763018701
37.799	-3.4383	-3.9197	-0.843145503870831
37.184	-1.7013	-2.732	0.408013086190242
33.046	-8.5364	-0.65937	0.189645875474853
38.175	-6.4615	-2.3743	-0.784051000554847
35.311	-1.2939	-5.3454	-0.755348290294968
35.503	-6.2815	0.51715	1.11607563845001
37.578	-3.8494	-4.4812	-0.0505772633012515
37.644	-6.4692	-2.6675	-0.646495416577544
35.2	-1.6433	-5.5416	-1.01625695535543
28.725	1.7036	-0.72164	1.27360539411906
36.316	-4.3292	-0.2157	0.467113908123221
28.13	-0.42296	-6.6429	0.210462352142195
27.464	-11.751	-2.8039	-1.15599032393812
37.53	-4.251	-3.1865	-0.651158642041607
37.948	-6.3604	-1.6608	0.927148521346526
29.757	-0.67542	-6.5392	-0.443559494040391
35.556	-2.9167	-0.96308	1.4899997155441
35.812	-5.4805	-0.52955	-0.621361906196385
35.965	-2.0548	-5.2201	-0.381145949523281
36.885	-8.2585	-1.4113	-0.655904301721952
35.78	-6.7263	-1.6317	-0.458429996060773
27.857	-1.7479	0.28644	-0.0766074322750453
35.664	-1.6218	-5.105	0.074068579259927
36.57	-1.9504	-4.6956	1.645
35.653	-7.9359	-0.91161	-0.461033222285737
37.769	-5.0176	-1.871	0.166274295169031
25.232	-11.836	-3.4376	-0.44156900576867
25.402	-11.378	-4.1255	-1.27395545803228
36.003	-7.4847	-0.98669	-0.472960078063891
37.838	-3.7151	-3.567	0.0552795141035226
34.571	-8.8569	-2.5749	-0.389221614115848
37.469	-3.0494	-4.2007	-0.275208237229536
31.329	-9.8618	-4.0712	0.645596757696872
36.901	-2.8551	-4.7309	1.50615971437249
24.761	3.1961	0.59405	-1.06637607753505
35.129	-7.3311	-0.43908	0.145849527194816
35	-8.9277	-3.0689	-0.557613104930252
36.007	-6.7848	-4.2244	-1.02146766736618
34.09	-1.9336	-5.9096	0.401090624253723
37.138	-4.5323	-4.5154	1.645
34.481	-0.83471	-4.8208	0.0292257076788225
35.239	-3.0074	-0.11223	0.833537235316591
34.119	-1.5572	-3.3554	-0.200167121957114
35.901	-7.5783	-1.5121	-0.12495176450288
36.922	-6.114	-0.78434	-0.45328231441267
33.454	-0.75361	-5.856	-0.590640719847369
36.133	-7.4211	-1.9201	-0.811888796989981
34.545	-0.57259	-5.36	0.848413570231415
31.621	1.471	-2.1952	-0.260971313921053
37.4	-6.6576	-3.761	-1.18096292478766
34.324	-1.491	-0.028499	0.0225924523738716
36.963	-3.5361	-2.5995	1.01204135108995
37.766	-3.2181	-1.9562	-1.45395893333756
37.729	-4.9993	-4.3855	-1.59221669511893
25.941	-0.49807	1.7601	0.0037704393970324
31.917	-9.7447	-4.6294	-0.282334868013964
37.609	-6.1563	-1.2378	-0.74061820686298
38.515	-5.1784	-2.2231	0.43237637098012
20.494	-12.103	-3.3423	0.083552921624678
36.421	-8.4179	-2.0881	-0.737234807266226
35.914	-2.1429	-5.1293	-0.67284430423572
35.577	-2.1617	-5.7207	-0.307247837187558
37.645	-3.0373	-2.7639	0.13577298958311
37.307	-6.0201	-1.5607	0.136495012649136
18.476	-11.922	-3.6567	-0.807869662476764
36.719	-7.5573	-3.667	0.277077954566867
35.576	-2.7145	-1.1661	-0.807892326969609
36.772	-2.0808	-3.8427	-0.748142037481484
31.849	-10.422	-3.1593	-0.242964982401818
28.79	-0.60836	-6.4231	-0.889948197511166
35.874	-8.6177	-1.8043	0.0231653300999001
38.043	-4.5569	-3.3936	0.0324583723806638
36.965	-3.0487	-1.9398	-0.948930474302863
36.66	-6.6386	-0.37036	0.0563668274173646
24.144	-11.871	-4.1725	0.156348962344251
36.394	-7.593	-0.62675	-1.04145271726093
36.807	-2.7145	-1.7884	0.59117947158583
35.169	-9.4052	-2.0994	0.4667913328431
37.522	-6.8014	-1.605	-0.998226179249359
37.185	-5.435	-1.2468	-1.07208255209511
33.492	-9.8817	-3.9009	-0.576203862899559
36.349	-7.4662	-1.0629	-1.06069626955912
33.42	-1.847	-0.09335	1.645
36.39	-6.9544	-0.46647	-1.15784504768998
35.188	-7.5203	-0.50527	1.4517299155057
36.17	-7.445	-0.85062	-0.131839173001278
27.802	-0.52154	-6.6001	-0.800429436158216
37.316	-6.1483	-0.43037	-0.658117582961802
37.192	-7.2199	-0.97104	-0.658092909951118
33.537	-8.6364	-4.1537	-0.694501715950281
35.702	-1.5553	-5.3066	1.645
31.865	0.77388	-1.3397	-1.06054918489979
36.613	-3.0796	-0.94265	-0.337699505132534
27.788	-0.7983	-6.5807	0.832701074490006
38.39	-4.8164	-3.1837	0.852735276325331
25.809	-11.625	-3.7767	-0.0560693995402512
33.643	-1.3637	-2.5897	-0.227327383204115
36.791	-7.3313	-1.4707	0.136350431689355
31.148	1.1191	-1.7657	0.345422295088757
35.878	-8.1252	-1.6888	-0.357388231736188
37.161	-6.9458	-4.105	-1.62149239382327
37.14	-3.9296	-2.3872	1.645
30.361	0.79431	-0.83387	0.511027821905459
35.237	-0.69076	-4.8874	1.45761026341454
36.758	-6.2914	-0.49534	-0.505825081576344
25.823	2.7506	-0.30933	-1.18375799733932
36.234	-7.6629	-0.97961	-0.744127378765184
36.185	-8.2947	-3.287	-1.4421444870259
35.228	-8.4952	-3.2171	-0.483188311427319
36.054	-8.1439	-2.2738	0.312204036961665
35.452	-7.5059	-1.1164	-1.53745009992269
36.523	-6.9224	-0.55317	0.45171437816122
36.584	-6.9242	-0.77023	-0.479604421444172
29.81	-10.35	-3.8864	1.16875860797726
37.127	-7.6054	-3.972	1.645
37.018	-2.1404	-3.4635	0.655912231215685
35.436	-6.7361	-0.95815	-0.631419486444842
33.884	-9.4559	-2.2002	-1.61180196215297
37.301	-2.9975	-4.1287	1.645
37.081	-2.2684	-3.7777	-0.532615463193516
36.334	-6.388	-0.29077	-0.582350288504849
36.607	-2.9684	-1.1872	-0.480229991193778
36.359	-7.4549	-1.0004	-0.72594002205056
36.147	-2.2079	-4.9607	-0.792094588354124
32.89	0.72047	-2.1587	0.00181534541111483
29.979	-11.824	-2.9049	0.752908343827158
33.362	0.38835	-1.7634	-0.782064978215412
33.546	-0.34527	-5.445	-0.618776018662934
36.517	-7.0275	-0.29672	-0.39275799001448
27.224	-11.557	-2.9923	-0.999132084878374
31.873	1.1603	-1.4668	-0.0784949207718234
38.365	-5.7093	-3.163	-0.225591141332677
37.348	-6.549	-3.1685	-0.0198491852096393
37.198	-6.5255	-1.0386	-1.13820488367463
36.836	-2.003	-4.5542	-0.963802931365944
32.857	-1.747	1.0811	-0.0286674714788382
36.442	-8.308	-1.1302	-0.502189736729521
37.13	-3.482	-3.5833	-0.770854282861138
24.948	-1.1145	1.1193	-0.90692588549066
31.151	-10.386	-3.707	0.183065286616585
36.038	-5.389	-5.311	-0.478031223207429
37.305	-7.1596	-1.4898	-0.356087988928178
28.696	-0.68077	-6.8741	0.196393117065656
33.366	-9.9976	-3.4617	1.11978498995622
36.619	-3.3442	-5.008	-0.482367323081145
33.758	0.38343	-3.2386	0.914257499109806
37.164	-3.1932	-4.4762	-0.488259716133468
37.024	-6.2246	-3.3113	1.30092569973562
34.079	-9.9018	-3.0968	-0.887174321579101
34.883	-4.4287	-1.5223	-0.118380050622212
20.821	-12.156	-3.2601	-0.546137711368572
28.415	-1.9853	0.6287	1.645
37.908	-5.4849	-2.8675	-0.742548116122655
36.562	-7.8558	-2.4601	-0.617759804765024
34.841	-1.1825	-5.6789	0.75318053032443
32.196	-1.6907	0.61627	-0.928443524379229
36.825	-5.2081	-2.5948	-1.04346464275029
38.275	-5.2304	-2.3682	1.645
29.709	-10.969	-3.9119	0.730677468348417
37.27	-6.2276	-1.1357	-0.757976526573819
37.38	-3.0814	-1.6637	-0.638706205660832
37.654	-2.3191	-2.4915	1.24432795134182
34.061	-9.7107	-2.6267	-0.510576002608191
34.364	-0.084456	-4.3062	0.365527325974321
33.716	-7.4941	-2.944	-1.13731705761869
36.327	-3.639	-5.216	-0.568979218450036
24.603	3.0977	0.72789	-1.14207891460109
30.771	-10.607	-3.8479	-0.0778506913282119
37.711	-5.9719	-3.357	-0.778274852144007
36.358	-3.1915	-4.9347	-0.252387318672074
36.642	-7.6993	-2.0698	1.10537333376145
34.25	-0.42419	-5.4538	0.157258273976125
27.673	-11.413	-4.0307	0.687408006931858
32.123	0.60269	-0.86491	-0.00852787448394343
33.532	-9.5404	-3.8361	-1.55945392897362
37.373	-6.9962	-0.69014	-1.24627640147128
36.058	-0.71232	-3.8443	-1.641060332046
36.295	-7.3641	-1.1927	-0.674103794834688
28.246	-11.364	-3.9274	-0.208105119667278
29.377	1.7668	-0.97623	1.645
37.704	-6.9036	-3.5007	-0.229112723410932
31.846	-3.3065	-0.63738	0.198434860322586
31.845	1.0033	-1.1008	-0.0619418621620579
37.568	-3.1113	-4.1591	-1.5900724867273
33.832	-8.7472	-3.3011	-0.833549735275458
36.419	-6.6899	-0.5559	-0.696782245605477
25.224	-11.867	-3.7074	-1.03453250831599
37.012	-7.5666	-2.4787	-0.5310915022273
32.99	-8.9546	-0.21807	1.645
37.101	-6.2474	-1.5272	-0.9636763966322
31.882	0.099737	0.85538	-0.21351664908311
35.856	-6.2175	-4.9262	0.637210187780629
36.682	-6.2436	-0.22291	-0.952224919459396
37.175	-3.326	-4.0231	0.560361007678398
36.446	-6.3734	-4.8093	-0.455183350516272
37.393	-3.4946	-4.3244	1.57481982013657
34.7	-1.2137	-5.6412	-0.826644607106258
36.82	-6.9642	-1.231	-0.0738704066061552
37.784	-3.0457	-3.1938	1.37379304366387
37.076	-2.1343	-2.4981	-0.845993809626579
37.322	-7.6218	-1.4826	-1.62031545350582
35.131	-9.2436	-3.3567	-0.127231490282575
38.228	-5.9979	-2.4075	-1.22959630790927
35.127	-9.5065	-3.6642	1.30853092639773
37.031	-6.9763	-1.0374	-1.645
36.775	-7.7189	-0.67347	-0.236536123136711
24.869	-11.715	-3.337	0.515720766323265
36.573	-8.3132	-1.1099	-0.190532807644063
34.93	-7.4385	0.28604	-0.841016589321029
36.626	-5.7911	-1.2278	-0.909272633793208
37.97	-6.9158	-1.8538	0.880436544907303
35.877	-8.4213	-3.4308	1.25134564716918
32.951	-2.1329	0.73755	-0.782099360769575
34.523	-6.4037	-5.2684	1.645
36.759	-7.1446	-0.57465	-1.15846382510117
36.844	-2.8627	-4.1771	0.803336263405004
36.38	-3.1166	-4.3906	1.645
37.076	-4.767	-1.1442	-1.13492879227971
28.461	0.98628	0.17033	-0.0365944649519015
34.952	-1.4921	-5.7799	0.207086312088338
34.17	-1.3725	0.13005	1.26650137167587
36.807	-6.8513	-1.4331	-0.211604379919663
36.04	-8.1498	-3.5092	-0.891333665769963
37.474	-3.0541	-2.0965	0.322856370638438
37.554	-2.4907	-3.7862	-0.468295459476685
33.424	-10.084	-3.4669	0.192081881564459
36.482	-1.3979	-3.6565	-0.534434007394528
37.298	-5.8161	-0.65225	-0.130455738265407
37.487	-6.2291	-1.7669	-0.383775533405178
35.328	-8.9384	-1.7754	-0.895391399218451
38.014	-5.9577	-1.8809	-1.29456931332307
36.22	-7.0306	-1.8249	-0.262212456483994
36.993	-4.0546	-1.8566	1.19485844354767
35.233	-8.8871	-3.1131	-1.06556335095249
35.372	-7.55	0.094466	1.14188719053729
23.052	-12.064	-3.317	1.52408043539782
31.224	0.17342	-5.7504	-0.873990489126842
36.07	-7.6448	-1.1824	1.645
36.514	-8.5327	-2.2652	1.37114814371577
36.51	-6.2637	-0.54518	1.23845276217485
37.772	-3.5059	-3.3861	-0.628351423875942
29.683	2.3099	-1.5653	0.187377700081532
28.11	-1.8263	0.47221	0.58748617787996
37.079	-6.2808	-0.77346	-0.0686914619754176
33.449	-0.70302	-0.86649	1.645
36.307	-7.1819	-0.72469	0.803649210995188
36.092	-3.3609	-0.37577	1.0005336405653
12.655	-12.024	-3.1062	-0.329466965902164
26.865	-11.889	-3.6093	-0.463698649695774
37.3	-4.165	-1.6175	0.279923790810392
28.23	-0.50422	-6.5389	0.280091277816964
36.139	-7.2369	-0.64364	-0.631647965652589
22.655	-11.631	-3.7513	-1.48457042097117
29.127	1.8274	-0.60295	1.645
32.521	-10.366	-3.3013	-0.58915004190817
37.367	-3.737	-1.2535	-1.08298819204373
37.718	-6.805	-2.3753	1.645
36.747	-2.8716	-4.7368	-0.257672114497035
35.929	-8.1243	-1.4357	1.645
27.258	0.22043	-6.3336	-0.352402569480314
31.452	-9.1478	-3.2273	1.27202180947415
36.289	-2.5821	-5.4333	0.117267096619489
26.075	-11.349	-3.6326	0.890367813186204
35.451	-2.0421	-5.2604	-0.863803636168537
35.196	-7.2738	-0.20346	-0.725066649972329
36.1	-5.7452	-0.9397	-0.44999609651401
37.056	-2.086	-4.1943	0.261634939448487
36.415	-1.8489	-3.4901	-0.528384315798386
33.378	-9.128	-3.986	0.599653196859767
23.422	-0.66444	0.89025	-0.837474565418364
36.135	-7.0239	-0.50614	-0.168628869668976
33.331	-10.091	-3.2853	0.510264220518521
35.444	-3.6749	-0.45329	0.429467747832992
31.206	-10.908	-3.2517	-0.54993100953122
27.282	1.8772	0.36123	1.01190233147719
25.277	-1.3055	1.488	1.645
29.477	-10.678	-4.2809	-0.650827520970286
27.847	-1.0006	-6.7591	0.440327626001991
34.343	-1.6947	-5.9695	-0.0428996484598085
35.606	-2.0846	-5.5897	0.987608404910823
36.194	-6.8002	-1.6144	-0.703620221412202
24.003	0.13853	1.4663	-0.696272511394961
32.197	1.205	-4.1368	-0.147511068070818
38.305	-4.7921	-2.3396	0.106554004236284
33.301	-0.8584	-6.2191	1.08592679807039
34.929	-9.3154	-3.3453	0.0335298431058794
35.006	-5.2704	-0.66318	0.426840402223921
38.018	-4.0021	-3.4175	-1.645
37.717	-5.9636	-3.8253	-0.828552022828368
31.208	-10.341	-3.9103	-0.0813537732408789
36.309	-1.0166	-2.6914	-0.648080504942717
38.216	-4.6273	-2.5373	1.58530192981915
26.104	2.9775	0.38525	-0.549426100034865
35.954	-7.1833	-0.97152	0.262465071820496
30.474	-10.434	-3.6727	1.06672001790437
36.13	-2.8164	-5.1146	-1.19532496172237
30.821	-10.653	-3.8519	-0.413116965107107
37.163	-4.0055	-1.8496	1.645
35.948	-1.8128	-5.129	0.140884905586029
29.893	-1.3723	-6.5831	-0.259396801240114
37.707	-3.9647	-4.055	0.876084306824904
37.718	-6.2576	-0.89144	0.388190242390044
37.946	-3.3618	-3.7233	-0.0787226272674339
29.737	-10.997	-3.7093	-0.199945330484692
38.329	-4.7319	-3.6869	-0.618959013824398
36.328	-7.1272	-0.93379	0.499870261119493
34.624	-9.1756	-3.8766	-0.885421209051365
36.729	-7.5145	-3.1312	0.214300433098122
36.605	-7.0821	-2.621	-0.251281774852975
36.064	-7.1385	-1.2273	-0.355262644187618
36.733	-2.908	-4.739	-0.27440394262744
37.485	-6.1472	-1.8209	0.316236523263028
34.893	-8.2576	-0.2879	-0.93550534333644
29.457	-8.1844	-4.6495	0.629888496009306
36.367	-7.0131	-1.7098	0.997981518494491
36.42	-7.2465	-0.79641	-0.294696759891444
36.36	-2.2355	-0.98092	-0.847187259306847
29.408	-0.87213	-6.5897	-1.02537961309674
25.345	2.9604	0.81839	0.735317758703732
36.496	-7.1131	-0.84695	-0.763280238221022
31.618	-10.13	-4.2517	-0.376622844986804
34.285	-0.88002	-5.7289	-0.157206778518406
36.835	-3.5596	-0.94827	-0.53018390574494
36.026	-6.626	-0.1023	-0.988090707594662
28.693	1.9418	-0.84665	1.645
33.996	-0.50546	-3.2843	-0.205662940896275
37.674	-6.0117	-3.9316	-0.0961707002105742
36.271	-7.3453	-1.3238	-0.531412122391952
37.501	-3.63	-3.2459	-0.475267566871084
36.099	-7.3386	-0.73775	0.230207958977901
32.498	-1.6331	0.075498	-0.174640523457694
37.265	-6.8089	-1.3866	-0.8364278614375
35.681	-8.7417	-2.8366	-0.111560265947061
37.692	-3.8642	-3.9815	0.427565515387475
24.281	-0.95431	1.6062	1.645
35.592	-6.7005	-0.93449	1.645
34.234	-9.0501	-4.1876	-0.890414663611578
37.502	-6.2755	-1.1577	-0.60759219947433
28.058	-0.40419	-6.5521	-1.26329517507441
35.879	-1.4706	-5.0897	0.625504298606684
37.034	-2.7736	-2.7544	-0.664274337164149
36.059	-5.4499	-1.2052	0.298965007911847
33.607	-1.7542	0.66326	1.04706969377614
25.808	2.4843	0.20229	-0.446500342131567
28.764	-0.51537	-6.6424	0.124845184551515
36.79	-1.1179	-1.9369	-0.756161330954722
34.944	-1.8333	-5.6746	-0.616114551816742
31.258	-10.897	-3.3516	-1.11703567153713
34.672	-9.018	-2.7887	-0.577475618556227
37.998	-6.5588	-1.1578	1.645
36.937	-6.6664	-1.0888	1.33771700951567
29.473	-2.0004	1.2233	0.260843116282353
34.849	-9.695	-3.414	1.645
28.46	2.2846	-2.1237	0.498613631521792
36.16	-6.2388	-4.6065	-0.818151790297164
33.256	-0.209	-5.6186	-0.294045169431386
36.769	-3.844	-5.1959	-0.745974739008734
36.718	-6.6751	-0.98773	-0.117114137890534
36.89	-5.1349	-4.9182	1.12855958032894
35.541	-0.99494	-3.919	-0.00410383749299118
37.262	-7.6743	-2.5575	0.531999024659737
34.092	-8.9227	-4.1576	-0.334247882958145
33.209	-1.3065	0.58739	-0.138875122900975
35.517	-6.5056	-0.50915	1.41557747048609
37.832	-5.746	-1.2789	-0.114809480852771
37.579	-7.1001	-2.0947	-0.611255547040194
33.448	-0.77411	0.15523	-1.16191224514749
37.252	-3.2123	-4.5515	-0.0350979848625188
37.836	-4.3579	-3.3202	-0.252390273669779
33.741	-1.9733	-5.4226	-0.0802562565315503
34.187	-1.4715	-5.6999	-0.0279623358678206
27.103	-1.7895	0.51807	1.09923560105941
34.872	-9.2335	-3.1798	0.470847368279014
35.762	-2.4738	-4.9674	0.416766114437309
36.616	-6.8313	-0.47681	0.887468157601948
36.12	-6.4143	-1.0835	-0.0226211563352429
35.689	-6.7757	-2.8578	1.53715140546965
35.832	-1.7551	-5.3572	0.106650541144501
37.269	-6.594	-4.1428	1.645
36.292	-7.3381	-2.103	-0.671481973426938
36.488	-7.3251	-2.3262	-0.74168434979642
35.848	-8.0086	-0.74692	1.645
35.12	-1.2742	-2.8903	-0.93142815974574
37.819	-3.8939	-4.081	-0.176675606708617
36.905	-4.2578	-0.4808	-0.878499653898311
19.144	-11.629	-3.5846	-0.704372965986321
35.886	-6.8034	-0.66589	0.643913631516754
35.146	-6.8688	-1.1453	-0.737967532790888
38.211	-6.7695	-2.7243	-0.447881218653137
36.834	-7.6649	-2.6837	-0.0975751542065104
38.1	-6.0953	-1.2467	-0.789902352644679
36.741	-6.3389	-1.159	1.01094200189203
33.708	-6.1344	-5.2625	0.785805372393954
29.143	-1.0016	-6.5471	0.360414936227641
37.447	-2.7711	-3.2962	1.54102179695394
31.588	-10.845	-3.7152	-0.898861981374849
38.086	-4.8205	-3.8928	0.435838550158298
38.398	-5.8134	-1.1318	-0.592019831576886
26.795	-1.38	0.76789	1.645
28.168	-0.41404	-6.7192	-0.385690363113069
31.983	-8.192	0.43924	-0.664386373643163
32.373	0.99622	-2.1654	0.485151522967256
34.85	-8.5722	-4.0191	-0.753521696034423
28.639	-1.7463	0.11451	-0.401022682917056
34.733	-2.7372	-1.1845	0.471215936849358
35.336	-1.5855	-5.3664	-0.759688297115883
31.428	1.6486	-2.2588	0.376951658989394
25.634	-1.2253	0.94194	1.01269154868593
36.409	-6.4671	-0.54685	0.551991522018958
37.756	-7.1614	-3.4233	0.216617751334205
38.169	-4.0381	-2.3338	-0.253800340792088
33.859	-9.2605	-2.5721	-0.305717644845163
22.178	3.5218	0.97528	0.386912732041963
30.447	1.4981	0.012136	1.10013195865471
32.161	0.91575	-1.7862	1.45073155302732
36.11	-7.4497	-1.499	-0.712632584410319
33.235	-10.72	-2.9872	-1.28379713918517
35.249	-6.5454	-5.549	-0.250027026367597
35.212	-2.5121	-5.7232	1.48758128583307
35.511	-1.8353	-5.3157	1.4192894691863
37.024	-5.0281	-5.0016	-0.10502291614969
36.112	-7.3194	-0.71772	-0.556575326944087
37.342	-6.7824	-1.0638	-0.424317011937493
37.434	-3.8318	-1.858	-0.869956480188603
34.186	-2.9176	0.81454	-0.764678869598653
25.658	-11.743	-4.0632	0.86564992860054
34.398	-1.8175	-6.1834	0.0314068018363954
36.439	-2.5243	-2.1194	0.160458052047403
20.617	-0.3175	1.6639	-0.572717215913044
36.03	-6.7396	-2.2656	-0.117523729816535
37.23	-3.1353	-2.1204	-1.645
28.874	-11.12	-4.0281	-0.184589669625937
37.317	-6.8573	-3.3818	-0.383061533352252
37.809	-7.1081	-3.5919	0.0578682644506698
36.868	-7.3659	-3.4925	0.861782884896128
35.376	-7.6203	-0.86273	-0.142331840885927
36.707	-6.8401	-1.3848	0.382348731678317
28.667	1.635	-0.37636	-0.912016831469768
26.716	-11.636	-3.9302	0.832648750285295
37.578	-6.9156	-1.9975	1.645
36.195	-4.2493	-5.2274	1.645
32.801	-10.494	-2.9191	-0.391238871615999
29.712	-0.9678	-6.7499	1.645
36.513	-7.4862	-2.793	0.36728103291504
36.474	-2.0151	-4.8982	-1.21518865671083
26.345	-1.1055	0.5634	-0.0489629876032484
37.663	-3.1052	-2.6371	1.645
34.219	-0.7002	-5.219	-0.815080645267269
35.933	-8.4365	-1.8553	-1.07479077450076
36.115	-6.9508	-0.31193	-0.682047757661716
35.477	-1.5291	-5.0441	-0.688635535280743
31.616	-10.133	-3.0478	0.445706904400623
36.034	-7.4432	-0.97491	1.645
33.226	-8.1007	-3.0252	-0.326631717114895
36.92	-5.8143	-0.62305	-0.972666019808278
29.628	1.4832	-0.091737	0.018823656498047
36.96	-6.9343	-1.0159	-0.63640773035191
37.216	-7.7869	-1.3901	0.0137972106792452
37.731	-4.9146	-1.0312	-1.40353783743472
36.671	-6.1766	-4.2952	-0.482657812541577
35.042	-7.5012	-4.9165	-0.82248447454557
36.872	-7.3054	-1.1125	0.185185046861651
32.883	-8.6579	-4.8132	-1.05180641522916
37.809	-4.4404	-2.6843	-0.914490473892237
34.078	-0.040589	-5.3448	-0.734096278303325
37.352	-7.3788	-1.6396	-1.26278970047218
37.597	-4.7139	-4.268	1.645
38.074	-4.3028	-2.4632	-0.831580433229977
35.801	-6.039	-0.10692	0.237449021238723
27.955	2.3396	-0.87238	-1.15885719798231
37.405	-2.8884	-4.2719	-1.09751569807263
37.343	-6.62	-3.3463	-1.43371325411408
36.811	-6.4165	0.35144	-0.518326382202608
28.024	-11.618	-3.2678	1.32958031884671
36.185	-1.9151	-5.1717	1.645
37.81	-6.0972	-2.6215	-0.984020363610696
37.128	-7.3755	-1.516	-0.822587867125116
36.205	-2.6511	-0.80731	-0.449210935521704
37.393	-5.8686	-0.98026	-0.0678731243857897
35.742	-8.0212	-3.8443	-1.5215842170905
35.071	-9.1648	-1.7033	1.13624698287231
36.204	-0.51726	-2.602	-0.452220499902374
24.502	-11.889	-4.0808	-0.575073879497776
35.881	-1.4853	-5.1216	-0.918258637739792
35.733	-1.9219	-0.14499	-0.608256428738875
35.949	-7.0988	0.036498	-0.325131680864191
24.282	-11.844	-3.4144	0.370524817014835
38.583	-5.346	-2.3082	0.855591945195352
35.54	-1.4891	-4.931	0.0356016680907228
36.699	-4.6467	0.089536	-0.73727123860905
27.931	-0.28496	-6.5634	1.645
27.991	-1.7102	0.46544	-0.59194847516116
35.992	-6.343	-0.027214	-0.891375304929204
26.259	-0.18253	-7.0548	-0.493671373269238
29.138	-11.188	-3.8476	-0.367663881622071
36.433	-4.7672	-1.4114	-0.912200469556634
35.68	-4.0853	-5.459	1.62351371322434
35.951	-1.7764	-5.2628	-0.0169221501663944
35.139	-7.3104	-0.6746	-0.802550349703437
34.05	-7.3166	-5.0561	-1.56020737408195
36.503	-3.0435	-4.7703	-0.34192693038103
38.313	-5.8634	-3.2643	-1.16856352972208
28.339	-11.288	-3.7747	-0.231238102348239
36.819	-2.209	-4.6629	0.493606368703277
27.676	-0.63697	-6.9622	-0.237745377511369
36.404	-0.77396	-3.045	-0.345524185995234
35.615	-2.2489	-4.7724	-0.6316786921562
31.359	1.2267	-0.79001	-0.492930585709129
32.896	-9.6574	-3.1526	-0.184666453417516
37.36	-1.9229	-3.4248	0.25578853317865
26.475	2.8001	-0.13414	0.354816118011773
37.4	-5.3887	-1.203	-0.103221958547134
35.233	-1.7225	-5.4094	1.268221126999
28.796	2.6423	-1.0447	-0.650857460193175
36.16	-6.4134	-0.87063	0.132092214358907
36.387	-2.0945	-4.6511	-0.250230077321008
36.383	-2.5713	-5.1106	-1.31646975033128
36.121	-2.9466	-5.1363	-0.961418942958643
29.467	-10.775	-3.9691	-0.683820807290202
36.851	-6.8	-1.1773	1.34171904509993
35.119	-8.7121	-3.9509	-0.530618191748218
36.054	-7.6498	-0.76852	-0.629927053648145
37.929	-6.679	-1.6821	0.12916329875863
35.171	-6.1369	-1.2886	1.06766347125139
31.554	1.5166	-0.70294	1.12390369674794
35.983	-6.7157	-0.25748	0.143172712966395
36.013	-5.2962	-5.2194	-0.680606722337027
33.349	-0.35116	-2.0425	0.835257551116262
37.71	-3.7762	-3.6003	-0.395851754706332
35.622	-3.6657	-1.0615	0.159224094409612
32.13	-10.432	-3.3767	-0.456852551956528
33.459	-6.2113	-5.0877	-0.210927168203351
37.108	-2.6266	-1.3105	0.790397581293193
27.568	-0.41487	-6.818	-0.131863236042359
35.498	-8.087	-2.6598	1.22816069555372
36.759	-3.5836	-0.81804	0.511520587994467
37.885	-6.1483	-4.0581	-0.194746239047727
16.859	-12.177	-3.2421	-0.445681107287884
33.734	-9.5652	-3.4776	-1.645
28.577	-1.9917	0.59004	-0.777326523555756
36.196	-2.2167	-5.2777	-1.08863253220279
36.539	-6.8839	-1.4043	-0.0144752808324138
36.734	-4.8522	-4.9762	-0.778859999153384
35.898	-7.0416	-0.93679	0.174860421104848
37.272	-6.8375	-1.1314	0.650897682251141
37.069	-7.3037	-1.1191	-0.234078465089638
28.073	-11.668	-3.1194	-0.349373578787195
33.424	-10.297	-2.9498	-0.00915232237598803
31.972	-10.291	-4.3015	-0.692106433290319
30.715	1.0071	-0.9415	0.909303267936484
35.946	-6.5489	-1.2203	1.06757320473823
37.038	-4.3294	-1.0892	1.43742424495649
37.034	-3.681	-5.0419	1.645
36.655	-3.0677	-4.4207	-0.746338852476052
37.261	-2.7718	-4.19	-1.01546831755519
37.404	-5.4861	-1.3972	-0.536076275422595
36.613	-7.1136	-0.79163	-0.12107020566248
37.59	-3.4846	-3.6459	-1.38596678436738
37.157	-2.2965	-4.1908	-1.47723294604586
37.128	-7.3771	-0.91807	-1.08182410705024
35.773	-7.8802	-0.81617	1.645
35.349	-1.7696	-4.8635	1.06324431177938
22.216	-0.28528	1.8218	0.899584838160315
37.523	-5.7548	-4.5898	1.09862708128527
37.961	-4.5137	-3.6152	1.46214100273459
24.414	-12.142	-3.2013	0.632563256100205
35.209	-2.4738	-5.3197	1.08307298171993
38.141	-4.2786	-2.7783	-1.25197287989166
36.751	-6.7733	-0.83624	0.0612481008364535
35.72	-8.5251	-3.5035	-0.494345406509669
36.91	-3.242	-1.1441	-0.503873769608308
26.615	-11.683	-3.4185	-0.576411290716403
21.132	-1.0722	1.3773	1.15559872144434
35.802	-9.2502	-3.1529	-1.02533412198841
27.815	-0.57083	-6.707	0.390755098337971
35.815	-7.8946	-0.37288	0.228411504773925
38.411	-5.9434	-2.5654	-0.490666758925317
37.126	-1.7498	-4.0023	-1.53617856977281
35.622	-2.128	-5.639	-0.398385305033367
34.821	-6.2335	-5.3327	-0.553522844257036
36.678	-7.6703	-1.4146	-0.351056485893949
34.832	-7.3907	0.24362	-0.786436375135102
32.059	1.3109	-2.4168	1.645
27.274	2.4161	-0.10539	-1.08988302115202
38.099	-4.1749	-2.0066	1.34858040072595
35.642	-2.2581	-5.5624	0.259518096879197
36.51	-8.369	-3.6788	-0.890457044920989
34.236	-10.016	-2.8261	1.645
30.903	0.73487	-0.78254	0.446232942100832
21.996	-12.117	-3.2949	-1.33808152858105
26.936	-1.6129	1.3973	-0.771349107698092
36.872	-6.6326	-0.5159	-0.778477963405379
37.937	-4.7004	-4.0766	1.43061580506672
36.038	-0.75241	-2.4819	1.05032300361933
36.636	-1.8449	-4.6217	-0.284111931976052
30.72	1.4517	-0.34053	0.275770008865571
36.21	-7.1793	-0.91817	0.907280097065718
37.964	-6.7002	-1.5893	-0.88895196629009
36.737	-5.862	-0.77037	-0.836548012576027
37.02	-3.3083	-1.0167	1.645
35.04	-7.5716	-1.0808	0.505849618333967
37.137	-3.3898	-4.8805	-0.529653207654562
36.923	-2.6406	-4.693	1.00733162539318
37.33	-2.1802	-2.9054	-0.903407856229338
34.46	-9.1908	-4.2253	-1.15100897507352
23.685	-0.6064	0.95115	0.768169174474809
29.359	-1.6151	0.50232	-0.338970471640939
37.488	-6.6095	-1.1444	0.127765170050763
36.557	-6.012	0.058335	-0.59319344851769
37.18	-7.2877	-2.0295	-0.745176695377631
35.662	-6.8765	-0.14067	-0.466121806022919
38.079	-6.2421	-1.3115	-1.17269568227889
32.07	1.4293	-2.3833	1.645
31.683	-1.2044	1.0754	-0.964660330714161
37.902	-5.9908	-2.0936	1.645
36.437	-3.6993	-4.3082	-0.14719196783368
36.732	-2.5374	-4.5019	0.361889558519547
37.21	-7.0648	-0.9211	-0.509683999359422
37.295	-3.7665	-1.2328	0.897055296320658
37.001	-3.1956	-1.9825	-0.652566414176595
36.663	-8.0185	-1.3392	-0.56735533244072
34.541	-2.8555	-1.6681	-1.13467498126007
34.246	-1.9271	-6.1455	-0.472040865110262
35.14	-0.37334	-2.7565	-0.114076086478681
36.488	-6.1858	-3.8549	-0.514020918011446
34.192	-8.3314	-3.5638	-0.693325300329687
36.897	-3.6054	-4.7352	-0.39928400315384
29.141	-10.738	-4.3405	1.645
36.613	-7.0288	-0.34779	-0.302584512228863
35.391	-7.7354	-2.7639	-0.990830312515126
30.671	-0.85242	-6.8893	1.32919639029674
36.297	-6.6218	-1.3064	-0.137946070116637
33.207	-10.28	-2.8261	0.241260200790043
37.16	-7.4515	-1.5202	-0.611317937778787
36.965	-4.6772	-4.0313	0.131754303037381
36.796	-7.0838	-1.2456	0.924474200338758
28.812	1.5111	-0.18542	0.312643371869698
36.426	-7.9875	-4.213	0.0359690893710412
36.441	-7.3309	-1.0821	-0.245096129134307
27.989	0.13398	0.8053	0.710238890981778
27.506	2.6504	-0.70193	0.0181444896770644
36.131	-6.7703	-0.6249	-0.576232827016264
37.246	-2.3567	-4.2847	-1.09782318281465
38.36	-5.3256	-2.9136	-0.687117417828969
34.196	-9.5363	-3.2052	-0.747498519132809
34.705	-0.88028	-5.109	-0.555916954579532
36.587	-6.9588	-0.9185	-0.496461985000752
34.415	-6.8325	0.075148	0.361192080251537
38.201	-3.9247	-2.182	-0.78162261172212
29.63	-0.92416	-6.7941	-1.05223010686954
37.957	-5.771	-1.0749	0.700856499706366
33.288	-0.28058	-5.9272	-0.275999320623003
35.997	-3.0534	-4.6892	0.566224105919501
37.275	-3.0113	-4.2995	0.248113025431588
37.485	-7.2194	-1.5734	-0.455350117959744
37.161	-2.9571	-4.3767	-0.613005690803197
33.674	-1.1195	0.1615	-0.459395609414751
36.292	-2.6554	-4.4174	-0.492618131936452
35.913	-2.1991	-5.1813	-0.511234635868713
27.474	2.3031	-0.87242	-0.379516179858003
28.656	-0.89458	-6.9293	-0.853649539706317
36.493	-3.2037	-1.737	-0.057344467146354
36.932	-2.2441	-4.676	1.16638005303194
35.791	-7.0583	-0.31701	-0.0896659054776502
33.506	-8.587	-3.743	-1.08762452933827
37.988	-3.183	-3.7179	-0.480659687972761
27.032	-11.414	-3.9168	-0.774535405909049
36.077	-2.6253	-4.9514	0.155765147112127
36.713	-2.7918	-3.6785	0.13006805620953
19.483	-12.108	-3.7965	0.187457327232033
23.219	-11.625	-3.7246	-0.500145052408568
35.304	-6.792	-4.5462	-0.877796618336171
29.035	1.6447	-0.066406	-0.580812096393123
29.205	-1.0063	-6.6398	0.0665518349887499
36.73	-2.8421	-4.3338	-0.367414054093153
35.549	-6.4596	-0.15332	-0.57168400897976
37.445	-4.4388	-3.7318	-0.524202644543011
36.103	-2.9022	-4.7952	-0.108624983600852
34.878	-7.421	-4.5206	-0.919635155216447
36.676	-4.9225	-0.54227	-0.857916721286476
37.997	-4.8692	-1.9471	-0.717153216354559
35.852	-6.3953	-0.66102	0.247190812781174
18.772	-12.196	-3.1299	0.139382049432026
37.437	-6.1818	-4.1612	-0.657084017875932
36.696	-3.7296	-4.7045	1.05253420031434
33.203	-10.02	-3.7952	0.165879169933357
35.969	-7.2747	-0.90899	-1.30013024014688
37.127	-6.706	-1.4274	-1.10902940165345
29.606	1.5715	-0.54431	0.999328996544394
37.247	-6.3258	-0.74275	0.763382700430981
20.626	-11.99	-3.1838	1.645
36.574	-8.6753	-3.4189	-1.06405333028651
37.08	-2.6979	-1.4846	-0.818316394451696
36.626	-6.7312	-0.7282	1.645
35.954	-7.1988	-1.5628	-0.512198394435861
35.131	-7.9391	-1.5386	1.04931080103116
36.431	-1.4634	-3.8262	0.176097279232829
29.648	-0.84476	0.71673	-0.313338265334809
34.29	-0.70505	-5.4116	1.56565510858071
36.085	-8.2433	-1.0166	0.243248757656523
36.258	-3.1272	-2.1291	0.71163384970949
22.237	-11.81	-3.5527	-0.791268347330217
37.03	-6.9054	-0.89318	-0.226981140330973
35.172	-5.0249	-0.59907	1.645
26.612	-11.577	-3.6266	0.716894955229297
27.737	-11.284	-3.2202	-0.702055537594023
37.27	-6.4269	-1.0324	0.645081265886373
37.005	-7.4155	-1.2923	-0.771777109229985
36.744	-6.6862	-0.47204	-0.775406293902783
36.946	-7.765	-1.2246	-1.645
36.473	-1.6404	-4.767	-1.00696225249371
37.436	-2.0099	-3.387	-0.422772582489391
24.91	-11.954	-3.5912	0.775758620879666
36.53	-7.222	-1.5122	0.663499378275043
35.158	-7.4175	-0.57039	0.0892099677525713
35.769	-6.9619	-0.47515	0.771299785208613
38.149	-5.5533	-1.2842	-0.491818485091422
37.505	-6.6685	-2.6847	-0.787979590171444
26.151	2.5267	-0.32816	1.645
38.182	-4.7359	-4.0348	-0.234401882853585
36.231	-6.2373	-5.1256	0.267453434613764
34.273	-0.69818	-5.6839	-0.242231724925846
35.668	-7.5501	-1.0858	0.96876957801456
33.033	0.14127	-0.89016	-0.139488370831565
22.13	-12.369	-2.9595	-0.174318892722295
36.996	-7.5969	-1.0678	-0.655580949126519
29.318	-10.906	-4.083	-0.610578253654251
37.795	-6.7263	-1.3088	-0.0276307200393459
34.349	-1.3018	-5.8695	-0.530417076385027
33.04	0.80558	-4.2231	-0.70041132827755
36.922	-5.6457	-4.9601	1.0857374808511
36.339	-6.8364	-0.98471	1.645
36.307	-6.6518	-5.0565	1.645
37.574	-2.8168	-1.8882	0.869974712307323
37.684	-3.9188	-3.9944	-0.396523731079809
35.59	-2.7801	-5.4654	-0.352039438318869
37.013	-1.3675	-2.5758	-0.372846303709359
35.127	-8.9068	-3.2601	0.246136083536578
36.568	-6.7341	-0.43936	1.63109811538978
35.822	-6.391	-2.1782	0.00393336052363652
35.94	-8.616	-2.4003	-0.0736387824135214
13.152	-11.939	-3.2046	-0.812907009645616
37.638	-2.9456	-1.7393	0.352346487835936
33.231	0.16905	-5.6528	-0.671200942950556
27.805	2.13	0.2655	1.55714592902623
37.809	-6.3381	-1.42	-0.546513313776725
36.582	-3.2051	-5.0006	1.645
36.451	-2.0925	-4.9467	-0.844865803771178
36.175	-7.537	-1.5303	-0.727581052933302
35.143	-3.4181	-0.3143	0.500386548713803
26.728	-2.4993	0.37058	-0.649003967932076
36.479	-2.3034	-4.7111	-0.193532121106186
34.865	-8.7229	-3.4379	0.193017119181024
34.347	-0.98887	-5.2431	0.178825977983717
36.163	-7.092	-0.771	-0.412966193738786
35.136	-0.6424	-1.0237	-1.04178596134347
36.623	-2.2417	-4.4946	-1.12676199702352
31.505	-10.677	-3.5357	-0.340481586282754
36.757	-4.3829	-1.9128	1.2585239377829
37.195	-6.8729	-0.94274	-0.430478108758586
36.875	-2.9204	-4.2667	-0.992206952722734
35.031	-0.73919	-5.3013	1.30149558856934
38.26	-5.4613	-2.6107	0.200166309338212
36.223	-7.7271	-1.0545	0.961927703696002
35.927	-7.6408	-0.39627	-1.2970750276776
35.159	-5.0452	-1.1061	-0.708292110212038
36.67	-6.252	-0.26205	1.645
35.771	-6.6465	-1.0204	-0.490534584366814
35.863	-2.4069	-2.5622	-0.240668352801697
34.579	-9.3204	-3.3467	0.890815621258347
28.401	-0.6673	-6.6758	0.134490396421533
34.886	-6.2481	-5.5571	0.0597549520283286
31.307	-10.824	-3.7747	0.401024194328184
36.04	-7.8278	-3.3901	0.334861713666671
37.283	-5.6156	0.019012	0.135905574075892
31.848	-10.514	-3.7276	1.00713144453537
22.184	-12.39	-2.6067	0.675418913793587
38.1	-3.8544	-2.0497	-1.34310798947314
37.973	-4.0567	-3.8317	0.075136038665003
36.765	-2.6537	-0.90358	0.716886704858456
34.92	-2.181	-0.95545	-0.983019099279597
35.502	-5.9782	-1.6541	-0.0747671374401716
31.076	-10.596	-3.1788	1.06466375564472
35.868	-5.9551	-0.76246	1.43786988005018
36.381	-6.3235	-0.97449	-1.01956783985873
36.52	-7.3394	-3.0192	0.344658216781607
37.221	-6.042	-1.2144	-0.121852562055277
26.628	-11.465	-3.5706	-0.836467233237295
32.833	-9.925	-3.8629	-0.122762374511164
35.796	-7.3764	-0.93857	1.33537855512407
36.339	-7.668	-3.0652	-0.0432727025845718
37.406	-4.8724	-2.8986	-0.518263796783867
36.902	-7.0363	-0.65284	1.11423249152322
36.955	-6.6936	-0.62468	0.577036777104136
14.631	-11.506	-3.6427	-0.294256351111271
37.199	-1.6237	-2.4917	-1.54633116104068
36.976	-6.7599	-1.9741	-0.397922467157693
36.532	-2.2219	-4.9142	-0.0524398252797586
23.754	-11.761	-3.3614	-0.762006240353122
35.34	-2.5809	-4.242	0.338049767637445
37.657	-5.2865	-0.77623	-0.0104883237134325
36.436	-7.5013	-0.96146	-1.273443816491
36.017	-3.9337	-0.15164	-0.960351549775673
24.148	-11.976	-3.5319	-0.78266504841404
37.103	-6.7509	-1.4273	-1.34071020286649
37.68	-3.1829	-3.9933	-0.399159439632504
29.454	-1.0348	-6.7118	-0.921310688113215
36.083	-2.6015	-0.39972	0.81847544137356
29.049	2.1374	-1.2587	-1.3733788928951
36.946	-7.1431	-0.98937	0.66093281620393
28.452	-0.64826	-6.6807	-0.203930437492583
36.281	-7.2612	-1.4428	-0.638914078985186
37.974	-3.5713	-2.2629	-0.462910142629732
34.45	-9.2067	-3.1109	1.15355129336818
34.952	-6.4194	-5.1862	0.129531425642517
31.457	-0.30158	-6.5963	1.645
36.627	-6.1571	-0.69163	0.236485066806333
34.619	-5.6944	-5.4814	0.21092241099287
36.861	-6.3361	-0.60656	-0.986242157478444
36.086	-7.7136	-1.5338	-0.205802430779899
36.349	-7.9935	-1.5244	-0.608786044992948
34.114	-0.95412	-5.5611	-0.0831066985345446
36.152	-7.3342	-0.95071	-0.792256405231782
28.289	2.0839	-1.1024	-0.736988911988636
19.894	-12.408	-3.0023	-0.0569852221047447
36.783	-8.0664	-2.712	-1.21754698585125
36.625	-3.1859	-5.035	-0.0834029469969182
29.504	-10.993	-3.853	1.645
30.382	1.5907	-0.49021	0.382923552402083
35.014	-8.2377	-0.58041	-0.817907014120175
37.112	-7.3561	-1.2594	1.58298726902627
36.596	-8.2474	-2.108	0.451409641915231
37.827	-3.3669	-2.5679	-0.728024126421766
37.675	-7.2641	-2.5191	1.645
37.946	-3.4073	-2.4633	0.266355227799398
35.884	-6.3224	-0.51641	0.738818602016285
24.884	-12.03	-3.7199	-0.984823234006458
37.573	-6.2663	-0.94834	0.368506533405667
34.574	-3.6874	0.49795	-1.02016423427544
34.963	-0.91573	-4.2992	1.645
36.82	-6.8749	-0.3813	-0.695025102388729
27.649	-11.462	-3.5438	-0.998588198129871
37.268	-4.9914	-0.25184	-1.42934671357379
37.401	-2.788	-4.0256	-0.330806202804062
27.83	-11.511	-3.6894	0.161062037860909
36.78	-7.3321	-1.024	0.859946698069281
37.267	-6.9481	-1.9059	-0.943021904370778
36.366	-7.7739	-1.273	0.129294685727474
37.412	-6.2447	-2.696	-0.660336788979679
36.125	-7.0592	-0.43751	0.736325933652668
32.761	-10.279	-3.5803	-0.560641576708793
37.547	-3.1049	-3.4645	-0.660340490412257
38.171	-4.4907	-2.327	-1.645
35.711	-7.1492	-0.48083	0.143127638464758
37.167	-6.6659	-1.13	-1.59710985078877
27.536	2.4938	-0.31686	1.23917196286236
36.944	-6.5048	0.15745	-0.944453076729189
36.968	-3.0594	-1.5917	-1.15120848092327
26.621	-0.41676	-6.7491	-0.331672717508887
36.558	-3.477	-0.7264	0.0455529381399217
35.301	-7.1362	-0.87532	-0.859615331155269
37.853	-6.0901	-2.2477	1.645
30.039	-10.6	-3.9322	1.08233516560516
36.711	-5.4696	-0.059321	-1.29719501364977
37.096	-3.0514	-4.6541	-0.391310342057278
30.682	1.0168	-1.2092	-0.355618044997381
34.659	-0.55942	-4.4261	0.32314212556459
36.889	-6.3605	-0.64418	-1.22746954584794
38.032	-3.8433	-2.5224	-0.498112744448308
36.973	-4.4217	-0.99545	-0.213697073625886
36.378	-8.7082	-2.2334	-0.772398234842403
36.408	-7.0685	-0.74929	0.5476400955191
36.103	-2.9353	-0.50444	-1.57683015557199
36.903	-6.0825	-1.1782	-0.536595286953558
36.896	-1.6696	-2.1151	0.843885075185324
37.359	-2.1066	-3.8716	-0.274970362833506
36.752	-3.5477	-2.6273	-0.909938718726674
28.89	2.0927	-0.92713	0.195417533108604
35.137	-7.474	-0.47603	0.242123582967586
31.819	0.77723	-1.5751	-0.581565525486714
37.348	-6.6439	-1.5268	0.748831002134505
25.215	3.2448	-0.1568	0.407901278898142
37.672	-6.7785	-0.78609	-0.932237246993786
37.348	-4.3808	-3.4643	-0.929026184884399
36.495	-7.6701	-0.95526	0.132889818933982
35.745	-6.4161	-0.72233	-0.0107190900461746
37.496	-2.7345	-3.0657	-1.06781697206071
38.576	-4.8825	-2.3728	-1.24532718926007
33.688	-2.6749	1.0381	-0.416150434928406
37.267	-2.9412	-1.1413	-0.373640322310036
33.48	-0.64767	-5.7709	-0.966426009405692
37.768	-2.7583	-2.6984	-0.607522171426744
37.407	-3.279	-1.2402	-1.15274859652373
36.331	-7.1059	-0.41523	-0.684616280649661
33.377	-10.479	-2.644	-0.933140069325743
35.258	-5.3219	-5.4431	0.201495160153557
37.049	-6.6954	-1.5441	-0.391420859286291
36.221	-2.9564	-0.61513	1.14876860831559
35.963	-2.9456	-4.6888	-1.02346529474873
33.007	0.29962	-0.29684	0.298445448632247
23.069	-0.86413	1.3787	0.382893066460642
36.026	-2.1342	-5.1439	1.645
37.42	-3.8425	-1.2864	-0.373664308009724
37.356	-5.2576	-1.0494	-0.722797938730991
36.883	-3.2841	-4.7561	-1.645
35.626	-7.5125	-0.57968	-0.428668228179751
37.077	-7.9142	-1.4075	-0.846724357675611
24.371	-1.4143	1.2245	0.396600136862197
36.787	-3.2912	-4.7881	-1.54579467179165
36.667	-6.7386	-0.78268	0.0671587947809735
37.255	-6.7602	-0.97143	-1.0124248813922
35.735	-6.5504	-5.0381	-1.02118916121373
22.195	-0.52443	1.9394	1.10799477020605
37.543	-6.6177	-3.9242	1.60734438590485
36.861	-1.5517	-4.234	0.924632126356789
35.587	-2.51	-0.4416	-0.160430962402784
37.432	-2.5769	-3.2596	0.0363866720146589
35.417	-9.3933	-3.2228	-0.233202173603515
35.676	-1.5634	-5.343	0.304673549108584
35.022	-2.2931	-0.30106	-0.542332276250882
34.816	-1.9829	-0.24815	0.382845362719743
35.264	-7.1588	-0.50919	1.09380856757827
37.029	-6.5279	-1.0449	-0.552727023830775
33.624	-9.7678	-3.2114	-0.510417911194994
37.573	-3.3045	-2.1576	-1.09217898989509
35.637	-6.7245	-0.37612	-0.0975643243680359
36.817	-3.992	-1.0023	0.332115618671675
35.408	-1.3801	-5.2085	0.104557587255984
35.993	-7.0808	-1.3785	1.63360604747066
36.221	-7.3412	-4.4751	-0.293605709826305
36.806	-7.1946	-1.9069	-0.305062940414148
27.162	-11.286	-4.1317	-0.345494127823001
24.626	2.8702	0.65734	1.19797832030429
33.204	0.41913	-3.6203	-0.615566599122756
27.695	2.5926	-0.75992	-0.745189856970578
22.352	3.0673	1.2586	-1.01935863622514
29.485	-11.04	-4.0291	0.606198717221339
37.393	-6.592	-1.4972	0.816729289556805
36.602	-7.2462	-0.74841	0.0514884021405172
36.237	-7.9567	-0.56517	-0.807284252953635
37.75	-4.869	-1.3026	-0.939060019596469
35.638	-1.1759	-3.9446	-0.929690766756554
37.974	-3.6555	-3.1281	-0.866292078344976
37.603	-3.5366	-2.3554	-1.28053893619245
38.056	-6.0844	-2.1369	0.504354450239921
36.947	-7.3373	-1.2444	-0.370398027599616
26.577	2.4753	-0.54886	1.645
35.082	-1.3413	-5.5522	-0.820069881798177
28.187	-2.0153	0.64751	-0.329080673636473
28.835	-0.9672	-6.622	-0.266346666163412
34.084	-5.1555	-0.37926	-0.57364025361238
37.586	-5.8647	-1.1041	0.170599414874379
33.764	-0.71277	-5.7633	-0.746163108654169
32.294	1.3388	-1.5872	-0.14088475423721
33.57	-8.7984	-2.8098	-0.786183364149021
37.744	-4.8284	-2.8158	-1.41744126182793
35.332	-3.4379	0.25797	-0.491677259740587
37.948	-3.335	-3.8358	-0.12918731148406
35.261	-1.5128	-5.0484	-1.01570558962548
36.54	-2.6445	-3.9797	-1.18380445219564
35.342	-0.84757	-4.9727	-0.150742783603554
36.037	-8.4397	-2.6454	-0.982609759310656
35.681	-7.0142	0.034118	1.645
37.166	-4.2299	-4.5378	0.186319459234027
37.587	-7.0356	-2.9008	0.822268655000034
33.453	-9.9212	-3.2833	0.238762366893373
35.835	-5.3318	-5.5868	0.937808074670584
36.383	-1.4084	-1.6501	-0.92879355025845
35.239	-7.2057	-0.80222	-1.13981693459709
29.891	1.399	-0.59674	0.536147274894195
30.827	-10.451	-4.0079	-1.35585713910816
37.151	-6.3028	-0.5405	0.908964216364632
34.473	-6.0424	-5.0366	0.584011922775488
33.057	0.84632	-2.7147	0.42365229250865
33.099	0.055081	-5.2592	0.670039587261975
36.949	-4.5689	-2.2549	-0.512851185717788
29.947	-10.855	-3.69	-1.06702511859447
36.92	-3.6492	-4.6394	-0.992202596514332
34.357	-6.5455	-4.6842	-0.650378913319009
26.877	2.3493	0.26303	-0.853067402909553
35.687	-2.4359	-5.3201	-0.962065659019901
30.283	-1.7556	-6.5862	0.579755900180962
27.895	2.1727	-0.70999	-0.964591737745425
34.005	-0.32428	-5.4688	-0.970904650126211
34.134	-10.156	-2.7773	-0.259656853341837
27.402	2.3625	-0.79184	-0.787513107594076
34.81	-1.815	-0.71735	-0.292004265558802
35.88	-8.2388	-4.4135	0.89362916113482
30.47	-9.6622	-4.3325	1.645
27.938	-0.14693	-6.4389	1.62734820123337
37.425	-4.7946	-3.5831	1.645
33.908	-0.57427	-1.1263	0.918582882492004
33.895	-8.0079	0.42918	-0.795174495237432
31.82	-1.1205	-6.6025	-0.890828271062944
37.418	-2.9354	-2.5082	-0.562789383906205
32.922	-10.36	-3.0592	-0.9224897054004
26.384	-11.718	-3.1602	0.193344511388122
33.597	-0.56617	-5.3621	0.731991992334807
31.516	-1.6663	-1.0651	-0.670535017809501
36.681	-7.6883	-1.3233	0.8300928483444
35.22	-2.8647	-5.4605	1.645
37.491	-6.0219	-1.2997	-0.501685565072723
27.877	-10.224	-4.2064	1.22998906078827
37.887	-5.396	-1.5637	0.0749316645812711
36.187	-1.3059	-1.2429	1.58548995344555
37.859	-5.8203	-2.0456	-0.0218131781414387
36.513	-6.807	-1.1852	0.824698992951266
37.162	-5.5491	-4.7764	-1.09968541740864
32.301	0.83282	-1.4899	0.952017872268394
35.991	-7.1105	-0.27884	1.04819359897271
32.65	-0.74971	-6.2361	1.63939582808424
33.751	-10.254	-2.9882	-0.739082710092461
37.105	-3.6061	-4.5524	-0.816108809540352
26.252	2.4373	0.2568	-0.675947728487615
33.897	-9.3231	-3.4479	1.645
20.185	-12.42	-3.592	0.0596494615567783
37.488	-4.8809	-1.9614	0.784127359623757
24.997	-0.66669	1.1359	-0.643042136691599
36.514	-2.8311	-4.6458	-1.20881395347273
34.658	-0.62976	-5.3143	-0.423170953658739
36.693	-3.4679	-1.3316	-1.39739289857344
37.785	-3.759	-1.4766	-1.07497640939408
34.719	-9.8405	-3.3063	0.841891715449998
36.37	-2.9592	-4.9675	0.097170798555457
32.924	-0.29634	0.38633	0.901481646857901
31.935	-9.6442	-3.1092	0.587105004823912
35.586	-6.7863	-0.30952	-0.342720175458534
26.959	-11.641	-3.4896	-0.0893521451869217
37.734	-5.9544	-4.0513	0.577500099884516
37.664	-2.5775	-2.7475	-0.555890919369405
33.728	-7.5046	-4.2941	0.00641716877822515
35.805	-0.27107	-3.7675	-0.618032225575018
28.959	-10.732	-3.9835	0.174742252213677
22.994	0.17768	1.5887	1.645
38.19	-5.2303	-3.4668	-0.600738574681424
29.038	-11.463	-3.3336	-0.126352649556306
35.73	-7.9709	-0.66978	0.463203034043124
33.092	-2.3509	-0.10809	0.498609346374016
35.913	-3.5353	-0.26692	-1.02072068956958
36.164	-7.808	-2.0116	-0.757330567042629
34.45	-0.82641	-5.3395	-0.760317818625143
37.219	-2.0424	-2.5208	-0.861001731142882
25.063	2.6942	0.50611	0.585419043852881
35.629	-9.285	-3.1762	-0.633792772200319
37.496	-2.3662	-2.2257	0.889667773351434
34.348	-1.5875	-5.124	-0.53572996434103
18.681	-11.853	-3.5342	0.544239828782682
35.184	-9.2901	-3.1965	0.0846464531356299
37.664	-3.9756	-1.3644	-0.92509584688717
22.895	-11.764	-3.655	-1.16747396596689
35.947	-7.6318	-0.92707	1.645
26.332	2.8248	-0.26543	1.55991675007297
37.236	-5.8353	-2.0778	1.1333093413957
29.133	0.029435	-6.8166	-0.294346071362017
36.301	-1.469	-4.8456	-0.251959542993883
36.229	-7.0194	-0.57746	-1.07953791585549
36.27	-3.1772	-4.7845	0.509954605021274
34.409	-9.3628	-3.4874	0.803579213608937
33.037	0.75239	-2.4438	-0.396543227693295
35.375	-5.2242	-0.81239	-1.11946965972357
38.018	-6.5426	-1.8973	0.735770119064781
37.736	-7.0645	-2.0451	1.645
34.288	-1.2429	-5.9811	-0.96939420144312
31.239	-10.563	-3.4322	-1.11978307452368
35.965	-1.3746	-5.0021	0.152951204453496
28.865	1.751	-0.48839	0.445252025804577
37.122	-3.4666	-4.8168	-0.0609748965095692
28.06	-11.31	-4.1272	-0.0601900784334477
24.068	-11.949	-3.7635	0.218921783198633
36.618	-7.6655	-0.98104	-0.0425057948918143
29.461	-1.419	0.7187	1.21653032563568
38.205	-3.7763	-2.7418	-1.645
35.669	-5.378	-5.4118	0.436491301774594
29.524	1.8227	-0.21233	-0.04358168457603
37.897	-4.8967	-1.5729	-1.645
37.494	-5.8069	-1.0089	-0.215638079640037
37.033	-2.5461	-1.0928	-0.067064178247954
36.325	-6.6188	-4.8643	-0.46287248822594
36.761	-4.0431	-2.5386	0.565791580624624
31.384	-10.126	-3.673	-0.814638547781518
36.195	-3.0407	-2.149	-0.713524203580398
36.763	-2.5223	-2.4664	-0.133590854677552
35.748	-1.2876	-4.9432	1.645
34.278	-8.7974	-3.7387	-0.7661520647892
29.455	1.4441	-0.33154	-0.158671911222433
36.406	-3.0178	-1.5552	0.420750779421041
34.721	-8.3715	-4.579	0.208184342065353
36.332	-6.6978	-0.47076	0.782024630310049
33.756	0.78472	-3.7174	-0.119489374944827
36.478	-7.1979	-2.0881	-0.0219103370988651
36.624	-2.5872	-4.7152	-0.973583686648229
37.907	-5.6622	-1.514	0.606577042755652
36.296	-3.9297	-1.4904	1.04878325301336
35.599	-6.05	-5.0311	-0.0750289858351447
36.537	-6.301	-1.1695	-1.645
35.74	-1.5646	-5.2828	0.154460227998859
34.65	-7.5723	-2.293	0.774629879306147
35.959	-8.016	-1.3819	-0.774214669494738
33.279	-10.124	-3.4263	-0.865059964412073
37.759	-5.8941	-2.4694	-0.701912994539072
34.858	-0.90232	-5.1763	0.405217187819302
36.961	-6.9266	-1.1732	-1.22713423752169
36.492	-7.1408	-1.0361	-0.848254568867291
33.485	-9.167	-3.831	1.645
37.364	-6.6113	-2.4395	-1.41264190789543
37.211	-6.4572	-0.88182	-0.58296853087159
30.909	-10.532	-3.6165	-0.122195655125942
35.475	-6.9959	-0.76676	0.906398366115039
17.539	-12.176	-3.6076	-1.33341416195728
36.241	-3.1487	-1.2023	0.595484083912615
36.702	-4.5632	-0.72328	-1.24720566669103
33.892	-0.68384	-5.8885	-0.27233811859567
34.623	-7.9058	-0.21977	-1.29770985633956
37.439	-7.1052	-1.3532	1.645
37.264	-6.0234	-0.95589	-0.530706912016166
37.241	-3.7254	-1.2785	0.313815686674874
28.657	-0.49517	-6.6234	0.64084081408375
28.343	-11.733	-3.5872	-0.274057474797412
28.562	-11.373	-3.9338	-1.0841526583532
36.233	-7.5856	-0.90686	-0.870184515747615
35.473	-9.362	-2.7353	1.48542421847544
35.897	-8.9728	-2.3728	-0.0157136110545451
37.648	-2.9954	-2.6871	-1.13600237515096
33.871	-0.68123	-5.6772	1.645
36.102	-3.0749	-5.1304	-0.662892520026373
37.359	-3.4721	-4.3656	1.645
33.384	-0.71081	-6.05	0.594902373400475
32.325	-6.7771	-5.2843	-0.873746499174983
16.546	-12.122	-3.0507	-0.655662447683821
37.336	-4.2892	-1.3951	-0.0278342651437145
37.448	-6.4351	-3.4083	-1.28866216950618
27.421	-11.915	-3.1716	-0.824128674672343
34.549	-0.84299	-5.6394	1.36089642121433
35.679	-7.0002	-1.2115	0.891413794229474
36.881	-6.9741	-1.2878	-1.46089709573139
36.361	-7.4636	-0.51885	1.645
35.221	-8.5458	-1.1697	0.0233715344681233
36.243	-3.5794	-0.21717	-0.631957337587681
35.665	-1.1446	-3.4708	-0.864259605443079
27.479	-1.1421	0.8687	-0.818407661807358
33.073	-10.383	-3.0347	1.45118735832889
37.299	-4.6356	-4.2258	0.0284279604640513
34.659	-1.9863	-5.9829	-0.720497474089676
37.007	-3.2381	-4.6457	0.323708416124201
36.998	-6.8792	-0.55387	-0.711593538020654
36.627	-4.0545	-5.0559	1.645
33.023	-9.9253	-4.2566	1.00224490771948
37.16	-6.5484	-1.2193	1.645
29.561	-2.1923	-0.92529	1.645
31.857	1.6245	-3.1076	0.959168021909661
37.969	-4.1044	-3.9668	-1.48126386784469
33.708	-1.6614	0.33322	1.645
37.016	-2.6871	-3.6991	0.661408965518358
34.412	-0.72442	-5.3799	-1.07324342514061
36.438	-5.6209	-1.0791	0.149534254947279
36.454	-6.533	0.32032	-0.711487108912105
34.933	-9.2861	-1.8374	-0.0245458791410176
36.324	-7.7981	-3.4379	1.645
35.484	-8.9282	-1.9391	-0.127463290733868
24.495	-0.80438	1.506	-0.734066052144377
38.43	-6.1105	-2.4777	0.438376724387101
30.378	-9.9318	-4.0164	-0.926798339263997
36.304	-3.0943	-4.7781	-0.0393929767757022
36.187	-7.133	-0.64214	-0.401989758047644
38.043	-6.8756	-1.8666	-1.17315310775637
37.41	-6.4188	-0.83121	0.991756147036356
35.563	-2.7773	-0.24283	-0.230613401819411
34.469	-3.1586	0.16337	1.645
37.105	-2.5589	-3.5756	-0.280686626095987
31.359	1.133	-1.4757	1.645
36.561	-8.08	-2.507	0.369615935410399
22.98	3.3486	0.063496	1.645
27.399	1.8644	0.060854	1.32039761242909
33.447	-0.099584	0.24688	0.860160146278779
29.068	1.9082	-0.13313	-0.471214579108035
36.911	-4.0324	-0.88935	0.459466952710301
38.056	-5.1676	-2.5888	-1.49031696309251
36.997	-2.8596	-4.6194	-0.298217427994636
36.388	-6.8777	-0.40505	-0.199085234064722
32.516	-10.186	-4.2238	0.315682466588394
29.629	-10.882	-3.5421	-0.57967618650112
36.939	-3.7073	-4.6069	-0.8821307798411
26.632	-11.363	-3.9523	-0.901963123344315
27.534	-0.34665	-6.4868	-0.96664666069009
32.516	-0.5129	-6.2823	-0.970308580549043
36.291	-3.2826	-5.4975	0.472470093796232
37.662	-2.5526	-3.9957	-0.13771895998709
37.129	-4.2692	-2.0975	-0.921297720213909
36.422	-2.8263	-5.0446	0.483824492497632
35.818	-1.2328	-4.9674	-0.576242970857852
36.478	-7.7756	-0.57777	-0.101375286979359
29.6	-10.915	-3.8914	1.32318646757411
35.643	-1.0173	-4.7475	0.88165725409437
28.31	-11.059	-4.4058	0.574700886821556
35.727	-1.6297	-5.1851	-0.423200285899883
34.803	-7.3818	-0.18694	-0.0737281322900963
37.54	-3.8517	-4.3804	-0.989902412104275
36.767	-7.3284	-1.2693	1.03204759806034
36.385	-6.6891	-0.91737	0.309214655422326
29.538	-10.738	-4.0519	-1.48350673454882
27.474	-0.29098	-6.7196	0.279133054436727
29.352	-10.501	-3.6657	-0.302293585874834
34.081	-0.19025	-0.19369	-0.219626441070616
37.755	-3.5724	-3.9847	1.48513223646894
36.432	-7.4201	-0.80639	0.203336130822427
37.788	-4.174	-1.7582	1.05257984711455
35.308	-9.5027	-2.4343	-0.748943485875348
38.082	-5.3314	-2.1137	0.0892448745239871
34.832	-1.3266	-5.3939	1.645
34.046	-7.7115	-0.99998	-1.03677081154232
34.702	-1.6396	-3.8829	-0.185484386484322
37.493	-3.1652	-4.0554	-0.663901389721431
36.459	-2.2777	-4.9212	-0.183650068765936
36.427	-6.7942	-0.72939	-1.43832571825128
36.261	-2.6379	-4.6789	1.13113291954584
37.32	-2.9559	-2.0473	-0.653147035291149
35.361	-7.6139	-0.68234	-0.415744583073716
35.487	-7.1229	-0.32773	-0.272404611534284
32.789	-9.4975	-3.0511	1.42501674956811
34.925	-1.4506	-5.7603	-1.645
30.867	-10.809	-3.5384	1.645
34.806	-8.8901	-2.973	-0.61973974030623
36.105	-7.3621	-0.27467	0.256560347141804
17.095	-12.321	-2.8753	1.645
36.105	-7.5793	-1.0388	-0.687431145697622
28.051	-11.463	-3.9954	1.43435091140995
37.31	-7.5264	-2.6178	0.551244560012301
36.022	-6.828	-0.57731	-1.36992166572467
36.358	-1.9963	-3.3979	0.951758735635219
33.339	-3.0923	-1.8954	0.53616165116822
33.679	-0.86234	-0.17042	0.0195117088385734
33.832	-9.4165	-3.2844	-1.09295649517176
27.377	2.5778	-0.06166	-0.889653588739272
37.412	-4.5111	-2.4789	0.842449310844473
33.298	0.35184	-3.695	-0.666775548259513
36.84	-7.9578	-3.3052	-0.623158173680148
33.853	-7.9412	-4.2012	1.14908164735134
35.186	-7.3743	-0.73991	0.960839347781859
38.242	-5.918	-2.1091	-0.748335057719453
37.449	-6.7361	-1.3597	0.737660283200774
37.804	-3.758	-2.5106	0.132499748808332
23.9	3.4724	0.17699	0.118806902481103
37.241	-6.6798	-1.5083	1.06488133623942
32.664	-10.854	-2.59	-0.633513655226588
26.736	2.6919	-0.6298	1.3071216748358
36.414	-6.6305	-0.54073	-0.485118730758173
36.429	-1.94	-1.5444	-1.17762930332973
32.649	-1.5728	0.16861	-1.30268848690607
38.051	-7.0224	-2.7249	-1.55353097306212
38.042	-4.4673	-2.5642	-0.547177342121233
35.527	-1.6899	-5.4983	-0.13702741577428
34.237	-0.72906	-5.5845	1.46805610885372
34.889	-7.5416	-4.5362	1.32922913099338
24.667	-11.97	-3.4268	-1.37214340557775
28.167	2.2203	-0.26485	1.645
35.013	-1.0942	-0.74452	-1.10636603683692
34.108	-1.3907	0.43458	-0.385468851109523
35.282	-0.54191	-4.5888	-0.666765116781787
27.089	-11.553	-3.8875	-0.0757083457418021
30.214	-10.125	-4.3742	-0.163340899755161
34.547	-9.2514	-3.6529	1.45380159439563
25.356	-12.145	-2.9767	1.0986463980708
36.409	-6.576	-1.957	0.46170170137307
26.188	-1.2389	0.73822	0.00936851150660543
37.587	-5.2175	-1.004	-0.0146643110043024
37.13	-6.6506	-0.87502	0.161739400752838
37.224	-5.958	-1.089	1.12388354557865
36.414	-2.6558	-5.1461	0.127390219507376
37.104	-7.4099	-0.84084	-1.12569859854882
35.936	-1.5523	-5.1143	-0.250700365500953
36.329	-1.779	-4.8389	-0.0929202109745783
37.196	-2.9731	-1.8959	1.26106415594499
33.974	-0.2086	-5.4289	-1.4288897617325
34.719	-0.76652	-0.38087	1.645
36.172	-0.92643	-4.2247	-1.13972854408683
30.247	-10.532	-3.9948	-0.555273827510879
34.572	-0.91389	-5.3163	-0.819241987068507
29.139	-10.899	-4.2139	0.526533788688915
37.311	-7.1319	-2.484	-0.0191728153113094
38.265	-6.0586	-2.7998	-0.192559251968428
37.269	-6.4643	-1.3187	0.0896423793844019
28.783	-1.1034	-6.5278	-1.06710925521115
34.689	-0.28268	-3.6521	-0.136632029262364
35.967	-2.729	-0.69909	0.87373257729821
33.291	0.40457	-1.8331	-0.158688630717719
35.228	-2.001	-3.9949	-0.578891028010493
37.82	-7.0502	-1.9993	-0.198993280675991
36.35	-1.06	-3.5694	-0.830290526726795
29.42	-11.225	-3.3753	-0.847511257576818
35.623	-7.3392	-1.1323	1.645
33.401	-1.0653	-5.7202	0.609426261216686
37.032	-6.1426	-0.88556	0.350748614869294
35.394	-6.7244	-4.8998	-0.805452414780341
38.176	-3.9397	-2.3623	-0.51453835327871
37.168	-2.8936	-4.4433	-0.556354178128787
38.155	-4.6891	-2.4946	-0.846624820144977
36.19	-1.7172	-3.5639	-0.657698824470944
14.2	-12.25	-2.7913	-0.0179551618531268
36.915	-7.9132	-1.4713	-1.30290446423396
27.025	-1.1452	0.8769	-0.774596459095921
34.095	-9.7839	-3.228	1.09931537882131
36.668	-5.7643	-0.36006	-0.966594072559424
35.784	-2.114	-0.96068	-0.467570598935875
36.732	-7.2218	-0.73825	-0.708256444075016
35.866	-3.3966	-1.9231	-0.516003762644089
35.028	-7.1752	-0.66195	0.100589376300297
36.149	-3.6882	-0.088772	-1.56145669136511
24.178	-11.704	-3.6301	-1.21101263148964
36.425	-0.63911	-3.5397	-0.329038860434744
24.271	-12.112	-3.4109	1.0090149280535
34.224	-1.4421	-5.2872	-1.62630034123087
35.467	-1.2018	-5.1814	-0.991998359683647
21.085	3.772	0.79139	-0.286308714364556
37.294	-5.8666	-0.45628	-0.284785381106757
36.06	-7.5642	-0.4854	-0.422699354724898
27.77	-11.555	-3.6482	-0.846680732134351
28.476	2.3052	-0.21928	-0.823560654205617
35.686	-6.1698	-4.8122	0.517639774151747
38.371	-4.863	-2.051	-0.0997658780573069
36.261	-6.8152	-1.5389	0.906105020014772
35.773	-3.3263	-5.1052	0.325672255918625
38.014	-3.428	-3.3169	1.645
25.316	0.0397	0.96357	1.645
32	-9.0904	-4.758	-0.579617667086895
24.368	3.7988	0.25655	0.293608072548523
36.491	-1.3732	-4.2775	-0.227364456086897
38.008	-3.2008	-3.5752	0.239849218066595
36.956	-7.4289	-1.0991	-0.6916683223422
36.697	-2.4607	-4.6981	0.176176235503154
34.958	-1.4558	-5.6443	0.980653115362964
34.486	-9.5717	-3.7802	0.794825892772889
36.67	-6.0862	-0.60603	0.680451041521234
37.132	-6.4566	-0.84542	0.176522917462062
38.028	-3.372	-3.8422	0.13926559250105
29.945	-1.3699	-6.7296	-1.12040473363673
36.599	-6.6278	-0.62335	0.358675668812058
29.747	1.7848	-0.64182	0.0665522570780108
34.899	-8.9036	-2.1978	-0.6746787740261
35.209	-0.0088546	-1.6024	-0.480121137992871
32.75	-10.422	-2.8005	1.37422888241873
36.501	-6.4825	-0.69156	-0.310064546636089
36.947	-6.3535	-1.4057	0.0647216106110049
36.546	-7.4554	-1.1895	1.645
37.295	-4.7406	-4.9434	0.667113398339002
30.43	-10.246	-3.9492	0.0118574622955712
37.961	-6.4367	-2.1714	0.152753662349191
33.449	-0.6842	-5.706	-1.01837398961738
31.782	-10.612	-2.5976	-0.353100394032354
33.331	-0.8698	-4.6621	-1.2508320986766
27.416	-11.642	-3.608	-0.793721545970782
37.993	-6.6047	-0.58157	-1.08974830627353
29.185	-1.0694	-6.7569	-1.1714401934708
35.99	-2.0913	-5.2288	-1.28424662942316
29.196	-10.899	-4.0629	1.1747198872291
37.332	-7.2515	-3.8961	0.21974609124988
37.22	-6.5674	-1.1292	-0.755748430948482
36.344	-2.7243	-5.0541	1.645
29.572	-9.596	-4.4341	-0.895561152816712
33.526	-9.8154	-3.646	-0.785611745271065
37.835	-4.0336	-3.727	0.839932795255579
29.441	-2.4441	0.42788	-0.015796305511928
36.928	-3.1836	-4.6119	-1.06361846507006
36.519	-6.8297	-1.8835	0.303066936212857
36.805	-6.8704	-0.46855	-1.36694600109901
36.084	-6.9266	-1.1155	0.259711806411563
35.35	-9.2134	-2.9742	-0.853410957956926
35.883	-6.8386	-4.8344	0.36114291816866
36.382	-2.1964	-0.9519	0.380659840250736
38.3	-5.7317	-1.6831	-0.340642013716256
30.906	-10.083	-3.4443	-1.41548052311373
37.496	-3.2443	-4.1554	0.541673376539649
34.516	-1.442	0.39769	1.14931104313986
28.421	-10.501	-3.8962	-0.342386433109332
35.868	-8.013	-3.1225	0.111908910873123
36.966	-5.8746	-2.2644	1.30311996418402
38.541	-5.8464	-3.3132	0.550411808154813
36.695	-8.3244	-3.4796	0.0568113082396931
35.596	-0.68966	-4.4515	1.35980631899013
30.923	-10.273	-3.951	1.20210099548832
34.392	-0.67005	-5.3893	-0.931395195387211
35.763	-0.51963	-3.4807	-0.351181007927014
36.808	-7.1617	-1.0805	-0.191068983789739
31.72	-0.96702	0.3544	1.645
36.829	-3.054	-4.6771	-0.276408661764434
36.044	-8.7182	-2.4083	-0.849534561419519
36.293	-1.505	-4.5643	0.986234524143527
21.515	-0.27706	1.74	-0.875095265230471
30.852	1.7849	-1.8279	0.327833401920566
37.148	-5.3387	-0.68234	1.12643497278972
37.658	-4.6228	-3.5033	-0.554029639375844
36.38	-6.6055	-0.06572	1.645
26.909	2.6637	0.026832	1.645
20.57	-11.951	-3.571	-0.90378978366149
36.177	-1.8567	-5.0243	1.44685627483054
30.193	1.1488	-0.66419	-1.24526032006535
35.947	-3.498	-4.6138	-0.665561488555203
35.944	-7.7459	-1.3209	-1.35118071199799
37.262	-3.681	-4.3805	0.00982262361384438
31.827	0.24387	-1.1057	0.383706812289477
36.432	-2.9785	-1.8557	0.713906923933356
35.114	-8.5241	-4.0748	1.42396281005865
33.156	0.051677	-0.95287	0.00659727977931614
29.685	-10.994	-2.7076	-1.43372497148373
34.944	-8.9841	-4.1297	1.645
33.778	-8.1256	-0.58235	-0.301088689682344
36.362	-7.0014	-1.1047	-1.20378747464916
36.281	-2.7152	-5.341	-0.747428862908062
32.564	-8.7826	-4.3392	1.645
37.307	-3.9139	-4.5918	0.202136002064383
35.9	-7.2416	-0.67509	-0.688043274247705
27.763	-0.19828	-6.7383	1.23327780590453
36.107	-8.3833	-3.8955	0.206379372540689
28.632	2.1882	-0.58482	0.0890189706333523
37.721	-2.718	-3.5393	0.311027147963095
37.667	-3.3869	-1.5302	-0.0934113727922975
38.241	-4.5629	-4.0563	0.794626273712181
28.566	2.1575	-0.46418	0.262703861205008
33.715	-9.6432	-2.123	-0.614141244474443
35.259	-0.56743	-3.8436	-0.685329645438476
24.476	-1.1701	0.93116	1.57829580636104
28.914	1.9943	-0.15523	-0.412805497087656
36.206	-7.2978	-1.6692	0.381574088475033
36.834	-6.7319	-1.2722	-0.34045579112763
37.029	-4.7412	-3.0954	-0.580453410594839
36.875	-6.5702	-0.73131	0.696839900822445
36.039	-7.5015	-0.37316	0.902308729096865
36.099	-2.2894	-4.5739	-0.986665516846093
35.219	-2.1202	-1.3575	0.132024759484313
36.088	-6.6977	-0.52185	1.38984282376394
34.875	-7.5634	-0.67985	-0.0482889055630587
32.73	-10.178	-2.8586	-0.994217111968443
34.74	-1.4122	-5.6472	-0.537443675639907
36.848	-6.5595	-2.1398	-0.849916057268543
37.215	-2.1692	-3.2804	0.158125553984982
35.53	-1.198	-4.9193	1.645
35.595	-7.1083	-1.4836	-0.796890550437315
35.262	-6.5396	-0.11959	0.28234277007039
35.269	-8.6907	-0.96378	-0.787274528234512
29.769	-1.6298	0.65782	1.645
34.882	-6.9392	-0.59267	-0.388072467018562
34.572	-9.5317	-2.8881	-0.776500568302915
30.252	-10.709	-4.2735	-0.0519692451684107
34.803	-1.1978	-5.5854	-0.699041539561967
36.277	-7.249	-0.71106	0.681605574076549
34.271	-9.6149	-3.6763	-0.573830406017286
34.532	-1.6199	-5.9276	0.942832253657067
36.508	-6.9874	-0.76697	1.42362322876271
38.366	-5.4234	-2.4492	0.148672473407114
37.331	-2.3602	-3.1346	-0.341954460372878
35.481	-2.2084	-0.77026	-0.631847765773902
37.813	-3.2192	-2.0258	-0.443905638745431
32.987	0.16537	-5.4076	1.15308672591467
26.933	2.2884	0.38868	-0.0941905530588276
35.285	-8.2893	-0.64382	-1.4725475107431
36.394	-6.1789	-1.2919	-0.613045246748457
37.434	-4.6484	-2.4277	0.380110367026897
35.513	-9.1151	-3.2543	-0.672622073076815
37.93	-4.6532	-1.5629	-0.915060412693209
36.838	-3.1052	-0.58324	-0.28006566842341
37.923	-3.705	-3.5402	-0.798409157496851
36.68	-3.1089	-0.80076	-0.822197403522364
36.24	-2.3286	-1.4169	-1.32914690563282
38.35	-4.2938	-3.138	-0.304038002443072
37.251	-3.3098	-4.4526	-1.23833033476477
29.53	-11.489	-3.1516	0.535357739506045
37.135	-6.6056	-1.2216	-0.629308746007494
37.221	-6.2661	-0.70586	-0.454731645047178
31.882	-0.57295	-5.8092	0.626419430650747
33.946	0.48495	-2.0193	0.699951441270336
35.732	-7.4659	-0.892	-0.0565481400158012
37.754	-3.583	-4.2792	1.02994106584803
37.095	-3.2146	-1.7715	-0.793031366098466
37.289	-5.8562	-1.1742	-0.26651033369874
31.012	0.82625	-1.0063	-0.0986793284904769
37.46	-4.4038	-1.0835	1.645
31.478	0.98321	-0.87069	-0.00168286856679135
34.806	-6.9562	-0.62806	0.74586413308921
36.424	-7.281	-0.91605	-0.398300978227506
36.177	-1.3727	-4.7834	-1.44305343649165
37.07	-2.1273	-3.4271	-0.350946404892326
28.169	-10.539	-4.4468	-0.578908735847351
36.018	-6.3323	-1.1371	0.81072899699885
36.371	-1.3748	-4.149	-0.560025471966423
35.647	-8.0758	-4.3618	-0.307104373589372
37.001	-1.8216	-3.9956	-0.113677643350982
25.14	-11.017	-4.1427	-0.641690942617491
35.735	-6.692	-0.29731	-0.491107134285543
28.368	-0.59665	-6.7559	0.365561681475106
37.919	-4.1884	-3.3612	1.645
36.956	-3.2025	-4.4751	-0.399462993500904
33.383	-10.034	-3.4276	0.556325530379249
36.601	-7.2495	-1.0362	1.645
31.672	-6.1599	-5.747	-0.242902178152715
34.789	-7.3388	-0.54573	-1.14876208628948
27.563	-1.7829	0.9933	-0.772608196894989
38.32	-4.8525	-3.1108	-0.152707812428989
21.749	-12.082	-3.1072	-0.101105819205105
37.508	-3.0489	-2.1855	-0.0945783618452614
37.247	-5.6924	-4.4819	-0.438182849646546
36.311	-6.2684	-0.71261	-0.764323459894128
35.045	-8.4451	-3.0206	-0.959186504632393
32.441	-8.4786	-4.6004	-0.791565218635145
37.326	-5.6839	-4.4112	0.457135550665702
24.924	3.2424	0.63254	1.645
35.653	-8.8056	-2.0148	-0.815290320786751
35.221	-1.4667	-5.6054	0.271471888710151
25.703	0.22142	-6.7138	-0.129688895457119
30.435	-2.0178	-5.0573	1.645
37.914	-4.9455	-1.6546	-0.376381504503736
36.452	-2.8956	-0.53636	-0.900679020785851
37.264	-6.7331	-1.3042	1.13453017154971
27.947	-11.622	-3.3485	-0.66474073672236
36.284	-1.8405	-5.0251	0.351912018326783
27.177	-2.3797	0.14023	1.06991257566285
36.032	-2.4254	-5.2954	-0.491918529956236
35.861	-2.605	-5.277	-1.39499730543157
38.006	-4.5622	-1.6132	-1.310794248171
35.927	-2.6184	-5.194	0.0362403249139339
26.788	-1.3344	0.7076	1.25499443097017
32.963	-0.82231	0.13576	0.122814277570241
31.809	-9.8667	-4.0254	-1.07214378321561
36.321	-3.9637	-0.27042	-0.510610928218288
34.92	-2.2908	-0.34357	0.613278283635089
28.68	-0.5989	-6.5866	-0.819438160170836
29.101	1.8205	-1.2912	1.645
33.177	-9.7487	-2.9992	0.544311753633313
24.255	-1.0753	1.209	-0.88047960440696
36.034	-7.7111	-0.66814	-1.29673324195325
36.745	-7.1831	-2.3689	-0.60738154396847
34.688	-1.4445	-4.5017	0.153285508666053
37.109	-7.0105	-0.90472	0.601007984001666
37.061	-6.5184	-1.2337	-0.717331198155128
32.465	0.75286	-1.4389	0.664553702710164
38.041	-6.1191	-1.0396	-0.553379230641524
35.043	-1.2339	-5.4064	-1.10525851295151
26.47	-1.2093	0.66759	-0.526599353711302
36.935	-5.5179	-1.3782	-0.902378069173811
34.494	-0.21675	-1.9609	-0.920993111743081
37.059	-7.1464	-0.47755	-1.48153528709488
36.282	-1.236	-3.9953	-0.433490299780956
35.937	-7.577	-0.66075	1.645
34.954	-8.59	-1.2637	0.25896552264208
36.841	-6.0594	-5.141	-0.924251276228396
36.43	-6.2279	-0.72841	1.13330918889821
37.652	-4.4151	-4.0434	-1.12788286067926
29.473	-0.48085	-6.5681	-0.562885753874107
36.092	-7.0394	-3.7643	-1.06976911188758
36.629	-7.321	-0.79914	1.645
37.022	-7.8526	-1.9066	-0.340586839236535
36.787	-5.5935	-0.20183	-0.921498237841771
35.285	-7.5377	0.066807	-0.329877587849882
36.144	-2.2189	-1.1147	-1.05490782645757
35.542	-6.5946	-1.1652	-0.445530890419671
34.201	-6.8832	-5.1613	-0.423937138337162
37.642	-6.2693	-1.2363	-0.449133229813277
35.22	-1.6653	-1.0212	-0.46974326647357
35.617	-3.9137	0.42156	0.154296687211334
33.114	-0.44001	-5.9828	-0.226078309337682
36.918	-7.5758	-1.5006	-0.462227992076891
36.318	-6.8931	-3.2431	0.195400483478596
