30.252	-10.709	-4.2735	-0.306000555177781
37.784	-3.0457	-3.1938	0.764469398075894
35.233	-1.7225	-5.4094	-0.875306498460126
36.304	-5.6636	-0.46282	-0.904739639399687
34.958	-1.4558	-5.6443	-0.178626689747903
35.711	-7.1492	-0.48083	-0.34088477101215
35.577	-2.1617	-5.7207	-0.691354702430042
30.384	-1.1125	-6.3906	-0.2685045751335
35.662	-6.8765	-0.14067	0.525239338703156
37.208	-4.7836	-0.79393	-0.150798606128135
35.031	-0.73919	-5.3013	-0.354383863727879
30.639	-1.4277	-6.4224	-0.192140419892309
30.396	1.5929	-2.7118	-1.07145816337155
37.36	-1.9229	-3.4248	-1.645
38.053	-4.9272	-3.8114	-0.225272574083062
25.215	3.2448	-0.1568	-0.342257407274574
37.946	-3.3618	-3.7233	-1.07867704744017
36.345	-3.4584	-0.40195	-0.92993135175038
29.468	1.8323	-1.3242	-0.841335093791153
35.221	-8.5458	-1.1697	-0.802677459371665
37.076	-4.767	-1.1442	-0.944415109922855
38.1	-6.0953	-1.2467	-1.10812580018946
37.421	-4.2265	-4.3602	0.129411062677005
37.609	-6.1563	-1.2378	-0.0850382554556663
29.628	1.4832	-0.091737	-0.437462184628734
30.886	-9.9839	-3.954	0.362122679530494
36.237	-7.9567	-0.56517	-0.20744025770066
38.043	-6.8756	-1.8666	0.588455022705145
37.508	-3.0489	-2.1855	1.16926298911655
38.329	-4.7319	-3.6869	-0.804046891376791
34.7	-1.2137	-5.6412	-0.0848770834395955
38.1	-3.8544	-2.0497	-1.54881821573549
35.969	-7.2747	-0.90899	-0.823269617256396
27.088	0.10397	-6.6888	-0.572385722589838
37.973	-4.0567	-3.8317	-0.20029981805235
27.649	-11.462	-3.5438	-0.120921338055935
35.681	-8.7417	-2.8366	1.645
27.506	2.6504	-0.70193	-1.645
29.352	-10.501	-3.6657	1.34346327954927
36.904	-6.9214	-1.6942	-0.350871781327541
35.473	-9.362	-2.7353	0.270885721712998
36.27	-3.1772	-4.7845	-0.703375215882914
28.019	-0.25125	-6.6692	0.0434634920639382
33.485	-9.167	-3.831	1.645
34.236	-10.016	-2.8261	-1.54185869685651
33.449	-0.6842	-5.706	0.573326460870997
36.817	-3.992	-1.0023	-0.587484752996382
36.439	-2.5243	-2.1194	-0.306028394415042
34.364	-0.084456	-4.3062	-0.722835069900163
35.596	-0.68966	-4.4515	0.0443044044926588
36.24	-2.3286	-1.4169	-0.808450944221474
36.865	-7.6925	-1.6333	-0.880545567017069
37.22	-6.5674	-1.1292	0.949173091823984
37.897	-4.8967	-1.5729	1.04630312584796
35.228	-2.001	-3.9949	-0.461356001381573
33.384	-0.71081	-6.05	-0.676838942845884
36.605	-7.0821	-2.621	1.1873744648562
34.196	-9.5363	-3.2052	-0.180641306030294
30.378	-9.9318	-4.0164	-0.927646457417495
35.451	-2.0421	-5.2604	-1.43670902277104
37.029	-6.5279	-1.0449	0.940899024773964
36.22	-7.0306	-1.8249	-0.862856611146683
35.361	-7.6139	-0.68234	-0.0824891465323989
37.68	-3.1829	-3.9933	-1.57652597355268
34.157	-1.6204	0.0068926	0.257188277755122
37.485	-7.2194	-1.5734	0.952931247022488
36.966	-5.8746	-2.2644	0.14360686383837
36.318	-6.8931	-3.2431	-0.780500917700775
34.278	-8.7974	-3.7387	-0.56103950312565
31.307	-10.824	-3.7747	1.645
37.731	-4.9146	-1.0312	-0.314214253679676
23.754	-11.761	-3.3614	1.645
36.647	-7.5774	-0.80506	-0.306474133133657
37.798	-6.4612	-2.1662	-0.663941753957757
37.754	-3.583	-4.2792	1.17402153766635
35.975	-7.482	-0.79263	-0.332330783971581
37.505	-6.6685	-2.6847	1.645
35.53	-1.198	-4.9193	0.25656007726777
37.23	-3.1353	-2.1204	-0.632044080687722
36.382	-2.1964	-0.9519	-0.693272702902902
24.761	3.1961	0.59405	-1.34210463811921
33.85	-8.5339	-4.1833	0.640521677053994
31.588	-10.845	-3.7152	-0.474782261363188
34.348	-1.5875	-5.124	0.412418848741805
35.855	-8.5351	-4.1011	0.656926767049891
35.188	-7.5203	-0.50527	0.0556389834579734
29.408	-0.87213	-6.5897	-0.77397582911463
29.318	-10.906	-4.083	0.888771654569893
36.734	-4.8522	-4.9762	-0.624619990716129
36.425	-0.63911	-3.5397	0.406258650768011
35.68	-4.0853	-5.459	-0.292233836162293
37.21	-7.0648	-0.9211	-1.15994697201421
35.97	-1.7404	-1.3486	0.966284878284331
36.73	-2.8421	-4.3338	0.174124612128473
35.127	-8.9068	-3.2601	1.12012436123955
34.516	-1.442	0.39769	-0.130886311744826
26.621	-0.41676	-6.7491	-0.951770442904756
33.447	-0.099584	0.24688	-0.618608122572091
35.417	-9.3933	-3.2228	1.645
37.061	-6.5184	-1.2337	0.0257018502147917
36.761	-4.0431	-2.5386	0.662960675596086
36.51	-6.2637	-0.54518	-0.13733742049477
36.466	-7.3544	-0.70317	-0.397490233570601
28.861	-2.2487	0.5869	-1.03438718659181
37.211	-6.4572	-0.88182	-0.432587440555731
37.444	-6.7964	-3.6172	0.73634065326758
36.601	-7.2495	-1.0362	0.198127999703956
27.931	-0.28496	-6.5634	-0.794014476365334
31.618	-10.13	-4.2517	1.645
36.223	-7.4272	-1.0084	-0.502006582264859
29.629	-10.882	-3.5421	0.392311618487778
29.947	-10.855	-3.69	0.0621523895644115
37.298	-6.2867	-4.72	-0.206343090345532
38.155	-4.6891	-2.4946	-0.166546423027598
29.457	-8.1844	-4.6495	0.984702511365865
37.961	-6.4367	-2.1714	0.0765646865086608
24.995	-12.011	-3.4335	1.645
37.283	-5.6156	0.019012	-0.595167257813555
36.059	-5.4499	-1.2052	0.531217171579311
27.944	-0.12737	-6.92	-0.691527054421041
33.895	-8.0079	0.42918	1.16683442431131
34.547	-9.2514	-3.6529	1.61168101511413
27.474	2.3031	-0.87242	-0.986424589406608
36.897	-3.6054	-4.7352	-0.53815699315111
34.858	-0.90232	-5.1763	0.65672197492799
27.282	1.8772	0.36123	-0.846366932917896
26.937	-11.434	-4.0353	1.61737464014654
34.051	-7.057	-4.9855	1.34747845270239
36.385	-6.6891	-0.91737	0.186158193622693
36.707	-6.8401	-1.3848	-1.0490732045512
36.43	-6.2279	-0.72841	0.580409714111274
37.485	-6.1472	-1.8209	-0.821633059935296
37.336	-4.2892	-1.3951	-0.2537291988059
36.534	-2.8847	-3.859	-0.672126153400613
36.765	-2.6537	-0.90358	-0.848892413510965
38.365	-5.7093	-3.163	1.645
26.795	-1.38	0.76789	-1.37212244394374
37.736	-7.0645	-2.0451	-0.722251948467118
27.947	-11.622	-3.3485	0.510048809534687
29.441	-2.4441	0.42788	-1.05528845209425
34.545	-0.57259	-5.36	0.380095618417515
37.192	-7.2199	-0.97104	-0.535023930012103
35.643	-1.0173	-4.7475	1.645
29.467	-10.775	-3.9691	0.530722077269651
36.573	-8.3132	-1.1099	-0.339842137515597
36.38	-6.6055	-0.06572	-1.20443145996415
36.872	-7.3054	-1.1125	-0.765411381968341
31.012	0.82625	-1.0063	-0.695116531623534
33.073	-10.383	-3.0347	-0.165317700213723
33.721	-9.813	-3.1666	-0.576305955854966
36.514	-2.8311	-4.6458	0.118626218262697
26.728	-2.4993	0.37058	-0.807848403495968
35.137	-7.474	-0.47603	-0.45139436004047
33.092	-2.3509	-0.10809	-0.559410733940914
30.162	1.0924	-0.59141	-0.79137656520358
35.653	-8.8056	-2.0148	1.32935312509228
37.55	-2.3992	-4.0514	0.920163274613333
28.167	2.2203	-0.26485	-0.577647917168526
37.262	-7.6743	-2.5575	0.21730957218294
28.68	-0.5989	-6.5866	-1.26518126990193
36.82	-6.8749	-0.3813	-0.490913837634544
37.969	-4.1044	-3.9668	0.086025711205138
27.04	-0.27364	-6.8262	-0.0462310914805843
35.876	-2.8084	-4.9303	-0.119016646575631
36.613	-7.1136	-0.79163	-0.566098519702323
29.461	-1.419	0.7187	-1.12370813739842
33.343	-10.105	-3.3928	-0.314021981116757
35.407	-6.9301	-1.0617	1.645
36.67	-6.252	-0.26205	0.971499004408546
36.115	-6.9508	-0.31193	-0.120219835364879
30.193	1.2549	-0.92182	-0.752365778096407
36.741	-6.2321	-0.25214	1.18156163092825
35.394	-6.7244	-4.8998	-0.284484374330538
35.901	-7.5783	-1.5121	1.12038855254763
36.212	-2.8864	-4.4424	-0.552522551813722
36.519	-6.8297	-1.8835	0.00908588730158508
36.757	-4.3829	-1.9128	0.527353350262042
37.299	-4.6356	-4.2258	1.645
36.961	-6.9266	-1.1732	-1.41428777988929
35.464	-9.2253	-3.2972	-0.55074455913132
35.372	-7.55	0.094466	0.196340708989703
37.434	-3.8318	-1.858	0.0908425449469136
37.432	-2.5769	-3.2596	-0.147665331235444
35.832	-1.7551	-5.3572	0.185740246865309
34.841	-1.1825	-5.6789	-0.535359305595201
35.748	-1.2876	-4.9432	-0.980622207918616
37.279	-7.3662	-1.4602	-0.94015178113855
33.607	-1.7542	0.66326	-1.21881753598805
36.366	-7.7739	-1.273	0.918679100036519
29.524	1.8227	-0.21233	-1.32168223549628
24.281	-0.95431	1.6062	-1.08351233410128
37.71	-3.7762	-3.6003	1.645
37.127	-6.706	-1.4274	-1.04082706924691
37.568	-3.1113	-4.1591	-1.12192842765902
36.105	-7.3621	-0.27467	-0.100487804859062
36.68	-3.1089	-0.80076	-1.48414485681322
37.185	-5.435	-1.2468	0.197178057891641
35.352	-7.529	-3.7597	-0.246949647276329
37.144	-2.5994	-2.8073	-0.553047403940888
36.629	-7.321	-0.79914	-0.570796169515637
29.709	-1.2098	-6.7267	-1.01790132353168
28.639	-1.7463	0.11451	-0.759864081047418
33.884	-9.4559	-2.2002	-0.711950341974986
29.769	-1.6298	0.65782	-1.645
37.081	-2.2684	-3.7777	0.513245384306877
36.206	-7.2978	-1.6692	0.10274745691612
25.402	-11.378	-4.1255	0.16639371397257
37.885	-6.1483	-4.0581	-0.363929889266243
31.038	-10.399	-3.8462	-0.219403075058049
36.67	-6.0862	-0.60603	-0.278284506524784
34.412	-0.72442	-5.3799	-0.606896630208188
29.81	-10.35	-3.8864	0.883261062541537
33.106	-8.9881	-4.6548	0.361913147553531
29.473	-0.48085	-6.5681	0.308497654496299
35.74	-1.5646	-5.2828	-0.775733964704955
37.574	-2.8168	-1.8882	0.440751828087088
32.89	0.72047	-2.1587	-0.22699909979821
36.778	-6.6332	-1.1096	1.5177982342388
37.034	-3.681	-5.0419	-0.493298695350953
27.479	-1.1421	0.8687	0.00754520325029315
35.114	-8.5241	-4.0748	-0.564372696160199
35.997	-3.0534	-4.6892	0.43933973963364
36.301	-1.469	-4.8456	-0.587511795056405
33.033	0.14127	-0.89016	-0.0155660170199103
35.769	-1.0613	-4.7791	0.0143544864399466
24.668	-11.654	-3.2159	1.645
28.566	2.1575	-0.46418	-0.525330108771676
18.476	-11.922	-3.6567	1.645
31.902	-10.188	-3.1425	-0.243847241885136
35.592	-6.7005	-0.93449	1.645
34.055	0.053927	-3.4849	-1.31335067374253
29.642	-1.2463	-6.7948	-0.967105868093964
37.359	-2.1066	-3.8716	-0.922293935212669
28.656	-0.89458	-6.9293	-0.773467505779827
37.672	-6.7785	-0.78609	1.06887190365417
35.668	-7.5501	-1.0858	1.28500721520425
36.261	-6.8152	-1.5389	0.338121756625338
36.834	-6.7319	-1.2722	-0.454108907730235
36.996	-7.5969	-1.0678	-1.645
30.542	-6.0829	-5.3952	0.189274202918725
35.304	-0.72865	-1.7241	-0.59084477860856
32.167	-10.434	-3.3169	-0.773966528043587
37.241	-6.6798	-1.5083	0.090086670792053
37.692	-3.8642	-3.9815	-0.0954530549126682
36.295	-7.3641	-1.1927	-0.738069486901533
36.177	-1.3727	-4.7834	-0.693435515210327
35.221	-1.4667	-5.6054	-0.963726683107771
36.195	-3.0407	-2.149	-1.17156304112634
20.821	-12.156	-3.2601	1.253936793771
28.31	-11.059	-4.4058	1.645
37.112	-7.4161	-1.9881	-0.906179866632578
35.304	-6.792	-4.5462	1.645
31.554	1.5166	-0.70294	-0.186859878349115
35.332	-3.4379	0.25797	-0.579547074139346
33.492	-9.8817	-3.9009	0.468924459959619
37.411	-6.3305	-1.4893	0.0451450139563069
35.78	-6.7263	-1.6317	-0.241749097352516
33.448	-0.77411	0.15523	0.763539898053605
35.375	-5.2242	-0.81239	0.11684224568955
33.301	-0.8584	-6.2191	-0.365162455410605
33.996	-0.50546	-3.2843	1.645
36.135	-7.0239	-0.50614	0.631893436000807
35.965	-2.0548	-5.2201	-0.65442801441823
36.394	-6.1789	-1.2919	-0.381484513387472
37.406	-4.8724	-2.8986	-1.15795303228218
36.04	-7.8278	-3.3901	-0.546403216791913
36.003	-7.4847	-0.98669	1.645
37.505	-3.3844	-3.665	0.0366069308100255
38.095	-4.4114	-3.0289	-0.149877275321113
28.845	-0.3391	-6.3215	1.645
31.873	1.1603	-1.4668	-0.198207616984138
37.224	-5.958	-1.089	0.99401918234567
37.745	-6.0125	-2.6235	1.26535984581008
32.761	-10.279	-3.5803	0.885618862103982
35.146	-6.8688	-1.1453	-0.123105371356482
22.237	-11.81	-3.5527	0.542868204638751
36.309	-1.0166	-2.6914	-0.650275524063608
32.789	-9.4975	-3.0511	-0.185527201640475
38.051	-7.0224	-2.7249	0.883254351469049
37.117	-7.0294	-1.3152	-0.897093071215057
29.757	-0.67542	-6.5392	-1.645
37.809	-6.3381	-1.42	0.449446711916985
37.268	-4.9914	-0.25184	-0.111285074101737
37.709	-3.5095	-2.5169	0.541431126325816
29.359	-1.6151	0.50232	-0.98212838210395
35.72	-8.5251	-3.5035	0.606090258197921
35.965	-1.3746	-5.0021	0.679139226404129
36.316	-4.3292	-0.2157	-0.379426893532397
32.677	-8.7274	-4.1685	1.36063077766368
38.36	-5.3256	-2.9136	-0.259659130204189
36.221	-7.3412	-4.4751	-0.62784676213234
34.415	-6.8325	0.075148	0.00417027105935316
28.368	-0.59665	-6.7559	1.03790748047772
36.759	-3.5836	-0.81804	0.568282519167202
34.095	-9.7839	-3.228	-0.282565527046081
37.368	-6.4768	-2.9922	-0.663134872016965
37.332	-7.2515	-3.8961	0.568420918322827
35.258	-5.3219	-5.4431	0.49696546293733
36.321	-3.9637	-0.27042	-0.1039514573694
36.03	-6.7396	-2.2656	1.02260463499311
36.297	-6.6218	-1.3064	1.08060021715023
36.623	-2.2417	-4.4946	0.420962687726172
30.035	-10.734	-3.8263	-0.214489032527691
36.66	-6.6386	-0.37036	-0.580924560914782
21.515	-0.27706	1.74	-0.977685965078313
33.103	-10.306	-3.7632	0.615133873649184
36.952	-8.0395	-3.7747	0.0961865216038497
22.571	-0.57713	1.5151	-0.279978070725812
37.393	-3.4946	-4.3244	-0.301624984244336
29.076	-11.036	-4.0158	0.862765640229392
27.77	-11.555	-3.6482	0.865581976546697
37.578	-3.8494	-4.4812	-0.439475418810114
37.42	-3.8425	-1.2864	1.15275000788758
26.936	-1.6129	1.3973	-0.74808576409909
36.112	-7.3194	-0.71772	-1.04644789390781
35.791	-7.0583	-0.31701	-0.259226119582527
30.4	-10.876	-4.4696	1.48406680186876
35.159	-1.6508	-5.7185	-1.0428944469873
36.861	-1.5517	-4.234	0.0991858539213009
26.877	2.3493	0.26303	-0.464335872610499
20.474	-12.495	-3.206	-0.593583218286293
27.177	-2.3797	0.14023	-1.03045933985313
37.496	-2.3662	-2.2257	-0.632688009987756
34.893	-8.2576	-0.2879	1.645
26.716	-11.636	-3.9302	1.645
34.889	-7.5416	-4.5362	1.32690496815645
36.442	-8.308	-1.1302	-0.0353538878316547
35.773	-7.8802	-0.81617	0.0655433568781751
37.317	-6.8573	-3.3818	0.449291030588734
36.102	-3.0749	-5.1304	1.06113515915801
37.105	-2.5589	-3.5756	-0.442485169290486
25.809	-11.625	-3.7767	1.05306582844252
31.857	1.6245	-3.1076	0.27375192202701
26.788	-1.3344	0.7076	-0.27945705413256
37.049	-6.6954	-1.5441	0.298507505052609
30.72	1.4517	-0.34053	-0.712800620894991
27.045	2.3681	0.63953	1.645
20.617	-0.3175	1.6639	0.358637433870208
37.887	-5.396	-1.5637	0.174762372082887
37.858	-5.3791	-3.9756	0.26159903877369
37.652	-4.4151	-4.0434	-0.481300013913222
29.685	-10.994	-2.7076	1.645
33.751	-10.254	-2.9882	0.115282590821578
33.908	-0.57427	-1.1263	-0.697196152575378
36.426	-7.9875	-4.213	1.25906083182468
33.919	-7.0507	-5.0645	-0.445476750231766
37.54	-3.8517	-4.3804	-0.586784190146308
35.577	-1.6453	-5.4049	0.576141278622068
38.032	-3.8433	-2.5224	-1.10782920365734
26.259	-0.18253	-7.0548	-0.444780740602815
35.993	-7.0808	-1.3785	-0.700344013467378
34.187	-1.4715	-5.6999	-0.720668677685349
38.371	-4.863	-2.051	0.82317985186921
36.918	-7.5758	-1.5006	-0.572438379139794
36.473	-1.6404	-4.767	-0.735575154966426
28.657	-0.49517	-6.6234	-1.36636529163747
36.394	-7.593	-0.62675	-1.10645009741458
36.478	-7.1979	-2.0881	0.207172794238298
35.184	-9.2901	-3.1965	1.41287552579414
33.753	-9.4761	-3.5559	1.645
38.074	-4.3028	-2.4632	1.645
36.292	-2.6554	-4.4174	-0.515127040238331
37.272	-6.8375	-1.1314	-1.15427390780508
33.715	-9.6432	-2.123	1.07874799916058
35.237	-0.69076	-4.8874	1.15393675217018
24.414	-12.142	-3.2013	1.04772096791369
37.569	-6.5148	-1.4642	0.3289103999169
36.96	-6.9343	-1.0159	0.710664445288578
37.294	-1.9809	-3.4145	1.05423538500906
37.737	-6.611	-1.2513	-0.100086194537694
37.08	-2.6979	-1.4846	-0.618187197249166
37.508	-7.0244	-1.8393	0.192978136326824
37.038	-4.3294	-1.0892	1.645
34.492	-7.3364	0.24994	-0.542119405515856
27.619	-11.723	-3.0238	1.645
37.109	-7.0105	-0.90472	-0.0143526889079546
33.954	-0.85081	-5.874	1.645
25.499	-1.9116	0.89186	-0.817801939572041
33.203	-10.02	-3.7952	-0.0864435589532914
36.949	-4.5689	-2.2549	0.374889322911747
38.43	-6.1105	-2.4777	-1.1129205147348
36.281	-7.2612	-1.4428	-0.903610999556684
36.205	-2.6511	-0.80731	-1.4437026345791
31.294	-7.8077	-4.7166	-0.476132240330233
28.036	-0.32208	-6.6729	0.16082334359208
37.033	-2.5461	-1.0928	-0.344841368700514
33.627	-10.262	-3.7998	-0.921784761047196
28.89	2.0927	-0.92713	0.0586619757757602
36.811	-6.4165	0.35144	-0.624410818738895
37.011	-5.9559	-0.4383	-0.161093283907819
38.201	-3.9247	-2.182	-0.785208012887369
36.854	-3.5895	-4.6313	-1.05626306391625
37.373	-6.9962	-0.69014	-1.16716104329161
38.149	-5.5533	-1.2842	-1.645
36.144	-2.2189	-1.1147	-1.30142459761774
35.14	-0.37334	-2.7565	-1.26435137792528
36.902	-7.0363	-0.65284	0.577284713264368
36.446	-6.3734	-4.8093	-0.296763970011729
36.044	-8.7182	-2.4083	-1.14430296664915
34.719	-9.8405	-3.3063	0.900190352730377
36.437	-3.6993	-4.3082	-0.363925969108049
34.532	-1.6199	-5.9276	-1.53659377118991
24.371	-1.4143	1.2245	-0.781026896590268
27.162	-11.286	-4.1317	-1.18195388019053
35.233	-8.8871	-3.1131	1.61714815492472
34.886	-6.2481	-5.5571	-0.66796868430581
34.45	-9.2067	-3.1109	0.226906325432828
35.822	-6.391	-2.1782	-1.645
35.733	-1.9219	-0.14499	-0.690689122215075
35.874	-8.6177	-1.8043	0.370481233234977
34.192	-8.3314	-3.5638	-0.679783588447327
37.948	-6.3604	-1.6608	-0.617598217934026
35.228	-8.4952	-3.2171	-0.0039782348079438
34.806	-6.9562	-0.62806	0.0218377317080207
26.345	-1.1055	0.5634	-0.302883223699371
25.296	-0.72466	1.6146	-0.741430885105083
37.422	-3.4628	-2.3274	0.28272007168676
28.048	-11.488	-4.1721	1.02997162378098
37.105	-3.6061	-4.5524	-0.038690247911791
36.419	-6.6899	-0.5559	0.393822862458527
35.34	-2.5809	-4.242	1.645
33.407	-9.7397	-3.9947	0.250779331283259
32.896	-9.6574	-3.1526	0.275924723750843
36.359	-7.4549	-1.0004	-0.722898962914065
35.12	-1.2742	-2.8903	0.238321411939791
37.498	-3.5547	-4.4466	0.00215837105678013
36.054	-7.6498	-0.76852	0.0598097305206889
37.167	-6.6659	-1.13	-1.09217815297738
37.129	-4.2692	-2.0975	0.60092853419456
36.978	-1.6567	-1.9199	0.111987186397895
29.606	1.5715	-0.54431	-1.42246380358004
33.643	-1.3637	-2.5897	-0.667055480963082
34.789	-7.3388	-0.54573	1.645
28.725	1.7036	-0.72164	-1.14689128256524
24.712	2.8802	0.58317	-0.675274096139538
36.593	-5.8661	-0.6886	-1.00843380902199
36.284	-1.8405	-5.0251	-1.22774649042835
29.893	-1.3723	-6.5831	-0.753784619984671
36.546	-7.4554	-1.1895	-1.645
35.946	-6.5489	-1.2203	-0.504567449063069
36.537	-6.8783	-1.0337	-0.200763448890764
20.317	-12.541	-3.2969	-1.03815061739363
34.361	-1.276	-5.9627	1.26892797986183
37.923	-3.705	-3.5402	-0.723883962995047
37.259	-3.0075	-4.4835	-0.717338976718417
37.096	-3.0514	-4.6541	1.645
34.849	-9.695	-3.414	0.148819518217591
38.398	-5.8134	-1.1318	-0.0742643348874325
24.003	0.13853	1.4663	-0.720806473624058
37.122	-3.4666	-4.8168	0.347718236567908
36.732	-7.2218	-0.73825	-0.209655981836094
33.778	-8.1256	-0.58235	-0.484351522733819
31.849	-10.422	-3.1593	-0.136019079294359
37.14	-3.9296	-2.3872	0.393984531692294
36.72	-6.1892	-0.64828	-0.186575205475363
36.229	-7.0194	-0.57746	0.337538345255559
31.782	-10.612	-2.5976	0.301258673985261
33.339	-3.0923	-1.8954	1.645
31.845	1.0033	-1.1008	0.175250274384017
34.623	-7.9058	-0.21977	0.169172490537851
36.82	-6.9642	-1.231	-0.227389316978402
38.141	-4.2786	-2.7783	-0.662950575561949
36.231	-6.2373	-5.1256	-0.445991655269635
36.289	-2.5821	-5.4333	-0.626324125615792
37.38	-3.0814	-1.6637	-0.687601203607926
35.425	-1.3523	-5.359	0.409454625018834
35.754	-8.7903	-3.0805	1.645
36.588	-2.8971	-0.65573	-0.0836950388394299
28.461	0.98628	0.17033	-0.479511461883755
36.185	-1.9151	-5.1717	1.5606764513309
36.577	-3.213	-5.146	-1.645
36.786	-8.3038	-2.0017	0.84350160102711
37.997	-4.8692	-1.9471	-0.592005840248503
37.103	-6.7509	-1.4273	1.09187021786204
38.09	-4.6696	-3.7878	1.645
25.277	-1.3055	1.488	-1.11531249357771
36.099	-2.2894	-4.5739	-0.39950150812996
31.698	-1.481	-6.3148	0.306689334871075
37.265	-6.8089	-1.3866	0.252737178333944
32.951	-2.1329	0.73755	-1.25437382028689
35.127	-9.5065	-3.6642	1.39726781087961
36.16	-6.4134	-0.87063	-0.684478758027711
37.729	-4.9993	-4.3855	0.177197978761611
32.13	-10.432	-3.3767	-0.141512469242146
37.573	-3.3045	-2.1576	0.586974611525535
37.755	-3.5724	-3.9847	0.497444869360309
37.348	-6.6439	-1.5268	-0.0117263851839915
37.925	-7.2268	-2.1791	0.429767137902645
36.177	-1.8567	-5.0243	-0.475544954157439
37.795	-6.7263	-1.3088	1.39043375293718
31.65	0.84958	-1.5053	-0.714786246753838
36.07	-7.6448	-1.1824	0.908918356141436
22.184	-12.39	-2.6067	0.626116737763183
30.247	-10.532	-3.9948	-0.440053293887779
37.393	-6.592	-1.4972	0.641928568358581
37.554	-2.4907	-3.7862	-0.70190863841497
37.201	-7.6178	-1.6684	1.645
30.283	-1.7556	-6.5862	-0.199110011909396
25.356	-12.145	-2.9767	0.396503657444511
35.172	-5.0249	-0.59907	-0.896502617381736
37.305	-7.1596	-1.4898	-0.143030920375669
35.947	-3.498	-4.6138	-0.404627430010593
33.207	-10.28	-2.8261	0.780469519082543
28.016	2.2856	-0.45016	-0.577835461868024
22.195	-0.52443	1.9394	0.391313681717365
35.802	-9.2502	-3.1529	1.645
36.956	-7.4289	-1.0991	-1.30558539313834
38.171	-4.4907	-2.327	0.221012514476005
36.092	-7.0394	-3.7643	1.44047636712143
26.98	-11.301	-3.1408	-0.5920935794012
35.669	-5.378	-5.4118	-0.404524182438217
34.864	-0.4048	-2.0771	1.645
36.613	-7.0288	-0.34779	-0.811318563439319
31.329	-9.8618	-4.0712	-0.682925315755113
36.769	-3.844	-5.1959	-0.712652464413737
30.827	-10.451	-4.0079	0.624866344665412
37.061	-7.7577	-3.156	1.645
34.483	-1.1037	-5.7561	-1.5330688928113
35.73	-7.9709	-0.66978	0.699743970768314
26.612	-11.577	-3.6266	0.320066517397568
36.745	-7.1831	-2.3689	-0.583055759619213
31.359	1.2267	-0.79001	-0.459738311945374
34.084	-5.1555	-0.37926	1.02955192901348
38.29	-5.6387	-2.4153	0.990806126241803
22.106	0.18732	1.8667	-1.17885095009104
35.735	-6.692	-0.29731	0.0650569688509486
17.095	-12.321	-2.8753	1.645
36.501	-6.4825	-0.69156	-0.0112930632766283
26.577	2.4753	-0.54886	-0.371580875776661
37.219	-2.0424	-2.5208	0.00376732841659449
36.172	-0.92643	-4.2247	-1.3292371149148
37.095	-4.2397	-4.9509	1.35509815726364
33.674	-1.1195	0.1615	-0.237347422358057
36.517	-7.0275	-0.29672	-1.34556951589505
31.972	-10.291	-4.3015	0.29814971060314
37.138	-4.5323	-4.5154	0.28559361986872
32.883	-8.6579	-4.8132	1.2111202431764
33.946	0.48495	-2.0193	-0.73999303671701
33.226	-8.1007	-3.0252	0.322784702284946
36.037	-8.4397	-2.6454	-0.0633056333625384
32.196	-1.6907	0.61627	-0.21123449317672
27.763	-0.19828	-6.7383	-0.632740335559415
36.339	-6.8364	-0.98471	0.0608409132077955
32.65	-0.74971	-6.2361	-0.867605709069417
36.261	-2.6379	-4.6789	-1.18731190771878
35.636	-9.2272	-3.3149	1.645
37.07	-2.1273	-3.4271	0.234033432619792
36.04	-8.1498	-3.5092	0.3995567733035
37.255	-6.7602	-0.97143	-1.33266753024446
33.652	-9.6058	-2.9365	0.575522300812186
35.983	-8.1255	-2.4158	1.645
34.944	-8.9841	-4.1297	1.645
33.04	0.80558	-4.2231	0.459806356685687
37.059	-7.1464	-0.47755	-1.13040326322457
35.629	-9.285	-3.1762	1.20440874846108
37.101	-2.5892	-4.5559	-0.226490206345877
33.365	0.518	-1.5642	-0.977371960527344
37.799	-3.4383	-3.9197	-0.189548105396017
37.502	-6.2755	-1.1577	-0.833416059784682
37.352	-7.3788	-1.6396	-0.917423408722845
34.537	-0.89781	-0.21511	0.220577881822497
34.933	-9.2861	-1.8374	0.213983762008472
34.882	-6.9392	-0.59267	-0.348481910127971
28.051	-11.463	-3.9954	0.455536136042135
38.583	-5.346	-2.3082	0.381299127297824
35.765	-2.3939	-5.2168	-0.810160282376398
35.587	-2.51	-0.4416	-1.29395760817731
37.18	-7.2877	-2.0295	1.61176596219954
36.955	-6.6936	-0.62468	1.02008540830517
33.145	0.72644	-3.0346	-0.88111615512815
36.358	-1.9963	-3.3979	-0.368266301599955
35.264	-7.1588	-0.50919	0.452792821175975
34.658	-0.62976	-5.3143	-0.193078880103897
36.36	-2.2355	-0.98092	0.932907374934237
36.834	-7.6649	-2.6837	-0.752078939530853
21.132	-1.0722	1.3773	-0.16000442214547
13.152	-11.939	-3.2046	-0.483329314921543
36.426	-6.7145	-0.56541	-0.775843942738115
36.807	-6.8513	-1.4331	-0.820184233093494
36.444	-7.3508	-0.80357	-0.191276057595303
35.638	-1.1759	-3.9446	0.143524963389933
27.737	-11.284	-3.2202	-1.09252313144021
36.113	-7.5229	-1.1566	-0.960370131830623
34.689	-0.28268	-3.6521	-0.71889544366561
37.379	-3.6702	-0.92475	-0.412342631290536
38.099	-4.1749	-2.0066	-0.760791510202456
38.276	-3.9029	-2.2387	-1.04833131638766
35.502	-5.9782	-1.6541	0.0307990115876682
36.584	-6.9242	-0.77023	-1.47096724125875
35.672	-1.7917	-5.3377	-1.645
36.752	-3.5477	-2.6273	-0.791773077289464
34.205	-9.6351	-2.6179	-0.867138241413533
36.673	-7.7313	-1.7312	-0.868568460440893
34.93	-7.4385	0.28604	-0.177589034864499
36.492	-7.1408	-1.0361	0.0218398035339726
37.788	-4.174	-1.7582	0.337145179377616
36.965	-3.0487	-1.9398	-0.225939323644698
38.23	-4.9132	-3.4835	0.740078551359539
36.663	-3.1631	-0.3802	-0.189626065356889
33.099	0.055081	-5.2592	-0.611270475411988
31.239	-10.563	-3.4322	0.752512802413719
35.881	-1.4853	-5.1216	-0.710078625623614
33.57	-8.7984	-2.8098	-0.715023555682134
37.128	-7.3755	-1.516	-0.00807513458274794
33.552	-9.7298	-1.7604	-0.280163430730911
35.169	-9.4052	-2.0994	0.609651160092739
33.728	-7.5046	-4.2941	1.645
31.148	1.1191	-1.7657	0.366442298600299
36.1	-5.7452	-0.9397	1.645
14.2	-12.25	-2.7913	0.930310238242034
33.449	-0.70302	-0.86649	-0.466684305396226
36.735	-2.0513	-4.5974	0.0939190621038601
37.97	-6.9158	-1.8538	-0.0355863527016002
37.271	-6.6982	-1.6293	0.510187344049537
36.379	-3.7123	-1.4074	-0.322093713552428
24.282	-11.844	-3.4144	1.645
36.613	-3.0796	-0.94265	1.01409665612636
35.771	-6.6465	-1.0204	0.813809523601918
29.6	1.593	-1.8446	-0.296318044697443
37.883	-2.6633	-2.9858	-0.114032281402487
31.258	-10.897	-3.3516	1.645
28.835	-0.9672	-6.622	-0.25965757289966
26.632	-11.363	-3.9523	1.07675888942841
34.045	-9.3825	-2.7884	0.413345910635398
36.668	-5.7643	-0.36006	-0.624163609992387
33.156	0.051677	-0.95287	-1.645
33.764	-0.71277	-5.7633	-1.645
35.295	-7.3557	-2.6164	0.258784911033875
34.803	-7.3818	-0.18694	1.645
34.462	-9.6263	-2.7398	0.98495188792422
35.186	-7.3743	-0.73991	0.771143991832355
36.568	-6.7341	-0.43936	-1.25349174185373
37.311	-7.1319	-2.484	0.682620050364706
24.603	3.0977	0.72789	-0.661794564549132
30.903	0.73487	-0.78254	-1.03720909126108
36.998	-6.8792	-0.55387	-1.13331504628158
33.493	-0.10664	-5.5756	-1.11595567318162
38.411	-5.9434	-2.5654	-0.742129817346665
23.875	-11.581	-3.7265	0.62307833094585
31.882	0.099737	0.85538	-0.168559293915785
31.935	-9.6442	-3.1092	1.08498515686252
26.959	-11.641	-3.4896	1.0661359600589
27.536	2.4938	-0.31686	-1.31628583740645
37.244	-6.5933	-1.2809	-1.40633813548946
29.127	1.8274	-0.60295	-1.02624432098377
37.126	-1.7498	-4.0023	-0.759239871362107
37.964	-6.7002	-1.5893	1.19747565650059
29.648	-0.84476	0.71673	-0.210216734022144
37.316	-6.1483	-0.43037	-0.522110321185274
37.077	-7.9142	-1.4075	1.645
33.288	-0.28058	-5.9272	-0.490968820436766
35.647	-8.0758	-4.3618	0.568492830495263
36.307	-7.1819	-0.72469	0.387032349209098
37.012	-7.3768	-2.6185	-1.47852740578479
29.6	-10.915	-3.8914	1.20957615768226
37.241	-3.7254	-1.2785	0.329828585611394
36.381	-6.3235	-0.97449	-0.414975941468769
38.228	-5.9979	-2.4075	-1.09663411704359
29.683	2.3099	-1.5653	-0.260342994854134
36.092	-3.3609	-0.37577	-0.0350546667060112
36.459	-2.2777	-4.9212	-0.107301596980146
26.628	-11.465	-3.5706	1.645
37.597	-4.7139	-4.268	-0.400634098653839
37.638	-2.9456	-1.7393	-0.934635441628759
36.825	-5.2081	-2.5948	-0.449565569166693
37.001	-3.1956	-1.9825	-0.823178301260894
35.376	-7.6203	-0.86273	1.645
29.737	-10.997	-3.7093	1.1857750449071
36.646	-6.9621	-4.4572	0.0949675455232074
35.599	-6.7579	-0.15719	-0.989222578162765
31.82	-1.1205	-6.6025	-1.01868970675669
36.406	-3.0178	-1.5552	0.096329534311211
33.897	-9.3231	-3.4479	0.577232240870809
32.105	-1.7627	-0.10838	-0.91037972827645
36.277	-7.249	-0.71106	0.388717875407741
36.737	-5.862	-0.77037	-0.572283666952382
36.388	-6.8777	-0.40505	-0.505899704473846
37.261	-2.7718	-4.19	-1.09174115132984
31.621	1.471	-2.1952	-1.645
37.684	-3.9188	-3.9944	-0.603469056442242
24.924	3.2424	0.63254	0.589169278903671
35.866	-3.3966	-1.9231	0.491015175596986
27.767	2.2237	-0.43318	-0.764432705825383
35.011	-9.3326	-3.6961	0.911799001998822
36.754	-3.0007	-4.6999	-0.5293321563659
28.246	-11.364	-3.9274	1.645
28.058	-0.40419	-6.5521	-1.13690899385996
36.427	-6.7942	-0.72939	0.233838350636119
38.176	-3.9397	-2.3623	1.0013325969483
31.848	-10.514	-3.7276	1.645
32.421	-9.9028	-3.8736	-0.601116480641548
37.445	-4.4388	-3.7318	-0.769639095292058
35.951	-1.7764	-5.2628	-1.24478297610294
35.052	-2.3438	-0.25459	-1.42555693955561
37.046	-6.6266	-1.4054	-0.221184809987323
35.805	-0.27107	-3.7675	1.0621479978538
37.018	-2.1404	-3.4635	-1.23526342066513
29.485	-11.04	-4.0291	1.645
34.963	-0.91573	-4.2992	-0.781818906798992
35	-8.9277	-3.0689	-0.499565775097936
37.03	-6.9054	-0.89318	-0.71487947709457
36.998	-6.6701	-0.68066	0.677772064441951
28.959	-10.732	-3.9835	0.00752965921577827
28.796	2.6423	-1.0447	-0.63079720229468
35.607	-1.8209	-5.5017	-1.390156462883
29.049	2.1374	-1.2587	0.386558075926251
36.564	-7.3469	-0.8169	0.13065895437424
37.58	-5.6603	-2.0723	0.179068510697831
31.865	0.77388	-1.3397	-1.38183545165605
29.143	-1.0016	-6.5471	-0.0947915846069681
27.258	0.22043	-6.3336	-0.379350523587567
35.159	-8.7272	-4.1003	-0.0913598514811131
35.815	-7.8946	-0.37288	-0.687836550854011
37.493	-3.1652	-4.0554	1.06954775874619
36.963	-3.5361	-2.5995	-0.334479470481017
37.393	-5.8686	-0.98026	0.944656075982818
37.813	-3.2192	-2.0258	0.323976357541193
37.005	-7.4155	-1.2923	1.51094048678191
36.678	-7.6703	-1.4146	-0.28834071744022
36.409	-6.576	-1.957	-0.508616754141102
36.077	-2.6253	-4.9514	-0.210951512044929
36.243	-3.5794	-0.21717	-0.531472779832863
36.026	-6.626	-0.1023	1.645
36.241	-3.1487	-1.2023	-0.259367108698206
26.151	2.5267	-0.32816	-0.311942891241818
37.961	-4.5137	-3.6152	-0.588148424650824
34.751	-2.076	-4.7894	1.45166050149853
35.408	-1.3801	-5.2085	0.068886711505526
31.983	-8.192	0.43924	-0.951598565928899
37.348	-4.3808	-3.4643	1.24568233543476
25.224	-11.867	-3.7074	0.291608999542114
29.185	-1.0694	-6.7569	0.661362389407321
34.119	-1.5572	-3.3554	-0.911215554987945
35.665	-1.1446	-3.4708	0.105191432578726
37.853	-6.0901	-2.2477	-0.986256442379762
36.103	-2.9022	-4.7952	-1.04636703392485
36.835	-3.5596	-0.94827	-0.250965552330564
36.17	-7.445	-0.85062	-0.614954593263571
26.906	2.3831	-0.26394	-0.843443139529635
36.06	-7.5642	-0.4854	-0.710417737918115
37.14	-4.964	-4.1295	1.645
36.254	-2.536	-4.605	-0.731123076528655
37.401	-2.788	-4.0256	1.645
36.424	-7.281	-0.91605	0.0690711627736366
35.811	-7.1054	-0.26252	0.30107427434785
35.131	-7.9391	-1.5386	-0.817869414596396
36.196	-2.2167	-5.2777	-0.933010599501352
35.143	-3.4181	-0.3143	-0.737551003235817
35.111	-2.7285	-5.6907	-0.17207577400267
38.008	-3.2008	-3.5752	-0.564407407292512
35.136	-0.6424	-1.0237	0.461893098762066
35.689	-6.7757	-2.8578	-0.109017739915342
29.713	-1.3836	0.57155	-0.345472416364218
30.906	-10.083	-3.4443	0.99481333910199
34.883	-4.4287	-1.5223	0.435260337305135
38.086	-4.8205	-3.8928	0.100844464129997
37.501	-3.63	-3.2459	-1.4789144032494
35.843	-6.6108	-1.5401	-1.19267875674235
31.505	-10.677	-3.5357	-0.244101716557511
37.16	-6.6232	-0.7396	0.0823816926154704
36.42	-7.2465	-0.79641	-0.596297645428425
31.917	-9.7447	-4.6294	-0.770126285445377
37.031	-6.9763	-1.0374	-1.645
38.265	-5.2641	-1.6418	-0.0763405504121769
37.023	-7.7618	-3.0738	-0.212873262636067
35.848	-8.0086	-0.74692	-0.106582965799387
37.359	-3.4721	-4.3656	-0.632550729228807
37.919	-4.1884	-3.3612	1.645
31.151	-10.386	-3.707	1.11002068341316
37.056	-2.086	-4.1943	0.209478735951628
38.006	-4.5622	-1.6132	-1.01053456671469
36.625	-3.1859	-5.035	-0.813305273091638
22.994	0.17768	1.5887	-0.90027197646644
37.974	-3.5713	-2.2629	0.2131272793148
35.991	-7.1105	-0.27884	-1.01241237581048
34.046	-7.7115	-0.99998	-1.13170355006872
28.049	-10.987	-4.007	0.974685990495327
24.626	2.8702	0.65734	-1.01130126445657
35.883	-6.8386	-4.8344	1.45019148295108
36.537	-6.301	-1.1695	-0.562249689428117
36.684	-6.916	-0.54257	-0.735863277313061
36.131	-6.7703	-0.6249	-0.438576516931175
36.721	-7.1728	-1.6014	0.90606730111884
36.291	-3.2826	-5.4975	-0.309827254919386
37.998	-6.5588	-1.1578	-0.656469062064032
37.407	-3.279	-1.2402	-0.661617607699149
34.719	-0.76652	-0.38087	-1.34405478932907
24.667	-11.97	-3.4268	1.18108584672301
36.562	-7.8558	-2.4601	-0.714382455423453
34.523	-6.4037	-5.2684	-1.19005840550663
36.344	-2.7243	-5.0541	1.27470153281474
28.704	-1.2358	0.73461	-0.789979710961943
35.112	-8.381	-1.5627	-0.678320949325624
36.561	-8.08	-2.507	-0.0976301498987129
29.101	1.8205	-1.2912	-1.05780444027964
35.878	-8.1252	-1.6888	0.0718139869512826
33.057	0.84632	-2.7147	0.399938471767622
33.546	-0.34527	-5.445	-1.24753465313054
31.882	-0.57295	-5.8092	1.06840193384984
24.91	-11.954	-3.5912	1.645
38.382	-5.4187	-2.2298	1.645
35.342	-0.84757	-4.9727	1.645
34.619	-5.6944	-5.4814	0.59452480047588
36.436	-7.5013	-0.96146	0.0917619632213678
37.02	-3.3083	-1.0167	-1.30037058041608
34.806	-8.8901	-2.973	0.576542698451615
34.347	-0.98887	-5.2431	-0.452460114471159
32.922	-10.36	-3.0592	-0.546878233680196
37.436	-2.0099	-3.387	-0.311571620273367
27.802	-0.52154	-6.6001	0.388255395914567
36.324	-7.7981	-3.4379	0.719687166542255
33.436	-1.2899	-6.2745	-0.849182343923827
33.177	-9.7487	-2.9992	-0.276017841664538
27.274	2.4161	-0.10539	-0.0700937947291761
25.93	-1.2025	0.87789	0.367721589446593
36.272	-2.8487	-4.1937	0.0859766822150425
37.157	-2.2965	-4.1908	-0.484711490439741
30.682	1.0168	-1.2092	0.220007484556605
34.541	-2.8555	-1.6681	0.123690141489128
33.291	0.40457	-1.8331	-0.246699705588652
37.406	-4.0066	-3.9598	0.782829803250555
24.997	-0.66669	1.1359	-0.646857267921565
36.12	-6.4143	-1.0835	-0.487873609440917
34.659	-1.9863	-5.9829	-0.727849928807993
36.488	-7.3251	-2.3262	1.62471439674135
27.032	-11.414	-3.9168	0.593427851891403
33.231	0.16905	-5.6528	0.468391654951784
35.542	-6.5946	-1.1652	1.645
36.53	-7.222	-1.5122	0.584020857702849
35.769	-1.7993	-5.2612	-1.645
35.546	-8.9878	-2.0374	0.507348637092389
36.791	-7.3313	-1.4707	0.537339213747727
29.891	1.399	-0.59674	-1.07970589761442
35.835	-5.3318	-5.5868	1.50113243903444
28.257	-0.68969	-6.8239	-0.169978858860492
37.377	-6.8635	-1.8859	1.19528114299022
27.464	-11.751	-2.8039	-1.37315759595216
28.168	-0.41404	-6.7192	-1.645
37.75	-4.869	-1.3026	-0.871017124388252
35.944	-7.7459	-1.3209	-0.973487083123039
38.082	-5.3314	-2.1137	-0.853212963064596
33.007	0.29962	-0.29684	-0.596785006212277
38.541	-5.8464	-3.3132	1.01113458481868
36.802	-7.1285	-0.91854	-0.0892282149515682
37.28	-2.8613	-4.4514	0.103807930223921
27.788	-0.7983	-6.5807	-1.16054824053795
29.504	-10.993	-3.853	-0.804488087640962
30.43	-10.246	-3.9492	0.380479022035727
35.675	-7.1694	-0.86933	0.112775835019096
37.326	-5.6839	-4.4112	1.52415334050165
36.829	-3.054	-4.6771	-1.04821305518548
37.127	-7.6054	-3.972	-0.580481157547819
32.465	0.75286	-1.4389	-0.922726184801571
33.046	-8.5364	-0.65937	0.830883733244573
32.73	-10.178	-2.8586	-1.10580063310005
34.579	-9.3204	-3.3467	1.02326357342465
33.708	-1.6614	0.33322	-1.22307421661239
37.264	-6.7331	-1.3042	0.0789099615471233
33.378	-9.128	-3.986	-0.4420156929726
36.682	-6.2436	-0.22291	-0.908305990308008
30.821	-10.162	-3.2975	1.645
36.51	-8.369	-3.6788	1.19479877535208
24.884	-12.03	-3.7199	1.645
35.633	-2.7754	-0.42644	0.919035342139511
36.718	-6.6751	-0.98773	0.483846998599717
35.556	-2.9167	-0.96308	-0.224110126317852
27.416	-11.642	-3.608	1.35393605798508
35.042	-7.5012	-4.9165	0.268872068887425
37.034	-2.7736	-2.7544	-0.584999251687968
37.879	-3.3745	-3.9897	-1.49765732971364
28.693	1.9418	-0.84665	-0.13696715904608
36.863	-4.6665	-0.57369	-0.321658235431569
37.196	-2.9731	-1.8959	-0.572163900628272
28.874	-11.12	-4.0281	1.48309845757469
37.449	-6.7361	-1.3597	-0.513891716008738
35.503	-6.2815	0.51715	1.1386705461425
24.869	-11.715	-3.337	1.36768173241068
37.136	-6.9179	-0.88602	0.460511555356139
37.548	-3.7864	-2.5541	-0.587838386556956
36.034	-7.4432	-0.97491	-0.335311726107195
37.937	-4.7004	-4.0766	-0.0316009899812041
35.013	-1.0942	-0.74452	-0.169344605113261
37.172	-5.7699	-2.3884	-0.101531166375709
37.69	-2.9721	-2.3396	-0.81248712341948
36.99	-7.0988	-1.0916	0.0456619426424897
32.325	-6.7771	-5.2843	-0.216195476897823
36.596	-8.2474	-2.108	0.00298282257760754
34.624	-9.1756	-3.8766	1.645
36.626	-3.6918	-0.73483	1.27869593085294
36.301	-7.5684	-2.2311	-1.06458998603354
35.615	-2.2489	-4.7724	1.645
37.742	-5.3859	-2.9074	-0.241215679024123
36.329	-1.779	-4.8389	-0.709619817200107
33.853	-7.9412	-4.2012	-0.880487313829081
36.495	-7.6701	-0.95526	0.737987606689408
32.664	-10.854	-2.59	0.418195217683639
34.45	-0.82641	-5.3395	-0.45269532756704
31.683	-1.2044	1.0754	-1.43329224980113
36.139	-7.2369	-0.64364	-0.270154631975753
37.14	-3.0531	-2.5682	0.180415615630501
37.645	-3.0373	-2.7639	-0.636028890643799
33.42	-1.847	-0.09335	-1.31699601950673
25.808	2.4843	0.20229	-1.43857864944398
36.558	-3.477	-0.7264	-1.645
37.076	-2.1343	-2.4981	-1.28628272834457
37.295	-3.7665	-1.2328	-1.11344371820707
36.868	-7.3659	-3.4925	1.645
25.14	-11.017	-4.1427	-0.396814537852701
37.662	-2.5526	-3.9957	-0.578413485762016
37.251	-3.3098	-4.4526	0.48651085500213
38.169	-4.0381	-2.3338	0.577324547705847
32.388	-10.109	-3.1943	1.645
34.469	-3.1586	0.16337	-1.02923634988625
36.915	-7.9132	-1.4713	-1.26665451410742
28.759	-11.084	-4.2342	1.645
29.454	-1.0348	-6.7118	0.0421619286041072
36.981	-6.4968	-1.3048	-0.0232223489699933
23.9	3.4724	0.17699	1.14281268833389
36.503	-3.0435	-4.7703	-0.687120881271948
31.809	-9.8667	-4.0254	0.517199149840784
36.414	-2.6558	-5.1461	0.192430779220005
37.586	-5.8647	-1.1041	-1.06976300360451
35.487	-7.1229	-0.32773	-0.868352617693654
27.695	2.5926	-0.75992	-0.534869217716782
36.496	-7.1131	-0.84695	1.27491010052361
36.57	-1.9504	-4.6956	-0.532115498947505
37.89	-3.3009	-2.8666	-0.248924416944526
35.773	-3.3263	-5.1052	-0.588745975514068
36.89	-5.1349	-4.9182	0.825637584923051
36.339	-7.668	-3.0652	-0.565964626118104
37.425	-4.7946	-3.5831	0.239126433706263
36.89	-7.2192	-1.1222	-0.95140499000909
36.973	-4.4217	-0.99545	-0.241986420730082
18.117	-12.427	-2.7497	0.532884072630209
28.914	1.9943	-0.15523	0.217101421170334
35.884	-6.3224	-0.51641	-0.528375904825579
22.895	-11.764	-3.655	0.410949923097164
29.674	1.9213	-1.1953	-1.23312332767358
34.349	-1.3018	-5.8695	0.0145544933965459
33.373	-6.1595	-5.613	-0.261759857058263
36.107	-8.3833	-3.8955	0.832936524189576
33.708	-6.1344	-5.2625	-0.213415013190104
25.941	-0.49807	1.7601	-0.749112487050465
24.148	-11.976	-3.5319	-0.0265067202783787
35.762	-2.4738	-4.9674	-1.11281873432944
34.387	-0.70831	-5.5504	-1.20357254380272
37.663	-3.1052	-2.6371	-0.388074613981236
37.474	-3.0541	-2.0965	-0.27792799971486
33.383	-10.034	-3.4276	-0.220204285880322
28.812	1.5111	-0.18542	-0.6424024867322
36.922	-5.6457	-4.9601	0.851505934548443
37.488	-6.6095	-1.1444	-0.116433065059233
28.073	-11.668	-3.1194	-0.0252610305156181
36.91	-3.242	-1.1441	-1.64093564498333
36.175	-7.537	-1.5303	0.363194928640198
36.358	-0.97953	-2.8211	0.725052269896175
36.017	-3.9337	-0.15164	-0.825058548679556
38.576	-4.8825	-2.3728	-0.942822297290604
37.872	-5.7018	-1.026	0.938991747645844
36.697	-2.4607	-4.6981	-1.09000922376776
36.349	-7.9935	-1.5244	0.0460347579106095
37.175	-3.326	-4.0231	-1.15650348253289
36.928	-3.1836	-4.6119	0.292380113166955
37.756	-7.1614	-3.4233	1.32902125455673
37.301	-2.9975	-4.1287	-0.314361507542545
30.193	1.1488	-0.66419	0.479983734362166
28.46	2.2846	-2.1237	-0.986010908637528
24.401	-1.0807	0.94528	-0.992800275184537
27.402	2.3625	-0.79184	-0.578472254614258
37.872	-6.6212	-3.506	0.662458643969191
29.53	-11.489	-3.1516	-0.162949890500955
27.857	-1.7479	0.28644	-0.447181387211187
35.484	-8.9282	-1.9391	1.645
27.673	-11.413	-4.0307	1.645
36.204	-0.51726	-2.602	-0.593549108893761
28.13	-0.42296	-6.6429	-0.264295636866801
29.047	-11.285	-3.5116	-0.24082712246013
37.948	-3.335	-3.8358	-0.526870560253353
36.671	-6.1766	-4.2952	0.768782591773982
36.841	-6.0594	-5.141	1.56835200102993
36.965	-4.6772	-4.0313	0.751585226043628
36.056	-7.7506	-4.4819	1.645
33.524	-0.99915	-6.1235	-0.489206625125883
35.209	-2.4738	-5.3197	-0.153547098915729
27.447	-11.476	-3.9333	0.271103853056032
36.676	-4.9225	-0.54227	-0.777289767863914
36.187	-1.3059	-1.2429	0.96804864506724
29.373	-1.8565	0.38733	-0.560418869504259
29.141	-10.738	-4.3405	-0.350474211833966
37.819	-3.8939	-4.081	-0.626867892062873
35.461	-6.7856	0.21	0.301912149313755
33.537	-8.6364	-4.1537	-0.0225544480763942
35.576	-2.7145	-1.1661	-0.507824070532327
36.729	-7.5145	-3.1312	-0.037991312880179
36.088	-6.6977	-0.52185	-0.578502011661234
32.739	0.91199	-2.6954	-0.941652075069605
37.836	-4.3579	-3.3202	-0.481350736456751
36.018	-6.3323	-1.1371	0.148400802299251
37.469	-3.0494	-4.2007	-0.667868087151332
35.606	-2.0846	-5.5897	0.203628520128191
35.933	-6.8829	-0.44488	-0.782246912857628
35.493	-9.2462	-3.3582	1.645
37.53	-4.251	-3.1865	-0.285986832851905
30.092	-11.065	-3.1338	1.3303484070186
32.99	-8.9546	-0.21807	0.856815914321365
37.519	-7.3869	-2.6661	-0.0797857466343927
37.079	-6.2808	-0.77346	1.645
36.022	-6.828	-0.57731	-0.306273890549009
37.918	-7.0786	-3.0856	0.0757657701005475
28.343	-11.733	-3.5872	-0.264764766954615
37.494	-5.8069	-1.0089	-1.645
34.273	-0.69818	-5.6839	0.112822105506143
26.188	-1.2389	0.73822	-0.257633638062371
29.477	-10.678	-4.2809	0.187912619310515
29.977	-11.456	-3.3584	-0.246844347183752
36.939	-3.7073	-4.6069	-0.0706047720628044
37.59	-3.4846	-3.6459	-0.243446451814085
28.11	-1.8263	0.47221	0.0354918448479151
35.99	-2.0913	-5.2288	0.435240801852277
31.074	0.26967	-6.3372	-0.995534389000783
37.27	-6.4269	-1.0324	-0.639729032702034
34.091	-7.9047	-4.067	1.645
36.52	-7.3394	-3.0192	1.63771650237022
37.4	-6.6576	-3.761	1.6315450090708
29.113	-0.98121	-6.9442	0.436654128525405
37.029	-4.7412	-3.0954	0.747294491924622
33.037	0.75239	-2.4438	-0.618128623862748
22.655	-11.631	-3.7513	-0.513198117160099
37.766	-3.2181	-1.9562	-1.38016813669926
37.838	-3.7151	-3.567	-1.43420316765394
37.285	-3.4399	-4.4883	-0.369231945010025
27.184	-1.4529	0.40133	-0.299622324406609
38.26	-5.4613	-2.6107	0.139561125407456
35.989	-1.6761	-5.1643	-1.17352906773243
37.247	-5.6924	-4.4819	1.645
34.351	-9.3416	-4.3517	1.645
32.942	-10.187	-3.8424	1.19744524294003
36.258	-3.1272	-2.1291	1.45917250964203
37.522	-6.8014	-1.605	-0.809056533735657
34.875	-7.5634	-0.67985	-0.0156145709937351
36.805	-6.8704	-0.46855	-0.362407225004872
36.438	-5.6209	-1.0791	0.643289067777299
36.039	-7.5015	-0.37316	-0.91270911876347
35.992	-6.343	-0.027214	-0.858843373585673
38.018	-4.0021	-3.4175	0.17179285346876
36.085	-8.2433	-1.0166	1.39398289112645
38.197	-3.1683	-2.8039	-1.24675901459987
37.221	-6.2661	-0.70586	-0.660749594905452
24.495	-0.80438	1.506	0.0650149695235304
19.894	-12.408	-3.0023	1.55852851305008
32.857	-1.747	1.0811	-1.28091161158957
38.182	-4.7359	-4.0348	1.645
32.564	-8.7826	-4.3392	0.747382748014998
33.424	-10.297	-2.9498	1.02985042370344
37.001	-1.8216	-3.9956	1.645
32.612	-9.982	-3.3678	-0.65666228052013
26.104	2.9775	0.38525	-0.742529630461781
35.856	-6.2175	-4.9262	-0.000228519303500639
34.29	-0.70505	-5.4116	-0.761872735813929
35.119	-8.7121	-3.9509	0.49614555421396
32.294	1.3388	-1.5872	-0.573529483376467
26.933	2.2884	0.38868	-1.00419588109939
27.989	0.13398	0.8053	-0.82686541993229
37.348	-6.549	-3.1685	0.647829151354488
34.481	-0.83471	-4.8208	-0.904478021045257
36.976	-6.7599	-1.9741	0.702985297192678
36.879	-7.3031	-1.1171	1.54564428064507
37.988	-3.183	-3.7179	1.40111713013781
37.929	-6.679	-1.6821	-1.33982232798914
35.328	-8.9384	-1.7754	0.923379772740332
34.271	-9.6149	-3.6763	0.0654237505493907
33.023	-9.9253	-4.2566	-0.893268774247029
36.927	-6.6277	-0.54409	0.447669837002401
37.587	-7.0356	-2.9008	-0.437814293574963
36.719	-7.5573	-3.667	-1.05685601364891
37.13	-6.6506	-0.87502	0.402189044178255
33.331	-10.091	-3.2853	-0.491646655725936
36.513	-6.807	-1.1852	-0.919232007196475
28.452	-0.64826	-6.6807	0.189952658486326
35.608	-8.7425	-3.6319	0.154407582158341
36.084	-6.9266	-1.1155	-1.29315122892106
34.803	-1.1978	-5.5854	-0.840074233829741
30.623	-10.628	-2.3359	0.931838183196895
34.746	-0.83355	-5.3832	-1.38029131570207
37.674	-6.0117	-3.9316	-0.285741154765861
35.239	-7.2057	-0.80222	0.230917188023072
30.909	-10.532	-3.6165	1.07272469783491
34.081	-0.19025	-0.19369	0.00706092974427457
36.16	-6.2388	-4.6065	-0.236444832458786
34.061	-9.7107	-2.6267	-0.24985846737823
28.401	-0.6673	-6.6758	-0.312077366140757
34.108	-1.3907	0.43458	-1.10581827306569
36.911	-4.0324	-0.88935	1.09760767929996
36.133	-7.4211	-1.9201	-0.148495679591716
35.653	-7.9359	-0.91161	-1.645
27.563	-1.7829	0.9933	-0.198835793277341
35.686	-6.1698	-4.8122	-0.508632128811889
35.599	-6.05	-5.0311	-0.163868371438386
33.647	-9.5361	-2.9473	1.19800597730929
37.439	-7.1052	-1.3532	0.233591972284226
23.069	-0.86413	1.3787	-0.221364601254311
37.717	-5.9636	-3.8253	1.26054974739448
37.26	-1.8777	-3.7953	0.293399044671014
37.331	-2.3602	-3.1346	0.445789177040725
29.747	1.7848	-0.64182	-0.801138954401853
31.26	-1.5383	-6.2118	-0.351134629753761
28.79	-0.60836	-6.4231	-0.099541615595995
28.577	-1.9917	0.59004	-0.48668975976158
36.944	-6.5048	0.15745	0.589806095563273
27.399	1.8644	0.060854	-1.29652573262192
34.571	-8.8569	-2.5749	0.163515855376393
37.024	-6.2246	-3.3113	-0.514164134970399
37.905	-5.2701	-3.6581	1.4892078245764
37.467	-3.1874	-2.2578	-1.23428166781765
35.937	-7.7764	-1.2843	-0.67540332771231
37.269	-6.4643	-1.3187	-0.366920164501171
35.22	-2.8647	-5.4605	0.989323956816852
36.327	-3.639	-5.216	0.494043976739657
37.298	-5.8161	-0.65225	0.548871225136253
37.658	-4.6228	-3.5033	1.56657786169215
33.532	-9.5404	-3.8361	-0.935802332657054
38.11	-4.4154	-1.7878	-0.639997769662794
33.965	0.34185	-2.8306	-0.3103347201507
18.681	-11.853	-3.5342	1.24396934246749
37.578	-6.9156	-1.9975	-0.966108818840806
22.178	3.5218	0.97528	-0.276944608298649
34.324	-1.491	-0.028499	-0.771919359498042
27.877	-10.224	-4.2064	-0.258328402349365
35.796	-7.3764	-0.93857	-0.942625439426275
36.21	-7.1793	-0.91817	-0.369101228959327
33.756	0.78472	-3.7174	-0.552838550459279
34.832	-1.3266	-5.3939	-0.746598752555245
36.693	-6.5135	-1.0092	-0.497496587196771
37.262	-3.681	-4.3805	-1.02855059046211
37.664	-2.5775	-2.7475	1.52288406792506
33.114	-0.44001	-5.9828	-0.334066108867864
35.83	-8.0329	-0.94709	-0.981507388326806
37.168	-2.8936	-4.4433	-0.988031400915393
37.252	-3.2123	-4.5515	0.10330010856108
37.485	-6.3438	-1.5371	1.645
36.79	-1.1179	-1.9369	-0.41944358783701
36.986	-3.4192	-4.8641	-0.270927305103054
28.187	-2.0153	0.64751	-0.821453452671639
36.115	-2.5821	-0.79798	1.645
32.441	-8.4786	-4.6004	0.17444909605107
32.516	-10.186	-4.2238	0.10901326198262
34.865	-8.7229	-3.4379	1.13422556759484
37.744	-4.8284	-2.8158	0.263470878382077
36.311	-6.2684	-0.71261	-0.60293822472227
37.547	-3.1049	-3.4645	0.11666741749861
38.079	-6.2421	-1.3115	-0.370044370147237
37.974	-3.6555	-3.1281	-0.851850194624926
28.696	-0.68077	-6.8741	-0.144394508436974
30.852	1.7849	-1.8279	-1.04037671692353
34.821	-6.2335	-5.3327	-0.379397281318659
14.631	-11.506	-3.6427	0.0817136990621162
34.669	-0.46744	-3.1166	-0.525283582332095
37.859	-5.8203	-2.0456	-0.512803613416346
36.787	-5.5935	-0.20183	0.830738623982651
36.693	-3.4679	-1.3316	-0.96529059213273
24.838	-11.328	-3.8629	0.343563798214577
35.763	-0.51963	-3.4807	0.906383119171708
35.201	-6.4466	-4.6978	0.255595532811719
32.044	-10.644	-3.7583	0.927724423423832
36.194	-6.8002	-1.6144	-0.432640370638695
36.007	-6.7848	-4.2244	0.337004036628424
35.927	-7.6408	-0.39627	1.60339095910586
35.868	-8.013	-3.1225	1.33928945972728
36.808	-7.1617	-1.0805	-0.108279231078871
36.946	-7.765	-1.2246	-0.601166978531689
36.325	-6.6188	-4.8643	-1.27289166021967
35.549	-6.4596	-0.15332	-0.866370242748423
30.435	-2.0178	-5.0573	0.614425217717606
36.901	-2.8551	-4.7309	-1.22086680475022
37.149	-6.3657	-1.3475	-0.637207900442724
36.787	-3.2912	-4.7881	-0.117931666342475
37.496	-2.7345	-3.0657	0.110606614095031
32.833	-9.925	-3.8629	1.645
37.75	-6.5893	-1.4592	1.645
36.038	-0.75241	-2.4819	-1.645
28.133	-11.456	-3.6026	1.41422426589286
30.447	1.4981	0.012136	-1.23052885179855
37.759	-5.8941	-2.4694	0.433034311152426
36.523	-6.9224	-0.55317	-1.21283724471062
37.667	-3.3869	-1.5302	-0.0112002248268876
35.259	-0.56743	-3.8436	-0.167014379214975
21.996	-12.117	-3.2949	0.699278176242474
36.696	-3.7296	-4.7045	-0.0163440831614651
36.844	-2.8627	-4.1771	0.604215697283044
35.141	-7.3093	-1.8385	0.136781093877109
37.236	-5.8353	-2.0778	0.192541858709166
27.895	2.1727	-0.70999	-0.0167536453541732
35.937	-7.577	-0.66075	-0.591456503633592
36.415	-3.3798	-0.64911	-0.791089984289165
37.914	-4.9455	-1.6546	-1.645
37.81	-6.0972	-2.6215	0.875723454841331
36.059	-6.6724	0.099282	-0.895284846305301
33.831	-0.82131	-5.9073	0.739008138151225
37.488	-4.8809	-1.9614	-1.645
34.309	-1.5814	-3.0886	-0.572732540485449
16.546	-12.122	-3.0507	1.645
26.475	2.8001	-0.13414	-0.767841495990124
36.584	-3.2355	-4.7375	-1.10455888744787
36.968	-3.0594	-1.5917	-0.0775338751097205
36.022	-5.6927	-0.69924	1.5975379124313
22.905	-1.2773	1.3333	-0.556091497556011
36.937	-6.6664	-1.0888	0.27222459926222
38.435	-6.2835	-2.839	1.07654340226991
35.405	-0.70375	-4.8046	-0.995076940236656
36.121	-2.9466	-5.1363	-0.168586370887119
36.896	-1.6696	-2.1151	0.133744229127357
27.474	-0.29098	-6.7196	-0.807993452357511
34.672	-9.018	-2.7887	1.23843134780456
36.78	-7.3321	-1.024	-1.24873419242892
31.309	1.3203	-2.1248	-0.503264084247833
34.816	-1.9829	-0.24815	-0.487505362197111
31.034	2.13	-1.503	1.645
38.1	-4.3733	-2.6288	1.20436592820128
33.506	-8.587	-3.743	-0.947298869642448
36.038	-5.389	-5.311	-0.204116582490003
34.702	-1.6396	-3.8829	-0.176147439560432
32.373	0.99622	-2.1654	-0.20742540173136
35.958	-2.3821	-5.0615	1.16699061749669
37.447	-2.7711	-3.2962	-0.0592732847000279
34.224	-1.4421	-5.2872	1.31353180891755
25.823	2.7506	-0.30933	-1.19450469037805
36.853	-6.3522	-2.1496	-0.851627163889321
34.92	-2.181	-0.95545	0.356284974366897
31.384	-10.126	-3.673	1.645
36.331	-7.1059	-0.41523	1.645
29.704	-11.031	-4.1478	0.0443916855257083
35.609	-7.1077	-0.68315	0.194390571410158
35.818	-1.2328	-4.9674	0.353267140545391
35.623	-7.3392	-1.1323	1.09842926967574
32.987	0.16537	-5.4076	-0.0489498476163034
36.38	-3.1166	-4.3906	-0.722241073795637
36.763	-2.5223	-2.4664	0.0841090739495535
30.806	-9.287	-3.5933	1.645
31.819	0.77723	-1.5751	-1.00932565142837
34.867	-2.1455	-5.957	1.645
36.432	-2.9785	-1.8557	-0.722349853994125
37.33	-2.1802	-2.9054	-1.14477591932492
35.886	-6.8034	-0.66589	-0.330230469116808
34.169	-2.2291	-0.29475	0.133157197487154
27.676	-0.63697	-6.9622	-0.669413675263915
36.642	-7.6993	-2.0698	-0.78366872479009
36.441	-7.3309	-1.0821	1.57293789644054
36.404	-0.77396	-3.045	-1.10900962839466
32.197	1.205	-4.1368	-1.27943325874664
33.119	-10.31	-2.9906	-0.0371973213377951
37.344	-5.4244	-3.918	0.441443508903995
30.026	1.6761	-1.1057	-1.03200109885322
37.878	-4.0903	-2.2179	0.103431913375206
37.108	-2.6266	-1.3105	-0.770757372543461
36.482	-1.3979	-3.6565	-1.26214497363681
31.452	-9.1478	-3.2273	0.786107455798828
35.595	-7.1083	-1.4836	0.222194637730142
37.93	-4.6532	-1.5629	-1.63757009450387
28.339	-11.288	-3.7747	1.645
34.572	-0.91389	-5.3163	-1.27893593688041
27.025	-1.1452	0.8769	0.220512302688396
34.079	-9.9018	-3.0968	0.843653379520444
35.222	-7.552	-0.12993	-0.560260798982142
37.707	-3.9647	-4.055	-0.26169227866364
37.055	-7.808	-1.365	-0.941514584721551
37.028	-8.0319	-2.3737	0.231409379661092
37.484	-2.9589	-2.2054	-1.26578579447416
36.636	-1.8449	-4.6217	1.50085460272502
24.255	-1.0753	1.209	0.247516102371565
37.908	-5.4849	-2.8675	0.162767813334306
28.144	-11.285	-3.6351	-0.463498864204342
36.304	-3.0943	-4.7781	0.275029440131621
36.383	-6.8969	0.11651	-0.649146359528123
36.032	-2.4254	-5.2954	-1.24523996864363
37.693	-6.9362	-2.1968	1.57388990636713
35.196	-7.2738	-0.20346	-0.48850609481553
36.191	-1.9754	-1.1911	-0.0591439849559308
35.949	-7.0988	0.036498	-0.737915731164144
32.924	-0.29634	0.38633	0.519946323908813
36.636	-8.1869	-3.6598	1.07645884638715
35.702	-1.5553	-5.3066	-0.459633413285902
37.827	-3.3669	-2.5679	-0.389629024897086
34.952	-6.4194	-5.1862	1.27909878144897
25.703	0.22142	-6.7138	0.739481995141093
37.718	-6.805	-2.3753	1.38541008446081
20.57	-11.951	-3.571	1.38723755016733
33.204	0.41913	-3.6203	-0.921919240062274
36.349	-7.4662	-1.0629	-1.03783819815236
32.301	0.83282	-1.4899	-0.509714251849019
36.889	-6.3605	-0.64418	-0.862387616790526
37.364	-6.6113	-2.4395	-0.614687947749649
36.557	-6.012	0.058335	0.188332699892184
34.899	-8.9036	-2.1978	-0.959827685115052
34.392	-0.67005	-5.3893	-0.66027351115604
36.058	-0.71232	-3.8443	1.26351712560801
35.914	-2.1429	-5.1293	0.532361645059717
38.175	-6.4615	-2.3743	-0.716120822754395
37.269	-6.594	-4.1428	1.22899504073055
36.296	-3.9297	-1.4904	0.206337703193071
34.929	-9.3154	-3.3453	-0.199097808495717
33.624	-9.7678	-3.2114	0.0924375893027239
35.452	-7.5059	-1.1164	-0.262465897038225
36.034	-7.7111	-0.66814	-0.734091522195937
37.161	-2.9571	-4.3767	0.498042088517908
35.801	-6.039	-0.10692	-0.407745471476225
38.018	-6.5426	-1.8973	0.624437204542233
37.065	-2.8718	-1.9238	-0.4625084203431
37.741	-3.5231	-1.6764	-0.587686539821348
36.429	-1.94	-1.5444	-0.607719275713707
38.124	-5.9004	-1.833	-0.470360552752577
37.088	-2.7651	-4.3048	0.0358735316440576
37.718	-6.2576	-0.89144	0.337644603260002
32.946	-10.118	-3.8613	0.954836152965927
38.042	-4.4673	-2.5642	-0.586606394350207
35.311	-1.2939	-5.3454	-1.2649415942989
36.716	-1.7406	-3.0904	-0.127105457088815
37.657	-5.2865	-0.77623	-1.645
28.415	-1.9853	0.6287	-0.224708630871207
35.913	-2.1991	-5.1813	1.06243527504286
37.832	-5.746	-1.2789	-0.506194465492838
37.809	-7.1081	-3.5919	0.934850355828321
37.022	-7.8526	-1.9066	-0.164253948800422
35.963	-2.9456	-4.6888	-1.32618997064516
29.139	-10.899	-4.2139	-0.50015714670968
38.328	-5.5245	-1.6957	-1.00796278724435
35.913	-3.5353	-0.26692	1.16587680988905
36.624	-2.5872	-4.7152	-0.669792327094072
35.732	-7.4659	-0.892	0.269184755013208
37.405	-2.8884	-4.2719	-0.89958687179492
27.224	-11.557	-2.9923	-0.484103770096631
34.219	-0.7002	-5.219	-0.607321617309037
36.409	-6.4671	-0.54685	-0.860111586717562
29.133	0.029435	-6.8166	-0.523659121757688
34.285	-0.88002	-5.7289	-0.0669601954199315
35.879	-1.4706	-5.0897	-0.780801763902984
33.331	-0.8698	-4.6621	-0.767554344302539
28.562	-11.373	-3.9338	-0.167071717599969
34.954	-8.59	-1.2637	-0.220091679881322
12.655	-12.024	-3.1062	1.645
33.259	-0.86748	-5.1327	-0.473483893117878
38.313	-5.8634	-3.2643	-1.37042651137284
36.875	-2.9204	-4.2667	-0.225365675977242
36.875	-6.5702	-0.73131	-0.246802976675114
32.785	0.6827	-1.7577	-0.258790313085945
36.807	-2.7145	-1.7884	1.01714935085271
36.197	-2.5887	-0.88178	-1.60271247385268
37.29	-3.1505	-4.2486	-0.918816020602049
33.099	0.48603	-1.4884	0.279224038917964
34.092	-8.9227	-4.1576	1.645
37.012	-7.5666	-2.4787	1.645
36.947	-6.3535	-1.4057	0.553614854004245
24.144	-11.871	-4.1725	-0.404615119927119
37.294	-5.8666	-0.45628	-0.988767819668925
38.453	-6.2205	-2.5167	-1.50245706597222
38.205	-3.7763	-2.7418	-1.14527620569321
29.42	-11.225	-3.3753	0.318573326218161
37.148	-5.3387	-0.68234	0.204558703061231
26.075	-11.349	-3.6326	-0.0162453195902252
34.237	-0.72906	-5.5845	0.0908251904789929
35.409	-7.9537	-0.78786	0.529541945412778
36.261	-5.9674	-0.39885	-1.645
35.769	-1.1302	-4.9338	-0.112132948480406
34.05	-7.3166	-5.0561	0.909613098695306
33.716	-7.4941	-2.944	0.0250217157470934
36.741	-6.3389	-1.159	-0.472892895362074
36.513	-7.4862	-2.793	0.0149460846498015
36.212	-4.2356	-0.11937	-1.0660668566775
30.542	1.6715	-0.25718	-0.744121554123295
37.523	-5.7548	-4.5898	-0.623821037157049
28.667	1.635	-0.37636	-0.930803193440653
37.356	-5.2576	-1.0494	-0.708557910937672
36.478	-7.7756	-0.57777	-0.0670928450623627
37.883	-3.842	-3.38	-0.511105417104751
35.131	-9.2436	-3.3567	1.22649105979564
37.587	-5.2175	-1.004	1.06728971356328
36.221	-2.9564	-0.61513	0.567840044896877
38.637	-6.5948	-1.8103	1.645
36.956	-3.2025	-4.4751	0.1918969484699
29.985	-11.016	-3.6217	-0.847123691900997
31.672	-6.1599	-5.747	1.1667595936029
36.491	-1.3732	-4.2775	-1.10753260310002
37.131	-4.5617	-0.87893	-0.011642904362683
31.827	0.24387	-1.1057	-0.89062334350346
36.602	-7.2462	-0.74841	1.1510855964223
35.527	-1.6899	-5.4983	0.183129191767916
28.143	-0.79826	-6.7107	-0.846006484215677
36.361	-7.4636	-0.51885	0.182107436631663
36.981	-6.59	-0.49138	-0.43088081689917
37.82	-7.0502	-1.9993	-1.30620749370897
36.574	-8.6753	-3.4189	0.447130823972497
37.993	-6.6047	-0.58157	0.484585106877345
36.619	-3.3442	-5.008	1.47334973574168
37.163	-4.0055	-1.8496	-0.766692994121567
27.841	-0.46924	-6.7153	-0.0410492570198688
33.362	0.38835	-1.7634	-1.39175768064218
38.275	-5.2304	-2.3682	-0.252464158628228
36.744	-6.6862	-0.47204	0.373592042188708
29.038	-11.463	-3.3336	1.3197991808742
32	-9.0904	-4.758	1.01889395011185
34.952	-1.4921	-5.7799	-1.43013417931974
35.586	-6.7863	-0.30952	1.53219211242547
29.473	-2.0004	1.2233	1.645
36.946	-7.1431	-0.98937	0.542927229606874
35.2	-1.6433	-5.5416	-0.915166084896805
38.265	-6.0586	-2.7998	1.03863104945545
33.966	-0.18969	-0.95979	0.687137538445054
37.105	-2.5879	-1.2599	-0.185122261442958
37.342	-6.7824	-1.0638	1.10765402836369
36.545	-7.0306	-0.54223	1.05674808182444
35.679	-7.0002	-1.2115	1.645
35.984	-1.9774	-4.2136	-0.490427740125446
35.308	-9.5027	-2.4343	0.131387385245182
33.845	-9.7813	-3.7695	0.911230661882043
33.349	-0.35116	-2.0425	-0.678916186448385
27.568	-0.41487	-6.818	0.645180269979178
33.366	-9.9976	-3.4617	1.645
19.483	-12.108	-3.7965	-0.573333028683339
37.162	-5.5491	-4.7764	0.551389054441598
35.769	-6.9619	-0.47515	-0.369619031937121
35.88	-8.2388	-4.4135	1.59319239625137
35.04	-7.5716	-1.0808	0.205222511389276
35.22	-1.6653	-1.0212	-1.21581400390943
36.935	-5.5179	-1.3782	-0.241082377798172
35.664	-1.6218	-5.105	0.0593835387643345
26.332	2.8248	-0.26543	-0.560649638819974
38.305	-4.7921	-2.3396	0.301177398215378
37.264	-6.0234	-0.95589	-0.312412803885366
24.961	-12.173	-3.2356	0.504890067347887
36.493	-3.2037	-1.737	-1.20848647545304
37.016	-2.6871	-3.6991	1.38507787115123
35.521	-7.0953	-0.81215	0.759736896545798
37.573	-6.2663	-0.94834	-0.295952545786627
36.713	-2.7918	-3.6785	-0.440158794199523
37.267	-2.9412	-1.1413	-0.845021717431755
36.105	-7.5793	-1.0388	0.118349801358298
36.149	-3.6882	-0.088772	0.705832696572296
29.561	-2.1923	-0.92529	-0.681311029085391
28.421	-10.501	-3.8962	-0.114569414683473
37.543	-6.6177	-3.9242	-0.917490054402413
36.013	-5.2962	-5.2194	-0.500830253489278
31.616	-10.133	-3.0478	1.645
26.865	-11.889	-3.6093	0.557791801103413
34.944	-1.8333	-5.6746	-0.419860145513494
33.974	-0.2086	-5.4289	1.21341031660999
27.421	-11.915	-3.1716	0.00537708534660577
24.068	-11.949	-3.7635	0.831075641633067
36.904	-2.4271	-4.0264	-1.27807403524716
32.829	-2.2829	-5.3286	-0.360617528492176
36.607	-2.9684	-1.1872	0.248193421271204
36.922	-6.114	-0.78434	-0.31522286742375
37.221	-6.042	-1.2144	-0.798155134794963
35.954	-7.1988	-1.5628	1.645
35.692	-8.8069	-1.7571	0.214182435760544
37.491	-6.0219	-1.2997	1.645
35.9	-7.2416	-0.67509	-0.14778408673291
36.618	-7.6655	-0.98104	0.780262288628179
29.945	-1.3699	-6.7296	-1.22709629974862
32.161	0.91575	-1.7862	-0.373738814185249
37.605	-6.5111	-0.87244	1.21798876142645
35.517	-6.5056	-0.50915	-0.106531347491358
32.059	1.3109	-2.4168	-0.734739050758093
29.196	-10.899	-4.0629	-1.00589929153904
24.476	-1.1701	0.93116	1.05901057240991
36.747	-2.8716	-4.7368	0.199849060325815
38.014	-3.428	-3.3169	-1.54600027739828
36.001	-6.2461	-0.9769	-1.09149651181967
36.332	-6.6978	-0.47076	1.64087418794084
38.3	-5.7317	-1.6831	0.426520217438541
29.979	-11.824	-2.9049	-0.3778196616594
37.151	-6.3028	-0.5405	-0.95956535944909
36.12	-6.1442	-0.35725	-0.678850760041369
36.271	-7.3453	-1.3238	-1.27647484574684
36.488	-6.1858	-3.8549	0.756948940905706
35.366	-1.8119	-5.5672	-0.332521729242876
36.371	-1.3748	-4.149	-0.380442435240002
31.428	1.6486	-2.2588	-1.645
30.715	1.0071	-0.9415	-0.376367905286121
37.231	-3.9099	-4.7721	-1.36864769229983
34.721	-8.3715	-4.579	1.50916045747594
36.514	-8.5327	-2.2652	-0.280341161931917
36.083	-2.6015	-0.39972	-1.645
35.498	-8.087	-2.6598	-0.453747358366094
30.178	1.4558	-0.55411	1.1701520218198
33.074	-10.314	-3.0415	-0.573126582376001
34.568	-8.0682	-4.3868	0.497432932798773
36.881	-6.9741	-1.2878	-0.920851849145317
31.206	-10.908	-3.2517	-0.54879370447885
20.185	-12.42	-3.592	1.40716840100415
37.199	-1.6237	-2.4917	0.18844663683567
36.947	-7.3373	-1.2444	-1.41156824048509
33.778	0.11392	-0.5513	-0.345878406088796
36.98	-3.2319	-1.217	-0.56338790057993
36.125	-7.0592	-0.43751	-0.689366313429003
30.989	1.3364	-1.2695	-1.10539401394975
37.721	-2.718	-3.5393	-1.3399847098742
36.492	-7.4624	-0.46387	-1.29063204615834
35.897	-8.9728	-2.3728	1.645
36.92	-3.6492	-4.6394	0.0249187336075967
36.993	-4.0546	-1.8566	0.15646363056972
34.583	-9.2741	-3.2361	0.241781987718711
34.344	-1.2254	-5.6987	-0.0872307061158813
35.742	-8.0212	-3.8443	0.961060458639596
37.001	-2.4226	-2.9225	0.346804717977169
35.171	-6.1369	-1.2886	-1.48408731584285
37.028	-3.37	-4.176	-0.151867174531571
33.298	0.35184	-3.695	-0.476702519573788
30.361	0.79431	-0.83387	0.785022956519585
35.436	-6.7361	-0.95815	0.123576152066793
37.41	-6.4188	-0.83121	0.3558134212156
36.383	-1.4084	-1.6501	-0.530181570809019
28.632	2.1882	-0.58482	-1.42036984271451
34.186	-2.9176	0.81454	0.368364451282329
36.195	-4.2493	-5.2274	-0.79634172929815
26.47	-1.2093	0.66759	-0.833465335122397
36.233	-7.5856	-0.90686	0.286448664164579
36.421	-8.4179	-2.0881	-0.710075153000802
37.469	-3.1858	-2.9957	-0.60658110420119
35.257	-2.0901	-4.006	-0.170583920543622
36.163	-7.092	-0.771	-0.835371950956651
37.734	-5.9544	-4.0513	1.28366021757796
37.902	-5.9908	-2.0936	-0.17503849602762
37.448	-6.4351	-3.4083	0.233741522719431
36.099	-7.3386	-0.73775	-0.939470782954564
38.19	-5.2303	-3.4668	-0.99352847727748
32.123	0.60269	-0.86491	-0.976064494138198
32.053	1.3059	-1.5197	0.0679098987494414
36.699	-4.6467	0.089536	0.105238667239483
27.83	-11.511	-3.6894	1.15848869904111
35.927	-2.6184	-5.194	1.20328544907099
36.378	-8.7082	-2.2334	0.70819713785044
37.434	-4.6484	-2.4277	1.56373706265412
36.422	-2.8263	-5.0446	1.18897461587231
37.128	-7.3771	-0.91807	-1.02820898533128
36.806	-7.1946	-1.9069	0.26552359673573
34.659	-0.55942	-4.4261	-0.467969123064528
36.328	-7.1272	-0.93379	1.0065393811825
36.281	-2.7152	-5.341	1.04536168816793
37.412	-6.2447	-2.696	-0.215286338175789
35.967	-2.729	-0.69909	-0.99076425011089
36.783	-8.0664	-2.712	0.358072088858764
36.508	-6.9874	-0.76697	-0.757017003247762
37.295	-4.7406	-4.9434	-0.823650278321607
37.907	-5.6622	-1.514	-0.046233306707342
36.54	-2.6445	-3.9797	0.77147080607868
34.705	-0.88028	-5.109	-0.822651691657572
35.571	-0.535	-3.7779	-0.165360646032502
36.023	-3.1128	-0.9772	-0.158473131857976
36.969	-6.9389	-2.1567	0.0977290767072213
30.821	-10.653	-3.8519	1.645
34.81	-1.815	-0.71735	-0.67463978690859
37.007	-3.2381	-4.6457	1.645
22.98	3.3486	0.063496	-0.726427728036132
32.159	-10.433	-3.0039	1.645
37.195	-6.8729	-0.94274	0.982413341570216
34.005	-0.32428	-5.4688	-0.00489167163778202
37.776	-3.2527	-3.708	0.249367810039874
25.345	2.9604	0.81839	-0.819944707683626
37.704	-6.9036	-3.5007	0.66115360453296
25.232	-11.836	-3.4376	-0.135032901603349
35.212	-2.5121	-5.7232	-1.1625896704953
38.366	-5.4234	-2.4492	-0.348163903284714
29.989	-1.4419	-6.6104	0.33816021929924
37.702	-3.2554	-2.2478	-0.354987326188403
36.695	-8.3244	-3.4796	1.16668126025492
22.216	-0.28528	1.8218	-1.29698619923215
27.938	-0.14693	-6.4389	-0.542919659266067
37.215	-2.1692	-3.2804	-0.845100398561207
24.948	-1.1145	1.1193	-1.09934305334005
35.868	-5.9551	-0.76246	0.0335824851198241
28.015	-11.269	-3.5031	0.742859638591718
36.415	-2.8229	-5.3315	-0.223428006596198
36.026	-2.1342	-5.1439	-0.473390717640684
36.861	-6.3361	-0.60656	-0.44008647233975
34.486	-9.5717	-3.7802	-0.480048068259769
22.352	3.0673	1.2586	-0.479215563571811
35.219	-2.1202	-1.3575	-0.352286160868672
36.39	-6.9544	-0.46647	0.192056731121111
32.516	-0.5129	-6.2823	-0.734367501532034
37.032	-6.1426	-0.88556	-1.645
28.289	2.0839	-1.1024	-0.0561941222423062
33.548	-1.5978	0.067007	1.645
35.336	-1.5855	-5.3664	-1.15731691545633
35.391	-7.7354	-2.7639	-0.0524904362289053
36.84	-7.9578	-3.3052	-1.13593439819424
37.095	-3.2146	-1.7715	-0.737273076676517
33.859	-9.2605	-2.5721	0.692046989050025
35.877	-8.4213	-3.4308	0.407654949194479
34.549	-0.84299	-5.6394	-0.860814316597028
36.996	-7.5551	-2.6668	1.645
34.832	-7.3907	0.24362	0.678521713220448
33.235	-10.72	-2.9872	-0.258686009695627
37.307	-6.0201	-1.5607	1.645
37.418	-2.9354	-2.5082	-0.688414776281273
34.343	-1.6947	-5.9695	-1.01801961862476
35.852	-6.3953	-0.66102	0.342112555558617
23.219	-11.625	-3.7246	-0.0159314980555382
25.658	-11.743	-4.0632	-0.445507338172286
36.408	-7.0685	-0.74929	0.871691841274374
34.872	-9.2335	-3.1798	1.25563019716826
32.521	-10.366	-3.3013	-0.727843405171564
35.301	-7.1362	-0.87532	0.433431013925125
36.981	-7.338	-4.1057	0.129413972457342
36.532	-2.2219	-4.9142	0.170623041776104
36.587	-6.9588	-0.9185	-0.499664665405961
37.804	-3.758	-2.5106	1.47071234192545
37.188	-3.3266	-4.129	-1.13961646851316
36.601	-3.3263	-0.83788	0.899388315153076
20.494	-12.103	-3.3423	1.29414130056203
37.343	-6.62	-3.3463	1.29135269400182
34.74	-1.4122	-5.6472	0.893823509308814
33.679	-0.86234	-0.17042	-0.133917964503058
36.655	-3.0677	-4.4207	-0.818080038741995
34.85	-8.5722	-4.0191	0.43115771119111
30.867	-10.809	-3.5384	1.645
37.307	-3.9139	-4.5918	-0.419350556156335
36.667	-6.7386	-0.78268	-0.672625294407332
31.457	-0.30158	-6.5963	0.526909044925597
35.913	-7.6121	-0.87189	0.0980047948159735
36.13	-2.8164	-5.1146	-1.19549316293639
35.209	-0.0088546	-1.6024	-1.23734358223402
37.083	-6.3311	-0.76982	0.935887726195302
36.223	-7.7271	-1.0545	0.591526839859107
30.474	-10.434	-3.6727	0.0357932192332353
35.745	-6.4161	-0.72233	1.04075438666328
34.25	-0.42419	-5.4538	0.78096655469508
35.158	-7.4175	-0.57039	-0.459689244593549
37.835	-4.0336	-3.727	-0.850002052499334
29.205	-1.0063	-6.6398	-1.51554581635345
35.456	-3.3218	0.088323	0.277318413395139
29.803	-10.77	-3.5859	-0.348149596870541
37.4	-5.3887	-1.203	-0.067360931245785
38.39	-4.8164	-3.1837	-0.437005198141219
28.169	-10.539	-4.4468	1.59618351020731
37.101	-6.2474	-1.5272	-1.27796033366549
36.103	-2.9353	-0.50444	-0.419778512048568
33.597	-0.56617	-5.3621	-0.383147891950711
34.55	-8.264	-2.9045	-1.01449925536597
35.071	-9.1648	-1.7033	0.451527405578192
37.21	-4.2579	-4.7383	1.60013136774491
35.826	-8.9178	-2.6398	-0.318815836660081
29.572	-9.596	-4.4341	0.511237644074243
38.35	-4.2938	-3.138	0.0294871415870691
33.688	-2.6749	1.0381	-1.01933118372912
36.474	-2.0151	-4.8982	0.166792221022611
36.528	-6.7207	-0.3798	-1.08972374252337
33.424	-10.084	-3.4669	0.669054000240028
35.861	-2.605	-5.277	0.958491168907444
34.46	-9.1908	-4.2253	1.20852254274402
38.32	-4.8525	-3.1108	-0.744039363766822
37.496	-3.2443	-4.1554	0.834940085708374
26.909	2.6637	0.026832	-1.01029658719313
23.052	-12.064	-3.317	0.113696899354264
37.644	-6.4692	-2.6675	1.23456453649755
36.848	-6.5595	-2.1398	0.333465479843321
29.035	1.6447	-0.066406	-0.534149092557395
35.626	-7.5125	-0.57968	-0.720055554557592
37.322	-7.6218	-1.4826	-1.21217147491547
35.285	-8.2893	-0.64382	-0.143029410702278
20.084	-12.312	-3.48	1.645
28.865	1.751	-0.48839	-0.312426383545179
29.709	-10.969	-3.9119	0.785020106648737
37.772	-3.5059	-3.3861	-1.23270191600242
36.942	-6.4637	-0.66239	-0.472639098046111
33.758	0.38343	-3.2386	0.573959140345182
36.282	-1.236	-3.9953	-1.45959413549721
36.872	-6.6326	-0.5159	0.82568948162504
27.991	-1.7102	0.46544	-0.763561344983808
34.467	-0.7789	-5.5486	-1.645
28.91	-10.416	-4.3339	1.39284997045052
36.451	-2.0925	-4.9467	-1.07936658591639
29.772	1.7553	-0.20628	-0.833092728615406
37.46	-4.4038	-1.0835	-0.941198634068179
30.47	-9.6622	-4.3325	1.02925626138356
31.478	0.98321	-0.87069	-1.23670236943764
36.431	-1.4634	-3.8262	0.383517137908073
36	-9.0717	-3.5695	0.251120989120973
37.711	-5.9719	-3.357	-1.09566790065588
27.558	-11.495	-3.2371	0.225143464562968
24.502	-11.889	-4.0808	1.645
36.522	-7.3306	-1.1206	0.436195402441343
34.234	-9.0501	-4.1876	0.574858007680449
34.039	-8.7942	-4.1058	1.645
36.049	-2.8343	-0.31658	-1.14933831107471
35.726	-3.108	-0.29894	0.0327732266635423
37.247	-6.3258	-0.74275	-0.453059769322578
36.663	-8.0185	-1.3392	-0.655493493312933
36.819	-2.209	-4.6629	0.533997077039504
36.367	-7.0131	-1.7098	1.645
37.603	-3.5366	-2.3554	-1.16470497603797
37.32	-2.9559	-2.0473	0.831023412564886
36.358	-3.1915	-4.9347	-0.848088555758839
18.772	-12.196	-3.1299	-0.198241313505092
32.75	-10.422	-2.8005	0.14438969495556
36.785	-1.4031	-3.5604	-0.678463156441941
35.477	-1.5291	-5.0441	-0.72316157523844
28.024	-11.618	-3.2678	1.0018906816438
38.028	-3.372	-3.8422	0.0930354973773142
35.983	-6.7157	-0.25748	0.414542073561793
37.675	-7.2641	-2.5191	1.645
38.285	-6.068	-1.6478	0.949403967304938
37.648	-2.9954	-2.6871	1.05507033431849
36.758	-6.2914	-0.49534	-0.0491050232930248
37.3	-4.165	-1.6175	-1.645
27.805	2.13	0.2655	-0.676666668018873
33.741	-1.9733	-5.4226	-0.12289142547249
36.11	-7.4497	-1.499	0.268492077617429
37.13	-3.482	-3.5833	-0.95131209192234
37.065	-7.2034	-1.1197	0.412517638172728
35.676	-1.5634	-5.343	-1.19121585092781
25.634	-1.2253	0.94194	0.340050463386616
36.345	-2.7504	-1.3676	-0.00591028056693002
35.006	-5.2704	-0.66318	-0.673118744992036
21.515	-0.82075	1.3352	1.645
36.934	-7.1197	-1.3898	-0.578060561915202
35.563	-2.7773	-0.24283	-1.59490004440414
37.173	-2.6245	-3.9132	-0.25415358530748
36.387	-2.0945	-4.6511	-0.124822876254938
35.784	-2.114	-0.96068	-0.970577463378551
37.664	-3.9756	-1.3644	0.72543802818287
33.453	-9.9212	-3.2833	0.5766342846394
28.418	-11.12	-3.9506	1.645
35.617	-3.9137	0.42156	0.696610989166307
35.863	-2.4069	-2.5622	0.368671231922538
35.028	-7.1752	-0.66195	-1.07228625926961
35.812	-5.4805	-0.52955	-0.886499992188997
35.948	-1.8128	-5.129	0.135103466984351
36.383	-2.5713	-5.1106	-1.35089520093731
37.161	-6.9458	-4.105	-1.645
33.48	-0.64767	-5.7709	1.645
36.767	-7.3284	-1.2693	0.539964438444761
34.688	-1.4445	-4.5017	0.354291596619322
35.727	-1.6297	-5.1851	-0.632069420567086
27.955	2.3396	-0.87238	-0.419132339265925
33.377	-10.479	-2.644	0.555167977987941
32.498	-1.6331	0.075498	-1.03840803235671
37.362	-2.3661	-4.0574	-0.899891619891406
37.957	-5.771	-1.0749	0.217744979647183
36.775	-7.7189	-0.67347	-1.1059855911069
37.412	-4.5111	-2.4789	0.0227645724253278
36.828	-7.5118	-1.7764	-0.408931816754481
34.807	-9.2413	-0.70097	0.360346479145466
37.16	-6.5484	-1.2193	0.832153152319041
36.12	-6.8519	-0.23334	0.36162426484662
38.418	-4.7373	-1.7362	-1.06454481059153
33.209	-1.3065	0.58739	-0.368175014054973
36.674	-2.2954	-4.338	-0.641871184087703
36.732	-2.5374	-4.5019	-0.2543581663917
37.642	-6.2693	-1.2363	0.658311747924999
34.288	-1.2429	-5.9811	0.193128030795589
34.357	-6.5455	-4.6842	0.338431006771908
33.459	-6.2113	-5.0877	-0.749199825036928
34.398	-1.8175	-6.1834	-1.29782343076926
28.402	1.6858	-0.84161	0.228319950884656
36.054	-8.1439	-2.2738	0.509349190513018
36.711	-5.4696	-0.059321	-1.23895899742521
36.851	-6.8	-1.1773	-1.02385743202531
38.242	-5.918	-2.1091	0.242406673142919
37.137	-3.3898	-4.8805	0.319250305307869
37.779	-6.3044	-1.8107	0.251486518456019
34.925	-1.4506	-5.7603	-0.273454049437987
36.307	-6.6518	-5.0565	1.645
37.216	-7.7869	-1.3901	1.645
34.201	-6.8832	-5.1613	0.614943712303338
37.024	-5.0281	-5.0016	-1.645
31.076	-10.596	-3.1788	1.18988245710128
37.732	-3.9914	-1.8724	-0.410437794062466
28.05	2.1178	-0.84351	-1.11105788990985
29.068	1.9082	-0.13313	1.02016639537795
38.105	-6.1144	-1.8308	-1.28764376305103
31.208	-10.341	-3.9103	0.474201681093588
37.164	-3.1932	-4.4762	-0.739699752912785
35.947	-7.6318	-0.92707	0.000156521085775981
26.384	-11.718	-3.1602	0.309834555224425
17.539	-12.176	-3.6076	0.747890668662158
27.847	-1.0006	-6.7591	-0.113306249033231
28.06	-11.31	-4.1272	-0.198393751391151
26.252	2.4373	0.2568	-0.893954665999207
36.415	-1.8489	-3.4901	0.622485907326791
36.414	-6.6305	-0.54073	-1.645
36.926	-6.1455	-1.226	0.1219538014946
37.013	-1.3675	-2.5758	0.218839864194838
31.516	-1.6663	-1.0651	0.214628074226519
23.685	-0.6064	0.95115	0.300818497515591
27.546	2.3168	-0.11179	-0.437969039680403
36.582	-3.2051	-5.0006	-0.350301686844645
37.103	-6.8195	-0.88503	-1.0553760616288
36.399	-7.0935	-1.8265	-0.725706695456392
35.481	-2.2084	-0.77026	-0.900961400703558
27.377	2.5778	-0.06166	-0.345728510367774
29.712	-0.9678	-6.7499	1.02655495326697
37.899	-7.3266	-2.9614	0.935070688147373
36.681	-7.6883	-1.3233	0.281639994530575
36.539	-6.8839	-1.4043	1.645
36.927	-2.4784	-4.6331	-0.390471021788405
37.289	-5.8562	-1.1742	0.672245884012726
36.35	-1.06	-3.5694	-0.907577524341824
36.839	-2.8458	-4.6107	0.248228953327936
34.409	-9.3628	-3.4874	-0.638053510346955
21.749	-12.082	-3.1072	-0.00942304025056583
36.479	-2.3034	-4.7111	-0.184215904635439
35.35	-9.2134	-2.9742	1.645
37.069	-7.3037	-1.1191	0.434436875835828
37.293	-2.0806	-4.0461	1.645
37.112	-7.3561	-1.2594	0.604587046642892
35.298	-7.0473	-0.77197	-1.16857925004102
34.237	-8.2289	-3.8283	0.03431214189464
38.056	-5.1676	-2.5888	1.36249677069716
35.642	-2.2581	-5.5624	0.504995977250069
37.132	-6.4566	-0.84542	-1.24231656797102
33.381	-2.7503	-0.92077	1.21881782311736
36.842	-7.1254	-1.1484	-0.205695026514537
36.903	-6.0825	-1.1782	-1.00922086165856
36.19	-1.7172	-3.5639	-1.03218962070782
34.92	-2.2908	-0.34357	-0.884650392882266
38.043	-4.5569	-3.3936	1.645
35.541	-0.99494	-3.919	-1.16075040535116
37.769	-5.0176	-1.871	-0.264499076308489
35.269	-8.6907	-0.96378	0.312942476192507
36.885	-8.2585	-1.4113	-0.170202273862891
34.961	-9.0902	-2.5955	-0.46864380711348
36.838	-3.1052	-0.58324	0.998440749190602
27.664	-10.9	-3.9195	-0.604643599473856
23.422	-0.66444	0.89025	-1.12282948751642
29.878	1.9333	-3.6835	-0.475584022909106
38.515	-5.1784	-2.2231	-0.203642630484323
38.137	-5.8416	-1.5113	-0.0600577454881619
37.654	-2.3191	-2.4915	0.418150626828334
35.139	-7.3104	-0.6746	0.155847005735637
29.667	-0.36181	-6.2471	-1.09549393040766
34.572	-9.5317	-2.8881	-0.385879014046224
36.627	-2.2565	-4.6513	-0.885910891216972
38.041	-6.1191	-1.0396	-0.723318492955766
35.898	-7.0416	-0.93679	1.06663817993986
33.998	-7.9864	-0.16569	-0.316571799585892
35.179	-4.4275	-0.35156	0.758960570919488
35.475	-6.9959	-0.76676	-0.341825291694396
32.07	1.4293	-2.3833	-0.680620744879787
35.045	-8.4451	-3.0206	-0.664315559263979
36.626	-6.7312	-0.7282	-0.988353351178855
28.783	-1.1034	-6.5278	-1.19824127044901
35.933	-8.4365	-1.8553	-0.407258129114655
32.506	-10.224	-2.3987	-0.643368735636624
34.744	-7.6455	-4.2175	-0.439156779647841
35.716	-8.4489	-2.1184	0.675190335208022
31.72	-0.96702	0.3544	-1.02763276631235
36.751	-6.7733	-0.83624	-1.09918375999242
26.305	2.5123	-0.34699	-0.519253226444083
37.254	-3.0555	-4.385	1.07094719128447
34.17	-1.3725	0.13005	-0.925028640215392
36.772	-2.0808	-3.8427	1.645
28.764	-0.51537	-6.6424	-1.3029369497484
38.014	-5.9577	-1.8809	-0.649650705346393
34.574	-3.6874	0.49795	-1.05775566667079
36.293	-1.505	-4.5643	1.19088628764992
36.234	-7.6629	-0.97961	-1.04607803149524
34.65	-7.5723	-2.293	0.221251943450013
36.083	-8.5847	-3.8822	1.17808676024546
27.103	-1.7895	0.51807	-0.807434320406552
36.16	-3.0067	-5.1595	-0.659416719701991
33.832	-9.4165	-3.2844	-0.0334698441548909
35.349	-1.7696	-4.8635	-1.11311339758977
37.166	-4.2299	-4.5378	0.134066206576326
34.808	-9.1052	-3.57	0.490829573754084
35.873	-6.1718	0.076158	-0.232413010728588
35.622	-2.128	-5.639	1.39587086913034
37.437	-6.1818	-4.1612	-0.0583015901447317
36.152	-7.3342	-0.95071	-0.760714881119741
35.261	-1.5128	-5.0484	-0.104718207390648
33.824	-9.9319	-3.7705	1.645
35.159	-5.0452	-1.1061	-0.83325908770948
30.039	-10.6	-3.9322	1.645
30.135	-9.1454	-4.2499	-0.868453254954788
29.138	-11.188	-3.8476	-0.545154392991019
35.92	-6.9901	-0.49628	0.307457048549607
31.224	0.17342	-5.7504	-1.22469361913801
35.622	-3.6657	-1.0615	0.170290167051228
37.487	-6.2291	-1.7669	-0.990649942533653
35.929	-8.1243	-1.4357	-1.0358470729163
33.353	-0.15211	-5.6436	-0.386887363650674
34.134	-10.156	-2.7773	-0.399884490742299
35.54	-1.4891	-4.931	0.553448005477541
34.026	-9.7903	-3.2879	0.774125814520116
36.626	-5.7911	-1.2278	1.645
24.178	-11.704	-3.6301	1.645
37.404	-5.4861	-1.3972	-0.234563836230811
33.892	-0.68384	-5.8885	-0.944927476865543
24.368	3.7988	0.25655	-0.755194606571125
25.316	0.0397	0.96357	-0.572986328224899
36.37	-2.9592	-4.9675	-0.856914533806712
36.177	-2.5183	-1.6875	0.105547723457915
34.494	-0.21675	-1.9609	-0.286028043664725
36.989	-2.1522	-4.4694	-1.24970749921636
29.538	-10.738	-4.0519	-0.261122001259383
37.198	-6.5255	-1.0386	-0.541853283462784
36.164	-7.808	-2.0116	-0.451226195632415
26.615	-11.683	-3.4185	-0.832712176152105
35.959	-8.016	-1.3819	1.645
37.27	-6.2276	-1.1357	-0.0529361908293139
36.454	-6.533	0.32032	-0.498390344295082
36.452	-2.8956	-0.53636	1.645
33.279	-10.124	-3.4263	1.19422346069925
26.736	2.6919	-0.6298	-0.990394191043142
37.768	-2.7583	-2.6984	-0.648665066713502
35.59	-2.7801	-5.4654	-0.177052421157791
37.579	-7.1001	-2.0947	1.56770017822357
36.093	-8.6628	-3.2445	1.645
33.734	-9.5652	-3.4776	0.789759337393326
38.216	-4.6273	-2.5373	0.686937021415847
27.089	-11.553	-3.8875	1.52423538539963
32.801	-10.494	-2.9191	1.28482340443205
38.241	-4.5629	-4.0563	-0.523282865729383
37.785	-3.759	-1.4766	-0.278259660510236
38.276	-5.2348	-2.0977	-0.120195483268746
37.742	-3.366	-3.0438	-0.439406401853716
27.815	-0.57083	-6.707	-0.397600648880373
28.23	-0.50422	-6.5389	-0.975242488500683
29.63	-0.92416	-6.7941	-0.0981667272004099
33.189	-2.0783	0.76822	-0.118167958728598
34.078	-0.040589	-5.3448	-0.933974892829008
36.923	-2.6406	-4.693	-0.561983796321614
30.923	-10.273	-3.951	1.645
33.454	-0.75361	-5.856	-1.15149005689271
37.946	-3.4073	-2.4633	-0.470968913379214
24.271	-12.112	-3.4109	1.645
36.432	-7.4201	-0.80639	-0.8975182232976
35.365	-1.0409	-4.4356	0.806797999308389
36.627	-4.0545	-5.0559	-0.397259194157553
36.92	-5.8143	-0.62305	-0.272333320036155
36.617	-3.1258	-4.9507	1.51192067515584
35.936	-1.5523	-5.1143	-0.0608472242897259
22.13	-12.369	-2.9595	-0.16732063791854
35.285	-7.5377	0.066807	0.49299705088568
34.246	-1.9271	-6.1455	0.092928953372664
35.563	-0.78294	-4.4159	-1.13072660221107
37.246	-2.3567	-4.2847	0.867600245139811
36.836	-2.003	-4.5542	-0.980329818887626
35.681	-7.0142	0.034118	-0.706176649034184
28.476	2.3052	-0.21928	0.00831286252900226
36.702	-4.5632	-0.72328	-0.94070210016575
35.022	-2.2931	-0.30106	-0.817153681173426
36.997	-2.8596	-4.6194	1.01585122087873
31.828	1.1086	-2.2523	0.0159735764699733
35.129	-7.3311	-0.43908	0.0806996969851294
35.687	-2.4359	-5.3201	-1.49811756576754
26.988	-0.92323	0.91876	-1.051772951614
31.846	-3.3065	-0.63738	-0.303220265587836
33.401	-1.0653	-5.7202	-0.296734569737262
36.04	-6.7814	-0.20054	-1.20391426305761
34.114	-0.95412	-5.5611	0.61592589323828
36.599	-6.6278	-0.62335	0.847997049203692
37.135	-6.6056	-1.2216	0.970512514489641
38.176	-5.8106	-2.8118	-0.556277383789454
37.58	-4.0989	-3.3811	0.171046194211916
35.637	-6.7245	-0.37612	0.231739349785626
35.282	-0.54191	-4.5888	1.29230680416987
35.082	-1.3413	-5.5522	-0.806839526658024
35.866	-8.262	-4.0059	0.276873395629588
37.104	-7.4099	-0.84084	0.6663305118584
35.513	-9.1151	-3.2543	-0.144122372264486
36.187	-7.133	-0.64214	-0.235033516724733
35.107	-0.70271	-4.7009	-0.79559484456859
37.184	-1.7013	-2.732	-0.823063164937114
37.267	-6.9481	-1.9059	0.454474533992508
32.963	-0.82231	0.13576	-0.487155949601277
35.467	-1.2018	-5.1814	-0.382465699079259
19.144	-11.629	-3.5846	1.645
35.444	-3.6749	-0.45329	1.645
33.256	-0.209	-5.6186	-1.11267435551888
38.277	-5.7043	-2.5148	-0.176559924187803
35.262	-6.5396	-0.11959	-1.01189332706437
36.147	-2.2079	-4.9607	-0.154268854762333
25.063	2.6942	0.50611	-1.63389913204179
35.954	-7.1833	-0.97152	1.24913462390178
31.359	1.133	-1.4757	0.460258777245707
36.883	-3.2841	-4.7561	-0.923589349593062
37.07	-3.5895	-4.5398	-0.483715711054988
29.455	1.4441	-0.33154	1.09005718024592
30.771	-10.607	-3.8479	1.645
35.249	-6.5454	-5.549	-0.448775764568041
37.709	-3.0288	-3.4199	-0.889571520804812
36.433	-4.7672	-1.4114	0.557988921409345
27.534	-0.34665	-6.4868	0.0842892110595421
36.086	-7.7136	-1.5338	0.911519224951041
38.056	-6.0844	-2.1369	-0.757817167605675
34.733	-2.7372	-1.1845	-0.0680503716714304
34.09	-1.9336	-5.9096	0.500618576563276
30.214	-10.125	-4.3742	0.365569489691731
36.733	-2.908	-4.739	0.425675464596959
32.649	-1.5728	0.16861	-0.789745990556296
35.94	-8.616	-2.4003	0.212317623216969
38.211	-6.7695	-2.7243	1.645
34.473	-6.0424	-5.0366	0.884480785448023
36.627	-6.1571	-0.69163	0.0422396750673447
36.064	-7.1385	-1.2273	0.202031505559164
28.21	-11.078	-3.6007	0.578219002965028
33.526	-9.8154	-3.646	-0.752947988602741
37.809	-4.4404	-2.6843	-0.297218678765205
36.294	-2.8729	-4.9081	0.0258153654627097
36.932	-2.2441	-4.676	-0.481463768858355
34.882	-7.8087	-4.7386	0.921320315725952
36.476	-7.382	-1.0621	0.05784949664126
37.275	-3.0113	-4.2995	-0.258251521582071
37.16	-7.4515	-1.5202	0.258551579857061
29.493	-2.0896	-0.37662	-1.21631557972502
36.008	-4.144	0.37998	0.244138815993317
33.871	-0.68123	-5.6772	-1.03432134312153
26.97	-0.27744	-6.7405	0.10733210003858
34.878	-7.421	-4.5206	0.485320924259957
36.796	-7.0838	-1.2456	-0.761742290534553
36.362	-7.0014	-1.1047	0.335245774551076
20.626	-11.99	-3.1838	1.645
37.31	-7.5264	-2.6178	0.0335830764011149
30.671	-0.85242	-6.8893	0.422179231960451
16.859	-12.177	-3.2421	1.34690306690558
36.905	-4.2578	-0.4808	-0.629260783881917
35.511	-1.8353	-5.3157	-0.546568947994728
21.085	3.772	0.79139	0.75445690014907
37.367	-3.737	-1.2535	-1.43896487968329
36.651	-7.5829	-1.2475	-0.978422055833503
35.014	-8.2377	-0.58041	-0.467153704296177
36.616	-6.8313	-0.47681	-0.334959873234295
36.201	-2.0957	-4.461	1.645
36.759	-7.1446	-0.57465	-0.441858765322425
35.043	-1.2339	-5.4064	-1.39965226279063
36.334	-6.388	-0.29077	0.0377702734456563
35.239	-3.0074	-0.11223	-0.673500486705112
33.832	-8.7472	-3.3011	0.0867732679391571
29.377	1.7668	-0.97623	0.61663560514454
36.531	-6.2769	-0.45093	0.662332319259284
35.735	-6.5504	-5.0381	0.361537303316995
36.185	-8.2947	-3.287	0.687070466803155
30.382	1.5907	-0.49021	-0.810236977739584
36.292	-7.3381	-2.103	-1.06606775435179
30.558	0.84485	-0.90212	-0.12280166693395
