30.252	-10.709	-4.2735	-0.586486368812381
37.784	-3.0457	-3.1938	-0.412892915844369
35.233	-1.7225	-5.4094	-0.678272762655241
36.304	-5.6636	-0.46282	-0.478481455497431
34.958	-1.4558	-5.6443	-0.194156417831102
35.711	-7.1492	-0.48083	1.41373618183668
35.577	-2.1617	-5.7207	-0.434900436186406
30.384	-1.1125	-6.3906	0.160731170362502
35.662	-6.8765	-0.14067	-0.104405592338195
37.208	-4.7836	-0.79393	-0.534845613608329
35.031	-0.73919	-5.3013	-0.0575736175250201
30.639	-1.4277	-6.4224	-0.532359083859799
30.396	1.5929	-2.7118	1.32381317332258
37.36	-1.9229	-3.4248	-0.535843021114309
38.053	-4.9272	-3.8114	0.562460288131008
25.215	3.2448	-0.1568	-0.314301842928012
37.946	-3.3618	-3.7233	-0.069549063845534
36.345	-3.4584	-0.40195	-0.813627278551056
29.468	1.8323	-1.3242	0.900643871513079
35.221	-8.5458	-1.1697	0.355153945281869
37.076	-4.767	-1.1442	-0.716556056011232
38.1	-6.0953	-1.2467	-0.122054815705302
37.421	-4.2265	-4.3602	0.0393705610363045
37.609	-6.1563	-1.2378	-0.128584022112754
29.628	1.4832	-0.091737	-0.223523340652141
30.886	-9.9839	-3.954	-0.28374867492885
36.237	-7.9567	-0.56517	-0.608163731368509
38.043	-6.8756	-1.8666	-0.529155590775553
37.508	-3.0489	-2.1855	1.15399150046491
38.329	-4.7319	-3.6869	-0.462188421014126
34.7	-1.2137	-5.6412	-0.599610156212243
38.1	-3.8544	-2.0497	-0.603637319894691
35.969	-7.2747	-0.90899	-0.492854696599024
27.088	0.10397	-6.6888	-0.401036527103367
37.973	-4.0567	-3.8317	-0.0599747769860727
27.649	-11.462	-3.5438	-0.092868980763279
35.681	-8.7417	-2.8366	1.21526576440283
27.506	2.6504	-0.70193	0.461561805969378
29.352	-10.501	-3.6657	-0.784157392330636
36.904	-6.9214	-1.6942	-0.341796871473163
35.473	-9.362	-2.7353	-0.40998908067793
36.27	-3.1772	-4.7845	1.09839274302441
28.019	-0.25125	-6.6692	-0.686059201352055
33.485	-9.167	-3.831	1.645
34.236	-10.016	-2.8261	-0.641495592806663
33.449	-0.6842	-5.706	-0.433059148984746
36.817	-3.992	-1.0023	-0.637278217900688
36.439	-2.5243	-2.1194	-0.611835839584711
34.364	-0.084456	-4.3062	-0.343900664746911
35.596	-0.68966	-4.4515	1.51697082051238
36.24	-2.3286	-1.4169	0.0573192627238458
36.865	-7.6925	-1.6333	-0.0691332670343829
37.22	-6.5674	-1.1292	-0.761852292972956
37.897	-4.8967	-1.5729	-0.496989785340354
35.228	-2.001	-3.9949	1.645
33.384	-0.71081	-6.05	0.865628474551592
36.605	-7.0821	-2.621	0.368831208254183
34.196	-9.5363	-3.2052	-0.439213085037647
30.378	-9.9318	-4.0164	1.31543648571969
35.451	-2.0421	-5.2604	0.710580139066386
37.029	-6.5279	-1.0449	-0.0567167350313843
36.22	-7.0306	-1.8249	-0.331215187713763
35.361	-7.6139	-0.68234	-0.436898102040711
37.68	-3.1829	-3.9933	0.602816972043651
34.157	-1.6204	0.0068926	-0.392710618200316
37.485	-7.2194	-1.5734	-0.785417050775337
36.966	-5.8746	-2.2644	-0.481629674129175
36.318	-6.8931	-3.2431	-0.542893330583545
34.278	-8.7974	-3.7387	-0.599944327587573
31.307	-10.824	-3.7747	1.34264071660486
37.731	-4.9146	-1.0312	0.412138170517915
23.754	-11.761	-3.3614	0.756141886628701
36.647	-7.5774	-0.80506	-0.766915413895106
37.798	-6.4612	-2.1662	-0.656156537992061
37.754	-3.583	-4.2792	-0.626534623798315
35.975	-7.482	-0.79263	-0.296559758071404
37.505	-6.6685	-2.6847	1.33700337552315
35.53	-1.198	-4.9193	-0.409162367954471
37.23	-3.1353	-2.1204	-0.253484553685847
36.382	-2.1964	-0.9519	-0.900537384386668
24.761	3.1961	0.59405	0.169162852134635
33.85	-8.5339	-4.1833	-0.588412153392881
31.588	-10.845	-3.7152	0.328550546081025
34.348	-1.5875	-5.124	-0.542620313065218
35.855	-8.5351	-4.1011	-0.769870827313493
35.188	-7.5203	-0.50527	-0.624153029394254
29.408	-0.87213	-6.5897	0.033505458390424
29.318	-10.906	-4.083	0.215653536264846
36.734	-4.8522	-4.9762	0.381728482030309
36.425	-0.63911	-3.5397	-0.0906203615241724
35.68	-4.0853	-5.459	-0.566201681943218
37.21	-7.0648	-0.9211	-0.718826087406652
35.97	-1.7404	-1.3486	-0.158626399950084
36.73	-2.8421	-4.3338	-0.495844011476311
35.127	-8.9068	-3.2601	-0.669967458491083
34.516	-1.442	0.39769	-0.669079177174937
26.621	-0.41676	-6.7491	-0.435555007741832
33.447	-0.099584	0.24688	-0.412531884349985
35.417	-9.3933	-3.2228	-0.701623281020215
37.061	-6.5184	-1.2337	-0.358396625542669
36.761	-4.0431	-2.5386	0.086664889044075
36.51	-6.2637	-0.54518	-0.399309267320356
36.466	-7.3544	-0.70317	-0.335665057283709
28.861	-2.2487	0.5869	-0.237368179457839
37.211	-6.4572	-0.88182	-0.904647463333088
37.444	-6.7964	-3.6172	-0.470224581933585
36.601	-7.2495	-1.0362	-0.359047126270711
27.931	-0.28496	-6.5634	0.108729753576758
31.618	-10.13	-4.2517	1.59676954175361
36.223	-7.4272	-1.0084	-0.624860282414811
29.629	-10.882	-3.5421	-0.0970339246641557
29.947	-10.855	-3.69	1.26808499461731
37.298	-6.2867	-4.72	1.43780139281823
38.155	-4.6891	-2.4946	-0.415775054066374
29.457	-8.1844	-4.6495	1.645
37.961	-6.4367	-2.1714	-1.07915554804929
24.995	-12.011	-3.4335	-0.325444517206212
37.283	-5.6156	0.019012	-0.332211977380242
36.059	-5.4499	-1.2052	-0.0540669921199839
27.944	-0.12737	-6.92	-0.0518572022205143
33.895	-8.0079	0.42918	-0.334402430720059
34.547	-9.2514	-3.6529	0.10185924534421
27.474	2.3031	-0.87242	-0.284247845974155
36.897	-3.6054	-4.7352	1.6071383889363
34.858	-0.90232	-5.1763	-0.146516022298899
27.282	1.8772	0.36123	0.0742680007036802
26.937	-11.434	-4.0353	-0.268807391747126
34.051	-7.057	-4.9855	0.0743710871956364
36.385	-6.6891	-0.91737	-0.573228662797579
36.707	-6.8401	-1.3848	-0.428011064365927
36.43	-6.2279	-0.72841	-0.650380462617306
37.485	-6.1472	-1.8209	0.638048470719361
37.336	-4.2892	-1.3951	-0.27059606855255
36.534	-2.8847	-3.859	0.18918371550684
36.765	-2.6537	-0.90358	1.44317869283252
38.365	-5.7093	-3.163	0.165263021501221
26.795	-1.38	0.76789	-0.610659466831159
37.736	-7.0645	-2.0451	-0.10328004056061
27.947	-11.622	-3.3485	-0.374326885041835
29.441	-2.4441	0.42788	-0.112557994834168
34.545	-0.57259	-5.36	-1.28004961753216
37.192	-7.2199	-0.97104	-0.232285674759031
35.643	-1.0173	-4.7475	-0.150397579764764
29.467	-10.775	-3.9691	1.645
36.573	-8.3132	-1.1099	-0.355447434913531
36.38	-6.6055	-0.06572	-0.394760307099449
36.872	-7.3054	-1.1125	0.495177200533091
31.012	0.82625	-1.0063	0.150008978090312
33.073	-10.383	-3.0347	1.645
33.721	-9.813	-3.1666	-0.820429109676995
36.514	-2.8311	-4.6458	-0.405494691730081
26.728	-2.4993	0.37058	-0.36899958377362
35.137	-7.474	-0.47603	0.519852451907766
33.092	-2.3509	-0.10809	-0.337709593462815
30.162	1.0924	-0.59141	0.791200569370078
35.653	-8.8056	-2.0148	1.645
37.55	-2.3992	-4.0514	-0.452626140998376
28.167	2.2203	-0.26485	1.645
37.262	-7.6743	-2.5575	0.83305068458153
28.68	-0.5989	-6.5866	-0.056005350953327
36.82	-6.8749	-0.3813	-0.891750373021539
37.969	-4.1044	-3.9668	-0.130483288005059
27.04	-0.27364	-6.8262	-0.20276504583982
35.876	-2.8084	-4.9303	-0.0345263987707533
36.613	-7.1136	-0.79163	-1.2521701126696
29.461	-1.419	0.7187	-0.558241642461101
33.343	-10.105	-3.3928	-0.422597603661075
35.407	-6.9301	-1.0617	-0.37631226343821
36.67	-6.252	-0.26205	-0.369095738239717
36.115	-6.9508	-0.31193	-0.586926050589231
30.193	1.2549	-0.92182	0.646224162426185
36.741	-6.2321	-0.25214	0.185017794182185
35.394	-6.7244	-4.8998	-0.0820439694120175
35.901	-7.5783	-1.5121	-0.449088525735836
36.212	-2.8864	-4.4424	-0.691622110404437
36.519	-6.8297	-1.8835	0.825621687787989
36.757	-4.3829	-1.9128	-0.395957903393521
37.299	-4.6356	-4.2258	0.344977732101496
36.961	-6.9266	-1.1732	-0.561333701491293
35.464	-9.2253	-3.2972	-0.748484139654651
35.372	-7.55	0.094466	-0.560600393975899
37.434	-3.8318	-1.858	-0.776767716665551
37.432	-2.5769	-3.2596	-0.445561897860683
35.832	-1.7551	-5.3572	0.376733457404141
34.841	-1.1825	-5.6789	-0.601281077955281
35.748	-1.2876	-4.9432	1.43513893235897
37.279	-7.3662	-1.4602	-0.986034858870636
33.607	-1.7542	0.66326	0.310356678585127
36.366	-7.7739	-1.273	-0.525204613727408
29.524	1.8227	-0.21233	-0.277643073628806
24.281	-0.95431	1.6062	-0.455230760902042
37.71	-3.7762	-3.6003	-0.383875214333481
37.127	-6.706	-1.4274	-0.521017369421717
37.568	-3.1113	-4.1591	-0.0603848279723516
36.105	-7.3621	-0.27467	-0.67710988459832
36.68	-3.1089	-0.80076	1.64318166254425
37.185	-5.435	-1.2468	-0.701966309374059
35.352	-7.529	-3.7597	-0.364404386230116
37.144	-2.5994	-2.8073	1.09605916441499
36.629	-7.321	-0.79914	0.0132093409730143
29.709	-1.2098	-6.7267	-0.579727666284838
28.639	-1.7463	0.11451	1.645
33.884	-9.4559	-2.2002	-0.350557070775141
29.769	-1.6298	0.65782	-0.439509374399557
37.081	-2.2684	-3.7777	-0.198402823225343
36.206	-7.2978	-1.6692	-0.393787726089384
25.402	-11.378	-4.1255	-0.206931199299278
37.885	-6.1483	-4.0581	-0.558389539422836
31.038	-10.399	-3.8462	-0.255869759647542
36.67	-6.0862	-0.60603	-0.641146179249607
34.412	-0.72442	-5.3799	-0.653895053730911
29.81	-10.35	-3.8864	1.645
33.106	-8.9881	-4.6548	1.645
29.473	-0.48085	-6.5681	-0.433183699373395
35.74	-1.5646	-5.2828	-0.496825095836309
37.574	-2.8168	-1.8882	-0.245506204353177
32.89	0.72047	-2.1587	-0.129364346777321
36.778	-6.6332	-1.1096	-0.644873280893238
37.034	-3.681	-5.0419	-0.289938771135961
27.479	-1.1421	0.8687	-0.405745591584222
35.114	-8.5241	-4.0748	-0.592660072519702
35.997	-3.0534	-4.6892	-0.105052954509585
36.301	-1.469	-4.8456	0.466133084376314
33.033	0.14127	-0.89016	-0.316923866386169
35.769	-1.0613	-4.7791	1.645
24.668	-11.654	-3.2159	1.645
28.566	2.1575	-0.46418	0.463233907113301
18.476	-11.922	-3.6567	0.399988284983844
31.902	-10.188	-3.1425	-0.907973837287855
35.592	-6.7005	-0.93449	-0.434014343740773
34.055	0.053927	-3.4849	-0.787320992294243
29.642	-1.2463	-6.7948	-0.637298723791497
37.359	-2.1066	-3.8716	-0.793694768763612
28.656	-0.89458	-6.9293	-0.406308796983602
37.672	-6.7785	-0.78609	-0.212239398231847
35.668	-7.5501	-1.0858	-0.0914744873258606
36.261	-6.8152	-1.5389	0.0447395142101121
36.834	-6.7319	-1.2722	1.645
36.996	-7.5969	-1.0678	-0.430571406312239
30.542	-6.0829	-5.3952	-0.080567547123273
35.304	-0.72865	-1.7241	0.29483554302437
32.167	-10.434	-3.3169	-0.270051215414374
37.241	-6.6798	-1.5083	-0.582760997133452
37.692	-3.8642	-3.9815	0.460947295208961
36.295	-7.3641	-1.1927	-0.712724501383674
36.177	-1.3727	-4.7834	-0.304620648648181
35.221	-1.4667	-5.6054	-0.457656207182812
36.195	-3.0407	-2.149	-0.331286010824341
20.821	-12.156	-3.2601	-0.232602729884894
28.31	-11.059	-4.4058	1.645
37.112	-7.4161	-1.9881	-0.672754773364998
35.304	-6.792	-4.5462	1.13526921307071
31.554	1.5166	-0.70294	1.53216994974899
35.332	-3.4379	0.25797	-0.579121065051272
33.492	-9.8817	-3.9009	0.177618917986758
37.411	-6.3305	-1.4893	-0.739199916578277
35.78	-6.7263	-1.6317	-0.245572211523691
33.448	-0.77411	0.15523	1.645
35.375	-5.2242	-0.81239	-0.63583101672844
33.301	-0.8584	-6.2191	-0.959674665793625
33.996	-0.50546	-3.2843	0.0327307971991183
36.135	-7.0239	-0.50614	0.314336482751842
35.965	-2.0548	-5.2201	-0.354564488364873
36.394	-6.1789	-1.2919	-0.633469704053617
37.406	-4.8724	-2.8986	0.513271144865007
36.04	-7.8278	-3.3901	-0.55900991959091
36.003	-7.4847	-0.98669	-0.63223816361775
37.505	-3.3844	-3.665	-0.00634670544740737
38.095	-4.4114	-3.0289	-0.194985181878217
28.845	-0.3391	-6.3215	-0.271857367233115
31.873	1.1603	-1.4668	0.0792341226786481
37.224	-5.958	-1.089	-0.434739819689033
37.745	-6.0125	-2.6235	-0.679234697571526
32.761	-10.279	-3.5803	1.645
35.146	-6.8688	-1.1453	-0.44651170722157
22.237	-11.81	-3.5527	0.498959265399538
36.309	-1.0166	-2.6914	0.18009063633639
32.789	-9.4975	-3.0511	-0.202453518898122
38.051	-7.0224	-2.7249	0.760113381732772
37.117	-7.0294	-1.3152	-0.736047170496321
29.757	-0.67542	-6.5392	-0.133659713617684
37.809	-6.3381	-1.42	0.112156843932932
37.268	-4.9914	-0.25184	1.645
37.709	-3.5095	-2.5169	1.645
29.359	-1.6151	0.50232	-0.509677142251582
35.72	-8.5251	-3.5035	-0.00187190817251118
35.965	-1.3746	-5.0021	1.645
36.316	-4.3292	-0.2157	1.645
32.677	-8.7274	-4.1685	-0.619641220703449
38.36	-5.3256	-2.9136	1.25615267942998
36.221	-7.3412	-4.4751	-0.101534507351649
34.415	-6.8325	0.075148	-0.00926636719111282
28.368	-0.59665	-6.7559	-0.592320984022305
36.759	-3.5836	-0.81804	0.542784965779703
34.095	-9.7839	-3.228	-0.558619949039305
37.368	-6.4768	-2.9922	-0.141067367528088
37.332	-7.2515	-3.8961	1.645
35.258	-5.3219	-5.4431	-0.380151204164042
36.321	-3.9637	-0.27042	-0.538577210611918
36.03	-6.7396	-2.2656	-0.622764234765376
36.297	-6.6218	-1.3064	-0.228132865413046
36.623	-2.2417	-4.4946	-0.276132290188818
30.035	-10.734	-3.8263	-0.347786529526196
36.66	-6.6386	-0.37036	-0.618793996765406
21.515	-0.27706	1.74	-0.744387131517449
33.103	-10.306	-3.7632	-0.378198803525084
36.952	-8.0395	-3.7747	0.27408065236998
22.571	-0.57713	1.5151	-0.587585072234546
37.393	-3.4946	-4.3244	-0.397375619221279
29.076	-11.036	-4.0158	1.43169736121366
27.77	-11.555	-3.6482	-0.389173729486929
37.578	-3.8494	-4.4812	-0.446254116892153
37.42	-3.8425	-1.2864	0.0395915628656822
26.936	-1.6129	1.3973	-0.333586923354111
36.112	-7.3194	-0.71772	-0.598704604859571
35.791	-7.0583	-0.31701	-0.564711106811832
30.4	-10.876	-4.4696	0.485042374174182
35.159	-1.6508	-5.7185	-0.295704959190766
36.861	-1.5517	-4.234	-0.330580038397423
26.877	2.3493	0.26303	-0.220586784439307
20.474	-12.495	-3.206	-0.177260611775674
27.177	-2.3797	0.14023	-0.393900835400023
37.496	-2.3662	-2.2257	0.704763425434205
34.893	-8.2576	-0.2879	-0.232602473286492
26.716	-11.636	-3.9302	0.0740674491195901
34.889	-7.5416	-4.5362	-0.455294964361233
36.442	-8.308	-1.1302	-0.436926197037412
35.773	-7.8802	-0.81617	-0.266096622146775
37.317	-6.8573	-3.3818	-0.491064834065181
36.102	-3.0749	-5.1304	-0.244167679404412
37.105	-2.5589	-3.5756	-0.210637373773287
25.809	-11.625	-3.7767	0.679115708977794
31.857	1.6245	-3.1076	-0.306477043128937
26.788	-1.3344	0.7076	-0.298341455155291
37.049	-6.6954	-1.5441	-0.930519136860335
30.72	1.4517	-0.34053	-0.745705039499644
27.045	2.3681	0.63953	-0.556457589797407
20.617	-0.3175	1.6639	-0.340289753764897
37.887	-5.396	-1.5637	-0.15190979932256
37.858	-5.3791	-3.9756	-0.803800564377933
37.652	-4.4151	-4.0434	-0.0473046042284893
29.685	-10.994	-2.7076	-0.57787094044193
33.751	-10.254	-2.9882	0.308311558694017
33.908	-0.57427	-1.1263	-0.00589562875744826
36.426	-7.9875	-4.213	0.799325251510915
33.919	-7.0507	-5.0645	0.114980992658894
37.54	-3.8517	-4.3804	-0.638398901225429
35.577	-1.6453	-5.4049	-0.111521419367476
38.032	-3.8433	-2.5224	-0.395063902226582
26.259	-0.18253	-7.0548	-0.152474236973751
35.993	-7.0808	-1.3785	-0.188669661749518
34.187	-1.4715	-5.6999	-0.678448254916668
38.371	-4.863	-2.051	-0.257863868704975
36.918	-7.5758	-1.5006	-0.631313359670532
36.473	-1.6404	-4.767	-0.587048954177099
28.657	-0.49517	-6.6234	-1.14351681195402
36.394	-7.593	-0.62675	-0.763540411509716
36.478	-7.1979	-2.0881	-0.0762071674547988
35.184	-9.2901	-3.1965	1.06896007050811
33.753	-9.4761	-3.5559	-0.540551978194911
38.074	-4.3028	-2.4632	-0.399416623934165
36.292	-2.6554	-4.4174	-0.0750586802547591
37.272	-6.8375	-1.1314	-0.780704468799616
33.715	-9.6432	-2.123	1.645
35.237	-0.69076	-4.8874	-0.508750226624053
24.414	-12.142	-3.2013	1.645
37.569	-6.5148	-1.4642	0.11846033500093
36.96	-6.9343	-1.0159	-0.53126455486069
37.294	-1.9809	-3.4145	-0.522356100022091
37.737	-6.611	-1.2513	1.29876443541838
37.08	-2.6979	-1.4846	-0.526543403827775
37.508	-7.0244	-1.8393	-0.831637839782165
37.038	-4.3294	-1.0892	0.263492553282329
34.492	-7.3364	0.24994	-0.741684661558656
27.619	-11.723	-3.0238	1.645
37.109	-7.0105	-0.90472	-0.436246793004536
33.954	-0.85081	-5.874	-0.700853233309568
25.499	-1.9116	0.89186	-0.656156412156447
33.203	-10.02	-3.7952	-0.0154062514025718
36.949	-4.5689	-2.2549	-0.238933743594877
38.43	-6.1105	-2.4777	0.639925156982665
36.281	-7.2612	-1.4428	-0.859745576525207
36.205	-2.6511	-0.80731	0.17148857063487
31.294	-7.8077	-4.7166	-0.0233085869386765
28.036	-0.32208	-6.6729	-0.770280455576647
37.033	-2.5461	-1.0928	-0.59661194858384
33.627	-10.262	-3.7998	-0.202624660372277
28.89	2.0927	-0.92713	-0.102290697068867
36.811	-6.4165	0.35144	-0.622792904030063
37.011	-5.9559	-0.4383	1.42806523386989
38.201	-3.9247	-2.182	-0.769446412450002
36.854	-3.5895	-4.6313	0.636188910157428
37.373	-6.9962	-0.69014	-0.543215046087455
38.149	-5.5533	-1.2842	-0.484557434591609
36.144	-2.2189	-1.1147	-0.41927486894976
35.14	-0.37334	-2.7565	0.521495733700558
36.902	-7.0363	-0.65284	-0.877801722872164
36.446	-6.3734	-4.8093	-0.56278872847765
36.044	-8.7182	-2.4083	-0.479141822741115
34.719	-9.8405	-3.3063	-0.526574076087783
36.437	-3.6993	-4.3082	-0.310892653346682
34.532	-1.6199	-5.9276	0.357935985569436
24.371	-1.4143	1.2245	0.0519825586172265
27.162	-11.286	-4.1317	-0.567312351593581
35.233	-8.8871	-3.1131	-0.387485004056297
34.886	-6.2481	-5.5571	-0.327942123166743
34.45	-9.2067	-3.1109	0.0447740620932351
35.822	-6.391	-2.1782	-0.437043084556276
35.733	-1.9219	-0.14499	-0.155493266966881
35.874	-8.6177	-1.8043	-0.598030725266685
34.192	-8.3314	-3.5638	-0.170570109273206
37.948	-6.3604	-1.6608	-0.15222200762724
35.228	-8.4952	-3.2171	-0.756950341313128
34.806	-6.9562	-0.62806	-0.192918273862826
26.345	-1.1055	0.5634	-0.0890853938250985
25.296	-0.72466	1.6146	-0.780529570965223
37.422	-3.4628	-2.3274	-0.000105453290501908
28.048	-11.488	-4.1721	1.09134639956907
37.105	-3.6061	-4.5524	0.0473801845135505
36.419	-6.6899	-0.5559	-1.00876558473016
35.34	-2.5809	-4.242	-0.422329448840867
33.407	-9.7397	-3.9947	-0.226245955210998
32.896	-9.6574	-3.1526	-0.209116222530529
36.359	-7.4549	-1.0004	-0.866777293974103
35.12	-1.2742	-2.8903	1.645
37.498	-3.5547	-4.4466	-0.739295547744375
36.054	-7.6498	-0.76852	-0.473341812090616
37.167	-6.6659	-1.13	-0.363489188434106
37.129	-4.2692	-2.0975	-0.545341620354205
36.978	-1.6567	-1.9199	-0.456546688831938
29.606	1.5715	-0.54431	0.515659047423142
33.643	-1.3637	-2.5897	-0.582667859770604
34.789	-7.3388	-0.54573	-0.223864321339138
28.725	1.7036	-0.72164	-0.0485965056339131
24.712	2.8802	0.58317	-0.315224952928516
36.593	-5.8661	-0.6886	0.158005968859726
36.284	-1.8405	-5.0251	-0.637388812492432
29.893	-1.3723	-6.5831	-0.659853268981624
36.546	-7.4554	-1.1895	-1.06953391724022
35.946	-6.5489	-1.2203	0.110906008979792
36.537	-6.8783	-1.0337	-0.85881012532058
20.317	-12.541	-3.2969	-0.388841954211715
34.361	-1.276	-5.9627	1.19754849372696
37.923	-3.705	-3.5402	-0.348658992831132
37.259	-3.0075	-4.4835	-0.57661705626742
37.096	-3.0514	-4.6541	1.645
34.849	-9.695	-3.414	-0.711108253858458
38.398	-5.8134	-1.1318	-0.216354657579355
24.003	0.13853	1.4663	-0.209716072997791
37.122	-3.4666	-4.8168	-0.418923210076573
36.732	-7.2218	-0.73825	-0.565610427998495
33.778	-8.1256	-0.58235	-0.354060329802611
31.849	-10.422	-3.1593	-0.594441858029561
37.14	-3.9296	-2.3872	1.645
36.72	-6.1892	-0.64828	1.645
36.229	-7.0194	-0.57746	1.35604917397372
31.782	-10.612	-2.5976	-0.207354701008188
33.339	-3.0923	-1.8954	-0.811821429984761
31.845	1.0033	-1.1008	-0.877654952813021
34.623	-7.9058	-0.21977	0.137224439018252
36.82	-6.9642	-1.231	-0.408225479209878
38.141	-4.2786	-2.7783	-0.556554003702156
36.231	-6.2373	-5.1256	0.439368501160806
36.289	-2.5821	-5.4333	-0.243356985868946
37.38	-3.0814	-1.6637	0.0492387716983254
35.425	-1.3523	-5.359	1.51850303759469
35.754	-8.7903	-3.0805	-0.00770398460568015
36.588	-2.8971	-0.65573	-0.147009613631791
28.461	0.98628	0.17033	-0.582753409792031
36.185	-1.9151	-5.1717	-0.888769654834613
36.577	-3.213	-5.146	-0.932964325179424
36.786	-8.3038	-2.0017	-0.611982966785019
37.997	-4.8692	-1.9471	-0.461071331608096
37.103	-6.7509	-1.4273	0.278989583679628
38.09	-4.6696	-3.7878	0.798579871816201
25.277	-1.3055	1.488	-0.485770705104025
36.099	-2.2894	-4.5739	-0.516251355519253
31.698	-1.481	-6.3148	-0.319344432907731
37.265	-6.8089	-1.3866	-0.389329588995792
32.951	-2.1329	0.73755	-0.302058574815262
35.127	-9.5065	-3.6642	-0.193141387162787
36.16	-6.4134	-0.87063	0.209959411365201
37.729	-4.9993	-4.3855	-0.620913628586101
32.13	-10.432	-3.3767	-0.129155561126723
37.573	-3.3045	-2.1576	1.10404638995662
37.755	-3.5724	-3.9847	-0.217779964348279
37.348	-6.6439	-1.5268	-0.452237191122132
37.925	-7.2268	-2.1791	-0.587038111976794
36.177	-1.8567	-5.0243	-0.563360592267826
37.795	-6.7263	-1.3088	-0.406312203043606
31.65	0.84958	-1.5053	1.645
36.07	-7.6448	-1.1824	-0.477096240115143
22.184	-12.39	-2.6067	1.30050194667154
30.247	-10.532	-3.9948	0.0350718001558423
37.393	-6.592	-1.4972	-0.639766851960065
37.554	-2.4907	-3.7862	-0.280881547137563
37.201	-7.6178	-1.6684	-0.0356224687127804
30.283	-1.7556	-6.5862	0.0721973631697351
25.356	-12.145	-2.9767	0.790749560194686
35.172	-5.0249	-0.59907	-0.220416363642456
37.305	-7.1596	-1.4898	0.0634677065624191
35.947	-3.498	-4.6138	0.768792253412899
33.207	-10.28	-2.8261	-0.382539383271242
28.016	2.2856	-0.45016	1.645
22.195	-0.52443	1.9394	-0.424458149779751
35.802	-9.2502	-3.1529	-0.322925886354544
36.956	-7.4289	-1.0991	-0.630811383928541
38.171	-4.4907	-2.327	-1.17673043752626
36.092	-7.0394	-3.7643	0.00340532897071151
26.98	-11.301	-3.1408	0.0245656741006482
35.669	-5.378	-5.4118	-0.338896675515979
34.864	-0.4048	-2.0771	0.180997780471258
36.613	-7.0288	-0.34779	-0.317216545379342
31.329	-9.8618	-4.0712	0.316717238640631
36.769	-3.844	-5.1959	-0.229140402052178
30.827	-10.451	-4.0079	0.62267384370878
37.061	-7.7577	-3.156	0.732228699227481
34.483	-1.1037	-5.7561	-0.186332992043297
35.73	-7.9709	-0.66978	-0.316409433882044
26.612	-11.577	-3.6266	0.983744198964649
36.745	-7.1831	-2.3689	0.0346819401795784
31.359	1.2267	-0.79001	1.48146740922055
34.084	-5.1555	-0.37926	-0.0671760146251216
38.29	-5.6387	-2.4153	1.645
22.106	0.18732	1.8667	-0.326082379133702
35.735	-6.692	-0.29731	-0.573366963018348
17.095	-12.321	-2.8753	-0.476200232984706
36.501	-6.4825	-0.69156	1.33574117800605
26.577	2.4753	-0.54886	-0.689336068690122
37.219	-2.0424	-2.5208	1.645
36.172	-0.92643	-4.2247	-0.533451485862093
37.095	-4.2397	-4.9509	-0.391362542321272
33.674	-1.1195	0.1615	-0.0452702008778174
36.517	-7.0275	-0.29672	-0.502525189503173
31.972	-10.291	-4.3015	0.134437935034916
37.138	-4.5323	-4.5154	0.116261429638761
32.883	-8.6579	-4.8132	-0.499531897127847
33.946	0.48495	-2.0193	-0.320888347351293
33.226	-8.1007	-3.0252	-0.497176484056909
36.037	-8.4397	-2.6454	-0.396647855506553
32.196	-1.6907	0.61627	-0.411342552134023
27.763	-0.19828	-6.7383	0.154810996696761
36.339	-6.8364	-0.98471	-0.843128265350295
32.65	-0.74971	-6.2361	-0.829816281240868
36.261	-2.6379	-4.6789	-0.169901219157779
35.636	-9.2272	-3.3149	-0.222298966030137
37.07	-2.1273	-3.4271	-0.676746263501336
36.04	-8.1498	-3.5092	-0.172463618349153
37.255	-6.7602	-0.97143	-0.512793171836069
33.652	-9.6058	-2.9365	0.546238078268208
35.983	-8.1255	-2.4158	-0.518880837475162
34.944	-8.9841	-4.1297	0.427020692857319
33.04	0.80558	-4.2231	0.227488737045292
37.059	-7.1464	-0.47755	1.19847937132437
35.629	-9.285	-3.1762	-0.376844794773922
37.101	-2.5892	-4.5559	-0.53957082890879
33.365	0.518	-1.5642	-0.27654501195704
37.799	-3.4383	-3.9197	-0.948772166798721
37.502	-6.2755	-1.1577	-0.438043846866434
37.352	-7.3788	-1.6396	-0.538945688305597
34.537	-0.89781	-0.21511	-0.221422904920026
34.933	-9.2861	-1.8374	-0.707342123373157
34.882	-6.9392	-0.59267	-0.566011883120435
28.051	-11.463	-3.9954	-0.422850231119425
38.583	-5.346	-2.3082	-0.0359043930720391
35.765	-2.3939	-5.2168	-0.0546535984876124
35.587	-2.51	-0.4416	-0.465935728230566
37.18	-7.2877	-2.0295	-0.491899158016802
36.955	-6.6936	-0.62468	-1.10960025211871
33.145	0.72644	-3.0346	-0.0587081628283757
36.358	-1.9963	-3.3979	-0.325842935358303
35.264	-7.1588	-0.50919	-0.538472855459982
34.658	-0.62976	-5.3143	-0.232099890253744
36.36	-2.2355	-0.98092	-0.267388529041784
36.834	-7.6649	-2.6837	1.09830050348353
21.132	-1.0722	1.3773	-0.301782870871112
13.152	-11.939	-3.2046	-0.359909679655021
36.426	-6.7145	-0.56541	-0.887427175665566
36.807	-6.8513	-1.4331	-0.830838826481023
36.444	-7.3508	-0.80357	-0.177970087319148
35.638	-1.1759	-3.9446	-0.445647651444203
27.737	-11.284	-3.2202	-0.374629828968843
36.113	-7.5229	-1.1566	-0.339224703519034
34.689	-0.28268	-3.6521	-0.620668065092692
37.379	-3.6702	-0.92475	-0.876977374973281
38.099	-4.1749	-2.0066	1.645
38.276	-3.9029	-2.2387	-0.285696017090267
35.502	-5.9782	-1.6541	-0.399155897487615
36.584	-6.9242	-0.77023	-0.609734380593385
35.672	-1.7917	-5.3377	-0.175855592260457
36.752	-3.5477	-2.6273	-0.374610074316764
34.205	-9.6351	-2.6179	-0.289511527557484
36.673	-7.7313	-1.7312	-0.0684636673488434
34.93	-7.4385	0.28604	1.645
36.492	-7.1408	-1.0361	-0.621927990749191
37.788	-4.174	-1.7582	1.645
36.965	-3.0487	-1.9398	-0.535712034209696
38.23	-4.9132	-3.4835	-0.44898581351373
36.663	-3.1631	-0.3802	-0.841860687094647
33.099	0.055081	-5.2592	1.645
31.239	-10.563	-3.4322	1.06177359203917
35.881	-1.4853	-5.1216	-0.855944275714698
33.57	-8.7984	-2.8098	-0.416107721980939
37.128	-7.3755	-1.516	-0.383881721777261
33.552	-9.7298	-1.7604	1.645
35.169	-9.4052	-2.0994	-0.0713142380280097
33.728	-7.5046	-4.2941	-0.102533483083693
31.148	1.1191	-1.7657	0.58485655768196
36.1	-5.7452	-0.9397	-0.191122247348966
14.2	-12.25	-2.7913	1.645
33.449	-0.70302	-0.86649	0.502383880677902
36.735	-2.0513	-4.5974	-0.156172322158092
37.97	-6.9158	-1.8538	-0.987525799846532
37.271	-6.6982	-1.6293	-0.736396624113783
36.379	-3.7123	-1.4074	0.124074029600054
24.282	-11.844	-3.4144	1.645
36.613	-3.0796	-0.94265	-0.42937316490746
35.771	-6.6465	-1.0204	0.0778685055118216
29.6	1.593	-1.8446	-0.393861041922189
37.883	-2.6633	-2.9858	0.0134306254282239
31.258	-10.897	-3.3516	1.645
28.835	-0.9672	-6.622	-0.196891758171423
26.632	-11.363	-3.9523	-0.00133426650973741
34.045	-9.3825	-2.7884	-0.478195216209066
36.668	-5.7643	-0.36006	0.0567409978539918
33.156	0.051677	-0.95287	-0.6861584950276
33.764	-0.71277	-5.7633	-0.830763201434022
35.295	-7.3557	-2.6164	0.343302113729799
34.803	-7.3818	-0.18694	-0.833088874803317
34.462	-9.6263	-2.7398	-0.663016384950824
35.186	-7.3743	-0.73991	-0.545666497392596
36.568	-6.7341	-0.43936	-0.788661412800264
37.311	-7.1319	-2.484	-1.10790074139369
24.603	3.0977	0.72789	0.0545432258135896
30.903	0.73487	-0.78254	-0.464718670277997
36.998	-6.8792	-0.55387	-0.842223407089079
33.493	-0.10664	-5.5756	-0.114833032495423
38.411	-5.9434	-2.5654	-0.352326712442826
23.875	-11.581	-3.7265	-0.47615434783113
31.882	0.099737	0.85538	-0.123875257672955
31.935	-9.6442	-3.1092	-0.191587736852634
26.959	-11.641	-3.4896	1.52186434660975
27.536	2.4938	-0.31686	-0.560189302793164
37.244	-6.5933	-1.2809	-0.86029032451424
29.127	1.8274	-0.60295	1.645
37.126	-1.7498	-4.0023	-0.709997935592165
37.964	-6.7002	-1.5893	-0.338278696216471
29.648	-0.84476	0.71673	-0.182424988574426
37.316	-6.1483	-0.43037	-0.819512840406871
37.077	-7.9142	-1.4075	-0.231709848719986
33.288	-0.28058	-5.9272	-0.33998527501609
35.647	-8.0758	-4.3618	-0.349972838051146
36.307	-7.1819	-0.72469	-0.228701407500075
37.012	-7.3768	-2.6185	-0.58645781610786
29.6	-10.915	-3.8914	1.645
37.241	-3.7254	-1.2785	0.0803991584770174
36.381	-6.3235	-0.97449	-0.239364983544672
38.228	-5.9979	-2.4075	-0.22146806450443
29.683	2.3099	-1.5653	1.645
36.092	-3.3609	-0.37577	-0.984247276171475
36.459	-2.2777	-4.9212	0.482546677737546
26.628	-11.465	-3.5706	1.645
37.597	-4.7139	-4.268	0.137333499739379
37.638	-2.9456	-1.7393	-0.944334372466115
36.825	-5.2081	-2.5948	0.404234936793985
37.001	-3.1956	-1.9825	-0.399085906293969
35.376	-7.6203	-0.86273	-0.466037947705909
29.737	-10.997	-3.7093	-0.173090667862634
36.646	-6.9621	-4.4572	-0.584522187082577
35.599	-6.7579	-0.15719	-0.820530228633426
31.82	-1.1205	-6.6025	1.645
36.406	-3.0178	-1.5552	-0.316960425887573
33.897	-9.3231	-3.4479	-0.229610062702154
32.105	-1.7627	-0.10838	-0.710878551457238
36.277	-7.249	-0.71106	-0.795882883056086
36.737	-5.862	-0.77037	-0.109258072609929
36.388	-6.8777	-0.40505	-0.558340231610083
37.261	-2.7718	-4.19	-0.104340647004203
31.621	1.471	-2.1952	-0.106017714599109
37.684	-3.9188	-3.9944	-0.419521622409402
24.924	3.2424	0.63254	1.645
35.866	-3.3966	-1.9231	-0.390551489852034
27.767	2.2237	-0.43318	0.675626815841792
35.011	-9.3326	-3.6961	0.572066066174796
36.754	-3.0007	-4.6999	-0.80361396253803
28.246	-11.364	-3.9274	1.645
28.058	-0.40419	-6.5521	-0.372402286523942
36.427	-6.7942	-0.72939	-0.18713422532002
38.176	-3.9397	-2.3623	-0.460636752248216
31.848	-10.514	-3.7276	-0.364101579186011
32.421	-9.9028	-3.8736	-0.633689676160324
37.445	-4.4388	-3.7318	-0.757624136089923
35.951	-1.7764	-5.2628	-0.20895480483506
35.052	-2.3438	-0.25459	-0.82052549379576
37.046	-6.6266	-1.4054	-0.409330125152742
35.805	-0.27107	-3.7675	0.301729647302464
37.018	-2.1404	-3.4635	-0.540452446653959
29.485	-11.04	-4.0291	0.747799512765318
34.963	-0.91573	-4.2992	-0.641422131642014
35	-8.9277	-3.0689	-0.228200333787133
37.03	-6.9054	-0.89318	0.0726421502308562
36.998	-6.6701	-0.68066	-0.464719532990367
28.959	-10.732	-3.9835	0.0870564075606129
28.796	2.6423	-1.0447	-0.073157831036184
35.607	-1.8209	-5.5017	-0.464959440851594
29.049	2.1374	-1.2587	0.369496158043122
36.564	-7.3469	-0.8169	-0.146767555214645
37.58	-5.6603	-2.0723	-0.357439483876246
31.865	0.77388	-1.3397	-0.277367826894576
29.143	-1.0016	-6.5471	-0.570336257153738
27.258	0.22043	-6.3336	-0.51494266920303
35.159	-8.7272	-4.1003	1.46114183176758
35.815	-7.8946	-0.37288	-0.345428138958861
37.493	-3.1652	-4.0554	-0.394037482239785
36.963	-3.5361	-2.5995	0.484252383397084
37.393	-5.8686	-0.98026	-0.21920589306907
37.813	-3.2192	-2.0258	-0.429940912798875
37.005	-7.4155	-1.2923	-0.0421384874729125
36.678	-7.6703	-1.4146	-0.378921552611024
36.409	-6.576	-1.957	-0.319648993786685
36.077	-2.6253	-4.9514	-0.156461386544254
36.243	-3.5794	-0.21717	-0.948511890962009
36.026	-6.626	-0.1023	-0.385101839680696
36.241	-3.1487	-1.2023	0.0633344576373741
26.151	2.5267	-0.32816	1.03608159757162
37.961	-4.5137	-3.6152	0.668132004367452
34.751	-2.076	-4.7894	0.0863549742067228
35.408	-1.3801	-5.2085	-0.353085896205085
31.983	-8.192	0.43924	-0.379127537744722
37.348	-4.3808	-3.4643	-0.144767179170554
25.224	-11.867	-3.7074	0.334737529367331
29.185	-1.0694	-6.7569	-0.774488730831748
34.119	-1.5572	-3.3554	-0.219656247998263
35.665	-1.1446	-3.4708	-0.0854935372189202
37.853	-6.0901	-2.2477	-0.408251004621433
36.103	-2.9022	-4.7952	0.0449705785579241
36.835	-3.5596	-0.94827	-0.00714662736440196
36.17	-7.445	-0.85062	-0.389142972745863
26.906	2.3831	-0.26394	1.645
36.06	-7.5642	-0.4854	-0.596830020484036
37.14	-4.964	-4.1295	1.645
36.254	-2.536	-4.605	1.645
37.401	-2.788	-4.0256	0.846899606757892
36.424	-7.281	-0.91605	-0.528826366050707
35.811	-7.1054	-0.26252	-0.257529424414937
35.131	-7.9391	-1.5386	-0.260449082223438
36.196	-2.2167	-5.2777	-0.295184456812877
35.143	-3.4181	-0.3143	-0.434895619418314
35.111	-2.7285	-5.6907	0.453656564966768
38.008	-3.2008	-3.5752	-0.664844781181108
35.136	-0.6424	-1.0237	0.54984654409343
35.689	-6.7757	-2.8578	-0.407830396798452
29.713	-1.3836	0.57155	-0.327219629591966
30.906	-10.083	-3.4443	-0.732852893501126
34.883	-4.4287	-1.5223	-0.500501992577677
38.086	-4.8205	-3.8928	0.261658076171039
37.501	-3.63	-3.2459	-0.38133980173761
35.843	-6.6108	-1.5401	-0.315930560245003
31.505	-10.677	-3.5357	-0.36629475528979
37.16	-6.6232	-0.7396	-0.253470147903561
36.42	-7.2465	-0.79641	-0.840083723599751
31.917	-9.7447	-4.6294	-0.18979617659011
37.031	-6.9763	-1.0374	-0.0539976057452929
38.265	-5.2641	-1.6418	-0.659307334252515
37.023	-7.7618	-3.0738	-0.245238227720453
35.848	-8.0086	-0.74692	-0.0263235881214831
37.359	-3.4721	-4.3656	-0.699452418768222
37.919	-4.1884	-3.3612	0.13443811870063
31.151	-10.386	-3.707	0.142284134197873
37.056	-2.086	-4.1943	-0.676601675097889
38.006	-4.5622	-1.6132	-0.394716479946941
36.625	-3.1859	-5.035	-0.707395795876126
22.994	0.17768	1.5887	-0.423341582159356
37.974	-3.5713	-2.2629	-1.00849181646299
35.991	-7.1105	-0.27884	1.645
34.046	-7.7115	-0.99998	-0.423707068218031
28.049	-10.987	-4.007	0.232869936934155
24.626	2.8702	0.65734	-0.049274992757411
35.883	-6.8386	-4.8344	0.375694839983081
36.537	-6.301	-1.1695	-0.599692394260145
36.684	-6.916	-0.54257	-0.766718139977317
36.131	-6.7703	-0.6249	-0.749106037937522
36.721	-7.1728	-1.6014	1.645
36.291	-3.2826	-5.4975	-0.45887570417121
37.998	-6.5588	-1.1578	-0.661657412334239
37.407	-3.279	-1.2402	-0.746824028482105
34.719	-0.76652	-0.38087	-0.881162275394245
24.667	-11.97	-3.4268	-0.220412784131396
36.562	-7.8558	-2.4601	-0.517290538808462
34.523	-6.4037	-5.2684	-0.548274952496291
36.344	-2.7243	-5.0541	0.00026985075774175
28.704	-1.2358	0.73461	-0.638974291569527
35.112	-8.381	-1.5627	-0.642521479066505
36.561	-8.08	-2.507	-0.00300158355153198
29.101	1.8205	-1.2912	1.46496397961602
35.878	-8.1252	-1.6888	-0.685066308038774
33.057	0.84632	-2.7147	1.645
33.546	-0.34527	-5.445	-0.25220825635061
31.882	-0.57295	-5.8092	-0.129623010553054
24.91	-11.954	-3.5912	1.645
38.382	-5.4187	-2.2298	-0.36554469164365
35.342	-0.84757	-4.9727	0.358690490049578
34.619	-5.6944	-5.4814	-0.873939151456332
36.436	-7.5013	-0.96146	-0.336913406360717
37.02	-3.3083	-1.0167	-0.751258607544279
34.806	-8.8901	-2.973	-0.376974729643868
34.347	-0.98887	-5.2431	-0.454488630555382
32.922	-10.36	-3.0592	-0.11846143043707
37.436	-2.0099	-3.387	-0.31820791382742
27.802	-0.52154	-6.6001	-0.360132810575638
36.324	-7.7981	-3.4379	-0.78653963263073
33.436	-1.2899	-6.2745	-0.0925812679760787
33.177	-9.7487	-2.9992	-0.694355942218956
27.274	2.4161	-0.10539	0.323670737096048
25.93	-1.2025	0.87789	-0.412201850765194
36.272	-2.8487	-4.1937	-0.686619258496417
37.157	-2.2965	-4.1908	-0.355999684845165
30.682	1.0168	-1.2092	-0.75462920295688
34.541	-2.8555	-1.6681	-0.647909608018894
33.291	0.40457	-1.8331	-0.640791007964296
37.406	-4.0066	-3.9598	0.439932804804023
24.997	-0.66669	1.1359	-0.165008195995282
36.12	-6.4143	-1.0835	1.31268848522958
34.659	-1.9863	-5.9829	-0.385313377790594
36.488	-7.3251	-2.3262	-0.561193925045691
27.032	-11.414	-3.9168	0.392415228576989
33.231	0.16905	-5.6528	-0.292970674088674
35.542	-6.5946	-1.1652	-0.501771396110934
36.53	-7.222	-1.5122	-0.565619809287005
35.769	-1.7993	-5.2612	-0.657208792105009
35.546	-8.9878	-2.0374	-0.726320887713275
36.791	-7.3313	-1.4707	-0.635052706939789
29.891	1.399	-0.59674	-0.845515364605062
35.835	-5.3318	-5.5868	1.645
28.257	-0.68969	-6.8239	-0.716082790304269
37.377	-6.8635	-1.8859	-0.0302956808357656
27.464	-11.751	-2.8039	-0.152992376954196
28.168	-0.41404	-6.7192	-0.956835320754309
37.75	-4.869	-1.3026	-0.0772477725219281
35.944	-7.7459	-1.3209	-0.465115590181594
38.082	-5.3314	-2.1137	-0.389567586951318
33.007	0.29962	-0.29684	-0.351486213393853
38.541	-5.8464	-3.3132	-0.543481082789975
36.802	-7.1285	-0.91854	0.964035911191762
37.28	-2.8613	-4.4514	-0.923839179224
27.788	-0.7983	-6.5807	-0.0179069018578077
29.504	-10.993	-3.853	-0.325763936549105
30.43	-10.246	-3.9492	-0.345193240375497
35.675	-7.1694	-0.86933	-0.388150906198239
37.326	-5.6839	-4.4112	0.0484891823735165
36.829	-3.054	-4.6771	1.22007730815426
37.127	-7.6054	-3.972	-0.0433246312149941
32.465	0.75286	-1.4389	1.645
33.046	-8.5364	-0.65937	-0.149630575403015
32.73	-10.178	-2.8586	-0.52458161208518
34.579	-9.3204	-3.3467	-0.42018016743076
33.708	-1.6614	0.33322	0.285927444631231
37.264	-6.7331	-1.3042	0.460756159287585
33.378	-9.128	-3.986	0.226768344026505
36.682	-6.2436	-0.22291	-0.390264272208914
30.821	-10.162	-3.2975	-0.0388017222737174
36.51	-8.369	-3.6788	0.117701923111489
24.884	-12.03	-3.7199	1.645
35.633	-2.7754	-0.42644	-0.626005229105276
36.718	-6.6751	-0.98773	0.561887512572539
35.556	-2.9167	-0.96308	-0.181156572783705
27.416	-11.642	-3.608	1.645
35.042	-7.5012	-4.9165	-0.387567434499319
37.034	-2.7736	-2.7544	-0.341910034017119
37.879	-3.3745	-3.9897	-0.87985836893504
28.693	1.9418	-0.84665	1.645
36.863	-4.6665	-0.57369	-0.266673662289681
37.196	-2.9731	-1.8959	-0.158663563427956
28.874	-11.12	-4.0281	0.597323620449885
37.449	-6.7361	-1.3597	-0.71536806956037
35.503	-6.2815	0.51715	-0.657094643199243
24.869	-11.715	-3.337	-0.3159748763644
37.136	-6.9179	-0.88602	-0.494852697752758
37.548	-3.7864	-2.5541	-0.291617671888485
36.034	-7.4432	-0.97491	0.953457556328472
37.937	-4.7004	-4.0766	-0.748763641956209
35.013	-1.0942	-0.74452	-0.655643532884328
37.172	-5.7699	-2.3884	0.450042211802367
37.69	-2.9721	-2.3396	-0.193857631997739
36.99	-7.0988	-1.0916	-0.338234975702025
32.325	-6.7771	-5.2843	-0.15934834771357
36.596	-8.2474	-2.108	0.0171629957140712
34.624	-9.1756	-3.8766	0.740350720735122
36.626	-3.6918	-0.73483	0.482351344623281
36.301	-7.5684	-2.2311	-0.363253035896969
35.615	-2.2489	-4.7724	0.794916812722932
37.742	-5.3859	-2.9074	-0.245238635382629
36.329	-1.779	-4.8389	-0.720399670920376
33.853	-7.9412	-4.2012	-0.502820134450522
36.495	-7.6701	-0.95526	-0.0380404815032242
32.664	-10.854	-2.59	-0.381969524552432
34.45	-0.82641	-5.3395	-0.342297489009229
31.683	-1.2044	1.0754	-0.584828618985558
36.139	-7.2369	-0.64364	-0.592755097264416
37.14	-3.0531	-2.5682	-0.161201775016736
37.645	-3.0373	-2.7639	-0.138128815945289
33.42	-1.847	-0.09335	-0.537931907344295
25.808	2.4843	0.20229	-0.069748019630194
36.558	-3.477	-0.7264	1.645
37.076	-2.1343	-2.4981	-0.143891009411422
37.295	-3.7665	-1.2328	-0.467268124869364
36.868	-7.3659	-3.4925	-0.836777448664446
25.14	-11.017	-4.1427	1.00331665982081
37.662	-2.5526	-3.9957	-0.592781245190103
37.251	-3.3098	-4.4526	-1.04844356183329
38.169	-4.0381	-2.3338	-0.302019775736405
32.388	-10.109	-3.1943	-0.0792244116999996
34.469	-3.1586	0.16337	-0.572471585684842
36.915	-7.9132	-1.4713	-0.979717732347705
28.759	-11.084	-4.2342	1.41687143539461
29.454	-1.0348	-6.7118	-1.07468418766161
36.981	-6.4968	-1.3048	-0.313864436220262
23.9	3.4724	0.17699	-0.300775659723177
36.503	-3.0435	-4.7703	-0.111111579803096
31.809	-9.8667	-4.0254	0.416039181094213
36.414	-2.6558	-5.1461	-0.606680016324119
37.586	-5.8647	-1.1041	0.271304303298293
35.487	-7.1229	-0.32773	-0.642720070697383
27.695	2.5926	-0.75992	1.46785498305508
36.496	-7.1131	-0.84695	-0.316230038278685
36.57	-1.9504	-4.6956	-0.898404338281642
37.89	-3.3009	-2.8666	-0.252845601908653
35.773	-3.3263	-5.1052	-0.458827550152097
36.89	-5.1349	-4.9182	-0.141899417219298
36.339	-7.668	-3.0652	-0.206668371224239
37.425	-4.7946	-3.5831	-0.639476039317153
36.89	-7.2192	-1.1222	-0.261670893333534
36.973	-4.4217	-0.99545	1.645
18.117	-12.427	-2.7497	1.645
28.914	1.9943	-0.15523	0.869530999809165
35.884	-6.3224	-0.51641	-0.320039214413072
22.895	-11.764	-3.655	-0.130193889105407
29.674	1.9213	-1.1953	0.447092111710841
34.349	-1.3018	-5.8695	-0.570202040618906
33.373	-6.1595	-5.613	-0.0247932054140982
36.107	-8.3833	-3.8955	-0.71992398524226
33.708	-6.1344	-5.2625	-0.539865166012075
25.941	-0.49807	1.7601	0.197993890251062
24.148	-11.976	-3.5319	-0.200200361048302
35.762	-2.4738	-4.9674	0.356627268434005
34.387	-0.70831	-5.5504	-0.745558851978311
37.663	-3.1052	-2.6371	-0.319394869937558
37.474	-3.0541	-2.0965	-0.844976069457583
33.383	-10.034	-3.4276	0.763684911936967
28.812	1.5111	-0.18542	1.645
36.922	-5.6457	-4.9601	0.883624743959008
37.488	-6.6095	-1.1444	-0.691532540227915
28.073	-11.668	-3.1194	1.60675818348775
36.91	-3.242	-1.1441	-0.562478161793047
36.175	-7.537	-1.5303	-0.936790309599964
36.358	-0.97953	-2.8211	-0.316970321976027
36.017	-3.9337	-0.15164	-0.582630016913964
38.576	-4.8825	-2.3728	-0.0415138135315129
37.872	-5.7018	-1.026	0.0292540292113566
36.697	-2.4607	-4.6981	-0.014906514520066
36.349	-7.9935	-1.5244	0.681802581564521
37.175	-3.326	-4.0231	-0.666452628823966
36.928	-3.1836	-4.6119	-0.573914749404353
37.756	-7.1614	-3.4233	-0.55436046100316
37.301	-2.9975	-4.1287	-0.297920445935646
30.193	1.1488	-0.66419	0.242931978550754
28.46	2.2846	-2.1237	0.360400632113117
24.401	-1.0807	0.94528	-0.486801758667523
27.402	2.3625	-0.79184	1.645
37.872	-6.6212	-3.506	-0.684592398409709
29.53	-11.489	-3.1516	-0.331866962900533
27.857	-1.7479	0.28644	-0.207121995202927
35.484	-8.9282	-1.9391	-0.457121053009434
27.673	-11.413	-4.0307	0.620419114011778
36.204	-0.51726	-2.602	0.317730541521651
28.13	-0.42296	-6.6429	-0.275504133030619
29.047	-11.285	-3.5116	1.645
37.948	-3.335	-3.8358	-0.74477859701543
36.671	-6.1766	-4.2952	-0.203545022655034
36.841	-6.0594	-5.141	0.819869942593185
36.965	-4.6772	-4.0313	1.645
36.056	-7.7506	-4.4819	-0.308729968960693
33.524	-0.99915	-6.1235	1.645
35.209	-2.4738	-5.3197	-0.244344807154553
27.447	-11.476	-3.9333	1.645
36.676	-4.9225	-0.54227	-0.520933987429289
36.187	-1.3059	-1.2429	-0.817603074584012
29.373	-1.8565	0.38733	-0.624690332935664
29.141	-10.738	-4.3405	0.0726459804255269
37.819	-3.8939	-4.081	-0.745679112411908
35.461	-6.7856	0.21	-0.416903763800806
33.537	-8.6364	-4.1537	-0.253043296013849
35.576	-2.7145	-1.1661	-0.431369815965959
36.729	-7.5145	-3.1312	-0.329331745221231
36.088	-6.6977	-0.52185	-0.494551865507859
32.739	0.91199	-2.6954	-0.0224245331202804
37.836	-4.3579	-3.3202	1.645
36.018	-6.3323	-1.1371	-0.299429843521142
37.469	-3.0494	-4.2007	-0.618344142742916
35.606	-2.0846	-5.5897	0.489328570419684
35.933	-6.8829	-0.44488	-0.462458839404349
35.493	-9.2462	-3.3582	-0.686433493426345
37.53	-4.251	-3.1865	-0.347943758441086
30.092	-11.065	-3.1338	1.15050732786033
32.99	-8.9546	-0.21807	-0.4091081091057
37.519	-7.3869	-2.6661	-0.551475571055777
37.079	-6.2808	-0.77346	-0.23569918105685
36.022	-6.828	-0.57731	-0.745792749911747
37.918	-7.0786	-3.0856	-0.529957815986919
28.343	-11.733	-3.5872	0.485181921797985
37.494	-5.8069	-1.0089	-0.809020651722914
34.273	-0.69818	-5.6839	-0.0847845472672169
26.188	-1.2389	0.73822	-0.535792468219099
29.477	-10.678	-4.2809	0.325633261780782
29.977	-11.456	-3.3584	-0.103382744053333
36.939	-3.7073	-4.6069	0.142028758100798
37.59	-3.4846	-3.6459	0.408011551905377
28.11	-1.8263	0.47221	-0.675246093189397
35.99	-2.0913	-5.2288	0.49061132893631
31.074	0.26967	-6.3372	-0.296760052491467
37.27	-6.4269	-1.0324	-0.476307227129861
34.091	-7.9047	-4.067	1.05611643420109
36.52	-7.3394	-3.0192	-0.241220507906468
37.4	-6.6576	-3.761	-0.622691604577753
29.113	-0.98121	-6.9442	-0.260371548345587
37.029	-4.7412	-3.0954	-0.243858255653246
33.037	0.75239	-2.4438	-0.155851285557012
22.655	-11.631	-3.7513	-0.780216784557025
37.766	-3.2181	-1.9562	0.521143166073225
37.838	-3.7151	-3.567	-0.362936474797132
37.285	-3.4399	-4.4883	-0.348029569888211
27.184	-1.4529	0.40133	-0.299340916415592
38.26	-5.4613	-2.6107	-0.485629516959188
35.989	-1.6761	-5.1643	-0.677307798130952
37.247	-5.6924	-4.4819	-0.422229451117656
34.351	-9.3416	-4.3517	1.4585846270234
32.942	-10.187	-3.8424	-0.363931816009368
36.258	-3.1272	-2.1291	0.337962342824337
37.522	-6.8014	-1.605	-0.462665290582944
34.875	-7.5634	-0.67985	-0.342779123204615
36.805	-6.8704	-0.46855	-0.703772762005438
36.438	-5.6209	-1.0791	-0.438623324996561
36.039	-7.5015	-0.37316	-0.727888466470909
35.992	-6.343	-0.027214	-0.229839527906941
38.018	-4.0021	-3.4175	-0.677815066123051
36.085	-8.2433	-1.0166	1.645
38.197	-3.1683	-2.8039	-0.0392962272343832
37.221	-6.2661	-0.70586	-0.465517009149944
24.495	-0.80438	1.506	0.0768632385677381
19.894	-12.408	-3.0023	1.645
32.857	-1.747	1.0811	-0.431116481035039
38.182	-4.7359	-4.0348	-0.313840451442234
32.564	-8.7826	-4.3392	-0.1277519340896
33.424	-10.297	-2.9498	-0.46192697503332
37.001	-1.8216	-3.9956	-0.438716597994755
32.612	-9.982	-3.3678	1.645
26.104	2.9775	0.38525	-0.0464441028569062
35.856	-6.2175	-4.9262	-0.569336931191334
34.29	-0.70505	-5.4116	-0.812116781868947
35.119	-8.7121	-3.9509	-0.258008946607708
32.294	1.3388	-1.5872	-0.171826976986343
26.933	2.2884	0.38868	0.229605309679981
27.989	0.13398	0.8053	-0.235745693876102
37.348	-6.549	-3.1685	-0.130423211006711
34.481	-0.83471	-4.8208	-0.305311886539316
36.976	-6.7599	-1.9741	-0.456305669296198
36.879	-7.3031	-1.1171	-0.296377794617082
37.988	-3.183	-3.7179	-0.329406514394772
37.929	-6.679	-1.6821	-0.319321901753155
35.328	-8.9384	-1.7754	-0.638169621454217
34.271	-9.6149	-3.6763	0.375689096060534
33.023	-9.9253	-4.2566	-0.587055374060096
36.927	-6.6277	-0.54409	-0.489961044357241
37.587	-7.0356	-2.9008	0.0353413761777509
36.719	-7.5573	-3.667	-0.456278300237513
37.13	-6.6506	-0.87502	-0.901800376387356
33.331	-10.091	-3.2853	-0.927469499304706
36.513	-6.807	-1.1852	-0.503001257350367
28.452	-0.64826	-6.6807	-0.946745356559762
35.608	-8.7425	-3.6319	-0.507352196194032
36.084	-6.9266	-1.1155	-0.62578227528873
34.803	-1.1978	-5.5854	-0.587362427411341
30.623	-10.628	-2.3359	-0.52183415204663
34.746	-0.83355	-5.3832	0.822688410275651
37.674	-6.0117	-3.9316	1.00603556522108
35.239	-7.2057	-0.80222	-0.136393789070509
30.909	-10.532	-3.6165	0.519838648823442
34.081	-0.19025	-0.19369	-0.684918837031246
36.16	-6.2388	-4.6065	1.645
34.061	-9.7107	-2.6267	0.0950468720989112
28.401	-0.6673	-6.6758	1.40857920512372
34.108	-1.3907	0.43458	-0.538334290939578
36.911	-4.0324	-0.88935	-0.36345940094547
36.133	-7.4211	-1.9201	-0.396565137255789
35.653	-7.9359	-0.91161	-0.748436840835043
27.563	-1.7829	0.9933	-0.21227627578518
35.686	-6.1698	-4.8122	-0.195519182572628
35.599	-6.05	-5.0311	0.198354208926559
33.647	-9.5361	-2.9473	-0.562496385914036
37.439	-7.1052	-1.3532	-0.534592760418608
23.069	-0.86413	1.3787	-0.440229347707661
37.717	-5.9636	-3.8253	0.0572351902030584
37.26	-1.8777	-3.7953	-0.862149658140619
37.331	-2.3602	-3.1346	-0.555365932378289
29.747	1.7848	-0.64182	1.645
31.26	-1.5383	-6.2118	-0.231563368109637
28.79	-0.60836	-6.4231	-0.575872785766906
28.577	-1.9917	0.59004	-0.354341588227744
36.944	-6.5048	0.15745	-0.468154448518977
27.399	1.8644	0.060854	-0.762114201712563
34.571	-8.8569	-2.5749	-0.716186703125417
37.024	-6.2246	-3.3113	-0.630662022309106
37.905	-5.2701	-3.6581	0.755923443809926
37.467	-3.1874	-2.2578	0.528538445650599
35.937	-7.7764	-1.2843	-0.35181793143978
37.269	-6.4643	-1.3187	-0.583291944135779
35.22	-2.8647	-5.4605	-0.220086802690719
36.327	-3.639	-5.216	1.645
37.298	-5.8161	-0.65225	0.557667451950294
37.658	-4.6228	-3.5033	0.387887102906503
33.532	-9.5404	-3.8361	-0.611012180095796
38.11	-4.4154	-1.7878	1.60043723915834
33.965	0.34185	-2.8306	0.288631076493079
18.681	-11.853	-3.5342	0.15565711417051
37.578	-6.9156	-1.9975	0.189557983926467
22.178	3.5218	0.97528	-0.329629028822992
34.324	-1.491	-0.028499	1.645
27.877	-10.224	-4.2064	1.645
35.796	-7.3764	-0.93857	-0.577420976328667
36.21	-7.1793	-0.91817	-0.321212365474041
33.756	0.78472	-3.7174	0.252220092444798
34.832	-1.3266	-5.3939	-0.398893120139055
36.693	-6.5135	-1.0092	-0.229085052805498
37.262	-3.681	-4.3805	-0.68999896376594
37.664	-2.5775	-2.7475	-0.286817868242163
33.114	-0.44001	-5.9828	-0.737737389087462
35.83	-8.0329	-0.94709	-0.447748490843768
37.168	-2.8936	-4.4433	1.63427670615983
37.252	-3.2123	-4.5515	-1.19204293192367
37.485	-6.3438	-1.5371	-0.350102509551462
36.79	-1.1179	-1.9369	0.135879316011596
36.986	-3.4192	-4.8641	0.428293497463866
28.187	-2.0153	0.64751	1.41386848930248
36.115	-2.5821	-0.79798	1.645
32.441	-8.4786	-4.6004	-0.33922275739658
32.516	-10.186	-4.2238	0.675500018149984
34.865	-8.7229	-3.4379	1.645
37.744	-4.8284	-2.8158	0.862254216601844
36.311	-6.2684	-0.71261	-0.484867953731315
37.547	-3.1049	-3.4645	0.175844474913184
38.079	-6.2421	-1.3115	-0.794164315554467
37.974	-3.6555	-3.1281	-0.342419645042472
28.696	-0.68077	-6.8741	1.454439292659
30.852	1.7849	-1.8279	0.688840776356992
34.821	-6.2335	-5.3327	0.0715258844990467
14.631	-11.506	-3.6427	-0.203717180675215
34.669	-0.46744	-3.1166	-0.61859734142231
37.859	-5.8203	-2.0456	-0.132158572776174
36.787	-5.5935	-0.20183	-0.574514566257266
36.693	-3.4679	-1.3316	-0.771604802060653
24.838	-11.328	-3.8629	-0.459796083180923
35.763	-0.51963	-3.4807	0.506447349064182
35.201	-6.4466	-4.6978	-0.381086212588741
32.044	-10.644	-3.7583	-0.271396459550161
36.194	-6.8002	-1.6144	-0.129701589079647
36.007	-6.7848	-4.2244	0.521304506246472
35.927	-7.6408	-0.39627	-0.509460006243976
35.868	-8.013	-3.1225	-0.378706883948709
36.808	-7.1617	-1.0805	-0.546552289120159
36.946	-7.765	-1.2246	-0.701567981918647
36.325	-6.6188	-4.8643	-0.318513255912489
35.549	-6.4596	-0.15332	0.822045420849817
30.435	-2.0178	-5.0573	-0.0258172276190827
36.901	-2.8551	-4.7309	1.645
37.149	-6.3657	-1.3475	0.706712544137344
36.787	-3.2912	-4.7881	-0.158862090168834
37.496	-2.7345	-3.0657	-0.516184026725388
32.833	-9.925	-3.8629	1.645
37.75	-6.5893	-1.4592	-0.370666975137484
36.038	-0.75241	-2.4819	0.306935967376196
28.133	-11.456	-3.6026	-0.657297053763358
30.447	1.4981	0.012136	-0.544165259283688
37.759	-5.8941	-2.4694	-0.377131320072278
36.523	-6.9224	-0.55317	-0.593518479799004
37.667	-3.3869	-1.5302	-0.575194133745227
35.259	-0.56743	-3.8436	-0.0416997095664715
21.996	-12.117	-3.2949	-0.50777650397906
36.696	-3.7296	-4.7045	-0.0665616129393512
36.844	-2.8627	-4.1771	0.0725317856113927
35.141	-7.3093	-1.8385	-0.591508396852186
37.236	-5.8353	-2.0778	-0.365415760161585
27.895	2.1727	-0.70999	1.54219596065196
35.937	-7.577	-0.66075	-0.337683292957773
36.415	-3.3798	-0.64911	-0.307933495362729
37.914	-4.9455	-1.6546	-0.556210845748542
37.81	-6.0972	-2.6215	1.59350608992852
36.059	-6.6724	0.099282	-0.352582606368256
33.831	-0.82131	-5.9073	-0.416011548495301
37.488	-4.8809	-1.9614	-0.486103537340832
34.309	-1.5814	-3.0886	-0.253346801298296
16.546	-12.122	-3.0507	1.645
26.475	2.8001	-0.13414	0.960081422337414
36.584	-3.2355	-4.7375	-0.277124206050947
36.968	-3.0594	-1.5917	-0.180019213112224
36.022	-5.6927	-0.69924	0.229652087959194
22.905	-1.2773	1.3333	-0.117098610752908
36.937	-6.6664	-1.0888	-0.417692422903662
38.435	-6.2835	-2.839	-1.07652946268112
35.405	-0.70375	-4.8046	-0.328763826678576
36.121	-2.9466	-5.1363	-0.680866527724009
36.896	-1.6696	-2.1151	0.150145420484511
27.474	-0.29098	-6.7196	-0.182753255470203
34.672	-9.018	-2.7887	-0.100761230811369
36.78	-7.3321	-1.024	-0.857269863337007
31.309	1.3203	-2.1248	0.0741732254983292
34.816	-1.9829	-0.24815	-0.403102219971351
31.034	2.13	-1.503	0.16366843450261
38.1	-4.3733	-2.6288	-0.795473177564976
33.506	-8.587	-3.743	-0.417469904589384
36.038	-5.389	-5.311	-0.420304060545352
34.702	-1.6396	-3.8829	-0.154750193755538
32.373	0.99622	-2.1654	-0.384971257722905
35.958	-2.3821	-5.0615	-0.524263666909995
37.447	-2.7711	-3.2962	0.0396602018495109
34.224	-1.4421	-5.2872	1.59061522680857
25.823	2.7506	-0.30933	-0.824466396475595
36.853	-6.3522	-2.1496	-0.378411418031796
34.92	-2.181	-0.95545	-0.619304385750453
31.384	-10.126	-3.673	-0.0661099427926326
36.331	-7.1059	-0.41523	-0.303215616049495
29.704	-11.031	-4.1478	-0.51812529715115
35.609	-7.1077	-0.68315	-0.578704318974596
35.818	-1.2328	-4.9674	-0.594430754543089
35.623	-7.3392	-1.1323	-0.60368373646428
32.987	0.16537	-5.4076	1.645
36.38	-3.1166	-4.3906	-0.00886914457829446
36.763	-2.5223	-2.4664	0.643085461325844
30.806	-9.287	-3.5933	0.606988820436654
31.819	0.77723	-1.5751	0.897684241269789
34.867	-2.1455	-5.957	-0.463423029819736
36.432	-2.9785	-1.8557	-0.444736688574239
37.33	-2.1802	-2.9054	-0.405922654730331
35.886	-6.8034	-0.66589	-0.889248355116527
34.169	-2.2291	-0.29475	1.645
27.676	-0.63697	-6.9622	-0.57988348191678
36.642	-7.6993	-2.0698	0.318030279971857
36.441	-7.3309	-1.0821	-0.407843974132988
36.404	-0.77396	-3.045	-0.605762506963687
32.197	1.205	-4.1368	0.378637408294344
33.119	-10.31	-2.9906	0.405654491791509
37.344	-5.4244	-3.918	1.645
30.026	1.6761	-1.1057	-0.533153894799579
37.878	-4.0903	-2.2179	-0.657016324404016
37.108	-2.6266	-1.3105	-0.0853156455972348
36.482	-1.3979	-3.6565	0.425610677678457
31.452	-9.1478	-3.2273	0.046481922883139
35.595	-7.1083	-1.4836	-0.543897165557074
37.93	-4.6532	-1.5629	-0.946333547338885
28.339	-11.288	-3.7747	0.146917739676134
34.572	-0.91389	-5.3163	0.0575147110436827
27.025	-1.1452	0.8769	-0.918218345364565
34.079	-9.9018	-3.0968	0.09926024407543
35.222	-7.552	-0.12993	0.628125940671474
37.707	-3.9647	-4.055	-0.317564112760812
37.055	-7.808	-1.365	-0.745193841912722
37.028	-8.0319	-2.3737	-0.252124550472896
37.484	-2.9589	-2.2054	-0.696581772339679
36.636	-1.8449	-4.6217	-0.261400401598003
24.255	-1.0753	1.209	-0.283716822585533
37.908	-5.4849	-2.8675	-0.201347010910918
28.144	-11.285	-3.6351	1.645
36.304	-3.0943	-4.7781	0.824078825355545
36.383	-6.8969	0.11651	-0.291047517404897
36.032	-2.4254	-5.2954	-0.247762596934466
37.693	-6.9362	-2.1968	-0.35827077501796
35.196	-7.2738	-0.20346	-0.0442322832943646
36.191	-1.9754	-1.1911	-0.596834354728596
35.949	-7.0988	0.036498	-0.234802023377849
32.924	-0.29634	0.38633	1.645
36.636	-8.1869	-3.6598	0.373721063525752
35.702	-1.5553	-5.3066	-0.315743576578402
37.827	-3.3669	-2.5679	-0.720295045762477
34.952	-6.4194	-5.1862	-0.226046304662158
25.703	0.22142	-6.7138	1.645
37.718	-6.805	-2.3753	1.1279879529531
20.57	-11.951	-3.571	1.38982506140383
33.204	0.41913	-3.6203	0.520892345411001
36.349	-7.4662	-1.0629	-0.720397469268875
32.301	0.83282	-1.4899	0.451647381460393
36.889	-6.3605	-0.64418	-0.887992361239846
37.364	-6.6113	-2.4395	-0.937476489033321
36.557	-6.012	0.058335	-0.455884340951486
34.899	-8.9036	-2.1978	-0.660313410483324
34.392	-0.67005	-5.3893	-0.299339396777112
36.058	-0.71232	-3.8443	1.645
35.914	-2.1429	-5.1293	-0.60235441030274
38.175	-6.4615	-2.3743	-0.300412431114775
37.269	-6.594	-4.1428	0.563352636114352
36.296	-3.9297	-1.4904	1.29878409252015
34.929	-9.3154	-3.3453	-0.327438692791066
33.624	-9.7678	-3.2114	0.647280652351032
35.452	-7.5059	-1.1164	-0.690208273125856
36.034	-7.7111	-0.66814	-0.151462480497975
37.161	-2.9571	-4.3767	0.257948963684773
35.801	-6.039	-0.10692	-0.65775894655779
38.018	-6.5426	-1.8973	-0.508404232931376
37.065	-2.8718	-1.9238	-0.260489343413913
37.741	-3.5231	-1.6764	1.645
36.429	-1.94	-1.5444	-0.0138288166338561
38.124	-5.9004	-1.833	-0.718287605867404
37.088	-2.7651	-4.3048	-0.596027535893865
37.718	-6.2576	-0.89144	-0.863213580197559
32.946	-10.118	-3.8613	1.59565745800411
38.042	-4.4673	-2.5642	-0.553239700076147
35.311	-1.2939	-5.3454	-0.564410843656399
36.716	-1.7406	-3.0904	-0.413757446933767
37.657	-5.2865	-0.77623	-0.651306795577334
28.415	-1.9853	0.6287	-0.965191391282148
35.913	-2.1991	-5.1813	-0.84858484150523
37.832	-5.746	-1.2789	-0.509010010634071
37.809	-7.1081	-3.5919	-0.623527196765013
37.022	-7.8526	-1.9066	-0.774721761165189
35.963	-2.9456	-4.6888	0.435157088029546
29.139	-10.899	-4.2139	-0.267177966606336
38.328	-5.5245	-1.6957	-0.772353642519863
35.913	-3.5353	-0.26692	1.645
36.624	-2.5872	-4.7152	-0.338599003340438
35.732	-7.4659	-0.892	-0.142280810598726
37.405	-2.8884	-4.2719	-0.341372333205174
27.224	-11.557	-2.9923	1.27724582330785
34.219	-0.7002	-5.219	-0.574474966176376
36.409	-6.4671	-0.54685	-0.116807223766877
29.133	0.029435	-6.8166	-0.0512630996661197
34.285	-0.88002	-5.7289	0.429800907420686
35.879	-1.4706	-5.0897	-0.694065368103257
33.331	-0.8698	-4.6621	-0.296006451051216
28.562	-11.373	-3.9338	-0.0526064584078836
34.954	-8.59	-1.2637	-0.424087120845154
12.655	-12.024	-3.1062	-0.362005327031963
33.259	-0.86748	-5.1327	-0.462625034243069
38.313	-5.8634	-3.2643	-0.72762858680513
36.875	-2.9204	-4.2667	0.250704559297774
36.875	-6.5702	-0.73131	-0.639589802657947
32.785	0.6827	-1.7577	-0.453977720457865
36.807	-2.7145	-1.7884	-0.139648532834535
36.197	-2.5887	-0.88178	-0.560250014521716
37.29	-3.1505	-4.2486	-0.603754897524216
33.099	0.48603	-1.4884	1.645
34.092	-8.9227	-4.1576	-0.438501020041393
37.012	-7.5666	-2.4787	1.41361087655974
36.947	-6.3535	-1.4057	-0.537561858396848
24.144	-11.871	-4.1725	0.285429882795234
37.294	-5.8666	-0.45628	-0.678499697991422
38.453	-6.2205	-2.5167	-0.389036621035694
38.205	-3.7763	-2.7418	-1.24679626024399
29.42	-11.225	-3.3753	-0.245542613288097
37.148	-5.3387	-0.68234	-0.425687725167953
26.075	-11.349	-3.6326	0.071620145983588
34.237	-0.72906	-5.5845	0.0440478222103563
35.409	-7.9537	-0.78786	-0.505773374086322
36.261	-5.9674	-0.39885	-0.452848671643165
35.769	-1.1302	-4.9338	0.855626362730734
34.05	-7.3166	-5.0561	-0.267928072936532
33.716	-7.4941	-2.944	1.03852226919538
36.741	-6.3389	-1.159	-0.855739040505051
36.513	-7.4862	-2.793	1.45278946974917
36.212	-4.2356	-0.11937	-0.74224668209137
30.542	1.6715	-0.25718	-0.601963432712451
37.523	-5.7548	-4.5898	-0.33886406046755
28.667	1.635	-0.37636	-0.628983941782388
37.356	-5.2576	-1.0494	-0.625946137922502
36.478	-7.7756	-0.57777	-0.422802234537599
37.883	-3.842	-3.38	-0.845883410564896
35.131	-9.2436	-3.3567	0.305007496856853
37.587	-5.2175	-1.004	-0.480063457491641
36.221	-2.9564	-0.61513	-0.715926466926428
38.637	-6.5948	-1.8103	0.0558592533079228
36.956	-3.2025	-4.4751	-0.762293906910924
29.985	-11.016	-3.6217	-0.0673110784511627
31.672	-6.1599	-5.747	-0.667548455618534
36.491	-1.3732	-4.2775	-0.0197463361335216
37.131	-4.5617	-0.87893	-0.813231160397056
31.827	0.24387	-1.1057	-0.247392111103277
36.602	-7.2462	-0.74841	-0.47430176955248
35.527	-1.6899	-5.4983	-0.723938058710238
28.143	-0.79826	-6.7107	0.478426393722827
36.361	-7.4636	-0.51885	-0.464288755061161
36.981	-6.59	-0.49138	0.563583127807988
37.82	-7.0502	-1.9993	-0.355967619238086
36.574	-8.6753	-3.4189	0.950193549948952
37.993	-6.6047	-0.58157	-0.484657098960552
36.619	-3.3442	-5.008	1.645
37.163	-4.0055	-1.8496	-0.542316532169894
27.841	-0.46924	-6.7153	-0.878002807199021
33.362	0.38835	-1.7634	-0.510539833236808
38.275	-5.2304	-2.3682	-0.441478436422931
36.744	-6.6862	-0.47204	-0.597699098247145
29.038	-11.463	-3.3336	1.22139364473549
32	-9.0904	-4.758	1.645
34.952	-1.4921	-5.7799	-0.200307442862617
35.586	-6.7863	-0.30952	-0.033436646122164
29.473	-2.0004	1.2233	0.247630758867281
36.946	-7.1431	-0.98937	-0.509904620101655
35.2	-1.6433	-5.5416	-0.37147525481395
38.265	-6.0586	-2.7998	1.42049796537073
33.966	-0.18969	-0.95979	-0.488533027263402
37.105	-2.5879	-1.2599	-0.198073481235559
37.342	-6.7824	-1.0638	1.14340258832172
36.545	-7.0306	-0.54223	-0.394086153568989
35.679	-7.0002	-1.2115	-0.526886189022832
35.984	-1.9774	-4.2136	-0.157648238771793
35.308	-9.5027	-2.4343	-0.203524315838967
33.845	-9.7813	-3.7695	-0.0129591782573173
33.349	-0.35116	-2.0425	1.645
27.568	-0.41487	-6.818	-0.655076892938228
33.366	-9.9976	-3.4617	-0.528795063843406
19.483	-12.108	-3.7965	1.645
37.162	-5.5491	-4.7764	0.0141586931512182
35.769	-6.9619	-0.47515	-0.457997642374436
35.88	-8.2388	-4.4135	1.50532419233689
35.04	-7.5716	-1.0808	-0.551909202440327
35.22	-1.6653	-1.0212	0.779735743489555
36.935	-5.5179	-1.3782	-0.66100812742272
35.664	-1.6218	-5.105	0.795359131104121
26.332	2.8248	-0.26543	-0.845024040787826
38.305	-4.7921	-2.3396	-0.0460408161724382
37.264	-6.0234	-0.95589	0.0311792985748105
24.961	-12.173	-3.2356	-0.291084654650702
36.493	-3.2037	-1.737	-0.0523592997236113
37.016	-2.6871	-3.6991	-0.331936039604942
35.521	-7.0953	-0.81215	-0.674968162853009
37.573	-6.2663	-0.94834	-0.696563118056555
36.713	-2.7918	-3.6785	-0.734177571333883
37.267	-2.9412	-1.1413	1.645
36.105	-7.5793	-1.0388	-0.432941938051901
36.149	-3.6882	-0.088772	-0.347300146903497
29.561	-2.1923	-0.92529	0.708404149124356
28.421	-10.501	-3.8962	-0.47345592496347
37.543	-6.6177	-3.9242	-0.305641800496038
36.013	-5.2962	-5.2194	-0.204463261476021
31.616	-10.133	-3.0478	-0.496899690133123
26.865	-11.889	-3.6093	0.494781004469257
34.944	-1.8333	-5.6746	-0.342552597427119
33.974	-0.2086	-5.4289	1.645
27.421	-11.915	-3.1716	0.0379743164845611
24.068	-11.949	-3.7635	-0.0411721295224355
36.904	-2.4271	-4.0264	-0.538046851788644
32.829	-2.2829	-5.3286	-0.635721023379171
36.607	-2.9684	-1.1872	-0.773353829753367
36.922	-6.114	-0.78434	0.00398249381712016
37.221	-6.042	-1.2144	-0.782217210156752
35.954	-7.1988	-1.5628	-0.312122202773693
35.692	-8.8069	-1.7571	-0.564510118434179
37.491	-6.0219	-1.2997	-0.637754096046991
35.9	-7.2416	-0.67509	-0.404295454755621
36.618	-7.6655	-0.98104	1.40835950452303
29.945	-1.3699	-6.7296	-0.762149930482254
32.161	0.91575	-1.7862	0.901169391395944
37.605	-6.5111	-0.87244	0.0579413493937412
35.517	-6.5056	-0.50915	-0.17164005009616
32.059	1.3109	-2.4168	-0.421951345997104
29.196	-10.899	-4.0629	-0.0809623209292585
24.476	-1.1701	0.93116	-0.928334596064451
36.747	-2.8716	-4.7368	-0.383524423159059
38.014	-3.428	-3.3169	-0.0796720543403522
36.001	-6.2461	-0.9769	-0.31005465686336
36.332	-6.6978	-0.47076	-0.407990472975824
38.3	-5.7317	-1.6831	0.0139110780897428
29.979	-11.824	-2.9049	-0.179767532200357
37.151	-6.3028	-0.5405	-0.553033824116985
36.12	-6.1442	-0.35725	-0.577400302323163
36.271	-7.3453	-1.3238	-0.420989032207946
36.488	-6.1858	-3.8549	-0.221986515473502
35.366	-1.8119	-5.5672	-0.325064797080147
36.371	-1.3748	-4.149	-0.62937993193337
31.428	1.6486	-2.2588	-0.390149534164756
30.715	1.0071	-0.9415	1.645
37.231	-3.9099	-4.7721	0.240234065590332
34.721	-8.3715	-4.579	1.645
36.514	-8.5327	-2.2652	-0.496561514605353
36.083	-2.6015	-0.39972	-0.730185846212263
35.498	-8.087	-2.6598	-0.420567815434847
30.178	1.4558	-0.55411	0.535323931313777
33.074	-10.314	-3.0415	0.0371330295378306
34.568	-8.0682	-4.3868	0.0517129314304805
36.881	-6.9741	-1.2878	0.860963655980009
31.206	-10.908	-3.2517	-0.141282475692814
20.185	-12.42	-3.592	-0.243275590722251
37.199	-1.6237	-2.4917	0.269123545960821
36.947	-7.3373	-1.2444	-0.78371344461244
33.778	0.11392	-0.5513	0.00946398203039132
36.98	-3.2319	-1.217	-0.851029613185372
36.125	-7.0592	-0.43751	-0.431205695266397
30.989	1.3364	-1.2695	-0.801530584333134
37.721	-2.718	-3.5393	-0.537405230998086
36.492	-7.4624	-0.46387	-0.175456813777687
35.897	-8.9728	-2.3728	-1.05331235459823
36.92	-3.6492	-4.6394	0.266513694056031
36.993	-4.0546	-1.8566	-0.688174925897786
34.583	-9.2741	-3.2361	-0.555916504692179
34.344	-1.2254	-5.6987	-0.99625688138342
35.742	-8.0212	-3.8443	-0.643443778172226
37.001	-2.4226	-2.9225	0.986185362978598
35.171	-6.1369	-1.2886	-0.674384674810417
37.028	-3.37	-4.176	-0.864236216924479
33.298	0.35184	-3.695	-0.40793572316125
30.361	0.79431	-0.83387	0.290620404948243
35.436	-6.7361	-0.95815	-0.423853852834786
37.41	-6.4188	-0.83121	-0.847216957252216
36.383	-1.4084	-1.6501	-0.580220062989397
28.632	2.1882	-0.58482	-0.634953519740294
34.186	-2.9176	0.81454	-0.785001385668538
36.195	-4.2493	-5.2274	-0.53904236443602
26.47	-1.2093	0.66759	-0.404315318413216
36.233	-7.5856	-0.90686	-0.355924632753824
36.421	-8.4179	-2.0881	-0.439562339566067
37.469	-3.1858	-2.9957	-0.421216154903266
35.257	-2.0901	-4.006	-0.0183035310342656
36.163	-7.092	-0.771	-0.560305731110883
37.734	-5.9544	-4.0513	0.160788365579744
37.902	-5.9908	-2.0936	-0.850229408911524
37.448	-6.4351	-3.4083	1.645
36.099	-7.3386	-0.73775	-0.23167402682923
38.19	-5.2303	-3.4668	-0.0772214639492943
32.123	0.60269	-0.86491	1.42954907343403
32.053	1.3059	-1.5197	1.04510827098751
36.699	-4.6467	0.089536	-0.314094927131028
27.83	-11.511	-3.6894	1.645
35.927	-2.6184	-5.194	0.974389107524766
36.378	-8.7082	-2.2334	-0.245246519132204
37.434	-4.6484	-2.4277	-0.671024590381884
36.422	-2.8263	-5.0446	0.358504383947433
37.128	-7.3771	-0.91807	-0.642221639605836
36.806	-7.1946	-1.9069	-0.636411412775077
34.659	-0.55942	-4.4261	-0.162712546078479
36.328	-7.1272	-0.93379	-0.0881674498132283
36.281	-2.7152	-5.341	-0.29779925880917
37.412	-6.2447	-2.696	-0.254569619139731
35.967	-2.729	-0.69909	-0.182684085325727
36.783	-8.0664	-2.712	-0.69267798206311
36.508	-6.9874	-0.76697	-0.887733474411425
37.295	-4.7406	-4.9434	-0.143003454058128
37.907	-5.6622	-1.514	-0.423770473106398
36.54	-2.6445	-3.9797	1.43383296381673
34.705	-0.88028	-5.109	-0.572423675820194
35.571	-0.535	-3.7779	1.645
36.023	-3.1128	-0.9772	-0.968006338780919
36.969	-6.9389	-2.1567	-0.568710028773531
30.821	-10.653	-3.8519	1.645
34.81	-1.815	-0.71735	-0.0614136685688018
37.007	-3.2381	-4.6457	-1.12751645398034
22.98	3.3486	0.063496	-0.296571593485856
32.159	-10.433	-3.0039	0.60917736561551
37.195	-6.8729	-0.94274	0.837253358895473
34.005	-0.32428	-5.4688	-0.563368847944166
37.776	-3.2527	-3.708	-0.673498306275516
25.345	2.9604	0.81839	-0.498683021109629
37.704	-6.9036	-3.5007	-0.370312939215811
25.232	-11.836	-3.4376	-0.336228365339781
35.212	-2.5121	-5.7232	-0.85648554963661
38.366	-5.4234	-2.4492	0.889443888748104
29.989	-1.4419	-6.6104	-0.385258785326862
37.702	-3.2554	-2.2478	-0.296853898256597
36.695	-8.3244	-3.4796	-0.125612174733207
22.216	-0.28528	1.8218	-0.220166287528551
27.938	-0.14693	-6.4389	-0.281952460550144
37.215	-2.1692	-3.2804	-0.934291625969632
24.948	-1.1145	1.1193	-0.512163138794353
35.868	-5.9551	-0.76246	0.629735012612247
28.015	-11.269	-3.5031	-0.302860099790003
36.415	-2.8229	-5.3315	1.16044413691548
36.026	-2.1342	-5.1439	0.659169441382587
36.861	-6.3361	-0.60656	-0.555314254526888
34.486	-9.5717	-3.7802	0.0644407601995848
22.352	3.0673	1.2586	1.645
35.219	-2.1202	-1.3575	-0.542312501185426
36.39	-6.9544	-0.46647	-0.70736202637105
32.516	-0.5129	-6.2823	-0.512783583899301
37.032	-6.1426	-0.88556	-0.963226598756608
28.289	2.0839	-1.1024	1.645
33.548	-1.5978	0.067007	-0.453981266414612
35.336	-1.5855	-5.3664	0.207054486784345
35.391	-7.7354	-2.7639	-0.436586621096705
36.84	-7.9578	-3.3052	1.01528230654045
37.095	-3.2146	-1.7715	-0.477020265076115
33.859	-9.2605	-2.5721	0.103976525960409
35.877	-8.4213	-3.4308	0.352543032501495
34.549	-0.84299	-5.6394	-0.282496092256102
36.996	-7.5551	-2.6668	-0.637916961519952
34.832	-7.3907	0.24362	-0.617006866072637
33.235	-10.72	-2.9872	-0.375832005156456
37.307	-6.0201	-1.5607	-0.979414429383871
37.418	-2.9354	-2.5082	-0.797732255011457
34.343	-1.6947	-5.9695	-0.101550572577019
35.852	-6.3953	-0.66102	-0.346446201625322
23.219	-11.625	-3.7246	1.645
25.658	-11.743	-4.0632	-0.259296516613554
36.408	-7.0685	-0.74929	-0.323948115889447
34.872	-9.2335	-3.1798	-0.238363901778159
32.521	-10.366	-3.3013	1.645
35.301	-7.1362	-0.87532	-0.397035705195534
36.981	-7.338	-4.1057	0.1338474765046
36.532	-2.2219	-4.9142	-0.778332880675299
36.587	-6.9588	-0.9185	-0.796546583993457
37.804	-3.758	-2.5106	-0.173972588872797
37.188	-3.3266	-4.129	1.645
36.601	-3.3263	-0.83788	0.336373971737142
20.494	-12.103	-3.3423	0.968889635086512
37.343	-6.62	-3.3463	-0.155511348515459
34.74	-1.4122	-5.6472	-0.300414514317958
33.679	-0.86234	-0.17042	-0.292995628045122
36.655	-3.0677	-4.4207	0.0496581559830312
34.85	-8.5722	-4.0191	-0.564609098218095
30.867	-10.809	-3.5384	-0.0608097074422635
37.307	-3.9139	-4.5918	0.65994227906668
36.667	-6.7386	-0.78268	-0.723032748276859
31.457	-0.30158	-6.5963	1.645
35.913	-7.6121	-0.87189	0.289659072456038
36.13	-2.8164	-5.1146	-0.55754386700085
35.209	-0.0088546	-1.6024	1.16776429212754
37.083	-6.3311	-0.76982	-0.776568790323087
36.223	-7.7271	-1.0545	-0.76448317059228
30.474	-10.434	-3.6727	0.24497570105901
35.745	-6.4161	-0.72233	-0.644150899633245
34.25	-0.42419	-5.4538	-0.641706089095915
35.158	-7.4175	-0.57039	-0.235234587460163
37.835	-4.0336	-3.727	-1.21932597750271
29.205	-1.0063	-6.6398	0.285677217531584
35.456	-3.3218	0.088323	-0.589037574611946
29.803	-10.77	-3.5859	1.645
37.4	-5.3887	-1.203	0.0362792712357192
38.39	-4.8164	-3.1837	1.27114031849488
28.169	-10.539	-4.4468	1.645
37.101	-6.2474	-1.5272	-0.300816427850561
36.103	-2.9353	-0.50444	-0.148205750053861
33.597	-0.56617	-5.3621	-0.587367280476202
34.55	-8.264	-2.9045	0.29282175846914
35.071	-9.1648	-1.7033	-0.247423851399689
37.21	-4.2579	-4.7383	-0.0262863497548124
35.826	-8.9178	-2.6398	-0.12064906644569
29.572	-9.596	-4.4341	0.530277907967916
38.35	-4.2938	-3.138	-1.01029617906868
33.688	-2.6749	1.0381	0.21253964830972
36.474	-2.0151	-4.8982	0.264844935652016
36.528	-6.7207	-0.3798	-0.635674797528537
33.424	-10.084	-3.4669	-0.135089905637484
35.861	-2.605	-5.277	-0.252868553410079
34.46	-9.1908	-4.2253	-0.380446490465596
38.32	-4.8525	-3.1108	-0.310208644438672
37.496	-3.2443	-4.1554	-0.0394869204106189
26.909	2.6637	0.026832	-0.111430495354576
23.052	-12.064	-3.317	-0.70977633668694
37.644	-6.4692	-2.6675	-0.113998972571739
36.848	-6.5595	-2.1398	-0.698022993639706
29.035	1.6447	-0.066406	-0.0145498814972566
35.626	-7.5125	-0.57968	-0.499338979433207
37.322	-7.6218	-1.4826	-0.493958312714944
35.285	-8.2893	-0.64382	-0.472411776698269
20.084	-12.312	-3.48	-0.489759761905338
28.865	1.751	-0.48839	1.645
29.709	-10.969	-3.9119	-0.0139999809313366
37.772	-3.5059	-3.3861	1.22152734286872
36.942	-6.4637	-0.66239	0.22886807670152
33.758	0.38343	-3.2386	-0.515624156799807
36.282	-1.236	-3.9953	-0.578097230592753
36.872	-6.6326	-0.5159	-0.421210264581245
27.991	-1.7102	0.46544	-0.408898313749601
34.467	-0.7789	-5.5486	-0.937728681940139
28.91	-10.416	-4.3339	-0.241996259758287
36.451	-2.0925	-4.9467	-0.238568775519606
29.772	1.7553	-0.20628	0.812085395384021
37.46	-4.4038	-1.0835	1.645
30.47	-9.6622	-4.3325	-0.185024016131312
31.478	0.98321	-0.87069	0.214417417785172
36.431	-1.4634	-3.8262	-0.58688597273657
36	-9.0717	-3.5695	-0.166933133747681
37.711	-5.9719	-3.357	-0.292605281167695
27.558	-11.495	-3.2371	-0.0774784644224102
24.502	-11.889	-4.0808	1.645
36.522	-7.3306	-1.1206	-0.889595404433002
34.234	-9.0501	-4.1876	-0.53737783868782
34.039	-8.7942	-4.1058	-0.575339872560041
36.049	-2.8343	-0.31658	-0.0260652082296064
35.726	-3.108	-0.29894	-0.388841619424102
37.247	-6.3258	-0.74275	-0.863678366997899
36.663	-8.0185	-1.3392	-0.361486597471046
36.819	-2.209	-4.6629	0.339917478079182
36.367	-7.0131	-1.7098	0.0131416738155983
37.603	-3.5366	-2.3554	-0.76788018880103
37.32	-2.9559	-2.0473	-0.206767330737916
36.358	-3.1915	-4.9347	-0.441104030015298
18.772	-12.196	-3.1299	-0.331932301789053
32.75	-10.422	-2.8005	-0.282683605584501
36.785	-1.4031	-3.5604	-0.164203869070799
35.477	-1.5291	-5.0441	1.645
28.024	-11.618	-3.2678	-0.792862283492167
38.028	-3.372	-3.8422	-0.486029873337801
35.983	-6.7157	-0.25748	-0.660452061262035
37.675	-7.2641	-2.5191	-0.578767964693639
38.285	-6.068	-1.6478	0.720594615552584
37.648	-2.9954	-2.6871	-0.634582657701877
36.758	-6.2914	-0.49534	-0.748579499912721
37.3	-4.165	-1.6175	-0.481014843789957
27.805	2.13	0.2655	0.136283845966396
33.741	-1.9733	-5.4226	0.382610658659802
36.11	-7.4497	-1.499	-0.648438216027599
37.13	-3.482	-3.5833	-0.678894576666329
37.065	-7.2034	-1.1197	-0.92003974871355
35.676	-1.5634	-5.343	-0.363118110011718
25.634	-1.2253	0.94194	0.00697721782692377
36.345	-2.7504	-1.3676	0.0211193307288413
35.006	-5.2704	-0.66318	-0.559246489036684
21.515	-0.82075	1.3352	-0.1325100940396
36.934	-7.1197	-1.3898	-0.39726802910901
35.563	-2.7773	-0.24283	-0.957381181388371
37.173	-2.6245	-3.9132	-0.451433785331769
36.387	-2.0945	-4.6511	-0.834369220234568
35.784	-2.114	-0.96068	-0.662928156614412
37.664	-3.9756	-1.3644	-0.79151790572262
33.453	-9.9212	-3.2833	1.48933194037331
28.418	-11.12	-3.9506	0.347349829187038
35.617	-3.9137	0.42156	-0.0657857361688791
35.863	-2.4069	-2.5622	-0.532345227628544
35.028	-7.1752	-0.66195	-0.41393575772338
35.812	-5.4805	-0.52955	0.12133718818243
35.948	-1.8128	-5.129	-0.294297755589038
36.383	-2.5713	-5.1106	-0.4401694148867
37.161	-6.9458	-4.105	-0.931220908580204
33.48	-0.64767	-5.7709	-0.421349098380694
36.767	-7.3284	-1.2693	1.12229811788797
34.688	-1.4445	-4.5017	-0.640267608340186
35.727	-1.6297	-5.1851	0.657651022118038
27.955	2.3396	-0.87238	-0.367454653786163
33.377	-10.479	-2.644	-0.440550772305834
32.498	-1.6331	0.075498	-0.177848982459509
37.362	-2.3661	-4.0574	1.27308695387297
37.957	-5.771	-1.0749	0.163202685206884
36.775	-7.7189	-0.67347	-0.558185194492071
37.412	-4.5111	-2.4789	-0.642418525438441
36.828	-7.5118	-1.7764	-0.330185352946099
34.807	-9.2413	-0.70097	-0.42366092895997
37.16	-6.5484	-1.2193	-0.742249420887843
36.12	-6.8519	-0.23334	0.486763182376538
38.418	-4.7373	-1.7362	-0.980281682233425
33.209	-1.3065	0.58739	0.093239574895148
36.674	-2.2954	-4.338	-0.71507057340423
36.732	-2.5374	-4.5019	-0.677520109231677
37.642	-6.2693	-1.2363	-0.427711849205289
34.288	-1.2429	-5.9811	0.0706488020058307
34.357	-6.5455	-4.6842	-0.837558259338683
33.459	-6.2113	-5.0877	-0.335026576863666
34.398	-1.8175	-6.1834	-0.459311936388786
28.402	1.6858	-0.84161	-0.699449132002381
36.054	-8.1439	-2.2738	0.0529667996480288
36.711	-5.4696	-0.059321	-0.59963989515674
36.851	-6.8	-1.1773	-0.719768090014957
38.242	-5.918	-2.1091	0.191874178864081
37.137	-3.3898	-4.8805	0.678280765218979
37.779	-6.3044	-1.8107	-0.739688961199186
34.925	-1.4506	-5.7603	-0.733653630505111
36.307	-6.6518	-5.0565	-0.378097993775751
37.216	-7.7869	-1.3901	-0.174245561704495
34.201	-6.8832	-5.1613	-0.474320709922397
37.024	-5.0281	-5.0016	-0.0913672584340748
31.076	-10.596	-3.1788	0.290738841309154
37.732	-3.9914	-1.8724	-0.57453647095526
28.05	2.1178	-0.84351	0.230220653867665
29.068	1.9082	-0.13313	-0.469899126252761
38.105	-6.1144	-1.8308	-0.763157520810232
31.208	-10.341	-3.9103	0.87678521211168
37.164	-3.1932	-4.4762	-0.188590929240271
35.947	-7.6318	-0.92707	1.43686646788194
26.384	-11.718	-3.1602	-0.136822769841943
17.539	-12.176	-3.6076	0.228117323866313
27.847	-1.0006	-6.7591	-0.3508489806213
28.06	-11.31	-4.1272	-0.495985606866789
26.252	2.4373	0.2568	-0.0292968350717199
36.415	-1.8489	-3.4901	0.300644450898384
36.414	-6.6305	-0.54073	-0.802439963950637
36.926	-6.1455	-1.226	-0.234995135158366
37.013	-1.3675	-2.5758	1.29034917950982
31.516	-1.6663	-1.0651	1.645
23.685	-0.6064	0.95115	-0.60916764443961
27.546	2.3168	-0.11179	0.816425901413337
36.582	-3.2051	-5.0006	-0.617913392355005
37.103	-6.8195	-0.88503	-0.73902992211195
36.399	-7.0935	-1.8265	-0.12734745096095
35.481	-2.2084	-0.77026	-0.240500385531334
27.377	2.5778	-0.06166	0.205892605517334
29.712	-0.9678	-6.7499	-0.352063175288691
37.899	-7.3266	-2.9614	1.645
36.681	-7.6883	-1.3233	-0.525252867554092
36.539	-6.8839	-1.4043	0.195130557058948
36.927	-2.4784	-4.6331	0.778342126710185
37.289	-5.8562	-1.1742	-0.0761946405455231
36.35	-1.06	-3.5694	0.740925173827122
36.839	-2.8458	-4.6107	-0.335218649534711
34.409	-9.3628	-3.4874	1.645
21.749	-12.082	-3.1072	-0.0509331902528771
36.479	-2.3034	-4.7111	0.0947317173008458
35.35	-9.2134	-2.9742	-0.325321341677913
37.069	-7.3037	-1.1191	-0.54642626117879
37.293	-2.0806	-4.0461	0.534386657636976
37.112	-7.3561	-1.2594	-1.04620599188768
35.298	-7.0473	-0.77197	-0.00600309926457386
34.237	-8.2289	-3.8283	0.729485690500394
38.056	-5.1676	-2.5888	-0.264680128849779
35.642	-2.2581	-5.5624	-0.587942938595875
37.132	-6.4566	-0.84542	-0.407309232668833
33.381	-2.7503	-0.92077	-0.178917971493553
36.842	-7.1254	-1.1484	-0.389929387775026
36.903	-6.0825	-1.1782	-0.597446210846214
36.19	-1.7172	-3.5639	-0.65811812902233
34.92	-2.2908	-0.34357	-0.490203017548445
38.043	-4.5569	-3.3936	-0.793312402447623
35.541	-0.99494	-3.919	-0.616838206310518
37.769	-5.0176	-1.871	-0.573956443055974
35.269	-8.6907	-0.96378	-0.691587372571628
36.885	-8.2585	-1.4113	-0.58346355463536
34.961	-9.0902	-2.5955	-0.759611745607455
36.838	-3.1052	-0.58324	-0.189772340507506
27.664	-10.9	-3.9195	-0.644328741613277
23.422	-0.66444	0.89025	-0.272528729634535
29.878	1.9333	-3.6835	0.688831898933166
38.515	-5.1784	-2.2231	1.645
38.137	-5.8416	-1.5113	-0.41496666352162
37.654	-2.3191	-2.4915	0.438928523712974
35.139	-7.3104	-0.6746	-0.530150338359307
29.667	-0.36181	-6.2471	0.44351506445123
34.572	-9.5317	-2.8881	0.255413391861378
36.627	-2.2565	-4.6513	1.47352296522423
38.041	-6.1191	-1.0396	-0.368162884550223
35.898	-7.0416	-0.93679	-0.505909017663755
33.998	-7.9864	-0.16569	-0.114036633194171
35.179	-4.4275	-0.35156	-0.492215135354815
35.475	-6.9959	-0.76676	-0.501989692550731
32.07	1.4293	-2.3833	-0.12714485195879
35.045	-8.4451	-3.0206	-0.498228308446363
36.626	-6.7312	-0.7282	-0.562984331329152
28.783	-1.1034	-6.5278	-0.274406282675465
35.933	-8.4365	-1.8553	-0.214543764345681
32.506	-10.224	-2.3987	0.220780094712159
34.744	-7.6455	-4.2175	-0.0296863807577038
35.716	-8.4489	-2.1184	-0.127579369954717
31.72	-0.96702	0.3544	-0.837537207124215
36.751	-6.7733	-0.83624	-0.790177191298267
26.305	2.5123	-0.34699	-0.463669002518647
37.254	-3.0555	-4.385	-0.282473066718039
34.17	-1.3725	0.13005	-0.451200166030361
36.772	-2.0808	-3.8427	-0.277644170742879
28.764	-0.51537	-6.6424	-0.102568368026891
38.014	-5.9577	-1.8809	-0.44484611904949
34.574	-3.6874	0.49795	1.37265792396283
36.293	-1.505	-4.5643	-0.496848579842866
36.234	-7.6629	-0.97961	-0.26924630108192
34.65	-7.5723	-2.293	1.645
36.083	-8.5847	-3.8822	1.645
27.103	-1.7895	0.51807	-0.459964835652593
36.16	-3.0067	-5.1595	-0.449749527987587
33.832	-9.4165	-3.2844	-0.640813421823258
35.349	-1.7696	-4.8635	-0.283990893850445
37.166	-4.2299	-4.5378	-0.461943330604329
34.808	-9.1052	-3.57	-0.652123788283197
35.873	-6.1718	0.076158	-1.02537205785432
35.622	-2.128	-5.639	-0.771250060031857
37.437	-6.1818	-4.1612	1.57895754080292
36.152	-7.3342	-0.95071	-0.209577245420591
35.261	-1.5128	-5.0484	-0.428745942900673
33.824	-9.9319	-3.7705	1.38209676318013
35.159	-5.0452	-1.1061	-0.665347787564588
30.039	-10.6	-3.9322	-0.55473565640131
30.135	-9.1454	-4.2499	0.180741000328332
29.138	-11.188	-3.8476	-0.182453921034108
35.92	-6.9901	-0.49628	-0.413673540319662
31.224	0.17342	-5.7504	1.645
35.622	-3.6657	-1.0615	-0.304059157231587
37.487	-6.2291	-1.7669	-0.592197318883633
35.929	-8.1243	-1.4357	-0.551330402423423
33.353	-0.15211	-5.6436	1.23944795251814
34.134	-10.156	-2.7773	-0.4882616235339
35.54	-1.4891	-4.931	-0.483315502520649
34.026	-9.7903	-3.2879	-0.356687225945789
36.626	-5.7911	-1.2278	-0.252448848154053
24.178	-11.704	-3.6301	0.42324132623914
37.404	-5.4861	-1.3972	1.645
33.892	-0.68384	-5.8885	1.645
24.368	3.7988	0.25655	-0.0910452700470899
25.316	0.0397	0.96357	1.4416730688572
36.37	-2.9592	-4.9675	-0.331970545758797
36.177	-2.5183	-1.6875	-0.440945079628051
34.494	-0.21675	-1.9609	-0.440596552771688
36.989	-2.1522	-4.4694	-0.402384234601285
29.538	-10.738	-4.0519	0.987386653691574
37.198	-6.5255	-1.0386	-0.51714863159758
36.164	-7.808	-2.0116	-0.405623502003901
26.615	-11.683	-3.4185	-0.340898096219326
35.959	-8.016	-1.3819	-0.355877458143969
37.27	-6.2276	-1.1357	-0.49114090798705
36.454	-6.533	0.32032	-0.161166760013971
36.452	-2.8956	-0.53636	-0.165244309599675
33.279	-10.124	-3.4263	-0.461359365499011
26.736	2.6919	-0.6298	-0.547095737094416
37.768	-2.7583	-2.6984	0.340516096413836
35.59	-2.7801	-5.4654	-0.646930421676996
37.579	-7.1001	-2.0947	-0.785581145833921
36.093	-8.6628	-3.2445	-0.419760523158439
33.734	-9.5652	-3.4776	-0.634455125044869
38.216	-4.6273	-2.5373	-0.393734473851506
27.089	-11.553	-3.8875	-0.137757759589591
32.801	-10.494	-2.9191	-0.650956227991151
38.241	-4.5629	-4.0563	0.163760741997253
37.785	-3.759	-1.4766	-0.134946674274401
38.276	-5.2348	-2.0977	-0.509107896142862
37.742	-3.366	-3.0438	1.645
27.815	-0.57083	-6.707	-0.664429235069133
28.23	-0.50422	-6.5389	-0.356843716972567
29.63	-0.92416	-6.7941	-0.26088910453738
33.189	-2.0783	0.76822	1.645
34.078	-0.040589	-5.3448	-0.660086080910603
36.923	-2.6406	-4.693	-0.361515742211049
30.923	-10.273	-3.951	1.59374633732818
33.454	-0.75361	-5.856	-0.289528385111663
37.946	-3.4073	-2.4633	-0.403909878303309
24.271	-12.112	-3.4109	0.952694009322752
36.432	-7.4201	-0.80639	-0.783841919824113
35.365	-1.0409	-4.4356	-0.440088522806093
36.627	-4.0545	-5.0559	-0.320932307084315
36.92	-5.8143	-0.62305	1.645
36.617	-3.1258	-4.9507	1.20644205488243
35.936	-1.5523	-5.1143	-0.911823057055057
22.13	-12.369	-2.9595	1.645
35.285	-7.5377	0.066807	-0.258981833767596
34.246	-1.9271	-6.1455	-0.175830218887306
35.563	-0.78294	-4.4159	-0.424013305478191
37.246	-2.3567	-4.2847	0.0762055612602226
36.836	-2.003	-4.5542	-0.280803488035538
35.681	-7.0142	0.034118	-1.12052448316876
28.476	2.3052	-0.21928	-0.347485028718136
36.702	-4.5632	-0.72328	-0.741440777442182
35.022	-2.2931	-0.30106	1.645
36.997	-2.8596	-4.6194	-0.833202100350703
31.828	1.1086	-2.2523	1.59008011058878
35.129	-7.3311	-0.43908	-0.345672713794019
35.687	-2.4359	-5.3201	-0.106700441497293
26.988	-0.92323	0.91876	-0.68794318626228
31.846	-3.3065	-0.63738	-0.300814758425421
33.401	-1.0653	-5.7202	-0.157859100545828
36.04	-6.7814	-0.20054	0.623557020051337
34.114	-0.95412	-5.5611	0.296309142606754
36.599	-6.6278	-0.62335	-0.78364069619334
37.135	-6.6056	-1.2216	-0.888978222419862
38.176	-5.8106	-2.8118	1.20247665543218
37.58	-4.0989	-3.3811	-0.0814791832573423
35.637	-6.7245	-0.37612	-0.761812507696885
35.282	-0.54191	-4.5888	-0.130547402209923
35.082	-1.3413	-5.5522	1.645
35.866	-8.262	-4.0059	0.202991769009538
37.104	-7.4099	-0.84084	-0.459353931226516
35.513	-9.1151	-3.2543	-0.192761079450713
36.187	-7.133	-0.64214	-0.499961432809257
35.107	-0.70271	-4.7009	-0.313684112148838
37.184	-1.7013	-2.732	0.10404123838578
37.267	-6.9481	-1.9059	-0.296479259767789
32.963	-0.82231	0.13576	-0.224530555463545
35.467	-1.2018	-5.1814	-0.0891741267454557
19.144	-11.629	-3.5846	-0.48352916181191
35.444	-3.6749	-0.45329	-0.664411977142047
33.256	-0.209	-5.6186	-0.160279428024162
38.277	-5.7043	-2.5148	-0.552471998628355
35.262	-6.5396	-0.11959	-0.536911413599527
36.147	-2.2079	-4.9607	-0.369682556677778
25.063	2.6942	0.50611	1.06433810314253
35.954	-7.1833	-0.97152	0.20175464020015
31.359	1.133	-1.4757	1.645
36.883	-3.2841	-4.7561	-0.398548638732678
37.07	-3.5895	-4.5398	-0.553128594391299
29.455	1.4441	-0.33154	1.645
30.771	-10.607	-3.8479	0.742439072755136
35.249	-6.5454	-5.549	-0.623558227854972
37.709	-3.0288	-3.4199	-0.338308359782503
36.433	-4.7672	-1.4114	-0.652121197503713
27.534	-0.34665	-6.4868	-0.658304058528725
36.086	-7.7136	-1.5338	-0.289814822649885
38.056	-6.0844	-2.1369	0.58946542011799
34.733	-2.7372	-1.1845	1.20535048670746
34.09	-1.9336	-5.9096	-0.339186575532973
30.214	-10.125	-4.3742	0.658436715577028
36.733	-2.908	-4.739	-0.112203770685576
32.649	-1.5728	0.16861	-0.741355926212388
35.94	-8.616	-2.4003	1.645
38.211	-6.7695	-2.7243	1.53731517115576
34.473	-6.0424	-5.0366	-0.502024670127347
36.627	-6.1571	-0.69163	-0.364924577498714
36.064	-7.1385	-1.2273	-0.223748203793731
28.21	-11.078	-3.6007	0.960991678425469
33.526	-9.8154	-3.646	-0.324421319328702
37.809	-4.4404	-2.6843	1.645
36.294	-2.8729	-4.9081	0.675620342085738
36.932	-2.2441	-4.676	0.431690242926144
34.882	-7.8087	-4.7386	-0.0882659369810652
36.476	-7.382	-1.0621	-1.16240558913853
37.275	-3.0113	-4.2995	-0.308298688583754
37.16	-7.4515	-1.5202	-0.560737558609401
29.493	-2.0896	-0.37662	-0.474612034138634
36.008	-4.144	0.37998	-0.687129691288696
33.871	-0.68123	-5.6772	0.15813275590615
26.97	-0.27744	-6.7405	-0.475976039779788
34.878	-7.421	-4.5206	0.20232566207419
36.796	-7.0838	-1.2456	-0.981547762878941
36.362	-7.0014	-1.1047	-0.610660943245777
20.626	-11.99	-3.1838	0.554129480332746
37.31	-7.5264	-2.6178	-0.907501022978169
30.671	-0.85242	-6.8893	0.312920672354204
16.859	-12.177	-3.2421	-0.0878881177970915
36.905	-4.2578	-0.4808	1.645
35.511	-1.8353	-5.3157	0.497738183866535
21.085	3.772	0.79139	0.0885445223005472
37.367	-3.737	-1.2535	0.222432788568715
36.651	-7.5829	-1.2475	-0.686429767097432
35.014	-8.2377	-0.58041	-0.615261567502462
36.616	-6.8313	-0.47681	-0.780545475844428
36.201	-2.0957	-4.461	-0.152786400824326
36.759	-7.1446	-0.57465	-0.992435961141507
35.043	-1.2339	-5.4064	-0.593901416350386
36.334	-6.388	-0.29077	-0.89490961297666
35.239	-3.0074	-0.11223	-0.4975370320942
33.832	-8.7472	-3.3011	0.572059296715894
29.377	1.7668	-0.97623	-0.805214400570525
36.531	-6.2769	-0.45093	-0.910234715597829
35.735	-6.5504	-5.0381	0.196515911219886
36.185	-8.2947	-3.287	0.0649416831866073
30.382	1.5907	-0.49021	1.645
36.292	-7.3381	-2.103	-0.440781201839971
30.558	0.84485	-0.90212	1.08316876732964
