30.252	-10.709	-4.2735	0.0352094468737232
37.784	-3.0457	-3.1938	0.767902904526676
35.233	-1.7225	-5.4094	-0.946209456875505
36.304	-5.6636	-0.46282	-0.740148254329546
34.958	-1.4558	-5.6443	-0.453189594791003
35.711	-7.1492	-0.48083	-0.431160290272491
35.577	-2.1617	-5.7207	-1.17144921670251
30.384	-1.1125	-6.3906	0.148858579602778
35.662	-6.8765	-0.14067	0.133171740369443
37.208	-4.7836	-0.79393	0.654346257224334
35.031	-0.73919	-5.3013	-0.232448821987283
30.639	-1.4277	-6.4224	-0.385243968467048
30.396	1.5929	-2.7118	-1.04179591242059
37.36	-1.9229	-3.4248	-0.61605316222948
38.053	-4.9272	-3.8114	-0.365848028403006
25.215	3.2448	-0.1568	-0.628352472299388
37.946	-3.3618	-3.7233	-0.958784648670309
36.345	-3.4584	-0.40195	-0.866668334776554
29.468	1.8323	-1.3242	-0.607684595289893
35.221	-8.5458	-1.1697	-0.761731514430307
37.076	-4.767	-1.1442	-1.06922068467256
38.1	-6.0953	-1.2467	-0.706545574222323
37.421	-4.2265	-4.3602	0.152870112381978
37.609	-6.1563	-1.2378	0.169006393333678
29.628	1.4832	-0.091737	-1.41249505765015
30.886	-9.9839	-3.954	1.53779208364557
36.237	-7.9567	-0.56517	0.238645267799175
38.043	-6.8756	-1.8666	0.646525494212161
37.508	-3.0489	-2.1855	0.531332496478933
38.329	-4.7319	-3.6869	-0.762649173260898
34.7	-1.2137	-5.6412	0.1658382588089
38.1	-3.8544	-2.0497	-1.645
35.969	-7.2747	-0.90899	-0.839386470890928
27.088	0.10397	-6.6888	-0.479505064034835
37.973	-4.0567	-3.8317	0.195695998005557
27.649	-11.462	-3.5438	-0.00947546987639761
35.681	-8.7417	-2.8366	1.5560223798342
27.506	2.6504	-0.70193	-1.55822163977792
29.352	-10.501	-3.6657	0.244190645455516
36.904	-6.9214	-1.6942	-0.667753859336789
35.473	-9.362	-2.7353	0.946100491895487
36.27	-3.1772	-4.7845	-0.154266295776038
28.019	-0.25125	-6.6692	0.0754934590297211
33.485	-9.167	-3.831	1.645
34.236	-10.016	-2.8261	-1.23338296007277
33.449	-0.6842	-5.706	0.942488485696864
36.817	-3.992	-1.0023	-0.852850757337867
36.439	-2.5243	-2.1194	-0.833833831658196
34.364	-0.084456	-4.3062	-0.660484964648227
35.596	-0.68966	-4.4515	-0.0333212352767514
36.24	-2.3286	-1.4169	-1.1939574954547
36.865	-7.6925	-1.6333	-1.49823898585813
37.22	-6.5674	-1.1292	0.585627445614088
37.897	-4.8967	-1.5729	-0.216720419811724
35.228	-2.001	-3.9949	-0.0257632958961639
33.384	-0.71081	-6.05	-0.559997081636171
36.605	-7.0821	-2.621	0.797481069425528
34.196	-9.5363	-3.2052	0.0117949681108086
30.378	-9.9318	-4.0164	-1.00296036444937
35.451	-2.0421	-5.2604	-1.32989182568587
37.029	-6.5279	-1.0449	1.20284374230644
36.22	-7.0306	-1.8249	-0.830098077116422
35.361	-7.6139	-0.68234	-0.194842735366102
37.68	-3.1829	-3.9933	-0.52682404415158
34.157	-1.6204	0.0068926	0.0779753796246261
37.485	-7.2194	-1.5734	0.179779882980985
36.966	-5.8746	-2.2644	-0.116608529024737
36.318	-6.8931	-3.2431	-0.00278738761054918
34.278	-8.7974	-3.7387	-0.843094211039188
31.307	-10.824	-3.7747	1.645
37.731	-4.9146	-1.0312	-0.446445117797068
23.754	-11.761	-3.3614	1.645
36.647	-7.5774	-0.80506	0.24982570151227
37.798	-6.4612	-2.1662	-0.925169316854746
37.754	-3.583	-4.2792	1.645
35.975	-7.482	-0.79263	-0.849019275049177
37.505	-6.6685	-2.6847	0.989685848286211
35.53	-1.198	-4.9193	0.772819504293764
37.23	-3.1353	-2.1204	-0.366430539347176
36.382	-2.1964	-0.9519	-0.874052875188264
24.761	3.1961	0.59405	-0.821153571150489
33.85	-8.5339	-4.1833	1.5312765756405
31.588	-10.845	-3.7152	-0.624673231618533
34.348	-1.5875	-5.124	-0.686423423690712
35.855	-8.5351	-4.1011	-0.490756282452953
35.188	-7.5203	-0.50527	0.0895957367675629
29.408	-0.87213	-6.5897	-1.18049513239837
29.318	-10.906	-4.083	0.544891875303396
36.734	-4.8522	-4.9762	-0.580921731412466
36.425	-0.63911	-3.5397	0.0235652193625544
35.68	-4.0853	-5.459	0.0597150666518187
37.21	-7.0648	-0.9211	-1.21411645015627
35.97	-1.7404	-1.3486	0.879392862259778
36.73	-2.8421	-4.3338	-0.0733994261663732
35.127	-8.9068	-3.2601	1.15191508815579
34.516	-1.442	0.39769	-0.0777395850784587
26.621	-0.41676	-6.7491	-0.798001007401998
33.447	-0.099584	0.24688	-0.845054116491192
35.417	-9.3933	-3.2228	1.645
37.061	-6.5184	-1.2337	1.0859685101262
36.761	-4.0431	-2.5386	1.47158226954734
36.51	-6.2637	-0.54518	-0.149317558049992
36.466	-7.3544	-0.70317	-0.395510865436551
28.861	-2.2487	0.5869	-0.975802266479314
37.211	-6.4572	-0.88182	0.0165023212482688
37.444	-6.7964	-3.6172	0.664272237823091
36.601	-7.2495	-1.0362	-0.269726953510502
27.931	-0.28496	-6.5634	-0.477154870801404
31.618	-10.13	-4.2517	1.645
36.223	-7.4272	-1.0084	-0.134925657139531
29.629	-10.882	-3.5421	1.43922175240314
29.947	-10.855	-3.69	0.0284283170546835
37.298	-6.2867	-4.72	0.82023958269963
38.155	-4.6891	-2.4946	-0.390875986155811
29.457	-8.1844	-4.6495	1.20292601671031
37.961	-6.4367	-2.1714	-0.00981891742584776
24.995	-12.011	-3.4335	1.38272210294834
37.283	-5.6156	0.019012	-0.328250658543493
36.059	-5.4499	-1.2052	0.350220421408671
27.944	-0.12737	-6.92	-0.696350033806568
33.895	-8.0079	0.42918	0.893694131555583
34.547	-9.2514	-3.6529	0.869071305108831
27.474	2.3031	-0.87242	-1.4911944013867
36.897	-3.6054	-4.7352	-1.1245147464772
34.858	-0.90232	-5.1763	0.116840936294724
27.282	1.8772	0.36123	-1.31801955473843
26.937	-11.434	-4.0353	1.645
34.051	-7.057	-4.9855	0.42244579876077
36.385	-6.6891	-0.91737	-0.552850966160079
36.707	-6.8401	-1.3848	-1.02038874224779
36.43	-6.2279	-0.72841	0.696182225671025
37.485	-6.1472	-1.8209	-1.19789816106483
37.336	-4.2892	-1.3951	0.00683486043314033
36.534	-2.8847	-3.859	-0.471669741943172
36.765	-2.6537	-0.90358	-0.672383010443085
38.365	-5.7093	-3.163	1.61815341300711
26.795	-1.38	0.76789	-1.20963851492075
37.736	-7.0645	-2.0451	-0.447229647818764
27.947	-11.622	-3.3485	1.645
29.441	-2.4441	0.42788	-0.782032671111168
34.545	-0.57259	-5.36	0.446249033753249
37.192	-7.2199	-0.97104	-0.784338058137491
35.643	-1.0173	-4.7475	1.38099659986603
29.467	-10.775	-3.9691	1.52123958853541
36.573	-8.3132	-1.1099	0.267509270734018
36.38	-6.6055	-0.06572	-1.05985490102976
36.872	-7.3054	-1.1125	0.706719590024042
31.012	0.82625	-1.0063	-0.0384610323441669
33.073	-10.383	-3.0347	0.0578481417454552
33.721	-9.813	-3.1666	0.0963352921373298
36.514	-2.8311	-4.6458	0.35048980954844
26.728	-2.4993	0.37058	-0.801527436634598
35.137	-7.474	-0.47603	-0.627388347059854
33.092	-2.3509	-0.10809	-0.307921781084252
30.162	1.0924	-0.59141	-0.759640540284334
35.653	-8.8056	-2.0148	1.645
37.55	-2.3992	-4.0514	0.615830128735054
28.167	2.2203	-0.26485	-0.872646657387049
37.262	-7.6743	-2.5575	0.187414185009801
28.68	-0.5989	-6.5866	-0.759235573426077
36.82	-6.8749	-0.3813	-0.670637629316865
37.969	-4.1044	-3.9668	-0.510387958450172
27.04	-0.27364	-6.8262	0.0508658782901594
35.876	-2.8084	-4.9303	-0.101894558940095
36.613	-7.1136	-0.79163	-1.28515819667414
29.461	-1.419	0.7187	-0.665351375357469
33.343	-10.105	-3.3928	-0.00283225583254444
35.407	-6.9301	-1.0617	0.876805011768279
36.67	-6.252	-0.26205	0.64698461507601
36.115	-6.9508	-0.31193	-0.542922589319594
30.193	1.2549	-0.92182	-0.799148352154637
36.741	-6.2321	-0.25214	0.64353429740571
35.394	-6.7244	-4.8998	-0.347338568078362
35.901	-7.5783	-1.5121	0.545223002499775
36.212	-2.8864	-4.4424	-0.376361864998333
36.519	-6.8297	-1.8835	0.977929266662253
36.757	-4.3829	-1.9128	0.0968707335402234
37.299	-4.6356	-4.2258	1.645
36.961	-6.9266	-1.1732	-1.16955398682313
35.464	-9.2253	-3.2972	-0.0791304468331082
35.372	-7.55	0.094466	-0.5257704975391
37.434	-3.8318	-1.858	0.162923766025712
37.432	-2.5769	-3.2596	-0.179648232911371
35.832	-1.7551	-5.3572	-0.35627074498634
34.841	-1.1825	-5.6789	0.36714443942831
35.748	-1.2876	-4.9432	-1.41364456050068
37.279	-7.3662	-1.4602	-0.961979781978119
33.607	-1.7542	0.66326	-0.946033440034161
36.366	-7.7739	-1.273	1.29097874407908
29.524	1.8227	-0.21233	-0.866001725343124
24.281	-0.95431	1.6062	1.12487960236822
37.71	-3.7762	-3.6003	1.10505812348809
37.127	-6.706	-1.4274	-0.504450111483485
37.568	-3.1113	-4.1591	-1.00278938250576
36.105	-7.3621	-0.27467	0.429314275877991
36.68	-3.1089	-0.80076	-1.645
37.185	-5.435	-1.2468	-0.454142168906005
35.352	-7.529	-3.7597	0.0402219316757904
37.144	-2.5994	-2.8073	-0.31712848935931
36.629	-7.321	-0.79914	-0.131601267662762
29.709	-1.2098	-6.7267	-0.260700991728023
28.639	-1.7463	0.11451	-0.5548600774653
33.884	-9.4559	-2.2002	-1.40683088089833
29.769	-1.6298	0.65782	-1.26114014396475
37.081	-2.2684	-3.7777	0.452198276792063
36.206	-7.2978	-1.6692	0.170699217429305
25.402	-11.378	-4.1255	0.191929685561558
37.885	-6.1483	-4.0581	-0.760851791397435
31.038	-10.399	-3.8462	0.479260194391656
36.67	-6.0862	-0.60603	0.570046265362656
34.412	-0.72442	-5.3799	-0.507797168067956
29.81	-10.35	-3.8864	1.645
33.106	-8.9881	-4.6548	1.645
29.473	-0.48085	-6.5681	0.228173274196884
35.74	-1.5646	-5.2828	-1.46933287228526
37.574	-2.8168	-1.8882	-0.295996767404858
32.89	0.72047	-2.1587	-0.088126030931965
36.778	-6.6332	-1.1096	-0.375969616344744
37.034	-3.681	-5.0419	1.01876409875459
27.479	-1.1421	0.8687	0.651635086473079
35.114	-8.5241	-4.0748	-0.86165756504234
35.997	-3.0534	-4.6892	-0.0875340587073816
36.301	-1.469	-4.8456	0.134855856352991
33.033	0.14127	-0.89016	0.269594279823718
35.769	-1.0613	-4.7791	-0.0180887070790531
24.668	-11.654	-3.2159	0.948135799206082
28.566	2.1575	-0.46418	-0.906579220175128
18.476	-11.922	-3.6567	1.645
31.902	-10.188	-3.1425	-0.539970219121203
35.592	-6.7005	-0.93449	1.47881463820468
34.055	0.053927	-3.4849	-1.53133703688575
29.642	-1.2463	-6.7948	-0.0357216558803036
37.359	-2.1066	-3.8716	-0.134934162950965
28.656	-0.89458	-6.9293	-0.937300988916045
37.672	-6.7785	-0.78609	-0.0533188904540606
35.668	-7.5501	-1.0858	-0.221538805484918
36.261	-6.8152	-1.5389	1.36182947873824
36.834	-6.7319	-1.2722	1.42100376392857
36.996	-7.5969	-1.0678	-1.5909407721996
30.542	-6.0829	-5.3952	-1.06087646638804
35.304	-0.72865	-1.7241	-0.774783316901479
32.167	-10.434	-3.3169	-0.264964421517316
37.241	-6.6798	-1.5083	0.665478444469806
37.692	-3.8642	-3.9815	0.389308759183702
36.295	-7.3641	-1.1927	-0.992775176667878
36.177	-1.3727	-4.7834	-1.28833594613427
35.221	-1.4667	-5.6054	0.0805466753574598
36.195	-3.0407	-2.149	-1.12108943050587
20.821	-12.156	-3.2601	0.155711240221255
28.31	-11.059	-4.4058	1.645
37.112	-7.4161	-1.9881	-1.421633394958
35.304	-6.792	-4.5462	1.4566785326441
31.554	1.5166	-0.70294	-0.111923768169176
35.332	-3.4379	0.25797	-0.677799905001494
33.492	-9.8817	-3.9009	0.0684408763406945
37.411	-6.3305	-1.4893	-0.724908504641938
35.78	-6.7263	-1.6317	-0.161765159592991
33.448	-0.77411	0.15523	-0.382630205564737
35.375	-5.2242	-0.81239	-0.242944620468654
33.301	-0.8584	-6.2191	-1.12334255558394
33.996	-0.50546	-3.2843	0.349821045455731
36.135	-7.0239	-0.50614	0.860794093640608
35.965	-2.0548	-5.2201	-0.362511389308773
36.394	-6.1789	-1.2919	-0.692648717014165
37.406	-4.8724	-2.8986	-0.997619817008386
36.04	-7.8278	-3.3901	0.847558564453398
36.003	-7.4847	-0.98669	1.56136326741528
37.505	-3.3844	-3.665	0.252026049332824
38.095	-4.4114	-3.0289	-0.613540205872822
28.845	-0.3391	-6.3215	1.5968269521171
31.873	1.1603	-1.4668	-0.551738734478942
37.224	-5.958	-1.089	0.815801786311071
37.745	-6.0125	-2.6235	1.39848112280248
32.761	-10.279	-3.5803	0.802010869352456
35.146	-6.8688	-1.1453	-0.147044087961855
22.237	-11.81	-3.5527	-0.108701342315493
36.309	-1.0166	-2.6914	-1.15776854802237
32.789	-9.4975	-3.0511	-0.122471904580289
38.051	-7.0224	-2.7249	0.477010193924656
37.117	-7.0294	-1.3152	-1.18687192112479
29.757	-0.67542	-6.5392	-1.025800046409
37.809	-6.3381	-1.42	-0.05283219210456
37.268	-4.9914	-0.25184	-0.620904745637968
37.709	-3.5095	-2.5169	0.447507463931545
29.359	-1.6151	0.50232	-1.08330339843153
35.72	-8.5251	-3.5035	0.602038799424028
35.965	-1.3746	-5.0021	0.503639280886424
36.316	-4.3292	-0.2157	-0.702870096715343
32.677	-8.7274	-4.1685	1.645
38.36	-5.3256	-2.9136	-0.258343594684675
36.221	-7.3412	-4.4751	-0.428179930613028
34.415	-6.8325	0.075148	0.907663163427785
28.368	-0.59665	-6.7559	0.244968200707232
36.759	-3.5836	-0.81804	-0.365939367777533
34.095	-9.7839	-3.228	-0.900430016054024
37.368	-6.4768	-2.9922	-0.400175581551713
37.332	-7.2515	-3.8961	0.0863516107541962
35.258	-5.3219	-5.4431	-0.336956823368127
36.321	-3.9637	-0.27042	-0.458648901235827
36.03	-6.7396	-2.2656	-0.128819482607271
36.297	-6.6218	-1.3064	-0.0669346693040942
36.623	-2.2417	-4.4946	0.871593357825723
30.035	-10.734	-3.8263	-0.456221298040087
36.66	-6.6386	-0.37036	-1.46612966321909
21.515	-0.27706	1.74	-0.746398286963275
33.103	-10.306	-3.7632	-0.111150952929588
36.952	-8.0395	-3.7747	1.10571663052316
22.571	-0.57713	1.5151	-0.168683619443148
37.393	-3.4946	-4.3244	-0.514041887674556
29.076	-11.036	-4.0158	0.967793563421874
27.77	-11.555	-3.6482	0.387771338026236
37.578	-3.8494	-4.4812	-0.523620187739403
37.42	-3.8425	-1.2864	1.58747159744164
26.936	-1.6129	1.3973	-0.62364672894348
36.112	-7.3194	-0.71772	-1.28875479877568
35.791	-7.0583	-0.31701	-0.444503906403051
30.4	-10.876	-4.4696	0.866098626757526
35.159	-1.6508	-5.7185	-1.06832560551097
36.861	-1.5517	-4.234	-1.37369973753552
26.877	2.3493	0.26303	0.336275748350671
20.474	-12.495	-3.206	0.303437801550981
27.177	-2.3797	0.14023	-1.14766101349841
37.496	-2.3662	-2.2257	0.119953726557296
34.893	-8.2576	-0.2879	1.645
26.716	-11.636	-3.9302	1.645
34.889	-7.5416	-4.5362	1.42822728862666
36.442	-8.308	-1.1302	-0.312847506337218
35.773	-7.8802	-0.81617	0.281958939110475
37.317	-6.8573	-3.3818	0.208530983210493
36.102	-3.0749	-5.1304	0.622419014680979
37.105	-2.5589	-3.5756	-0.525793832503401
25.809	-11.625	-3.7767	0.909646254967863
31.857	1.6245	-3.1076	0.233167995552773
26.788	-1.3344	0.7076	-0.595190723701198
37.049	-6.6954	-1.5441	-0.649237196201192
30.72	1.4517	-0.34053	-0.687478630596599
27.045	2.3681	0.63953	0.60566767753046
20.617	-0.3175	1.6639	-0.165360753306712
37.887	-5.396	-1.5637	0.473249722777334
37.858	-5.3791	-3.9756	-0.256818690190061
37.652	-4.4151	-4.0434	-0.14481836515789
29.685	-10.994	-2.7076	1.16378952669215
33.751	-10.254	-2.9882	1.02774605336617
33.908	-0.57427	-1.1263	-0.687995670186991
36.426	-7.9875	-4.213	0.292501568718483
33.919	-7.0507	-5.0645	-0.414780271503757
37.54	-3.8517	-4.3804	-0.454020017336938
35.577	-1.6453	-5.4049	0.764671441603875
38.032	-3.8433	-2.5224	-0.895390554256661
26.259	-0.18253	-7.0548	-0.157923263020288
35.993	-7.0808	-1.3785	-0.699257543844141
34.187	-1.4715	-5.6999	-0.687509694509657
38.371	-4.863	-2.051	0.233551087681817
36.918	-7.5758	-1.5006	-1.0736653322629
36.473	-1.6404	-4.767	-0.803935246579157
28.657	-0.49517	-6.6234	-0.456966031941431
36.394	-7.593	-0.62675	-1.07767829136065
36.478	-7.1979	-2.0881	-0.185421231475916
35.184	-9.2901	-3.1965	1.645
33.753	-9.4761	-3.5559	1.41418119803193
38.074	-4.3028	-2.4632	1.39523268796637
36.292	-2.6554	-4.4174	-0.400477635443606
37.272	-6.8375	-1.1314	-1.57526490159916
33.715	-9.6432	-2.123	1.38185189243824
35.237	-0.69076	-4.8874	1.0477014775758
24.414	-12.142	-3.2013	1.645
37.569	-6.5148	-1.4642	0.669012729871768
36.96	-6.9343	-1.0159	0.608470358100983
37.294	-1.9809	-3.4145	1.645
37.737	-6.611	-1.2513	-0.14761440895417
37.08	-2.6979	-1.4846	-0.529881943545363
37.508	-7.0244	-1.8393	-0.276116835640084
37.038	-4.3294	-1.0892	0.787510365988729
34.492	-7.3364	0.24994	-0.589437596498275
27.619	-11.723	-3.0238	1.645
37.109	-7.0105	-0.90472	-0.131334987158557
33.954	-0.85081	-5.874	0.0462105612699929
25.499	-1.9116	0.89186	-0.607534043917022
33.203	-10.02	-3.7952	0.64371334790507
36.949	-4.5689	-2.2549	-0.222487902089343
38.43	-6.1105	-2.4777	-0.291706097174284
36.281	-7.2612	-1.4428	-0.711592891923724
36.205	-2.6511	-0.80731	-0.563831261213099
31.294	-7.8077	-4.7166	0.047040676417343
28.036	-0.32208	-6.6729	-0.572424071723401
37.033	-2.5461	-1.0928	-0.163227692973375
33.627	-10.262	-3.7998	-0.714235621459908
28.89	2.0927	-0.92713	-0.643716256062768
36.811	-6.4165	0.35144	-0.0732401224567326
37.011	-5.9559	-0.4383	-0.740788886856113
38.201	-3.9247	-2.182	-0.675923786866159
36.854	-3.5895	-4.6313	-0.945125642113708
37.373	-6.9962	-0.69014	-0.869864959827974
38.149	-5.5533	-1.2842	-1.61921669900595
36.144	-2.2189	-1.1147	-0.927441180046794
35.14	-0.37334	-2.7565	-0.789632035793688
36.902	-7.0363	-0.65284	-0.314593525942435
36.446	-6.3734	-4.8093	1.34325824252208
36.044	-8.7182	-2.4083	-1.35739471051939
34.719	-9.8405	-3.3063	0.96368224487678
36.437	-3.6993	-4.3082	-0.425099506160512
34.532	-1.6199	-5.9276	-1.645
24.371	-1.4143	1.2245	-0.713969288376317
27.162	-11.286	-4.1317	-0.795776021707033
35.233	-8.8871	-3.1131	1.645
34.886	-6.2481	-5.5571	-0.198276582936606
34.45	-9.2067	-3.1109	0.629039434565223
35.822	-6.391	-2.1782	-1.645
35.733	-1.9219	-0.14499	-0.505450988969049
35.874	-8.6177	-1.8043	0.669859156073229
34.192	-8.3314	-3.5638	-0.645306196120562
37.948	-6.3604	-1.6608	-0.53933172488932
35.228	-8.4952	-3.2171	-0.144921643982188
34.806	-6.9562	-0.62806	-0.148283440144106
26.345	-1.1055	0.5634	-0.360920904165924
25.296	-0.72466	1.6146	-0.627899919048768
37.422	-3.4628	-2.3274	-0.102185954551557
28.048	-11.488	-4.1721	0.452512474103049
37.105	-3.6061	-4.5524	-0.827934376405054
36.419	-6.6899	-0.5559	0.699956302449951
35.34	-2.5809	-4.242	1.645
33.407	-9.7397	-3.9947	0.266881261003755
32.896	-9.6574	-3.1526	-0.479385083663261
36.359	-7.4549	-1.0004	0.0122609731012833
35.12	-1.2742	-2.8903	1.10998890588516
37.498	-3.5547	-4.4466	0.0764564987440637
36.054	-7.6498	-0.76852	0.618422508105087
37.167	-6.6659	-1.13	-0.900908076727875
37.129	-4.2692	-2.0975	0.43921216366007
36.978	-1.6567	-1.9199	-0.0164444644467882
29.606	1.5715	-0.54431	-1.4785579457109
33.643	-1.3637	-2.5897	-0.748087610606572
34.789	-7.3388	-0.54573	1.58632407131643
28.725	1.7036	-0.72164	-0.978548616597165
24.712	2.8802	0.58317	-0.589704802207308
36.593	-5.8661	-0.6886	-0.914834424891237
36.284	-1.8405	-5.0251	-1.37037031436267
29.893	-1.3723	-6.5831	0.186262864834684
36.546	-7.4554	-1.1895	-1.18923920024606
35.946	-6.5489	-1.2203	-0.954269498280155
36.537	-6.8783	-1.0337	-0.609965583709924
20.317	-12.541	-3.2969	-0.873550014728275
34.361	-1.276	-5.9627	0.801538903739172
37.923	-3.705	-3.5402	-0.710040854225837
37.259	-3.0075	-4.4835	0.530441144482608
37.096	-3.0514	-4.6541	1.645
34.849	-9.695	-3.414	0.147076968686517
38.398	-5.8134	-1.1318	0.393988584737933
24.003	0.13853	1.4663	-0.507527320390078
37.122	-3.4666	-4.8168	-0.128664840995165
36.732	-7.2218	-0.73825	0.200661037594297
33.778	-8.1256	-0.58235	-1.14777640211509
31.849	-10.422	-3.1593	0.0254970971823492
37.14	-3.9296	-2.3872	-0.420095293137077
36.72	-6.1892	-0.64828	0.93236978299627
36.229	-7.0194	-0.57746	0.0123178661371649
31.782	-10.612	-2.5976	-0.688462465341403
33.339	-3.0923	-1.8954	1.645
31.845	1.0033	-1.1008	-0.161948156955488
34.623	-7.9058	-0.21977	0.0322816507956425
36.82	-6.9642	-1.231	-0.846209669700325
38.141	-4.2786	-2.7783	0.025226310649361
36.231	-6.2373	-5.1256	-0.135869325991255
36.289	-2.5821	-5.4333	-0.953377232791004
37.38	-3.0814	-1.6637	-0.923634532623244
35.425	-1.3523	-5.359	0.63965753517063
35.754	-8.7903	-3.0805	1.645
36.588	-2.8971	-0.65573	0.0653094545534944
28.461	0.98628	0.17033	-0.254125274863452
36.185	-1.9151	-5.1717	0.506206276722921
36.577	-3.213	-5.146	-1.645
36.786	-8.3038	-2.0017	0.878558790939333
37.997	-4.8692	-1.9471	-0.476189287658811
37.103	-6.7509	-1.4273	1.645
38.09	-4.6696	-3.7878	1.645
25.277	-1.3055	1.488	-0.707040387111656
36.099	-2.2894	-4.5739	-0.093073680145994
31.698	-1.481	-6.3148	0.663634395606936
37.265	-6.8089	-1.3866	1.645
32.951	-2.1329	0.73755	-1.25237283457282
35.127	-9.5065	-3.6642	0.920337623280809
36.16	-6.4134	-0.87063	-0.369185569643149
37.729	-4.9993	-4.3855	0.34419739499654
32.13	-10.432	-3.3767	0.0253376584032903
37.573	-3.3045	-2.1576	1.40256297235265
37.755	-3.5724	-3.9847	0.0740240283230132
37.348	-6.6439	-1.5268	1.09909237114583
37.925	-7.2268	-2.1791	1.00875461010778
36.177	-1.8567	-5.0243	-0.25596219730207
37.795	-6.7263	-1.3088	0.810359129819824
31.65	0.84958	-1.5053	-0.075570710179698
36.07	-7.6448	-1.1824	1.41496027842484
22.184	-12.39	-2.6067	0.415252675655441
30.247	-10.532	-3.9948	-0.0772379783918631
37.393	-6.592	-1.4972	0.368666456750655
37.554	-2.4907	-3.7862	-0.66422402639993
37.201	-7.6178	-1.6684	1.30752017380216
30.283	-1.7556	-6.5862	0.926930508837135
25.356	-12.145	-2.9767	0.442891813761609
35.172	-5.0249	-0.59907	-1.16787339439263
37.305	-7.1596	-1.4898	-0.284869184906236
35.947	-3.498	-4.6138	-0.500486530731222
33.207	-10.28	-2.8261	-0.240285374164125
28.016	2.2856	-0.45016	-0.478841534599942
22.195	-0.52443	1.9394	-0.142387361649673
35.802	-9.2502	-3.1529	1.645
36.956	-7.4289	-1.0991	-1.35241579024967
38.171	-4.4907	-2.327	0.165605386351103
36.092	-7.0394	-3.7643	1.645
26.98	-11.301	-3.1408	-0.685914839228874
35.669	-5.378	-5.4118	-1.24956928791824
34.864	-0.4048	-2.0771	0.232548387225036
36.613	-7.0288	-0.34779	-0.598990379187188
31.329	-9.8618	-4.0712	0.356298607793232
36.769	-3.844	-5.1959	-0.870713644928868
30.827	-10.451	-4.0079	0.819921625859041
37.061	-7.7577	-3.156	1.05202262184236
34.483	-1.1037	-5.7561	-1.21143215666969
35.73	-7.9709	-0.66978	0.791919754118063
26.612	-11.577	-3.6266	0.967277541977857
36.745	-7.1831	-2.3689	-0.432412012711179
31.359	1.2267	-0.79001	-0.902393412786857
34.084	-5.1555	-0.37926	1.33127422932375
38.29	-5.6387	-2.4153	1.55945548349102
22.106	0.18732	1.8667	-0.984350853731556
35.735	-6.692	-0.29731	0.65596164723843
17.095	-12.321	-2.8753	1.645
36.501	-6.4825	-0.69156	-0.392596315419378
26.577	2.4753	-0.54886	-0.49512497100685
37.219	-2.0424	-2.5208	0.402952371776249
36.172	-0.92643	-4.2247	-0.374567605794436
37.095	-4.2397	-4.9509	0.822665617203246
33.674	-1.1195	0.1615	-0.116279696880937
36.517	-7.0275	-0.29672	-1.3902243364231
31.972	-10.291	-4.3015	-0.706851911730061
37.138	-4.5323	-4.5154	0.121641216017708
32.883	-8.6579	-4.8132	1.645
33.946	0.48495	-2.0193	-0.840700317977793
33.226	-8.1007	-3.0252	0.367739992423654
36.037	-8.4397	-2.6454	0.958523642625391
32.196	-1.6907	0.61627	-0.159799427970148
27.763	-0.19828	-6.7383	-0.831626854066682
36.339	-6.8364	-0.98471	-0.270922375616125
32.65	-0.74971	-6.2361	-1.0826468351158
36.261	-2.6379	-4.6789	-1.03476765353978
35.636	-9.2272	-3.3149	1.645
37.07	-2.1273	-3.4271	0.56687104522833
36.04	-8.1498	-3.5092	0.148050206327758
37.255	-6.7602	-0.97143	-1.06597953270691
33.652	-9.6058	-2.9365	0.303201098689696
35.983	-8.1255	-2.4158	1.645
34.944	-8.9841	-4.1297	1.04013459173263
33.04	0.80558	-4.2231	0.364363270212702
37.059	-7.1464	-0.47755	-1.28476076676096
35.629	-9.285	-3.1762	1.645
37.101	-2.5892	-4.5559	1.28372347020098
33.365	0.518	-1.5642	-0.658419889512308
37.799	-3.4383	-3.9197	-0.200553376694187
37.502	-6.2755	-1.1577	-1.06599872915036
37.352	-7.3788	-1.6396	0.21453054393369
34.537	-0.89781	-0.21511	0.701701273918175
34.933	-9.2861	-1.8374	-0.619135335154384
34.882	-6.9392	-0.59267	-0.312689640699718
28.051	-11.463	-3.9954	0.769516464542234
38.583	-5.346	-2.3082	-0.0695221687698531
35.765	-2.3939	-5.2168	-0.829846362233786
35.587	-2.51	-0.4416	-1.39303462663482
37.18	-7.2877	-2.0295	1.53878074560682
36.955	-6.6936	-0.62468	0.515927127262324
33.145	0.72644	-3.0346	-1.00377134572816
36.358	-1.9963	-3.3979	-0.918316722254939
35.264	-7.1588	-0.50919	-0.773192558402292
34.658	-0.62976	-5.3143	-0.666875204613697
36.36	-2.2355	-0.98092	1.36812234909402
36.834	-7.6649	-2.6837	-0.869650714490153
21.132	-1.0722	1.3773	-0.63781107362873
13.152	-11.939	-3.2046	1.0580032624923
36.426	-6.7145	-0.56541	0.219022615398588
36.807	-6.8513	-1.4331	-0.168200881111588
36.444	-7.3508	-0.80357	-0.155498295587146
35.638	-1.1759	-3.9446	0.266647793416162
27.737	-11.284	-3.2202	-0.907845516689999
36.113	-7.5229	-1.1566	-1.00112576097398
34.689	-0.28268	-3.6521	-0.231009747418484
37.379	-3.6702	-0.92475	-0.769624572814475
38.099	-4.1749	-2.0066	-0.805553689446615
38.276	-3.9029	-2.2387	0.044771817189089
35.502	-5.9782	-1.6541	-0.710308199027006
36.584	-6.9242	-0.77023	-1.12226751473668
35.672	-1.7917	-5.3377	-1.645
36.752	-3.5477	-2.6273	-0.561546755755571
34.205	-9.6351	-2.6179	-0.881686060879069
36.673	-7.7313	-1.7312	-0.743448761114016
34.93	-7.4385	0.28604	-0.159200462305582
36.492	-7.1408	-1.0361	-0.0169464723639372
37.788	-4.174	-1.7582	-0.296481398229509
36.965	-3.0487	-1.9398	-0.552661860047214
38.23	-4.9132	-3.4835	0.241788048003919
36.663	-3.1631	-0.3802	-0.534427868658514
33.099	0.055081	-5.2592	-0.608033376695355
31.239	-10.563	-3.4322	1.47120470424905
35.881	-1.4853	-5.1216	-0.71187447558611
33.57	-8.7984	-2.8098	-0.473860163275947
37.128	-7.3755	-1.516	0.70216757452418
33.552	-9.7298	-1.7604	-0.515134168459703
35.169	-9.4052	-2.0994	-0.152601211368659
33.728	-7.5046	-4.2941	0.843168889322445
31.148	1.1191	-1.7657	-0.171830340730488
36.1	-5.7452	-0.9397	-0.0314771016833659
14.2	-12.25	-2.7913	1.645
33.449	-0.70302	-0.86649	-0.232178708736699
36.735	-2.0513	-4.5974	0.991036418158667
37.97	-6.9158	-1.8538	0.161696470108654
37.271	-6.6982	-1.6293	0.550180795784666
36.379	-3.7123	-1.4074	-0.552882309801779
24.282	-11.844	-3.4144	0.754355424547233
36.613	-3.0796	-0.94265	1.645
35.771	-6.6465	-1.0204	0.34700866208712
29.6	1.593	-1.8446	0.00965446647965456
37.883	-2.6633	-2.9858	-0.283721687707223
31.258	-10.897	-3.3516	1.645
28.835	-0.9672	-6.622	0.152761421905963
26.632	-11.363	-3.9523	0.646036537510095
34.045	-9.3825	-2.7884	1.645
36.668	-5.7643	-0.36006	-0.301896177310148
33.156	0.051677	-0.95287	-1.63026077781775
33.764	-0.71277	-5.7633	-1.645
35.295	-7.3557	-2.6164	-0.199908325239433
34.803	-7.3818	-0.18694	1.59310969938001
34.462	-9.6263	-2.7398	1.36421309350366
35.186	-7.3743	-0.73991	0.756231130645832
36.568	-6.7341	-0.43936	-0.548257566211129
37.311	-7.1319	-2.484	-0.236471417563409
24.603	3.0977	0.72789	-0.833942178337435
30.903	0.73487	-0.78254	-1.18563360029686
36.998	-6.8792	-0.55387	-1.1152844969648
33.493	-0.10664	-5.5756	-0.827572783424914
38.411	-5.9434	-2.5654	-1.03196534883469
23.875	-11.581	-3.7265	0.222888916531554
31.882	0.099737	0.85538	-0.373104396229551
31.935	-9.6442	-3.1092	1.645
26.959	-11.641	-3.4896	0.983312930275266
27.536	2.4938	-0.31686	-0.256430420691123
37.244	-6.5933	-1.2809	-1.3088526126795
29.127	1.8274	-0.60295	-1.15945375818065
37.126	-1.7498	-4.0023	0.107167981873081
37.964	-6.7002	-1.5893	1.09471202477229
29.648	-0.84476	0.71673	-0.385237718719016
37.316	-6.1483	-0.43037	-0.445560130092447
37.077	-7.9142	-1.4075	1.645
33.288	-0.28058	-5.9272	0.22517911713788
35.647	-8.0758	-4.3618	0.124953847890765
36.307	-7.1819	-0.72469	-0.774389800655783
37.012	-7.3768	-2.6185	-1.13787691170795
29.6	-10.915	-3.8914	1.645
37.241	-3.7254	-1.2785	-0.199729324702041
36.381	-6.3235	-0.97449	-0.721577275571737
38.228	-5.9979	-2.4075	-1.23688215574803
29.683	2.3099	-1.5653	-0.350018238239081
36.092	-3.3609	-0.37577	0.29898518416965
36.459	-2.2777	-4.9212	-0.534397185841175
26.628	-11.465	-3.5706	1.3189429562211
37.597	-4.7139	-4.268	-0.651621860891201
37.638	-2.9456	-1.7393	0.13451718209812
36.825	-5.2081	-2.5948	-0.467081254549789
37.001	-3.1956	-1.9825	-0.88953436793393
35.376	-7.6203	-0.86273	0.87609380952273
29.737	-10.997	-3.7093	1.13838569455584
36.646	-6.9621	-4.4572	1.645
35.599	-6.7579	-0.15719	-0.447816126740015
31.82	-1.1205	-6.6025	-1.12741962314847
36.406	-3.0178	-1.5552	-0.82342682343912
33.897	-9.3231	-3.4479	1.645
32.105	-1.7627	-0.10838	-0.656141575221628
36.277	-7.249	-0.71106	-0.477883442863189
36.737	-5.862	-0.77037	-0.944815826858397
36.388	-6.8777	-0.40505	-0.472466972913928
37.261	-2.7718	-4.19	-0.254111726346165
31.621	1.471	-2.1952	-1.645
37.684	-3.9188	-3.9944	-1.06678246283949
24.924	3.2424	0.63254	0.0520250727358678
35.866	-3.3966	-1.9231	1.13948626391793
27.767	2.2237	-0.43318	-1.0527595857291
35.011	-9.3326	-3.6961	0.645637848558127
36.754	-3.0007	-4.6999	0.806677847686163
28.246	-11.364	-3.9274	1.645
28.058	-0.40419	-6.5521	-0.287946748479516
36.427	-6.7942	-0.72939	-0.488414410842192
38.176	-3.9397	-2.3623	1.04917239749053
31.848	-10.514	-3.7276	0.603507161931408
32.421	-9.9028	-3.8736	-0.615533421390302
37.445	-4.4388	-3.7318	-0.572227210793032
35.951	-1.7764	-5.2628	-0.711931118199483
35.052	-2.3438	-0.25459	-1.41012322547481
37.046	-6.6266	-1.4054	0.027066075411756
35.805	-0.27107	-3.7675	-0.00712794102640405
37.018	-2.1404	-3.4635	-1.2497486899741
29.485	-11.04	-4.0291	1.645
34.963	-0.91573	-4.2992	-0.109960828702882
35	-8.9277	-3.0689	-0.438740143500503
37.03	-6.9054	-0.89318	-0.57783845439117
36.998	-6.6701	-0.68066	0.165653488116353
28.959	-10.732	-3.9835	-0.163838316218284
28.796	2.6423	-1.0447	-0.70756785930223
35.607	-1.8209	-5.5017	-1.40019350943009
29.049	2.1374	-1.2587	0.714126225190305
36.564	-7.3469	-0.8169	-0.112525836962069
37.58	-5.6603	-2.0723	0.339533726431648
31.865	0.77388	-1.3397	-0.214888332375028
29.143	-1.0016	-6.5471	-0.314496065635733
27.258	0.22043	-6.3336	0.563561711137208
35.159	-8.7272	-4.1003	-0.277921882559627
35.815	-7.8946	-0.37288	-0.79521630861209
37.493	-3.1652	-4.0554	-0.303655236146159
36.963	-3.5361	-2.5995	-0.934231521187493
37.393	-5.8686	-0.98026	1.01943375533028
37.813	-3.2192	-2.0258	0.92151742746599
37.005	-7.4155	-1.2923	0.732017347736842
36.678	-7.6703	-1.4146	-0.293342189820696
36.409	-6.576	-1.957	0.60324358701667
36.077	-2.6253	-4.9514	-0.120997897287882
36.243	-3.5794	-0.21717	0.79158695047007
36.026	-6.626	-0.1023	1.645
36.241	-3.1487	-1.2023	-0.0713069144256788
26.151	2.5267	-0.32816	-0.357263130999639
37.961	-4.5137	-3.6152	-0.535935842125082
34.751	-2.076	-4.7894	0.599773445005632
35.408	-1.3801	-5.2085	-0.741685323587147
31.983	-8.192	0.43924	-0.83443508286171
37.348	-4.3808	-3.4643	1.13222744527906
25.224	-11.867	-3.7074	0.514521854339438
29.185	-1.0694	-6.7569	-0.412462386884473
34.119	-1.5572	-3.3554	-0.843516174528217
35.665	-1.1446	-3.4708	-0.154734103311381
37.853	-6.0901	-2.2477	-0.585044597762719
36.103	-2.9022	-4.7952	-0.938795573431125
36.835	-3.5596	-0.94827	-0.689107884781526
36.17	-7.445	-0.85062	-1.05120926606319
26.906	2.3831	-0.26394	-0.837728727518321
36.06	-7.5642	-0.4854	-0.877339166254077
37.14	-4.964	-4.1295	1.10456014068874
36.254	-2.536	-4.605	-0.699666590794002
37.401	-2.788	-4.0256	1.645
36.424	-7.281	-0.91605	-0.748280487025647
35.811	-7.1054	-0.26252	-0.188790625365745
35.131	-7.9391	-1.5386	-1.12970784446967
36.196	-2.2167	-5.2777	-0.531008526513768
35.143	-3.4181	-0.3143	-0.786170107611606
35.111	-2.7285	-5.6907	-0.140548539239743
38.008	-3.2008	-3.5752	-0.241990405551651
35.136	-0.6424	-1.0237	-0.380084835079815
35.689	-6.7757	-2.8578	0.927373392508766
29.713	-1.3836	0.57155	-0.493959545371941
30.906	-10.083	-3.4443	0.582948100206366
34.883	-4.4287	-1.5223	-0.452796794614212
38.086	-4.8205	-3.8928	1.33719062458465
37.501	-3.63	-3.2459	-1.36574717691446
35.843	-6.6108	-1.5401	-1.1828939550149
31.505	-10.677	-3.5357	-0.880488402927699
37.16	-6.6232	-0.7396	0.241793266244825
36.42	-7.2465	-0.79641	0.129721333487212
31.917	-9.7447	-4.6294	-0.168853450199336
37.031	-6.9763	-1.0374	-1.01107624979677
38.265	-5.2641	-1.6418	0.387080193857791
37.023	-7.7618	-3.0738	-0.434853367139083
35.848	-8.0086	-0.74692	-0.0967913852103391
37.359	-3.4721	-4.3656	-0.635681408803112
37.919	-4.1884	-3.3612	1.645
31.151	-10.386	-3.707	0.359536598621233
37.056	-2.086	-4.1943	0.404219281937209
38.006	-4.5622	-1.6132	-1.05316913363107
36.625	-3.1859	-5.035	0.709407098450699
22.994	0.17768	1.5887	-0.704001316838736
37.974	-3.5713	-2.2629	0.212946670428759
35.991	-7.1105	-0.27884	-0.912939339062949
34.046	-7.7115	-0.99998	-1.14974898629623
28.049	-10.987	-4.007	0.822852586709996
24.626	2.8702	0.65734	-1.02371018381796
35.883	-6.8386	-4.8344	0.375875928036679
36.537	-6.301	-1.1695	-0.862612042334878
36.684	-6.916	-0.54257	-0.63282497577646
36.131	-6.7703	-0.6249	-0.110975127128944
36.721	-7.1728	-1.6014	0.386513780824836
36.291	-3.2826	-5.4975	-0.108214840594095
37.998	-6.5588	-1.1578	-0.715376213423938
37.407	-3.279	-1.2402	-0.687175597874825
34.719	-0.76652	-0.38087	-1.04589417124586
24.667	-11.97	-3.4268	0.662531640448523
36.562	-7.8558	-2.4601	0.0982274582319892
34.523	-6.4037	-5.2684	-1.11313401272729
36.344	-2.7243	-5.0541	0.572091413247269
28.704	-1.2358	0.73461	-1.07073585059877
35.112	-8.381	-1.5627	-0.761695918399901
36.561	-8.08	-2.507	0.047507999115732
29.101	1.8205	-1.2912	-0.446184780831116
35.878	-8.1252	-1.6888	-0.458541115395664
33.057	0.84632	-2.7147	1.645
33.546	-0.34527	-5.445	-0.969239475399814
31.882	-0.57295	-5.8092	1.14387118951703
24.91	-11.954	-3.5912	1.645
38.382	-5.4187	-2.2298	0.648134466006637
35.342	-0.84757	-4.9727	1.47271530048271
34.619	-5.6944	-5.4814	-0.344669415482728
36.436	-7.5013	-0.96146	0.333209463069272
37.02	-3.3083	-1.0167	-0.636570125732266
34.806	-8.8901	-2.973	0.780599825310004
34.347	-0.98887	-5.2431	-0.0170504571177368
32.922	-10.36	-3.0592	-0.446405637414378
37.436	-2.0099	-3.387	-0.678624856007528
27.802	-0.52154	-6.6001	1.35420575056906
36.324	-7.7981	-3.4379	0.783381718188419
33.436	-1.2899	-6.2745	0.875728515147073
33.177	-9.7487	-2.9992	0.275484202614778
27.274	2.4161	-0.10539	-0.196157953419291
25.93	-1.2025	0.87789	0.711733869840203
36.272	-2.8487	-4.1937	-0.0467409993412799
37.157	-2.2965	-4.1908	-0.834860640097939
30.682	1.0168	-1.2092	-0.250174454674102
34.541	-2.8555	-1.6681	-0.789766636943769
33.291	0.40457	-1.8331	0.34326679987466
37.406	-4.0066	-3.9598	0.902595051083536
24.997	-0.66669	1.1359	-0.473433392958447
36.12	-6.4143	-1.0835	-0.111996444992507
34.659	-1.9863	-5.9829	-0.989420962235073
36.488	-7.3251	-2.3262	0.494716035868879
27.032	-11.414	-3.9168	0.496980293420301
33.231	0.16905	-5.6528	-0.00403050255118889
35.542	-6.5946	-1.1652	0.509710186506213
36.53	-7.222	-1.5122	0.32905705974356
35.769	-1.7993	-5.2612	-1.49687426363272
35.546	-8.9878	-2.0374	0.587868519411484
36.791	-7.3313	-1.4707	0.505392878317444
29.891	1.399	-0.59674	-0.633497962316957
35.835	-5.3318	-5.5868	0.876609692965758
28.257	-0.68969	-6.8239	-0.505582816630515
37.377	-6.8635	-1.8859	0.865924432531379
27.464	-11.751	-2.8039	-0.365671907287686
28.168	-0.41404	-6.7192	-1.645
37.75	-4.869	-1.3026	-0.868041067769071
35.944	-7.7459	-1.3209	-0.390719515639725
38.082	-5.3314	-2.1137	-0.83185129616833
33.007	0.29962	-0.29684	-0.207738135307117
38.541	-5.8464	-3.3132	0.130153309891527
36.802	-7.1285	-0.91854	-0.641451170432585
37.28	-2.8613	-4.4514	-0.0460440618298218
27.788	-0.7983	-6.5807	-0.906605487040046
29.504	-10.993	-3.853	-0.630494635614932
30.43	-10.246	-3.9492	0.896240153006722
35.675	-7.1694	-0.86933	-0.205297830898924
37.326	-5.6839	-4.4112	1.645
36.829	-3.054	-4.6771	-0.932050094980308
37.127	-7.6054	-3.972	-0.0141307568940819
32.465	0.75286	-1.4389	-0.976174781336084
33.046	-8.5364	-0.65937	1.24219476164018
32.73	-10.178	-2.8586	-1.18161021355641
34.579	-9.3204	-3.3467	0.850576119031759
33.708	-1.6614	0.33322	-1.06790998371529
37.264	-6.7331	-1.3042	-0.293946557151849
33.378	-9.128	-3.986	-0.56695834406559
36.682	-6.2436	-0.22291	-1.1433027404702
30.821	-10.162	-3.2975	0.746368381164667
36.51	-8.369	-3.6788	0.749534763314418
24.884	-12.03	-3.7199	1.43244244273102
35.633	-2.7754	-0.42644	0.492691672851275
36.718	-6.6751	-0.98773	-0.573162824180574
35.556	-2.9167	-0.96308	0.47913797413782
27.416	-11.642	-3.608	1.11636273761123
35.042	-7.5012	-4.9165	0.720942581076338
37.034	-2.7736	-2.7544	-0.462372002095502
37.879	-3.3745	-3.9897	-1.12310856461886
28.693	1.9418	-0.84665	0.180217691051835
36.863	-4.6665	-0.57369	-0.491459184019652
37.196	-2.9731	-1.8959	-0.622081319736234
28.874	-11.12	-4.0281	1.37132205721848
37.449	-6.7361	-1.3597	-0.600842282107261
35.503	-6.2815	0.51715	0.226189276741116
24.869	-11.715	-3.337	1.33875995852069
37.136	-6.9179	-0.88602	0.688604966108819
37.548	-3.7864	-2.5541	-0.765864184320346
36.034	-7.4432	-0.97491	-0.987706978299543
37.937	-4.7004	-4.0766	-0.514069046273548
35.013	-1.0942	-0.74452	-0.0383369042214202
37.172	-5.7699	-2.3884	0.638403928118353
37.69	-2.9721	-2.3396	-0.74453077744928
36.99	-7.0988	-1.0916	-0.230434559122523
32.325	-6.7771	-5.2843	-0.0263734340815486
36.596	-8.2474	-2.108	-0.638454611581634
34.624	-9.1756	-3.8766	1.645
36.626	-3.6918	-0.73483	1.645
36.301	-7.5684	-2.2311	-1.06642578620501
35.615	-2.2489	-4.7724	1.07199744144951
37.742	-5.3859	-2.9074	0.356874644364576
36.329	-1.779	-4.8389	-0.836279105441999
33.853	-7.9412	-4.2012	-0.355926326334535
36.495	-7.6701	-0.95526	-0.101821622858716
32.664	-10.854	-2.59	0.909264022945639
34.45	-0.82641	-5.3395	-0.525876158134279
31.683	-1.2044	1.0754	-1.11415178319043
36.139	-7.2369	-0.64364	0.442745223259454
37.14	-3.0531	-2.5682	-0.679986262554386
37.645	-3.0373	-2.7639	-0.363368558826541
33.42	-1.847	-0.09335	-1.04136774671999
25.808	2.4843	0.20229	-1.50966591503478
36.558	-3.477	-0.7264	-1.53568928009542
37.076	-2.1343	-2.4981	-1.06553804756524
37.295	-3.7665	-1.2328	-0.912869581681826
36.868	-7.3659	-3.4925	1.645
25.14	-11.017	-4.1427	-0.349946678979496
37.662	-2.5526	-3.9957	-1.645
37.251	-3.3098	-4.4526	-0.237766739503272
38.169	-4.0381	-2.3338	-0.146259898522176
32.388	-10.109	-3.1943	1.645
34.469	-3.1586	0.16337	-0.860064327887723
36.915	-7.9132	-1.4713	-0.935178138263987
28.759	-11.084	-4.2342	1.645
29.454	-1.0348	-6.7118	-0.0853008611388888
36.981	-6.4968	-1.3048	0.280729666186263
23.9	3.4724	0.17699	0.953768794902348
36.503	-3.0435	-4.7703	-0.728556074849707
31.809	-9.8667	-4.0254	-0.195186953568822
36.414	-2.6558	-5.1461	-0.372714984122603
37.586	-5.8647	-1.1041	-1.26140023122943
35.487	-7.1229	-0.32773	-1.28024035893644
27.695	2.5926	-0.75992	-1.03103794905918
36.496	-7.1131	-0.84695	1.50568201414519
36.57	-1.9504	-4.6956	-0.11103844410629
37.89	-3.3009	-2.8666	0.39611947534955
35.773	-3.3263	-5.1052	-0.84347037299116
36.89	-5.1349	-4.9182	0.747270792457162
36.339	-7.668	-3.0652	-0.879019284502402
37.425	-4.7946	-3.5831	0.494114254676615
36.89	-7.2192	-1.1222	-0.848524235345762
36.973	-4.4217	-0.99545	-0.296341526494166
18.117	-12.427	-2.7497	1.13140530433601
28.914	1.9943	-0.15523	0.194034623748214
35.884	-6.3224	-0.51641	-0.462400917662721
22.895	-11.764	-3.655	0.0376304291034644
29.674	1.9213	-1.1953	-0.728197268989877
34.349	-1.3018	-5.8695	0.383590842199906
33.373	-6.1595	-5.613	0.347409736743702
36.107	-8.3833	-3.8955	1.11379344838117
33.708	-6.1344	-5.2625	0.144570983482572
25.941	-0.49807	1.7601	-0.828198181206645
24.148	-11.976	-3.5319	-0.246051582005418
35.762	-2.4738	-4.9674	-0.419293891486175
34.387	-0.70831	-5.5504	-1.645
37.663	-3.1052	-2.6371	-0.231916972192208
37.474	-3.0541	-2.0965	-0.76367993233358
33.383	-10.034	-3.4276	0.373785421388022
28.812	1.5111	-0.18542	-0.64450169198195
36.922	-5.6457	-4.9601	0.0114027444955122
37.488	-6.6095	-1.1444	-0.606741022332134
28.073	-11.668	-3.1194	1.25460399623879
36.91	-3.242	-1.1441	-0.198407744157304
36.175	-7.537	-1.5303	0.123115564020164
36.358	-0.97953	-2.8211	-0.337271949665797
36.017	-3.9337	-0.15164	-0.187293536279154
38.576	-4.8825	-2.3728	-0.759452202130417
37.872	-5.7018	-1.026	0.855590113951668
36.697	-2.4607	-4.6981	-0.969443617996722
36.349	-7.9935	-1.5244	0.757871187365885
37.175	-3.326	-4.0231	-1.12648644829391
36.928	-3.1836	-4.6119	0.256519138980302
37.756	-7.1614	-3.4233	0.252567986801313
37.301	-2.9975	-4.1287	-1.09796563272693
30.193	1.1488	-0.66419	0.499128572031562
28.46	2.2846	-2.1237	-1.43089060103486
24.401	-1.0807	0.94528	-1.00956125241763
27.402	2.3625	-0.79184	0.0293951199191633
37.872	-6.6212	-3.506	0.316870432076789
29.53	-11.489	-3.1516	-0.440933558935692
27.857	-1.7479	0.28644	-0.524335546402902
35.484	-8.9282	-1.9391	1.5980954951481
27.673	-11.413	-4.0307	1.645
36.204	-0.51726	-2.602	-0.664173164028371
28.13	-0.42296	-6.6429	-0.125046957417753
29.047	-11.285	-3.5116	-0.000189299795711898
37.948	-3.335	-3.8358	-0.341379993563495
36.671	-6.1766	-4.2952	1.35845195449785
36.841	-6.0594	-5.141	0.287228349512601
36.965	-4.6772	-4.0313	0.412270311510021
36.056	-7.7506	-4.4819	1.645
33.524	-0.99915	-6.1235	-0.911531540889958
35.209	-2.4738	-5.3197	-0.288170415055067
27.447	-11.476	-3.9333	0.199315004874687
36.676	-4.9225	-0.54227	-0.0952950750396219
36.187	-1.3059	-1.2429	1.52500995824438
29.373	-1.8565	0.38733	-1.52311581109445
29.141	-10.738	-4.3405	-0.2567360001157
37.819	-3.8939	-4.081	-0.21615989847531
35.461	-6.7856	0.21	0.100985295115152
33.537	-8.6364	-4.1537	-0.110146404472549
35.576	-2.7145	-1.1661	-0.504522400606788
36.729	-7.5145	-3.1312	-0.635962800489495
36.088	-6.6977	-0.52185	-0.730248041493628
32.739	0.91199	-2.6954	-0.975559191494622
37.836	-4.3579	-3.3202	-0.155980193361847
36.018	-6.3323	-1.1371	0.679737860203382
37.469	-3.0494	-4.2007	0.390822350253501
35.606	-2.0846	-5.5897	0.349007148585254
35.933	-6.8829	-0.44488	-1.36883296130925
35.493	-9.2462	-3.3582	1.645
37.53	-4.251	-3.1865	0.0387047137026722
30.092	-11.065	-3.1338	1.645
32.99	-8.9546	-0.21807	1.23012522093503
37.519	-7.3869	-2.6661	-0.039953730781385
37.079	-6.2808	-0.77346	1.59049185133986
36.022	-6.828	-0.57731	-0.367024739277073
37.918	-7.0786	-3.0856	0.0922021593244956
28.343	-11.733	-3.5872	0.140275186794451
37.494	-5.8069	-1.0089	-1.645
34.273	-0.69818	-5.6839	0.131854877304877
26.188	-1.2389	0.73822	-0.23115621150957
29.477	-10.678	-4.2809	0.227372821721331
29.977	-11.456	-3.3584	0.402937717323133
36.939	-3.7073	-4.6069	-0.65623375738239
37.59	-3.4846	-3.6459	-0.222359443588843
28.11	-1.8263	0.47221	0.599379649561901
35.99	-2.0913	-5.2288	-0.07013541740483
31.074	0.26967	-6.3372	-0.964174932051235
37.27	-6.4269	-1.0324	-0.879578035252326
34.091	-7.9047	-4.067	0.526934899859813
36.52	-7.3394	-3.0192	1.645
37.4	-6.6576	-3.761	0.426443833054217
29.113	-0.98121	-6.9442	0.467188517194948
37.029	-4.7412	-3.0954	0.589181343463774
33.037	0.75239	-2.4438	-1.43412436795458
22.655	-11.631	-3.7513	0.883209059976301
37.766	-3.2181	-1.9562	-1.12443572959018
37.838	-3.7151	-3.567	-1.44514455348368
37.285	-3.4399	-4.4883	0.0275393364368539
27.184	-1.4529	0.40133	-0.609505138876346
38.26	-5.4613	-2.6107	0.719861638600387
35.989	-1.6761	-5.1643	-1.0108713105037
37.247	-5.6924	-4.4819	1.645
34.351	-9.3416	-4.3517	0.715194295301178
32.942	-10.187	-3.8424	0.956891841943503
36.258	-3.1272	-2.1291	-0.530325301781782
37.522	-6.8014	-1.605	-0.508234905409877
34.875	-7.5634	-0.67985	-0.836001438034511
36.805	-6.8704	-0.46855	-1.26417315213334
36.438	-5.6209	-1.0791	0.705388888946994
36.039	-7.5015	-0.37316	-0.727315391167789
35.992	-6.343	-0.027214	-0.669010988657094
38.018	-4.0021	-3.4175	-0.443725151300238
36.085	-8.2433	-1.0166	0.455400492092355
38.197	-3.1683	-2.8039	-1.17736917621701
37.221	-6.2661	-0.70586	-1.46789856520012
24.495	-0.80438	1.506	0.918254880469614
19.894	-12.408	-3.0023	1.53991432768887
32.857	-1.747	1.0811	-1.05235397893613
38.182	-4.7359	-4.0348	1.20391101229606
32.564	-8.7826	-4.3392	0.779757611009931
33.424	-10.297	-2.9498	1.36351902477951
37.001	-1.8216	-3.9956	0.394158313002341
32.612	-9.982	-3.3678	-1.3697969333537
26.104	2.9775	0.38525	-1.28838576973308
35.856	-6.2175	-4.9262	0.453016286974009
34.29	-0.70505	-5.4116	-1.25279454696117
35.119	-8.7121	-3.9509	0.894160203199105
32.294	1.3388	-1.5872	-0.838576606154114
26.933	2.2884	0.38868	-1.34207373838229
27.989	0.13398	0.8053	-0.68655373966273
37.348	-6.549	-3.1685	0.307343032810358
34.481	-0.83471	-4.8208	-1.11232767655272
36.976	-6.7599	-1.9741	0.335528248303118
36.879	-7.3031	-1.1171	0.689772743173111
37.988	-3.183	-3.7179	0.159219079305737
37.929	-6.679	-1.6821	-1.25942373673958
35.328	-8.9384	-1.7754	0.0712585727373767
34.271	-9.6149	-3.6763	0.0435101922820211
33.023	-9.9253	-4.2566	-0.84236952089908
36.927	-6.6277	-0.54409	0.464479552921172
37.587	-7.0356	-2.9008	-1.645
36.719	-7.5573	-3.667	-0.763135303984966
37.13	-6.6506	-0.87502	1.19418449300491
33.331	-10.091	-3.2853	-0.851709630774841
36.513	-6.807	-1.1852	-0.654416123645002
28.452	-0.64826	-6.6807	0.497841326527731
35.608	-8.7425	-3.6319	0.626811519104143
36.084	-6.9266	-1.1155	-1.45398082132026
34.803	-1.1978	-5.5854	-1.21081845123773
30.623	-10.628	-2.3359	1.645
34.746	-0.83355	-5.3832	-0.83231256261213
37.674	-6.0117	-3.9316	-0.113488008619583
35.239	-7.2057	-0.80222	-0.228493699000524
30.909	-10.532	-3.6165	0.726770675152301
34.081	-0.19025	-0.19369	1.645
36.16	-6.2388	-4.6065	-0.0388679799856213
34.061	-9.7107	-2.6267	-1.27246727852373
28.401	-0.6673	-6.6758	-0.602339061207702
34.108	-1.3907	0.43458	-1.24997229033899
36.911	-4.0324	-0.88935	-0.272636712550985
36.133	-7.4211	-1.9201	1.44674973951436
35.653	-7.9359	-0.91161	-1.645
27.563	-1.7829	0.9933	-0.388274473880606
35.686	-6.1698	-4.8122	0.117146472109515
35.599	-6.05	-5.0311	-0.519465587628288
33.647	-9.5361	-2.9473	1.56437125305658
37.439	-7.1052	-1.3532	0.719678687367834
23.069	-0.86413	1.3787	-0.599554457278128
37.717	-5.9636	-3.8253	0.324317300883951
37.26	-1.8777	-3.7953	1.20711139134942
37.331	-2.3602	-3.1346	0.659245675121649
29.747	1.7848	-0.64182	-0.882252448779016
31.26	-1.5383	-6.2118	-0.449037381982117
28.79	-0.60836	-6.4231	-0.564268503090073
28.577	-1.9917	0.59004	-0.718315024919352
36.944	-6.5048	0.15745	-0.68371468047639
27.399	1.8644	0.060854	-1.39240306000774
34.571	-8.8569	-2.5749	0.116301168286573
37.024	-6.2246	-3.3113	0.399335538256102
37.905	-5.2701	-3.6581	0.457395873075107
37.467	-3.1874	-2.2578	-1.46061694451595
35.937	-7.7764	-1.2843	-0.680461346934786
37.269	-6.4643	-1.3187	-0.300152411530538
35.22	-2.8647	-5.4605	0.547447070285466
36.327	-3.639	-5.216	0.747682724166598
37.298	-5.8161	-0.65225	0.822385627083764
37.658	-4.6228	-3.5033	1.645
33.532	-9.5404	-3.8361	-0.619620767636881
38.11	-4.4154	-1.7878	-0.445664654329964
33.965	0.34185	-2.8306	-1.16350193025911
18.681	-11.853	-3.5342	1.645
37.578	-6.9156	-1.9975	-0.467072705268277
22.178	3.5218	0.97528	-0.293590679424905
34.324	-1.491	-0.028499	-0.445411048548417
27.877	-10.224	-4.2064	-0.139350024301915
35.796	-7.3764	-0.93857	-1.1284444345136
36.21	-7.1793	-0.91817	0.0708426096000256
33.756	0.78472	-3.7174	-0.607454724236255
34.832	-1.3266	-5.3939	-0.645874600600489
36.693	-6.5135	-1.0092	-0.285828251458074
37.262	-3.681	-4.3805	-0.679772098472996
37.664	-2.5775	-2.7475	0.247782716779536
33.114	-0.44001	-5.9828	0.62878807586989
35.83	-8.0329	-0.94709	-0.903863111433529
37.168	-2.8936	-4.4433	-0.58394580132316
37.252	-3.2123	-4.5515	1.30750201485517
37.485	-6.3438	-1.5371	1.46302915064162
36.79	-1.1179	-1.9369	-0.401460349053368
36.986	-3.4192	-4.8641	-0.0914144268857038
28.187	-2.0153	0.64751	-1.22129451081481
36.115	-2.5821	-0.79798	1.645
32.441	-8.4786	-4.6004	-0.0528521274959599
32.516	-10.186	-4.2238	-0.257600189107963
34.865	-8.7229	-3.4379	1.40266558140714
37.744	-4.8284	-2.8158	1.094258665109
36.311	-6.2684	-0.71261	-0.646970477960151
37.547	-3.1049	-3.4645	0.601359367615382
38.079	-6.2421	-1.3115	-0.78008398680525
37.974	-3.6555	-3.1281	-0.820486219984103
28.696	-0.68077	-6.8741	-0.662103409153119
30.852	1.7849	-1.8279	-0.536967244583909
34.821	-6.2335	-5.3327	-0.21845004538089
14.631	-11.506	-3.6427	0.566352450572756
34.669	-0.46744	-3.1166	-1.484273425647
37.859	-5.8203	-2.0456	-0.548698140655917
36.787	-5.5935	-0.20183	0.308985238835602
36.693	-3.4679	-1.3316	-0.539970347575393
24.838	-11.328	-3.8629	0.0795181231840103
35.763	-0.51963	-3.4807	-0.375562751380704
35.201	-6.4466	-4.6978	-0.401769733632999
32.044	-10.644	-3.7583	1.20874319267224
36.194	-6.8002	-1.6144	-0.775427873729701
36.007	-6.7848	-4.2244	0.75574208127255
35.927	-7.6408	-0.39627	1.57389538432527
35.868	-8.013	-3.1225	0.568295196737895
36.808	-7.1617	-1.0805	0.497558770577798
36.946	-7.765	-1.2246	-0.803594468491471
36.325	-6.6188	-4.8643	-0.185350448286311
35.549	-6.4596	-0.15332	-0.966083305844894
30.435	-2.0178	-5.0573	0.0343735061042743
36.901	-2.8551	-4.7309	-1.36223219087572
37.149	-6.3657	-1.3475	-0.175134533067288
36.787	-3.2912	-4.7881	1.08557819852272
37.496	-2.7345	-3.0657	0.352363349156084
32.833	-9.925	-3.8629	1.645
37.75	-6.5893	-1.4592	1.00395810297856
36.038	-0.75241	-2.4819	-1.41451822464349
28.133	-11.456	-3.6026	1.42738881889455
30.447	1.4981	0.012136	-0.0117209772975106
37.759	-5.8941	-2.4694	0.100949819574475
36.523	-6.9224	-0.55317	-0.703557997431205
37.667	-3.3869	-1.5302	0.938155965451079
35.259	-0.56743	-3.8436	-0.786779723977855
21.996	-12.117	-3.2949	1.09781993111753
36.696	-3.7296	-4.7045	-0.300631189999328
36.844	-2.8627	-4.1771	0.337094201885556
35.141	-7.3093	-1.8385	0.0168044137501079
37.236	-5.8353	-2.0778	0.515477158142919
27.895	2.1727	-0.70999	-0.175470954944687
35.937	-7.577	-0.66075	-1.0021906550489
36.415	-3.3798	-0.64911	-1.02804157444198
37.914	-4.9455	-1.6546	-1.645
37.81	-6.0972	-2.6215	0.553702255237582
36.059	-6.6724	0.099282	-0.754719156239169
33.831	-0.82131	-5.9073	0.452333279216946
37.488	-4.8809	-1.9614	-1.35296685161524
34.309	-1.5814	-3.0886	-0.513358777914348
16.546	-12.122	-3.0507	1.645
26.475	2.8001	-0.13414	-0.899893125466777
36.584	-3.2355	-4.7375	-0.533948195583435
36.968	-3.0594	-1.5917	-0.276607464799956
36.022	-5.6927	-0.69924	1.645
22.905	-1.2773	1.3333	-0.539891988496437
36.937	-6.6664	-1.0888	1.35484749926647
38.435	-6.2835	-2.839	1.60375553721982
35.405	-0.70375	-4.8046	-1.40732942478214
36.121	-2.9466	-5.1363	-0.233048098233983
36.896	-1.6696	-2.1151	0.545804601031331
27.474	-0.29098	-6.7196	-0.611716579901417
34.672	-9.018	-2.7887	1.29371033515104
36.78	-7.3321	-1.024	-1.645
31.309	1.3203	-2.1248	0.314408013824136
34.816	-1.9829	-0.24815	-0.690007592440976
31.034	2.13	-1.503	1.645
38.1	-4.3733	-2.6288	0.931555727400733
33.506	-8.587	-3.743	-1.12746194414349
36.038	-5.389	-5.311	-0.31501472408978
34.702	-1.6396	-3.8829	-0.415819243498724
32.373	0.99622	-2.1654	0.102248629920056
35.958	-2.3821	-5.0615	1.23525586977179
37.447	-2.7711	-3.2962	0.192918563596407
34.224	-1.4421	-5.2872	1.645
25.823	2.7506	-0.30933	-1.50312113082148
36.853	-6.3522	-2.1496	-0.810413261115842
34.92	-2.181	-0.95545	-1.03332765449506
31.384	-10.126	-3.673	1.645
36.331	-7.1059	-0.41523	1.645
29.704	-11.031	-4.1478	0.941652971913052
35.609	-7.1077	-0.68315	1.08893918476177
35.818	-1.2328	-4.9674	1.47924414600413
35.623	-7.3392	-1.1323	-0.360356628329181
32.987	0.16537	-5.4076	1.645
36.38	-3.1166	-4.3906	-0.812699701856003
36.763	-2.5223	-2.4664	1.06897162415306
30.806	-9.287	-3.5933	1.30348559985798
31.819	0.77723	-1.5751	0.700999319278785
34.867	-2.1455	-5.957	1.39795525595126
36.432	-2.9785	-1.8557	-1.0683185114224
37.33	-2.1802	-2.9054	-1.30001608295801
35.886	-6.8034	-0.66589	-1.32728014553681
34.169	-2.2291	-0.29475	-0.780485656652688
27.676	-0.63697	-6.9622	-0.235591534855812
36.642	-7.6993	-2.0698	-0.866651933834439
36.441	-7.3309	-1.0821	0.242585499486253
36.404	-0.77396	-3.045	-1.41155584600217
32.197	1.205	-4.1368	-1.04354780874666
33.119	-10.31	-2.9906	-0.200507510961551
37.344	-5.4244	-3.918	1.645
30.026	1.6761	-1.1057	-0.639534213684903
37.878	-4.0903	-2.2179	-0.0681788230876419
37.108	-2.6266	-1.3105	-0.824208531856885
36.482	-1.3979	-3.6565	-0.878453917261851
31.452	-9.1478	-3.2273	1.06424907616994
35.595	-7.1083	-1.4836	0.625469047394935
37.93	-4.6532	-1.5629	-0.733984405529094
28.339	-11.288	-3.7747	1.62917141192228
34.572	-0.91389	-5.3163	-0.725132917099388
27.025	-1.1452	0.8769	0.670241056368051
34.079	-9.9018	-3.0968	1.32813077697741
35.222	-7.552	-0.12993	-0.727740599234826
37.707	-3.9647	-4.055	-0.804436510705747
37.055	-7.808	-1.365	-0.766535599111648
37.028	-8.0319	-2.3737	0.326979075587243
37.484	-2.9589	-2.2054	-1.14499384725762
36.636	-1.8449	-4.6217	1.645
24.255	-1.0753	1.209	0.0401210199014841
37.908	-5.4849	-2.8675	0.753591175824024
28.144	-11.285	-3.6351	0.80264347265251
36.304	-3.0943	-4.7781	-0.0922019785046267
36.383	-6.8969	0.11651	-0.308533705957949
36.032	-2.4254	-5.2954	-0.429847019169237
37.693	-6.9362	-2.1968	1.645
35.196	-7.2738	-0.20346	-0.544115952149623
36.191	-1.9754	-1.1911	-0.302665831763566
35.949	-7.0988	0.036498	-0.733255019988075
32.924	-0.29634	0.38633	0.798940410729912
36.636	-8.1869	-3.6598	0.950448841513221
35.702	-1.5553	-5.3066	0.147655496046068
37.827	-3.3669	-2.5679	0.548575852864223
34.952	-6.4194	-5.1862	-0.361526612510094
25.703	0.22142	-6.7138	0.203403158145126
37.718	-6.805	-2.3753	0.457824517704372
20.57	-11.951	-3.571	1.15067547735936
33.204	0.41913	-3.6203	-0.774911671031983
36.349	-7.4662	-1.0629	-0.966940407086333
32.301	0.83282	-1.4899	-0.283984667779306
36.889	-6.3605	-0.64418	0.0729313079281958
37.364	-6.6113	-2.4395	-0.613519067998358
36.557	-6.012	0.058335	-0.465098259953346
34.899	-8.9036	-2.1978	-0.863018612006885
34.392	-0.67005	-5.3893	-0.540430928988921
36.058	-0.71232	-3.8443	0.149289763299226
35.914	-2.1429	-5.1293	-0.500982007151974
38.175	-6.4615	-2.3743	-1.20213748187349
37.269	-6.594	-4.1428	1.02184850344315
36.296	-3.9297	-1.4904	0.470705795654562
34.929	-9.3154	-3.3453	-0.777101138486419
33.624	-9.7678	-3.2114	-0.556055116067207
35.452	-7.5059	-1.1164	-0.349736683142
36.034	-7.7111	-0.66814	-0.177376853872586
37.161	-2.9571	-4.3767	0.103291604230812
35.801	-6.039	-0.10692	-1.19357391252715
38.018	-6.5426	-1.8973	-0.264018618294554
37.065	-2.8718	-1.9238	-0.402612310832401
37.741	-3.5231	-1.6764	-0.020154090107098
36.429	-1.94	-1.5444	-1.20540632318857
38.124	-5.9004	-1.833	-1.27471184275813
37.088	-2.7651	-4.3048	0.178528030507979
37.718	-6.2576	-0.89144	1.18047841199221
32.946	-10.118	-3.8613	1.50650491622073
38.042	-4.4673	-2.5642	-0.430782683150428
35.311	-1.2939	-5.3454	-1.46213463440708
36.716	-1.7406	-3.0904	-1.22340251133817
37.657	-5.2865	-0.77623	-1.645
28.415	-1.9853	0.6287	0.0671777738646373
35.913	-2.1991	-5.1813	0.443296960997392
37.832	-5.746	-1.2789	-0.581673626249934
37.809	-7.1081	-3.5919	0.410881629305108
37.022	-7.8526	-1.9066	0.11121821947064
35.963	-2.9456	-4.6888	-0.550982578753126
29.139	-10.899	-4.2139	-0.625218633555791
38.328	-5.5245	-1.6957	-0.910073939989057
35.913	-3.5353	-0.26692	0.695225470818959
36.624	-2.5872	-4.7152	-0.748060827098
35.732	-7.4659	-0.892	0.881204727380272
37.405	-2.8884	-4.2719	-0.856964270957369
27.224	-11.557	-2.9923	-0.976677253353275
34.219	-0.7002	-5.219	-0.103198529905303
36.409	-6.4671	-0.54685	-0.753448866476517
29.133	0.029435	-6.8166	-0.315331330780753
34.285	-0.88002	-5.7289	0.174095164717147
35.879	-1.4706	-5.0897	0.210257355440001
33.331	-0.8698	-4.6621	0.00646813276323192
28.562	-11.373	-3.9338	0.499936261703029
34.954	-8.59	-1.2637	-0.520163229821357
12.655	-12.024	-3.1062	1.43371743858879
33.259	-0.86748	-5.1327	0.145124608068953
38.313	-5.8634	-3.2643	-1.07457070798889
36.875	-2.9204	-4.2667	0.346674573622383
36.875	-6.5702	-0.73131	-0.389606022791869
32.785	0.6827	-1.7577	0.197574855097418
36.807	-2.7145	-1.7884	0.658650730680547
36.197	-2.5887	-0.88178	-0.879215668189256
37.29	-3.1505	-4.2486	-0.96543191473912
33.099	0.48603	-1.4884	1.08386489530953
34.092	-8.9227	-4.1576	1.645
37.012	-7.5666	-2.4787	1.27132983599448
36.947	-6.3535	-1.4057	0.671613656367841
24.144	-11.871	-4.1725	-0.122795275755267
37.294	-5.8666	-0.45628	-1.31095451402592
38.453	-6.2205	-2.5167	-1.2568998769532
38.205	-3.7763	-2.7418	-1.53330801424003
29.42	-11.225	-3.3753	1.13722984762084
37.148	-5.3387	-0.68234	0.595554480704555
26.075	-11.349	-3.6326	-0.39740554226162
34.237	-0.72906	-5.5845	0.214074316473337
35.409	-7.9537	-0.78786	0.293639585667491
36.261	-5.9674	-0.39885	-1.40438573162068
35.769	-1.1302	-4.9338	-0.24022951238505
34.05	-7.3166	-5.0561	0.697251275694212
33.716	-7.4941	-2.944	0.38935958777057
36.741	-6.3389	-1.159	-0.834207889000597
36.513	-7.4862	-2.793	-0.0970997138797762
36.212	-4.2356	-0.11937	0.056680541513677
30.542	1.6715	-0.25718	0.0970394720599509
37.523	-5.7548	-4.5898	-0.687586759118535
28.667	1.635	-0.37636	-0.814079430836013
37.356	-5.2576	-1.0494	-0.238236286703863
36.478	-7.7756	-0.57777	-0.78580328603174
37.883	-3.842	-3.38	-0.772094254371692
35.131	-9.2436	-3.3567	1.645
37.587	-5.2175	-1.004	0.42705448932908
36.221	-2.9564	-0.61513	0.296314634177663
38.637	-6.5948	-1.8103	1.08501912312444
36.956	-3.2025	-4.4751	-0.396718956912823
29.985	-11.016	-3.6217	-1.09191462909414
31.672	-6.1599	-5.747	1.645
36.491	-1.3732	-4.2775	-1.11815326470295
37.131	-4.5617	-0.87893	-0.608554427550775
31.827	0.24387	-1.1057	-0.86779072907303
36.602	-7.2462	-0.74841	1.18263883348057
35.527	-1.6899	-5.4983	-1.08841416781605
28.143	-0.79826	-6.7107	-1.12719761585458
36.361	-7.4636	-0.51885	-0.251550230848585
36.981	-6.59	-0.49138	-0.950600368023884
37.82	-7.0502	-1.9993	-1.12909894340594
36.574	-8.6753	-3.4189	1.0272259003889
37.993	-6.6047	-0.58157	-0.823962686975967
36.619	-3.3442	-5.008	1.41696460139028
37.163	-4.0055	-1.8496	-0.726752823675309
27.841	-0.46924	-6.7153	0.736066378761242
33.362	0.38835	-1.7634	-0.0273609752720652
38.275	-5.2304	-2.3682	-0.832889396812081
36.744	-6.6862	-0.47204	-0.365847515350706
29.038	-11.463	-3.3336	0.405037303793829
32	-9.0904	-4.758	0.53591631612667
34.952	-1.4921	-5.7799	-1.30403161631841
35.586	-6.7863	-0.30952	1.00124648699501
29.473	-2.0004	1.2233	0.796333325344056
36.946	-7.1431	-0.98937	1.11180621991685
35.2	-1.6433	-5.5416	-0.884041180231895
38.265	-6.0586	-2.7998	0.696456682651311
33.966	-0.18969	-0.95979	0.0828764551340709
37.105	-2.5879	-1.2599	-0.35601218561588
37.342	-6.7824	-1.0638	1.645
36.545	-7.0306	-0.54223	-0.0954203936449515
35.679	-7.0002	-1.2115	0.69308499367895
35.984	-1.9774	-4.2136	-0.498617014262042
35.308	-9.5027	-2.4343	-0.0839339369846264
33.845	-9.7813	-3.7695	0.550130860415814
33.349	-0.35116	-2.0425	-0.269862051227214
27.568	-0.41487	-6.818	-0.458376728642443
33.366	-9.9976	-3.4617	1.645
19.483	-12.108	-3.7965	1.21682125696516
37.162	-5.5491	-4.7764	-0.428764011558447
35.769	-6.9619	-0.47515	-1.23929760553433
35.88	-8.2388	-4.4135	1.08890349685599
35.04	-7.5716	-1.0808	-0.275560853623527
35.22	-1.6653	-1.0212	-0.644513431934791
36.935	-5.5179	-1.3782	-0.241389345586679
35.664	-1.6218	-5.105	0.27435410945049
26.332	2.8248	-0.26543	-0.783066719328661
38.305	-4.7921	-2.3396	0.892709442174209
37.264	-6.0234	-0.95589	-0.411163861962806
24.961	-12.173	-3.2356	1.43662216768396
36.493	-3.2037	-1.737	-1.35662815208345
37.016	-2.6871	-3.6991	1.59014945716238
35.521	-7.0953	-0.81215	0.255331573220926
37.573	-6.2663	-0.94834	-0.335205394410925
36.713	-2.7918	-3.6785	-0.417788102126269
37.267	-2.9412	-1.1413	-0.886667486769772
36.105	-7.5793	-1.0388	-0.470458752804867
36.149	-3.6882	-0.088772	-0.598529152862293
29.561	-2.1923	-0.92529	-0.565022327537009
28.421	-10.501	-3.8962	1.20292662085044
37.543	-6.6177	-3.9242	-0.683003101630637
36.013	-5.2962	-5.2194	-0.0240867376642417
31.616	-10.133	-3.0478	1.645
26.865	-11.889	-3.6093	0.367129219911629
34.944	-1.8333	-5.6746	-1.39567750661913
33.974	-0.2086	-5.4289	-0.141632085330131
27.421	-11.915	-3.1716	0.28873027904018
24.068	-11.949	-3.7635	0.115969607491169
36.904	-2.4271	-4.0264	-1.112608742482
32.829	-2.2829	-5.3286	-0.71108278264013
36.607	-2.9684	-1.1872	-0.0303330815768265
36.922	-6.114	-0.78434	0.0336541840564295
37.221	-6.042	-1.2144	-0.330577092659436
35.954	-7.1988	-1.5628	1.645
35.692	-8.8069	-1.7571	-0.729333794835562
37.491	-6.0219	-1.2997	0.136861859443899
35.9	-7.2416	-0.67509	-0.395483222570921
36.618	-7.6655	-0.98104	-0.51615832460786
29.945	-1.3699	-6.7296	0.148079336474611
32.161	0.91575	-1.7862	-1.05823016662441
37.605	-6.5111	-0.87244	0.998389868926747
35.517	-6.5056	-0.50915	-0.547608039117773
32.059	1.3109	-2.4168	-0.627869166963659
29.196	-10.899	-4.0629	-0.930062028694895
24.476	-1.1701	0.93116	0.70569344837792
36.747	-2.8716	-4.7368	-0.178907242298818
38.014	-3.428	-3.3169	-1.62236415154019
36.001	-6.2461	-0.9769	-0.955975255560109
36.332	-6.6978	-0.47076	1.02864913834667
38.3	-5.7317	-1.6831	0.543956747229841
29.979	-11.824	-2.9049	-0.490795550114705
37.151	-6.3028	-0.5405	-1.19323275278776
36.12	-6.1442	-0.35725	-0.722362343701622
36.271	-7.3453	-1.3238	-0.964458168732898
36.488	-6.1858	-3.8549	-0.284853161680844
35.366	-1.8119	-5.5672	-0.81223348355511
36.371	-1.3748	-4.149	-0.563294837052605
31.428	1.6486	-2.2588	-1.645
30.715	1.0071	-0.9415	-0.0280190907681479
37.231	-3.9099	-4.7721	-0.738581356493496
34.721	-8.3715	-4.579	1.645
36.514	-8.5327	-2.2652	-0.607544872029391
36.083	-2.6015	-0.39972	-1.645
35.498	-8.087	-2.6598	-0.729189408996719
30.178	1.4558	-0.55411	-0.0596189703355395
33.074	-10.314	-3.0415	-0.501008004069502
34.568	-8.0682	-4.3868	-0.0687001798403889
36.881	-6.9741	-1.2878	-0.629850844061382
31.206	-10.908	-3.2517	-0.230943628319077
20.185	-12.42	-3.592	1.645
37.199	-1.6237	-2.4917	0.522275915593101
36.947	-7.3373	-1.2444	-1.42829192395023
33.778	0.11392	-0.5513	-0.43738789591711
36.98	-3.2319	-1.217	0.306796861775127
36.125	-7.0592	-0.43751	0.0875830564096191
30.989	1.3364	-1.2695	-1.23847267464848
37.721	-2.718	-3.5393	-0.165818060851015
36.492	-7.4624	-0.46387	-1.57502224914448
35.897	-8.9728	-2.3728	1.11421014149326
36.92	-3.6492	-4.6394	0.357679395153976
36.993	-4.0546	-1.8566	0.334229675584312
34.583	-9.2741	-3.2361	0.520927554738442
34.344	-1.2254	-5.6987	0.350043393271966
35.742	-8.0212	-3.8443	1.04096956298525
37.001	-2.4226	-2.9225	-0.450981149042681
35.171	-6.1369	-1.2886	-0.796977709670719
37.028	-3.37	-4.176	-0.378839872847524
33.298	0.35184	-3.695	1.26390146867802
30.361	0.79431	-0.83387	1.33037176917224
35.436	-6.7361	-0.95815	-0.642542326001779
37.41	-6.4188	-0.83121	0.486087967507959
36.383	-1.4084	-1.6501	-1.37324257968387
28.632	2.1882	-0.58482	-1.0463439296666
34.186	-2.9176	0.81454	1.645
36.195	-4.2493	-5.2274	-0.73389963205674
26.47	-1.2093	0.66759	-0.920303855664078
36.233	-7.5856	-0.90686	0.989703024068761
36.421	-8.4179	-2.0881	-0.219268036111971
37.469	-3.1858	-2.9957	0.0327513343664835
35.257	-2.0901	-4.006	0.373685624291843
36.163	-7.092	-0.771	-0.618252137412664
37.734	-5.9544	-4.0513	1.35377396567896
37.902	-5.9908	-2.0936	-0.434041539539751
37.448	-6.4351	-3.4083	0.430342410751166
36.099	-7.3386	-0.73775	-0.440367105542424
38.19	-5.2303	-3.4668	-0.810396472467853
32.123	0.60269	-0.86491	-0.340567955380828
32.053	1.3059	-1.5197	0.351835322659113
36.699	-4.6467	0.089536	-0.835132389262062
27.83	-11.511	-3.6894	0.760508665308497
35.927	-2.6184	-5.194	1.58638546901456
36.378	-8.7082	-2.2334	-0.014031665463792
37.434	-4.6484	-2.4277	1.645
36.422	-2.8263	-5.0446	1.645
37.128	-7.3771	-0.91807	-0.917141646601068
36.806	-7.1946	-1.9069	0.469559309923491
34.659	-0.55942	-4.4261	-0.5240598103211
36.328	-7.1272	-0.93379	0.924516301339544
36.281	-2.7152	-5.341	0.0819131087664312
37.412	-6.2447	-2.696	0.35451445807414
35.967	-2.729	-0.69909	-0.80765538392698
36.783	-8.0664	-2.712	0.4221365914723
36.508	-6.9874	-0.76697	-0.457298797736147
37.295	-4.7406	-4.9434	-0.60451968879759
37.907	-5.6622	-1.514	-0.370998808948326
36.54	-2.6445	-3.9797	0.399351990876082
34.705	-0.88028	-5.109	-0.811293275211496
35.571	-0.535	-3.7779	0.317293901039511
36.023	-3.1128	-0.9772	1.18907402555008
36.969	-6.9389	-2.1567	0.112788644496177
30.821	-10.653	-3.8519	1.645
34.81	-1.815	-0.71735	-0.527498665281813
37.007	-3.2381	-4.6457	1.05504642886887
22.98	3.3486	0.063496	-0.762828361873659
32.159	-10.433	-3.0039	1.645
37.195	-6.8729	-0.94274	0.751179341029892
34.005	-0.32428	-5.4688	-0.155038720763397
37.776	-3.2527	-3.708	-0.536300457272852
25.345	2.9604	0.81839	-0.791552196193744
37.704	-6.9036	-3.5007	-0.218434432783589
25.232	-11.836	-3.4376	-0.364674011187263
35.212	-2.5121	-5.7232	-0.63568216674174
38.366	-5.4234	-2.4492	-0.0755597379003546
29.989	-1.4419	-6.6104	1.23197870146689
37.702	-3.2554	-2.2478	0.00900780169415309
36.695	-8.3244	-3.4796	1.49430115138813
22.216	-0.28528	1.8218	-1.2985286352769
27.938	-0.14693	-6.4389	-0.224033231388635
37.215	-2.1692	-3.2804	-1.19563466764707
24.948	-1.1145	1.1193	-0.66298825059775
35.868	-5.9551	-0.76246	0.528162748019764
28.015	-11.269	-3.5031	0.7283605782729
36.415	-2.8229	-5.3315	0.0555577888002715
36.026	-2.1342	-5.1439	-0.234460542511768
36.861	-6.3361	-0.60656	-0.613237849590734
34.486	-9.5717	-3.7802	0.454761665047251
22.352	3.0673	1.2586	-0.0968080087501186
35.219	-2.1202	-1.3575	0.0771288036292394
36.39	-6.9544	-0.46647	1.1138254749938
32.516	-0.5129	-6.2823	-0.735195151091211
37.032	-6.1426	-0.88556	-1.645
28.289	2.0839	-1.1024	0.575729435953879
33.548	-1.5978	0.067007	1.645
35.336	-1.5855	-5.3664	-1.26576151783883
35.391	-7.7354	-2.7639	-0.109246474708572
36.84	-7.9578	-3.3052	-1.03138683789783
37.095	-3.2146	-1.7715	-0.188992189882357
33.859	-9.2605	-2.5721	0.539379685322147
35.877	-8.4213	-3.4308	0.086377527457788
34.549	-0.84299	-5.6394	-0.744661018931078
36.996	-7.5551	-2.6668	1.645
34.832	-7.3907	0.24362	-0.312457971489436
33.235	-10.72	-2.9872	-0.191960900291151
37.307	-6.0201	-1.5607	0.0626346891575854
37.418	-2.9354	-2.5082	-1.63253148795902
34.343	-1.6947	-5.9695	-0.483933822983021
35.852	-6.3953	-0.66102	0.124253312472667
23.219	-11.625	-3.7246	1.06923003310493
25.658	-11.743	-4.0632	-0.400999790738687
36.408	-7.0685	-0.74929	1.645
34.872	-9.2335	-3.1798	1.645
32.521	-10.366	-3.3013	0.942786073009487
35.301	-7.1362	-0.87532	0.426243794845298
36.981	-7.338	-4.1057	0.835175126700444
36.532	-2.2219	-4.9142	-0.613842499322354
36.587	-6.9588	-0.9185	-0.592467690753134
37.804	-3.758	-2.5106	0.80181246792324
37.188	-3.3266	-4.129	0.182811513312934
36.601	-3.3263	-0.83788	0.687770312328933
20.494	-12.103	-3.3423	1.53199453578499
37.343	-6.62	-3.3463	0.631914444231984
34.74	-1.4122	-5.6472	1.39830197699109
33.679	-0.86234	-0.17042	-0.240624738743744
36.655	-3.0677	-4.4207	0.425361784533145
34.85	-8.5722	-4.0191	0.267889819434243
30.867	-10.809	-3.5384	1.45236577903247
37.307	-3.9139	-4.5918	-0.746222833609204
36.667	-6.7386	-0.78268	-0.837103501664307
31.457	-0.30158	-6.5963	0.356098430030519
35.913	-7.6121	-0.87189	-0.976566654908337
36.13	-2.8164	-5.1146	-1.37371239335976
35.209	-0.0088546	-1.6024	0.221121607139117
37.083	-6.3311	-0.76982	1.645
36.223	-7.7271	-1.0545	0.0736332156968852
30.474	-10.434	-3.6727	0.356300866773592
35.745	-6.4161	-0.72233	1.33690672303738
34.25	-0.42419	-5.4538	0.883221147124687
35.158	-7.4175	-0.57039	-1.0606602494875
37.835	-4.0336	-3.727	-0.283896628095739
29.205	-1.0063	-6.6398	-1.34516173497878
35.456	-3.3218	0.088323	-0.330730797818053
29.803	-10.77	-3.5859	0.335664166068152
37.4	-5.3887	-1.203	0.279242400500345
38.39	-4.8164	-3.1837	-1.08041763032016
28.169	-10.539	-4.4468	1.45705537486968
37.101	-6.2474	-1.5272	-0.988102492361079
36.103	-2.9353	-0.50444	-1.49415712307506
33.597	-0.56617	-5.3621	-0.447666675775538
34.55	-8.264	-2.9045	-1.08278371558255
35.071	-9.1648	-1.7033	-0.102669495950588
37.21	-4.2579	-4.7383	-0.229151752462754
35.826	-8.9178	-2.6398	-0.746747389007754
29.572	-9.596	-4.4341	1.645
38.35	-4.2938	-3.138	-0.133142441702031
33.688	-2.6749	1.0381	-0.282523290895639
36.474	-2.0151	-4.8982	0.575953241372404
36.528	-6.7207	-0.3798	-0.990161354139291
33.424	-10.084	-3.4669	0.250223582611373
35.861	-2.605	-5.277	0.896698311656909
34.46	-9.1908	-4.2253	0.291861190756501
38.32	-4.8525	-3.1108	-0.884222731128838
37.496	-3.2443	-4.1554	0.222810123683005
26.909	2.6637	0.026832	-0.785041777240028
23.052	-12.064	-3.317	-0.0103945947051085
37.644	-6.4692	-2.6675	0.164368183038175
36.848	-6.5595	-2.1398	1.08539072029882
29.035	1.6447	-0.066406	-1.13171685312086
35.626	-7.5125	-0.57968	-0.45047418122827
37.322	-7.6218	-1.4826	-1.14653647020999
35.285	-8.2893	-0.64382	-0.228344169784483
20.084	-12.312	-3.48	1.645
28.865	1.751	-0.48839	-0.0826669116250122
29.709	-10.969	-3.9119	1.25878130639184
37.772	-3.5059	-3.3861	-1.60828901893483
36.942	-6.4637	-0.66239	-0.531546457766705
33.758	0.38343	-3.2386	0.591372472628434
36.282	-1.236	-3.9953	-1.48112883430609
36.872	-6.6326	-0.5159	0.122998707523527
27.991	-1.7102	0.46544	-1.21056639111005
34.467	-0.7789	-5.5486	-0.748483783703605
28.91	-10.416	-4.3339	1.645
36.451	-2.0925	-4.9467	-0.767567547751899
29.772	1.7553	-0.20628	-0.115388369794636
37.46	-4.4038	-1.0835	-1.15755877708453
30.47	-9.6622	-4.3325	1.645
31.478	0.98321	-0.87069	-0.647894757370471
36.431	-1.4634	-3.8262	0.0625696948065725
36	-9.0717	-3.5695	0.0172197390902418
37.711	-5.9719	-3.357	-0.892512930802196
27.558	-11.495	-3.2371	0.874090101555313
24.502	-11.889	-4.0808	1.645
36.522	-7.3306	-1.1206	-0.184246178708274
34.234	-9.0501	-4.1876	1.26845962385654
34.039	-8.7942	-4.1058	1.645
36.049	-2.8343	-0.31658	-0.856669526713403
35.726	-3.108	-0.29894	0.393187270860926
37.247	-6.3258	-0.74275	0.499608177537133
36.663	-8.0185	-1.3392	-0.743510518533424
36.819	-2.209	-4.6629	0.126452563657157
36.367	-7.0131	-1.7098	1.645
37.603	-3.5366	-2.3554	-1.06354260816974
37.32	-2.9559	-2.0473	0.185219718534299
36.358	-3.1915	-4.9347	0.812477282199289
18.772	-12.196	-3.1299	0.379309780927171
32.75	-10.422	-2.8005	-0.392760588127959
36.785	-1.4031	-3.5604	-0.818211178061293
35.477	-1.5291	-5.0441	-0.689020516554268
28.024	-11.618	-3.2678	0.562748220440841
38.028	-3.372	-3.8422	0.0972488530724011
35.983	-6.7157	-0.25748	0.586026123711077
37.675	-7.2641	-2.5191	1.46197154657377
38.285	-6.068	-1.6478	1.4684320078305
37.648	-2.9954	-2.6871	-0.0655344949097453
36.758	-6.2914	-0.49534	0.465828201862477
37.3	-4.165	-1.6175	-1.04217166882077
27.805	2.13	0.2655	-0.562843355402236
33.741	-1.9733	-5.4226	-0.254585090029965
36.11	-7.4497	-1.499	-0.0403387785446108
37.13	-3.482	-3.5833	-0.736167672698709
37.065	-7.2034	-1.1197	0.584997861456139
35.676	-1.5634	-5.343	0.00483140128766494
25.634	-1.2253	0.94194	0.467429063796339
36.345	-2.7504	-1.3676	0.0227929657603733
35.006	-5.2704	-0.66318	-0.27604471824253
21.515	-0.82075	1.3352	1.50149780091116
36.934	-7.1197	-1.3898	-1.04431247451353
35.563	-2.7773	-0.24283	-1.645
37.173	-2.6245	-3.9132	0.176388783206549
36.387	-2.0945	-4.6511	-0.26025617006629
35.784	-2.114	-0.96068	-1.31867549770088
37.664	-3.9756	-1.3644	-0.0890115312441902
33.453	-9.9212	-3.2833	0.850543136584038
28.418	-11.12	-3.9506	1.645
35.617	-3.9137	0.42156	-0.307585355798306
35.863	-2.4069	-2.5622	0.2313954820916
35.028	-7.1752	-0.66195	-1.23248440869108
35.812	-5.4805	-0.52955	-0.816936463735795
35.948	-1.8128	-5.129	-0.040964177862308
36.383	-2.5713	-5.1106	-0.666632480281898
37.161	-6.9458	-4.105	-0.690624032737248
33.48	-0.64767	-5.7709	1.645
36.767	-7.3284	-1.2693	0.211574234141699
34.688	-1.4445	-4.5017	1.04743371085216
35.727	-1.6297	-5.1851	0.0887630443071191
27.955	2.3396	-0.87238	-0.0153468375978951
33.377	-10.479	-2.644	0.382108362221042
32.498	-1.6331	0.075498	-0.878520468610707
37.362	-2.3661	-4.0574	-0.652594574855801
37.957	-5.771	-1.0749	0.145701637659404
36.775	-7.7189	-0.67347	-1.22810820345774
37.412	-4.5111	-2.4789	0.254876884428862
36.828	-7.5118	-1.7764	0.879364595621668
34.807	-9.2413	-0.70097	-0.416616502625345
37.16	-6.5484	-1.2193	0.283071547287111
36.12	-6.8519	-0.23334	-0.535657223161983
38.418	-4.7373	-1.7362	-1.59136109821235
33.209	-1.3065	0.58739	-0.237797292537052
36.674	-2.2954	-4.338	-1.07418405324508
36.732	-2.5374	-4.5019	-1.24470209415722
37.642	-6.2693	-1.2363	0.504095311892552
34.288	-1.2429	-5.9811	0.521107137020499
34.357	-6.5455	-4.6842	0.291024805500864
33.459	-6.2113	-5.0877	-0.887813273370207
34.398	-1.8175	-6.1834	-1.11376481909951
28.402	1.6858	-0.84161	0.135806040302347
36.054	-8.1439	-2.2738	1.21480946718425
36.711	-5.4696	-0.059321	-1.32299054597099
36.851	-6.8	-1.1773	-0.332852444699768
38.242	-5.918	-2.1091	-0.0475777276141182
37.137	-3.3898	-4.8805	0.55646610687466
37.779	-6.3044	-1.8107	0.579008335766098
34.925	-1.4506	-5.7603	0.0670829261637905
36.307	-6.6518	-5.0565	1.645
37.216	-7.7869	-1.3901	1.645
34.201	-6.8832	-5.1613	0.960429143920951
37.024	-5.0281	-5.0016	-1.3229035831087
31.076	-10.596	-3.1788	0.34733996695298
37.732	-3.9914	-1.8724	-0.833106497995406
28.05	2.1178	-0.84351	-1.00523641217533
29.068	1.9082	-0.13313	0.0906361249517109
38.105	-6.1144	-1.8308	-1.39810051197392
31.208	-10.341	-3.9103	-0.115670839223693
37.164	-3.1932	-4.4762	-1.0558888332526
35.947	-7.6318	-0.92707	-0.447767636435494
26.384	-11.718	-3.1602	0.182990514266303
17.539	-12.176	-3.6076	0.354897298891301
27.847	-1.0006	-6.7591	0.538720494730032
28.06	-11.31	-4.1272	-0.536281452830144
26.252	2.4373	0.2568	-0.797273783600063
36.415	-1.8489	-3.4901	1.60472918410821
36.414	-6.6305	-0.54073	-1.645
36.926	-6.1455	-1.226	0.0733791513362879
37.013	-1.3675	-2.5758	-0.0126722889262125
31.516	-1.6663	-1.0651	0.00444148418263052
23.685	-0.6064	0.95115	1.09427147633823
27.546	2.3168	-0.11179	-0.170628598313497
36.582	-3.2051	-5.0006	0.0699071572005396
37.103	-6.8195	-0.88503	-1.61324225643741
36.399	-7.0935	-1.8265	-0.477916108726412
35.481	-2.2084	-0.77026	-0.819403791689254
27.377	2.5778	-0.06166	-0.0822561286875384
29.712	-0.9678	-6.7499	1.645
37.899	-7.3266	-2.9614	1.13103177800373
36.681	-7.6883	-1.3233	0.403915882075394
36.539	-6.8839	-1.4043	1.56039740065915
36.927	-2.4784	-4.6331	-0.852505532417143
37.289	-5.8562	-1.1742	0.432636272216208
36.35	-1.06	-3.5694	-0.928343510267264
36.839	-2.8458	-4.6107	0.374399104655548
34.409	-9.3628	-3.4874	0.391572828917937
21.749	-12.082	-3.1072	0.198883725248995
36.479	-2.3034	-4.7111	-0.379069906854063
35.35	-9.2134	-2.9742	1.645
37.069	-7.3037	-1.1191	0.306404481412306
37.293	-2.0806	-4.0461	0.359491685791496
37.112	-7.3561	-1.2594	1.30895816514491
35.298	-7.0473	-0.77197	-1.56757696795818
34.237	-8.2289	-3.8283	0.825201296674184
38.056	-5.1676	-2.5888	0.748167675830835
35.642	-2.2581	-5.5624	0.159505757687796
37.132	-6.4566	-0.84542	-0.781564879358545
33.381	-2.7503	-0.92077	-0.215321101304774
36.842	-7.1254	-1.1484	0.360787991777914
36.903	-6.0825	-1.1782	-1.32144696370361
36.19	-1.7172	-3.5639	-1.09778349941805
34.92	-2.2908	-0.34357	-0.859656741381575
38.043	-4.5569	-3.3936	1.38954133191428
35.541	-0.99494	-3.919	-1.25929509423687
37.769	-5.0176	-1.871	-1.14434601252531
35.269	-8.6907	-0.96378	0.384760089102302
36.885	-8.2585	-1.4113	-0.222692540070429
34.961	-9.0902	-2.5955	-0.560012440413321
36.838	-3.1052	-0.58324	0.343957243987924
27.664	-10.9	-3.9195	-0.885264929603712
23.422	-0.66444	0.89025	-0.909246424257662
29.878	1.9333	-3.6835	-0.632992362063599
38.515	-5.1784	-2.2231	-0.752345480794837
38.137	-5.8416	-1.5113	-0.806714032716744
37.654	-2.3191	-2.4915	0.0717853556006141
35.139	-7.3104	-0.6746	1.40914164639271
29.667	-0.36181	-6.2471	-1.05897781918851
34.572	-9.5317	-2.8881	-0.0996702145289094
36.627	-2.2565	-4.6513	-0.731013071170721
38.041	-6.1191	-1.0396	-0.82165330215545
35.898	-7.0416	-0.93679	0.820836574374646
33.998	-7.9864	-0.16569	-0.485178382938486
35.179	-4.4275	-0.35156	1.26028164058396
35.475	-6.9959	-0.76676	-0.500878864635619
32.07	1.4293	-2.3833	0.458710588455626
35.045	-8.4451	-3.0206	-0.283371547889382
36.626	-6.7312	-0.7282	-1.22935217749573
28.783	-1.1034	-6.5278	-1.01906248622144
35.933	-8.4365	-1.8553	-0.930183032334447
32.506	-10.224	-2.3987	-0.700909856398525
34.744	-7.6455	-4.2175	-0.384360559104265
35.716	-8.4489	-2.1184	1.63660451210105
31.72	-0.96702	0.3544	-0.331469932744258
36.751	-6.7733	-0.83624	-0.929643998203022
26.305	2.5123	-0.34699	-1.09471824802677
37.254	-3.0555	-4.385	0.852314962268148
34.17	-1.3725	0.13005	-1.20154365199814
36.772	-2.0808	-3.8427	1.45501218333178
28.764	-0.51537	-6.6424	-1.40953907740281
38.014	-5.9577	-1.8809	0.254955729716165
34.574	-3.6874	0.49795	-0.944423297890813
36.293	-1.505	-4.5643	0.472359886106987
36.234	-7.6629	-0.97961	-1.14415722251136
34.65	-7.5723	-2.293	-0.856174431937821
36.083	-8.5847	-3.8822	0.497100205828498
27.103	-1.7895	0.51807	-0.733324450677698
36.16	-3.0067	-5.1595	-1.00616368107175
33.832	-9.4165	-3.2844	-0.471033709806861
35.349	-1.7696	-4.8635	-0.0502755629269718
37.166	-4.2299	-4.5378	-0.438458334920147
34.808	-9.1052	-3.57	1.18146931285821
35.873	-6.1718	0.076158	-0.489647654355594
35.622	-2.128	-5.639	0.750988372502038
37.437	-6.1818	-4.1612	-0.17267643893709
36.152	-7.3342	-0.95071	-0.795596425194885
35.261	-1.5128	-5.0484	-0.552868711092911
33.824	-9.9319	-3.7705	1.645
35.159	-5.0452	-1.1061	-1.09870839442079
30.039	-10.6	-3.9322	1.645
30.135	-9.1454	-4.2499	-0.673092541905969
29.138	-11.188	-3.8476	-0.0826348201749498
35.92	-6.9901	-0.49628	-0.0180563847471715
31.224	0.17342	-5.7504	-1.27342276953077
35.622	-3.6657	-1.0615	0.11769609631521
37.487	-6.2291	-1.7669	-1.16937417365492
35.929	-8.1243	-1.4357	-0.86840655037043
33.353	-0.15211	-5.6436	0.0619860224068954
34.134	-10.156	-2.7773	-0.624916891421723
35.54	-1.4891	-4.931	0.86196142599312
34.026	-9.7903	-3.2879	1.53394162706292
36.626	-5.7911	-1.2278	1.60756942102299
24.178	-11.704	-3.6301	1.645
37.404	-5.4861	-1.3972	0.835144912696292
33.892	-0.68384	-5.8885	-0.771858605465274
24.368	3.7988	0.25655	-0.556311979625228
25.316	0.0397	0.96357	0.275771183891742
36.37	-2.9592	-4.9675	-0.502669952375821
36.177	-2.5183	-1.6875	-0.413937581540013
34.494	-0.21675	-1.9609	0.0683920157573969
36.989	-2.1522	-4.4694	-0.74926187391624
29.538	-10.738	-4.0519	-0.0163190429741024
37.198	-6.5255	-1.0386	-0.118123586443297
36.164	-7.808	-2.0116	0.376205415214538
26.615	-11.683	-3.4185	-1.06921350708811
35.959	-8.016	-1.3819	-0.146533509521815
37.27	-6.2276	-1.1357	-0.168926564245543
36.454	-6.533	0.32032	-0.681610006874151
36.452	-2.8956	-0.53636	-0.248394230851104
33.279	-10.124	-3.4263	1.645
26.736	2.6919	-0.6298	-0.0925554654622495
37.768	-2.7583	-2.6984	-1.34718082624929
35.59	-2.7801	-5.4654	-0.128494015204235
37.579	-7.1001	-2.0947	0.380701741553357
36.093	-8.6628	-3.2445	1.645
33.734	-9.5652	-3.4776	1.645
38.216	-4.6273	-2.5373	-0.0988548962021297
27.089	-11.553	-3.8875	1.645
32.801	-10.494	-2.9191	1.11029983238886
38.241	-4.5629	-4.0563	-1.00735112173911
37.785	-3.759	-1.4766	0.0589971150555981
38.276	-5.2348	-2.0977	-0.311118526483616
37.742	-3.366	-3.0438	-0.715099412383043
27.815	-0.57083	-6.707	-0.805641379696136
28.23	-0.50422	-6.5389	-1.43950846586695
29.63	-0.92416	-6.7941	-0.152380481654114
33.189	-2.0783	0.76822	-0.189692051209286
34.078	-0.040589	-5.3448	-0.86042337676232
36.923	-2.6406	-4.693	-0.460149659492597
30.923	-10.273	-3.951	1.645
33.454	-0.75361	-5.856	-0.581091192917499
37.946	-3.4073	-2.4633	-0.0689929159807159
24.271	-12.112	-3.4109	1.645
36.432	-7.4201	-0.80639	-0.871098934134754
35.365	-1.0409	-4.4356	0.224661865527749
36.627	-4.0545	-5.0559	0.238620818542688
36.92	-5.8143	-0.62305	1.03547708433602
36.617	-3.1258	-4.9507	1.09970189076937
35.936	-1.5523	-5.1143	-0.421486344480678
22.13	-12.369	-2.9595	-0.42368804317348
35.285	-7.5377	0.066807	0.223498581895531
34.246	-1.9271	-6.1455	0.850265293320129
35.563	-0.78294	-4.4159	-1.13521044942251
37.246	-2.3567	-4.2847	0.850272637925462
36.836	-2.003	-4.5542	-1.17575592197386
35.681	-7.0142	0.034118	-1.11428672636315
28.476	2.3052	-0.21928	0.0313404192933846
36.702	-4.5632	-0.72328	-1.01692290633789
35.022	-2.2931	-0.30106	-0.769382614014552
36.997	-2.8596	-4.6194	0.379322185881742
31.828	1.1086	-2.2523	-0.159819169324472
35.129	-7.3311	-0.43908	0.328448939252619
35.687	-2.4359	-5.3201	-1.2648530014351
26.988	-0.92323	0.91876	-1.36519086322887
31.846	-3.3065	-0.63738	0.0938536909291206
33.401	-1.0653	-5.7202	-0.268060564131484
36.04	-6.7814	-0.20054	0.132846157164339
34.114	-0.95412	-5.5611	1.38106265820202
36.599	-6.6278	-0.62335	0.928112732471996
37.135	-6.6056	-1.2216	0.642019891331973
38.176	-5.8106	-2.8118	0.918585813050602
37.58	-4.0989	-3.3811	-0.089164269251272
35.637	-6.7245	-0.37612	-0.456671356642692
35.282	-0.54191	-4.5888	0.821292672022762
35.082	-1.3413	-5.5522	0.196185526608178
35.866	-8.262	-4.0059	0.987596574931556
37.104	-7.4099	-0.84084	0.712948949154182
35.513	-9.1151	-3.2543	-0.0465697674501297
36.187	-7.133	-0.64214	-0.51025998226167
35.107	-0.70271	-4.7009	-1.18294429629816
37.184	-1.7013	-2.732	-1.16065209383978
37.267	-6.9481	-1.9059	-0.00652141409978285
32.963	-0.82231	0.13576	-0.287185607364811
35.467	-1.2018	-5.1814	-1.05717506957683
19.144	-11.629	-3.5846	-0.0602352882834534
35.444	-3.6749	-0.45329	1.22488637963861
33.256	-0.209	-5.6186	-1.06603100260466
38.277	-5.7043	-2.5148	0.326719432631507
35.262	-6.5396	-0.11959	-0.592010140778692
36.147	-2.2079	-4.9607	0.41410936895382
25.063	2.6942	0.50611	-1.17473945980857
35.954	-7.1833	-0.97152	1.645
31.359	1.133	-1.4757	0.665171499027775
36.883	-3.2841	-4.7561	-1.29576757996449
37.07	-3.5895	-4.5398	-0.340096100390138
29.455	1.4441	-0.33154	1.645
30.771	-10.607	-3.8479	1.645
35.249	-6.5454	-5.549	-0.278877181998956
37.709	-3.0288	-3.4199	-0.326079938665176
36.433	-4.7672	-1.4114	0.397619295797284
27.534	-0.34665	-6.4868	0.550309737291639
36.086	-7.7136	-1.5338	0.0308554262053919
38.056	-6.0844	-2.1369	-0.500043459757713
34.733	-2.7372	-1.1845	0.72813371152828
34.09	-1.9336	-5.9096	0.729155566890994
30.214	-10.125	-4.3742	1.645
36.733	-2.908	-4.739	-0.218155414121814
32.649	-1.5728	0.16861	-0.579207533409608
35.94	-8.616	-2.4003	-0.037292607237083
38.211	-6.7695	-2.7243	1.55657840393373
34.473	-6.0424	-5.0366	0.128197666461012
36.627	-6.1571	-0.69163	0.167031860872701
36.064	-7.1385	-1.2273	0.321714771099248
28.21	-11.078	-3.6007	0.941577188074068
33.526	-9.8154	-3.646	-0.388230733311565
37.809	-4.4404	-2.6843	-0.0811644026027882
36.294	-2.8729	-4.9081	0.0917387272313432
36.932	-2.2441	-4.676	-0.443938621069189
34.882	-7.8087	-4.7386	0.986638373874493
36.476	-7.382	-1.0621	-0.55497113248615
37.275	-3.0113	-4.2995	-0.442353903190663
37.16	-7.4515	-1.5202	-0.670851604164803
29.493	-2.0896	-0.37662	-1.28511179619548
36.008	-4.144	0.37998	0.347475878727899
33.871	-0.68123	-5.6772	-0.612146210741972
26.97	-0.27744	-6.7405	-0.0262274465581415
34.878	-7.421	-4.5206	1.26620213429482
36.796	-7.0838	-1.2456	-1.52062259018071
36.362	-7.0014	-1.1047	0.370507806336067
20.626	-11.99	-3.1838	1.645
37.31	-7.5264	-2.6178	0.0182881568435007
30.671	-0.85242	-6.8893	0.738541181144377
16.859	-12.177	-3.2421	1.645
36.905	-4.2578	-0.4808	-0.72075208426096
35.511	-1.8353	-5.3157	-1.10268674294016
21.085	3.772	0.79139	-0.113898085042742
37.367	-3.737	-1.2535	-1.55034975779671
36.651	-7.5829	-1.2475	-1.13280823389594
35.014	-8.2377	-0.58041	-0.491026502147867
36.616	-6.8313	-0.47681	-1.20282102386633
36.201	-2.0957	-4.461	1.645
36.759	-7.1446	-0.57465	0.309921016390774
35.043	-1.2339	-5.4064	-1.37217464771658
36.334	-6.388	-0.29077	-0.334483283105098
35.239	-3.0074	-0.11223	-1.07833122524568
33.832	-8.7472	-3.3011	0.524321524180322
29.377	1.7668	-0.97623	0.477786276973933
36.531	-6.2769	-0.45093	0.710813901807622
35.735	-6.5504	-5.0381	0.625265798025698
36.185	-8.2947	-3.287	0.313921847265743
30.382	1.5907	-0.49021	0.47409935343959
36.292	-7.3381	-2.103	-1.02769260657974
30.558	0.84485	-0.90212	-0.517193033470294
