30.252	-10.709	-4.2735	-1.46023056564836
37.784	-3.0457	-3.1938	0.188907350626622
35.233	-1.7225	-5.4094	-0.558212842554786
36.304	-5.6636	-0.46282	-0.494487513488814
34.958	-1.4558	-5.6443	-0.233309502745392
35.711	-7.1492	-0.48083	-0.482424222790715
35.577	-2.1617	-5.7207	-0.588585172527136
30.384	-1.1125	-6.3906	-0.267383187743723
35.662	-6.8765	-0.14067	-0.10877087229834
37.208	-4.7836	-0.79393	-0.338161525304371
35.031	-0.73919	-5.3013	-0.669313662455249
30.639	-1.4277	-6.4224	-0.877307894060541
30.396	1.5929	-2.7118	-1.12400286394106
37.36	-1.9229	-3.4248	0.310024469232643
38.053	-4.9272	-3.8114	-0.169572456473914
25.215	3.2448	-0.1568	-0.708324706115169
37.946	-3.3618	-3.7233	-0.747832909120503
36.345	-3.4584	-0.40195	-0.603880582709283
29.468	1.8323	-1.3242	-1.26208855699146
35.221	-8.5458	-1.1697	0.893552335445783
37.076	-4.767	-1.1442	-0.516830207434815
38.1	-6.0953	-1.2467	-0.567119510268657
37.421	-4.2265	-4.3602	0.263072467797492
37.609	-6.1563	-1.2378	-0.931963023474078
29.628	1.4832	-0.091737	-1.09204539561448
30.886	-9.9839	-3.954	1.19199921558312
36.237	-7.9567	-0.56517	-0.438158160453636
38.043	-6.8756	-1.8666	-1.15263495742236
37.508	-3.0489	-2.1855	0.654081469239414
38.329	-4.7319	-3.6869	-0.422102753903099
34.7	-1.2137	-5.6412	0.461527574795554
38.1	-3.8544	-2.0497	-1.38382126475194
35.969	-7.2747	-0.90899	-0.86678375518946
27.088	0.10397	-6.6888	-0.46765094276531
37.973	-4.0567	-3.8317	-0.0202043293500801
27.649	-11.462	-3.5438	1.645
35.681	-8.7417	-2.8366	0.838996479109604
27.506	2.6504	-0.70193	-1.02394828675342
29.352	-10.501	-3.6657	0.034657889520327
36.904	-6.9214	-1.6942	-0.333882367814325
35.473	-9.362	-2.7353	0.780934530449631
36.27	-3.1772	-4.7845	-0.471978488688561
28.019	-0.25125	-6.6692	-0.294882775970279
33.485	-9.167	-3.831	0.415492993670573
34.236	-10.016	-2.8261	-1.07906804469303
33.449	-0.6842	-5.706	0.943933283069648
36.817	-3.992	-1.0023	-0.802325207511407
36.439	-2.5243	-2.1194	-0.46060556270642
34.364	-0.084456	-4.3062	-0.571033029857191
35.596	-0.68966	-4.4515	-0.595078154715443
36.24	-2.3286	-1.4169	-0.111504430995699
36.865	-7.6925	-1.6333	-0.538741725875921
37.22	-6.5674	-1.1292	-0.508243598128983
37.897	-4.8967	-1.5729	-0.147139188842705
35.228	-2.001	-3.9949	-0.913169138565948
33.384	-0.71081	-6.05	-0.858758745515619
36.605	-7.0821	-2.621	0.0444808882653104
34.196	-9.5363	-3.2052	-0.524885039951964
30.378	-9.9318	-4.0164	-0.440007297066235
35.451	-2.0421	-5.2604	-0.873050055806746
37.029	-6.5279	-1.0449	1.23834232024309
36.22	-7.0306	-1.8249	-0.510077681103111
35.361	-7.6139	-0.68234	-0.808385065491604
37.68	-3.1829	-3.9933	-0.679014075204488
34.157	-1.6204	0.0068926	0.413207584618403
37.485	-7.2194	-1.5734	1.15724997168933
36.966	-5.8746	-2.2644	0.0624194043600622
36.318	-6.8931	-3.2431	-0.165437964531636
34.278	-8.7974	-3.7387	-0.734177882070373
31.307	-10.824	-3.7747	1.645
37.731	-4.9146	-1.0312	-0.812803655168452
23.754	-11.761	-3.3614	1.645
36.647	-7.5774	-0.80506	-1.22798565732277
37.798	-6.4612	-2.1662	-0.686150558469843
37.754	-3.583	-4.2792	1.2166655089892
35.975	-7.482	-0.79263	-0.0329304052968526
37.505	-6.6685	-2.6847	0.292669287266339
35.53	-1.198	-4.9193	0.191173360956907
37.23	-3.1353	-2.1204	-0.141954075862605
36.382	-2.1964	-0.9519	-0.110004691800377
24.761	3.1961	0.59405	0.0871058923904813
33.85	-8.5339	-4.1833	0.234784340908938
31.588	-10.845	-3.7152	1.645
34.348	-1.5875	-5.124	0.108205638917056
35.855	-8.5351	-4.1011	0.388622800204212
35.188	-7.5203	-0.50527	0.218315147737028
29.408	-0.87213	-6.5897	-0.851337343595802
29.318	-10.906	-4.083	-0.0831402009674487
36.734	-4.8522	-4.9762	0.988433788810264
36.425	-0.63911	-3.5397	-0.273319941801592
35.68	-4.0853	-5.459	0.562178318002537
37.21	-7.0648	-0.9211	-0.95184660201048
35.97	-1.7404	-1.3486	-0.495914271461611
36.73	-2.8421	-4.3338	-0.981053704318101
35.127	-8.9068	-3.2601	0.179401299636601
34.516	-1.442	0.39769	-0.597776613015195
26.621	-0.41676	-6.7491	-0.821901871372126
33.447	-0.099584	0.24688	-0.875080669892851
35.417	-9.3933	-3.2228	0.827233606925833
37.061	-6.5184	-1.2337	-0.57807958971065
36.761	-4.0431	-2.5386	1.645
36.51	-6.2637	-0.54518	0.377352068245527
36.466	-7.3544	-0.70317	-0.733266752888472
28.861	-2.2487	0.5869	-0.609316270786035
37.211	-6.4572	-0.88182	-0.106100532618738
37.444	-6.7964	-3.6172	0.973210956498074
36.601	-7.2495	-1.0362	0.208018086706191
27.931	-0.28496	-6.5634	-0.444337784596901
31.618	-10.13	-4.2517	1.645
36.223	-7.4272	-1.0084	-0.154365115081783
29.629	-10.882	-3.5421	1.3111712804732
29.947	-10.855	-3.69	-0.228156469730561
37.298	-6.2867	-4.72	1.46324006341485
38.155	-4.6891	-2.4946	-0.454084396013708
29.457	-8.1844	-4.6495	0.0015072827648205
37.961	-6.4367	-2.1714	-0.000563898893617543
24.995	-12.011	-3.4335	1.645
37.283	-5.6156	0.019012	-0.591462633135466
36.059	-5.4499	-1.2052	0.927130987373943
27.944	-0.12737	-6.92	-0.533679738506102
33.895	-8.0079	0.42918	0.914670702566689
34.547	-9.2514	-3.6529	1.56438312510217
27.474	2.3031	-0.87242	-1.46346619505422
36.897	-3.6054	-4.7352	0.078379346146424
34.858	-0.90232	-5.1763	0.464341412650416
27.282	1.8772	0.36123	-1.1821033476505
26.937	-11.434	-4.0353	1.645
34.051	-7.057	-4.9855	0.497630245856353
36.385	-6.6891	-0.91737	-0.791665038935926
36.707	-6.8401	-1.3848	-0.492956165253249
36.43	-6.2279	-0.72841	-0.08360967984163
37.485	-6.1472	-1.8209	-1.26128263693003
37.336	-4.2892	-1.3951	-0.772265394569059
36.534	-2.8847	-3.859	-0.638863309076119
36.765	-2.6537	-0.90358	-0.690146691818553
38.365	-5.7093	-3.163	1.645
26.795	-1.38	0.76789	-1.07962387583451
37.736	-7.0645	-2.0451	-0.809053660421821
27.947	-11.622	-3.3485	1.50703421182317
29.441	-2.4441	0.42788	-0.945316081991743
34.545	-0.57259	-5.36	0.27537295609362
37.192	-7.2199	-0.97104	-0.506562351992491
35.643	-1.0173	-4.7475	1.35202401224409
29.467	-10.775	-3.9691	1.645
36.573	-8.3132	-1.1099	-0.973614697576651
36.38	-6.6055	-0.06572	-0.199907831120533
36.872	-7.3054	-1.1125	0.900825327758537
31.012	0.82625	-1.0063	-0.569383842777725
33.073	-10.383	-3.0347	0.138976528632421
33.721	-9.813	-3.1666	0.0144221791128338
36.514	-2.8311	-4.6458	0.410854290026588
26.728	-2.4993	0.37058	-0.736835487865387
35.137	-7.474	-0.47603	0.825995577819115
33.092	-2.3509	-0.10809	-0.238140110653997
30.162	1.0924	-0.59141	0.362302168946706
35.653	-8.8056	-2.0148	0.581886980165395
37.55	-2.3992	-4.0514	-0.130643360533812
28.167	2.2203	-0.26485	-1.37073495045571
37.262	-7.6743	-2.5575	-0.223744800081217
28.68	-0.5989	-6.5866	-1.02983707219723
36.82	-6.8749	-0.3813	-0.297744022839824
37.969	-4.1044	-3.9668	0.149851852182195
27.04	-0.27364	-6.8262	-0.412708592338712
35.876	-2.8084	-4.9303	-0.812070269331049
36.613	-7.1136	-0.79163	-0.910049279508741
29.461	-1.419	0.7187	-0.632069442828502
33.343	-10.105	-3.3928	-0.66859118894609
35.407	-6.9301	-1.0617	0.390336172233728
36.67	-6.252	-0.26205	0.368511050114313
36.115	-6.9508	-0.31193	-0.977203119952085
30.193	1.2549	-0.92182	-0.941521162317516
36.741	-6.2321	-0.25214	-0.448961380258612
35.394	-6.7244	-4.8998	-0.623042777312389
35.901	-7.5783	-1.5121	1.07881643648137
36.212	-2.8864	-4.4424	0.0965084746479806
36.519	-6.8297	-1.8835	-0.641900128401015
36.757	-4.3829	-1.9128	0.415810349355508
37.299	-4.6356	-4.2258	1.50379238080007
36.961	-6.9266	-1.1732	-0.479523500818468
35.464	-9.2253	-3.2972	-0.533316560948947
35.372	-7.55	0.094466	-0.52509801832662
37.434	-3.8318	-1.858	0.835601730343763
37.432	-2.5769	-3.2596	0.618958687148962
35.832	-1.7551	-5.3572	-0.121069251765506
34.841	-1.1825	-5.6789	1.21965416963304
35.748	-1.2876	-4.9432	-1.21827861530109
37.279	-7.3662	-1.4602	-0.878431077975536
33.607	-1.7542	0.66326	-0.843316533870131
36.366	-7.7739	-1.273	1.645
29.524	1.8227	-0.21233	-0.518910008498468
24.281	-0.95431	1.6062	1.645
37.71	-3.7762	-3.6003	-1.18173731416703
37.127	-6.706	-1.4274	-0.493424830823765
37.568	-3.1113	-4.1591	-0.544087062966713
36.105	-7.3621	-0.27467	-0.328885152961514
36.68	-3.1089	-0.80076	-1.3279577379515
37.185	-5.435	-1.2468	0.765425333040752
35.352	-7.529	-3.7597	-0.125686276135045
37.144	-2.5994	-2.8073	-0.500479459279767
36.629	-7.321	-0.79914	-0.609571790873406
29.709	-1.2098	-6.7267	-0.0820382285331197
28.639	-1.7463	0.11451	-0.197326821975859
33.884	-9.4559	-2.2002	-0.946393828139591
29.769	-1.6298	0.65782	-1.36175851845107
37.081	-2.2684	-3.7777	0.115086473457549
36.206	-7.2978	-1.6692	-0.561667640713869
25.402	-11.378	-4.1255	-0.0919149404118244
37.885	-6.1483	-4.0581	-0.622063246376548
31.038	-10.399	-3.8462	0.478152897523139
36.67	-6.0862	-0.60603	0.327105557423019
34.412	-0.72442	-5.3799	-0.34002736256164
29.81	-10.35	-3.8864	1.645
33.106	-8.9881	-4.6548	1.645
29.473	-0.48085	-6.5681	-0.1748366313854
35.74	-1.5646	-5.2828	-0.0634164342115497
37.574	-2.8168	-1.8882	-0.489454669573173
32.89	0.72047	-2.1587	0.645290759956466
36.778	-6.6332	-1.1096	0.423470560447388
37.034	-3.681	-5.0419	1.54388440845461
27.479	-1.1421	0.8687	1.645
35.114	-8.5241	-4.0748	-0.834485491357366
35.997	-3.0534	-4.6892	-0.11244976992951
36.301	-1.469	-4.8456	1.645
33.033	0.14127	-0.89016	-0.0480441654169316
35.769	-1.0613	-4.7791	1.10653587777574
24.668	-11.654	-3.2159	0.72706344350996
28.566	2.1575	-0.46418	-0.589848879490273
18.476	-11.922	-3.6567	1.645
31.902	-10.188	-3.1425	0.0239468495621344
35.592	-6.7005	-0.93449	1.645
34.055	0.053927	-3.4849	-1.1889821955188
29.642	-1.2463	-6.7948	0.262981424255924
37.359	-2.1066	-3.8716	-0.0513907190845096
28.656	-0.89458	-6.9293	-0.516940115592236
37.672	-6.7785	-0.78609	0.432440058119967
35.668	-7.5501	-1.0858	-0.602602947929703
36.261	-6.8152	-1.5389	1.645
36.834	-6.7319	-1.2722	1.645
36.996	-7.5969	-1.0678	-0.693587877234332
30.542	-6.0829	-5.3952	-0.441774601975164
35.304	-0.72865	-1.7241	-1.09869176673812
32.167	-10.434	-3.3169	-0.815370676783414
37.241	-6.6798	-1.5083	1.21060512707806
37.692	-3.8642	-3.9815	0.600318333640412
36.295	-7.3641	-1.1927	-0.209103797642534
36.177	-1.3727	-4.7834	-0.878257754054117
35.221	-1.4667	-5.6054	0.93479125047524
36.195	-3.0407	-2.149	-0.613990082988011
20.821	-12.156	-3.2601	-0.0794885646797405
28.31	-11.059	-4.4058	1.645
37.112	-7.4161	-1.9881	-0.579679587699897
35.304	-6.792	-4.5462	1.645
31.554	1.5166	-0.70294	-0.180863303730162
35.332	-3.4379	0.25797	-0.836002590419734
33.492	-9.8817	-3.9009	0.175170570759113
37.411	-6.3305	-1.4893	-1.645
35.78	-6.7263	-1.6317	-0.653891446042365
33.448	-0.77411	0.15523	-0.914404138887373
35.375	-5.2242	-0.81239	0.1026379334597
33.301	-0.8584	-6.2191	-0.00455903164802825
33.996	-0.50546	-3.2843	1.645
36.135	-7.0239	-0.50614	0.120999900744879
35.965	-2.0548	-5.2201	0.335496618986196
36.394	-6.1789	-1.2919	-0.191296150180204
37.406	-4.8724	-2.8986	-0.950627344727135
36.04	-7.8278	-3.3901	-0.39112912089139
36.003	-7.4847	-0.98669	0.048299066081464
37.505	-3.3844	-3.665	0.580314645203566
38.095	-4.4114	-3.0289	-0.523019808251506
28.845	-0.3391	-6.3215	1.645
31.873	1.1603	-1.4668	-0.943475986662069
37.224	-5.958	-1.089	0.157328651385797
37.745	-6.0125	-2.6235	1.10445520336455
32.761	-10.279	-3.5803	0.542606404449362
35.146	-6.8688	-1.1453	-0.525846971014701
22.237	-11.81	-3.5527	-0.473291606846643
36.309	-1.0166	-2.6914	-1.3454569130365
32.789	-9.4975	-3.0511	-0.445987440131544
38.051	-7.0224	-2.7249	0.676042016048112
37.117	-7.0294	-1.3152	-1.31593684263272
29.757	-0.67542	-6.5392	0.450062116629975
37.809	-6.3381	-1.42	-0.309313577426635
37.268	-4.9914	-0.25184	-1.34589179670475
37.709	-3.5095	-2.5169	0.29311988743601
29.359	-1.6151	0.50232	-0.613628781877293
35.72	-8.5251	-3.5035	-0.613374716409058
35.965	-1.3746	-5.0021	1.04104424987021
36.316	-4.3292	-0.2157	0.272682858196624
32.677	-8.7274	-4.1685	0.649726070115378
38.36	-5.3256	-2.9136	-0.549107946968192
36.221	-7.3412	-4.4751	-0.266678149167961
34.415	-6.8325	0.075148	1.04036127034899
28.368	-0.59665	-6.7559	0.644679132748731
36.759	-3.5836	-0.81804	-0.665723145856316
34.095	-9.7839	-3.228	-0.845108376247831
37.368	-6.4768	-2.9922	-0.649503842819557
37.332	-7.2515	-3.8961	0.995115140338065
35.258	-5.3219	-5.4431	-0.131406275305743
36.321	-3.9637	-0.27042	0.621299952246336
36.03	-6.7396	-2.2656	0.565454552839
36.297	-6.6218	-1.3064	1.32346455601772
36.623	-2.2417	-4.4946	-0.833467761938607
30.035	-10.734	-3.8263	-0.301300959164291
36.66	-6.6386	-0.37036	-1.19826468377872
21.515	-0.27706	1.74	-0.633683422519237
33.103	-10.306	-3.7632	0.506906495369572
36.952	-8.0395	-3.7747	0.281591215170514
22.571	-0.57713	1.5151	-0.205026014096355
37.393	-3.4946	-4.3244	-0.903614774874492
29.076	-11.036	-4.0158	1.63657943428404
27.77	-11.555	-3.6482	0.895548448818608
37.578	-3.8494	-4.4812	0.269829594622743
37.42	-3.8425	-1.2864	1.645
26.936	-1.6129	1.3973	-0.419441251738255
36.112	-7.3194	-0.71772	-1.16880237587946
35.791	-7.0583	-0.31701	-0.584444468521457
30.4	-10.876	-4.4696	-0.269305362778206
35.159	-1.6508	-5.7185	0.302748983615684
36.861	-1.5517	-4.234	-0.139476503085714
26.877	2.3493	0.26303	-0.762653579634545
20.474	-12.495	-3.206	-0.301644618833737
27.177	-2.3797	0.14023	-0.839548179675545
37.496	-2.3662	-2.2257	1.60037255530951
34.893	-8.2576	-0.2879	-0.000668444838987354
26.716	-11.636	-3.9302	1.645
34.889	-7.5416	-4.5362	0.79174382082357
36.442	-8.308	-1.1302	-0.530474078581845
35.773	-7.8802	-0.81617	-0.353697948371694
37.317	-6.8573	-3.3818	0.226491831374779
36.102	-3.0749	-5.1304	1.08455009839815
37.105	-2.5589	-3.5756	-0.590966573311117
25.809	-11.625	-3.7767	0.65901730390036
31.857	1.6245	-3.1076	0.838105922880189
26.788	-1.3344	0.7076	-0.879683186050219
37.049	-6.6954	-1.5441	-0.875842266768036
30.72	1.4517	-0.34053	-0.465437412522918
27.045	2.3681	0.63953	1.645
20.617	-0.3175	1.6639	-0.680270714462981
37.887	-5.396	-1.5637	0.217367349133848
37.858	-5.3791	-3.9756	0.791898826706199
37.652	-4.4151	-4.0434	-0.891021964830349
29.685	-10.994	-2.7076	0.122516782216356
33.751	-10.254	-2.9882	0.37039854796712
33.908	-0.57427	-1.1263	-0.502508146956244
36.426	-7.9875	-4.213	-0.464245943078006
33.919	-7.0507	-5.0645	-0.632541832297296
37.54	-3.8517	-4.3804	-1.08512417150625
35.577	-1.6453	-5.4049	-0.232834671195101
38.032	-3.8433	-2.5224	-0.755599267004262
26.259	-0.18253	-7.0548	-0.559296418398559
35.993	-7.0808	-1.3785	-0.582928626026834
34.187	-1.4715	-5.6999	-0.878337352677976
38.371	-4.863	-2.051	-0.445782865015146
36.918	-7.5758	-1.5006	-0.417458054835351
36.473	-1.6404	-4.767	-0.0852697432529361
28.657	-0.49517	-6.6234	0.505431389135947
36.394	-7.593	-0.62675	-0.660703771396826
36.478	-7.1979	-2.0881	-1.02811467235088
35.184	-9.2901	-3.1965	0.605751558587515
33.753	-9.4761	-3.5559	1.43190560858253
38.074	-4.3028	-2.4632	1.11267425246033
36.292	-2.6554	-4.4174	-0.457707202728088
37.272	-6.8375	-1.1314	-0.758405559578181
33.715	-9.6432	-2.123	-0.374305751360012
35.237	-0.69076	-4.8874	1.41313226478135
24.414	-12.142	-3.2013	0.907367967634714
37.569	-6.5148	-1.4642	-0.224566631466695
36.96	-6.9343	-1.0159	-0.0905854686891025
37.294	-1.9809	-3.4145	1.645
37.737	-6.611	-1.2513	-0.608053050880966
37.08	-2.6979	-1.4846	-0.151131540038963
37.508	-7.0244	-1.8393	-0.659232280056117
37.038	-4.3294	-1.0892	0.0772325834290298
34.492	-7.3364	0.24994	-0.533718797629482
27.619	-11.723	-3.0238	1.645
37.109	-7.0105	-0.90472	-0.723893314095519
33.954	-0.85081	-5.874	1.645
25.499	-1.9116	0.89186	-0.552210539209566
33.203	-10.02	-3.7952	1.14456552130973
36.949	-4.5689	-2.2549	-0.459048309238072
38.43	-6.1105	-2.4777	-0.239408071404015
36.281	-7.2612	-1.4428	-0.488229627916174
36.205	-2.6511	-0.80731	-0.267627577221604
31.294	-7.8077	-4.7166	-0.40997769018346
28.036	-0.32208	-6.6729	-0.603440381966496
37.033	-2.5461	-1.0928	-0.810890880643771
33.627	-10.262	-3.7998	0.49699809004788
28.89	2.0927	-0.92713	-0.518113309553507
36.811	-6.4165	0.35144	0.458137422127277
37.011	-5.9559	-0.4383	-0.207049455860624
38.201	-3.9247	-2.182	-0.593303319310854
36.854	-3.5895	-4.6313	-0.182500377977639
37.373	-6.9962	-0.69014	-0.691327958919898
38.149	-5.5533	-1.2842	-0.67290434898313
36.144	-2.2189	-1.1147	-1.25273222253459
35.14	-0.37334	-2.7565	-0.614440632764765
36.902	-7.0363	-0.65284	-1.21469382607628
36.446	-6.3734	-4.8093	0.854542456480581
36.044	-8.7182	-2.4083	-1.33595081542658
34.719	-9.8405	-3.3063	0.43921144745237
36.437	-3.6993	-4.3082	-0.189150861992607
34.532	-1.6199	-5.9276	-1.33153091458683
24.371	-1.4143	1.2245	-0.367931416084256
27.162	-11.286	-4.1317	-0.419404959851302
35.233	-8.8871	-3.1131	1.645
34.886	-6.2481	-5.5571	-0.770122413502158
34.45	-9.2067	-3.1109	1.645
35.822	-6.391	-2.1782	-1.03532946029397
35.733	-1.9219	-0.14499	-0.884574233398586
35.874	-8.6177	-1.8043	0.0922425266677906
34.192	-8.3314	-3.5638	-0.534622179774766
37.948	-6.3604	-1.6608	0.114316884343656
35.228	-8.4952	-3.2171	-0.435043147454793
34.806	-6.9562	-0.62806	0.0401948828278112
26.345	-1.1055	0.5634	0.695124071472473
25.296	-0.72466	1.6146	-0.518183225251826
37.422	-3.4628	-2.3274	-0.773159216903575
28.048	-11.488	-4.1721	-0.177398658841819
37.105	-3.6061	-4.5524	-0.809457240382208
36.419	-6.6899	-0.5559	0.954814932265829
35.34	-2.5809	-4.242	1.645
33.407	-9.7397	-3.9947	-0.881095310253446
32.896	-9.6574	-3.1526	0.722690367631314
36.359	-7.4549	-1.0004	-0.284448901412073
35.12	-1.2742	-2.8903	1.12495310056796
37.498	-3.5547	-4.4466	-0.514193932126443
36.054	-7.6498	-0.76852	-0.716679274659255
37.167	-6.6659	-1.13	-1.04822235869899
37.129	-4.2692	-2.0975	1.645
36.978	-1.6567	-1.9199	0.49421052005317
29.606	1.5715	-0.54431	-0.708111909725371
33.643	-1.3637	-2.5897	-0.64451980581682
34.789	-7.3388	-0.54573	0.849114427238046
28.725	1.7036	-0.72164	-0.127621543916201
24.712	2.8802	0.58317	-0.698918129360197
36.593	-5.8661	-0.6886	-0.624110245025417
36.284	-1.8405	-5.0251	-0.845168415868392
29.893	-1.3723	-6.5831	0.2501032189796
36.546	-7.4554	-1.1895	-1.41192463501864
35.946	-6.5489	-1.2203	-0.120919892017255
36.537	-6.8783	-1.0337	-0.47085920325549
20.317	-12.541	-3.2969	-0.859833071403885
34.361	-1.276	-5.9627	0.139187456007508
37.923	-3.705	-3.5402	-0.633972366295486
37.259	-3.0075	-4.4835	-0.634158748139446
37.096	-3.0514	-4.6541	0.833484591000573
34.849	-9.695	-3.414	-0.275512426326387
38.398	-5.8134	-1.1318	-0.620752134536382
24.003	0.13853	1.4663	-0.598491707517925
37.122	-3.4666	-4.8168	0.382490535164175
36.732	-7.2218	-0.73825	0.608052456675041
33.778	-8.1256	-0.58235	-1.03532048316174
31.849	-10.422	-3.1593	0.0706999428921577
37.14	-3.9296	-2.3872	0.628132482580958
36.72	-6.1892	-0.64828	-0.218758186925
36.229	-7.0194	-0.57746	-0.262024105151604
31.782	-10.612	-2.5976	-0.497430648747515
33.339	-3.0923	-1.8954	1.645
31.845	1.0033	-1.1008	-0.109915371498748
34.623	-7.9058	-0.21977	1.09891563738951
36.82	-6.9642	-1.231	-0.708496913231281
38.141	-4.2786	-2.7783	0.21918706503954
36.231	-6.2373	-5.1256	0.465096249949357
36.289	-2.5821	-5.4333	0.46230639399332
37.38	-3.0814	-1.6637	-0.117327274029675
35.425	-1.3523	-5.359	-0.0224925620949179
35.754	-8.7903	-3.0805	0.671993065842557
36.588	-2.8971	-0.65573	0.612490364593394
28.461	0.98628	0.17033	-0.631782607750985
36.185	-1.9151	-5.1717	0.1252336088802
36.577	-3.213	-5.146	-1.30166315825207
36.786	-8.3038	-2.0017	-0.3976302734215
37.997	-4.8692	-1.9471	-0.360447099677773
37.103	-6.7509	-1.4273	0.105004278559797
38.09	-4.6696	-3.7878	1.645
25.277	-1.3055	1.488	0.335200154577974
36.099	-2.2894	-4.5739	-0.657247828095681
31.698	-1.481	-6.3148	1.4544952691769
37.265	-6.8089	-1.3866	0.720527975180526
32.951	-2.1329	0.73755	-0.60204875723424
35.127	-9.5065	-3.6642	1.38087774865173
36.16	-6.4134	-0.87063	0.346182399644444
37.729	-4.9993	-4.3855	-0.139629980840005
32.13	-10.432	-3.3767	0.0938525920753476
37.573	-3.3045	-2.1576	0.341762766709033
37.755	-3.5724	-3.9847	1.1925024226401
37.348	-6.6439	-1.5268	1.10608292994621
37.925	-7.2268	-2.1791	-0.276965242280718
36.177	-1.8567	-5.0243	-1.28371320270497
37.795	-6.7263	-1.3088	-0.247436116709488
31.65	0.84958	-1.5053	-0.133974074265383
36.07	-7.6448	-1.1824	0.105412132896265
22.184	-12.39	-2.6067	1.31629483286292
30.247	-10.532	-3.9948	1.1191202158554
37.393	-6.592	-1.4972	0.987101027647869
37.554	-2.4907	-3.7862	-0.704436591738005
37.201	-7.6178	-1.6684	-0.747350080457793
30.283	-1.7556	-6.5862	1.645
25.356	-12.145	-2.9767	0.605935587790677
35.172	-5.0249	-0.59907	-0.832989431578603
37.305	-7.1596	-1.4898	-0.0287458068155806
35.947	-3.498	-4.6138	0.515004549375536
33.207	-10.28	-2.8261	-0.271940697562379
28.016	2.2856	-0.45016	-0.593190327107757
22.195	-0.52443	1.9394	-0.758230752842314
35.802	-9.2502	-3.1529	1.10854005011775
36.956	-7.4289	-1.0991	-0.981278861032979
38.171	-4.4907	-2.327	0.272044564513273
36.092	-7.0394	-3.7643	1.2698438059651
26.98	-11.301	-3.1408	-0.651439931171829
35.669	-5.378	-5.4118	-1.15393166563181
34.864	-0.4048	-2.0771	1.645
36.613	-7.0288	-0.34779	-0.71220708466212
31.329	-9.8618	-4.0712	1.36328919878638
36.769	-3.844	-5.1959	-1.645
30.827	-10.451	-4.0079	-0.527245367988701
37.061	-7.7577	-3.156	1.14641512420981
34.483	-1.1037	-5.7561	-1.10914894034688
35.73	-7.9709	-0.66978	-0.671532178520874
26.612	-11.577	-3.6266	0.351143521961782
36.745	-7.1831	-2.3689	-0.643853430411906
31.359	1.2267	-0.79001	-1.082260507769
34.084	-5.1555	-0.37926	0.303856715576737
38.29	-5.6387	-2.4153	-1.27614061209942
22.106	0.18732	1.8667	-0.82931335996249
35.735	-6.692	-0.29731	-0.00721374867004091
17.095	-12.321	-2.8753	1.645
36.501	-6.4825	-0.69156	-0.204264141306544
26.577	2.4753	-0.54886	0.0359611851166886
37.219	-2.0424	-2.5208	-0.132859043160141
36.172	-0.92643	-4.2247	0.136620744609994
37.095	-4.2397	-4.9509	-0.286163711843399
33.674	-1.1195	0.1615	0.207735003294012
36.517	-7.0275	-0.29672	-1.08550281703764
31.972	-10.291	-4.3015	-0.322500764907235
37.138	-4.5323	-4.5154	-0.662506038222958
32.883	-8.6579	-4.8132	1.54249295826597
33.946	0.48495	-2.0193	-0.919622879412905
33.226	-8.1007	-3.0252	-0.670886915161508
36.037	-8.4397	-2.6454	0.669561851589174
32.196	-1.6907	0.61627	-0.433631777618195
27.763	-0.19828	-6.7383	-0.818640130842274
36.339	-6.8364	-0.98471	0.0451291354826647
32.65	-0.74971	-6.2361	-0.386877197375407
36.261	-2.6379	-4.6789	-0.506342517292355
35.636	-9.2272	-3.3149	1.645
37.07	-2.1273	-3.4271	0.36273515080413
36.04	-8.1498	-3.5092	0.287810371348455
37.255	-6.7602	-0.97143	-1.3561056405917
33.652	-9.6058	-2.9365	0.824995373304838
35.983	-8.1255	-2.4158	1.645
34.944	-8.9841	-4.1297	-0.29169577033138
33.04	0.80558	-4.2231	-0.38627710225998
37.059	-7.1464	-0.47755	-1.15955261259186
35.629	-9.285	-3.1762	0.912451059681767
37.101	-2.5892	-4.5559	0.744765795107521
33.365	0.518	-1.5642	-1.35598779547609
37.799	-3.4383	-3.9197	-0.0995213534751472
37.502	-6.2755	-1.1577	-0.136098485929579
37.352	-7.3788	-1.6396	0.0753962575884065
34.537	-0.89781	-0.21511	1.30680944740261
34.933	-9.2861	-1.8374	-0.881975208966565
34.882	-6.9392	-0.59267	-0.0578311864510828
28.051	-11.463	-3.9954	0.0110707236857472
38.583	-5.346	-2.3082	-1.62112254695903
35.765	-2.3939	-5.2168	-0.643437599253339
35.587	-2.51	-0.4416	-1.05785485399105
37.18	-7.2877	-2.0295	0.0810289129818531
36.955	-6.6936	-0.62468	0.392811780053282
33.145	0.72644	-3.0346	0.302658000175213
36.358	-1.9963	-3.3979	-0.829298528220624
35.264	-7.1588	-0.50919	-0.54018931742868
34.658	-0.62976	-5.3143	0.107383406830353
36.36	-2.2355	-0.98092	-0.0675517235786298
36.834	-7.6649	-2.6837	0.665749562245318
21.132	-1.0722	1.3773	-0.951053605237227
13.152	-11.939	-3.2046	0.820854484050857
36.426	-6.7145	-0.56541	0.881524313575442
36.807	-6.8513	-1.4331	-0.664046598046211
36.444	-7.3508	-0.80357	-0.789123373886711
35.638	-1.1759	-3.9446	-0.223385596893748
27.737	-11.284	-3.2202	0.0687675981595683
36.113	-7.5229	-1.1566	-0.746497808124026
34.689	-0.28268	-3.6521	0.133309575827013
37.379	-3.6702	-0.92475	0.234005374781581
38.099	-4.1749	-2.0066	-1.21750203776225
38.276	-3.9029	-2.2387	-0.38130529207427
35.502	-5.9782	-1.6541	-0.803538661861566
36.584	-6.9242	-0.77023	-1.06195170106907
35.672	-1.7917	-5.3377	-1.19495044290044
36.752	-3.5477	-2.6273	-0.90361317697263
34.205	-9.6351	-2.6179	0.199202385794594
36.673	-7.7313	-1.7312	-0.629747739993651
34.93	-7.4385	0.28604	-1.10895045774885
36.492	-7.1408	-1.0361	-0.603884006129928
37.788	-4.174	-1.7582	0.671722294216401
36.965	-3.0487	-1.9398	-0.0821245930255578
38.23	-4.9132	-3.4835	0.444457817222739
36.663	-3.1631	-0.3802	-0.143434085693056
33.099	0.055081	-5.2592	0.392748886878443
31.239	-10.563	-3.4322	0.464262864747223
35.881	-1.4853	-5.1216	-0.206151739397816
33.57	-8.7984	-2.8098	-0.402604426815608
37.128	-7.3755	-1.516	1.44869152252864
33.552	-9.7298	-1.7604	0.0132532518970549
35.169	-9.4052	-2.0994	0.981172711135032
33.728	-7.5046	-4.2941	1.645
31.148	1.1191	-1.7657	-0.520374894044114
36.1	-5.7452	-0.9397	1.645
14.2	-12.25	-2.7913	1.645
33.449	-0.70302	-0.86649	-0.860553002382381
36.735	-2.0513	-4.5974	1.00218413452198
37.97	-6.9158	-1.8538	-0.626297150877177
37.271	-6.6982	-1.6293	0.246733908448436
36.379	-3.7123	-1.4074	-0.28769667652464
24.282	-11.844	-3.4144	0.40251776753276
36.613	-3.0796	-0.94265	0.705576590486593
35.771	-6.6465	-1.0204	0.705792702899697
29.6	1.593	-1.8446	-0.954646139581979
37.883	-2.6633	-2.9858	-0.555652597039312
31.258	-10.897	-3.3516	1.645
28.835	-0.9672	-6.622	-0.938973720132488
26.632	-11.363	-3.9523	1.645
34.045	-9.3825	-2.7884	1.29882651633983
36.668	-5.7643	-0.36006	-0.300305038739056
33.156	0.051677	-0.95287	-1.53479464671956
33.764	-0.71277	-5.7633	-1.45875383689312
35.295	-7.3557	-2.6164	0.377948168667093
34.803	-7.3818	-0.18694	0.843949166005542
34.462	-9.6263	-2.7398	1.645
35.186	-7.3743	-0.73991	0.876670635693356
36.568	-6.7341	-0.43936	-1.15522613766618
37.311	-7.1319	-2.484	-0.787672265509647
24.603	3.0977	0.72789	-0.735087588131921
30.903	0.73487	-0.78254	-0.581595318235263
36.998	-6.8792	-0.55387	-1.645
33.493	-0.10664	-5.5756	-1.02678355992439
38.411	-5.9434	-2.5654	-0.638220353953897
23.875	-11.581	-3.7265	0.958122078294019
31.882	0.099737	0.85538	-0.333236289470873
31.935	-9.6442	-3.1092	1.645
26.959	-11.641	-3.4896	1.38579011963117
27.536	2.4938	-0.31686	0.414875684317578
37.244	-6.5933	-1.2809	-1.05183858151312
29.127	1.8274	-0.60295	-0.833019783262287
37.126	-1.7498	-4.0023	0.0129734174815016
37.964	-6.7002	-1.5893	0.974852095281198
29.648	-0.84476	0.71673	-0.505637428352111
37.316	-6.1483	-0.43037	-0.264021402087202
37.077	-7.9142	-1.4075	-0.440014795480502
33.288	-0.28058	-5.9272	-0.0884145922392163
35.647	-8.0758	-4.3618	0.433798644419937
36.307	-7.1819	-0.72469	-1.08293699106578
37.012	-7.3768	-2.6185	-0.388972251594875
29.6	-10.915	-3.8914	0.498554483662173
37.241	-3.7254	-1.2785	-1.645
36.381	-6.3235	-0.97449	-0.849074838535336
38.228	-5.9979	-2.4075	-0.283622289556642
29.683	2.3099	-1.5653	-0.0637766638032297
36.092	-3.3609	-0.37577	-0.94468912182203
36.459	-2.2777	-4.9212	0.244265049948538
26.628	-11.465	-3.5706	1.3288326065817
37.597	-4.7139	-4.268	-0.898785688743445
37.638	-2.9456	-1.7393	0.132009525968281
36.825	-5.2081	-2.5948	0.24840078414017
37.001	-3.1956	-1.9825	-0.357566720740713
35.376	-7.6203	-0.86273	1.645
29.737	-10.997	-3.7093	1.645
36.646	-6.9621	-4.4572	-0.197327917826703
35.599	-6.7579	-0.15719	-1.14692073023585
31.82	-1.1205	-6.6025	-0.837925945111106
36.406	-3.0178	-1.5552	-0.685057363845174
33.897	-9.3231	-3.4479	1.645
32.105	-1.7627	-0.10838	-0.964353436143025
36.277	-7.249	-0.71106	-0.43585082324172
36.737	-5.862	-0.77037	-0.542804338681452
36.388	-6.8777	-0.40505	-0.820320298684819
37.261	-2.7718	-4.19	-0.301351422992626
31.621	1.471	-2.1952	-1.11151856164228
37.684	-3.9188	-3.9944	-0.582628850814383
24.924	3.2424	0.63254	1.08409341073285
35.866	-3.3966	-1.9231	-0.0554118678004931
27.767	2.2237	-0.43318	-1.22688786489016
35.011	-9.3326	-3.6961	-0.059041699191243
36.754	-3.0007	-4.6999	0.847386427469135
28.246	-11.364	-3.9274	1.645
28.058	-0.40419	-6.5521	0.00822476484123612
36.427	-6.7942	-0.72939	-0.759862488087968
38.176	-3.9397	-2.3623	1.24845996442089
31.848	-10.514	-3.7276	1.645
32.421	-9.9028	-3.8736	-0.993785948052369
37.445	-4.4388	-3.7318	-0.534909430852321
35.951	-1.7764	-5.2628	-0.052469618001072
35.052	-2.3438	-0.25459	-1.43954076161473
37.046	-6.6266	-1.4054	-0.821043824131342
35.805	-0.27107	-3.7675	0.540362008098497
37.018	-2.1404	-3.4635	-1.47645353572497
29.485	-11.04	-4.0291	1.645
34.963	-0.91573	-4.2992	-0.270499962276387
35	-8.9277	-3.0689	-0.629895520771506
37.03	-6.9054	-0.89318	-1.03170165814563
36.998	-6.6701	-0.68066	-0.385728531816268
28.959	-10.732	-3.9835	-0.321887244631104
28.796	2.6423	-1.0447	-0.0754540137650849
35.607	-1.8209	-5.5017	-0.870196254176947
29.049	2.1374	-1.2587	1.60702088083661
36.564	-7.3469	-0.8169	0.379595440307467
37.58	-5.6603	-2.0723	-0.202189589860623
31.865	0.77388	-1.3397	0.873902493194518
29.143	-1.0016	-6.5471	0.883414443280638
27.258	0.22043	-6.3336	0.0698155183939768
35.159	-8.7272	-4.1003	-0.433968638668576
35.815	-7.8946	-0.37288	-0.762245254581299
37.493	-3.1652	-4.0554	0.731237206693475
36.963	-3.5361	-2.5995	-0.183682005273287
37.393	-5.8686	-0.98026	-1.31193425996613
37.813	-3.2192	-2.0258	0.445897638453638
37.005	-7.4155	-1.2923	-0.554740699248338
36.678	-7.6703	-1.4146	-0.833668614486546
36.409	-6.576	-1.957	-1.03436721383679
36.077	-2.6253	-4.9514	-0.652244564284327
36.243	-3.5794	-0.21717	1.60472759555104
36.026	-6.626	-0.1023	1.0805873459677
36.241	-3.1487	-1.2023	0.195732728061424
26.151	2.5267	-0.32816	0.564243303992688
37.961	-4.5137	-3.6152	-0.114832157959582
34.751	-2.076	-4.7894	0.472099402045731
35.408	-1.3801	-5.2085	0.443192346631924
31.983	-8.192	0.43924	-0.734377586110664
37.348	-4.3808	-3.4643	-0.0710043364700675
25.224	-11.867	-3.7074	-0.782462130384232
29.185	-1.0694	-6.7569	-0.652071672069526
34.119	-1.5572	-3.3554	-0.78938765066083
35.665	-1.1446	-3.4708	0.0803134946528335
37.853	-6.0901	-2.2477	-1.08984588390663
36.103	-2.9022	-4.7952	-0.762151672563868
36.835	-3.5596	-0.94827	-0.316253288800309
36.17	-7.445	-0.85062	-0.835478569309235
26.906	2.3831	-0.26394	-1.46475278789458
36.06	-7.5642	-0.4854	-0.0359578057667144
37.14	-4.964	-4.1295	1.13514413628727
36.254	-2.536	-4.605	-0.833355842323947
37.401	-2.788	-4.0256	1.56893683805762
36.424	-7.281	-0.91605	-0.884718802269658
35.811	-7.1054	-0.26252	-1.12623705680196
35.131	-7.9391	-1.5386	-0.801195793505722
36.196	-2.2167	-5.2777	0.0853556694379744
35.143	-3.4181	-0.3143	-0.186539242221007
35.111	-2.7285	-5.6907	-0.278782849225981
38.008	-3.2008	-3.5752	0.583693120697366
35.136	-0.6424	-1.0237	0.769823505023752
35.689	-6.7757	-2.8578	0.447235121431488
29.713	-1.3836	0.57155	-0.580487243196639
30.906	-10.083	-3.4443	1.16286171427717
34.883	-4.4287	-1.5223	-0.743507796036976
38.086	-4.8205	-3.8928	0.626702152290723
37.501	-3.63	-3.2459	-1.14398818203858
35.843	-6.6108	-1.5401	-0.910429769940079
31.505	-10.677	-3.5357	-0.537029859865343
37.16	-6.6232	-0.7396	0.124601780854555
36.42	-7.2465	-0.79641	0.088458892855013
31.917	-9.7447	-4.6294	0.641253532598247
37.031	-6.9763	-1.0374	-1.14917316423435
38.265	-5.2641	-1.6418	0.44188682542387
37.023	-7.7618	-3.0738	-0.749955486660954
35.848	-8.0086	-0.74692	-0.158714264009819
37.359	-3.4721	-4.3656	-0.308201297766704
37.919	-4.1884	-3.3612	1.645
31.151	-10.386	-3.707	0.644453735942209
37.056	-2.086	-4.1943	-0.837591778739174
38.006	-4.5622	-1.6132	-0.145855771149133
36.625	-3.1859	-5.035	-0.226279996918683
22.994	0.17768	1.5887	-0.114701515849934
37.974	-3.5713	-2.2629	0.893729078966666
35.991	-7.1105	-0.27884	-0.591508631228001
34.046	-7.7115	-0.99998	-0.974319912969326
28.049	-10.987	-4.007	0.0118193987564793
24.626	2.8702	0.65734	-0.691745317670734
35.883	-6.8386	-4.8344	-0.477558359488343
36.537	-6.301	-1.1695	0.543370092536327
36.684	-6.916	-0.54257	-0.550435641720216
36.131	-6.7703	-0.6249	-0.914118704430956
36.721	-7.1728	-1.6014	-0.0109442553557969
36.291	-3.2826	-5.4975	0.0753069913632608
37.998	-6.5588	-1.1578	0.403263012247493
37.407	-3.279	-1.2402	-0.311290343940902
34.719	-0.76652	-0.38087	-0.823003537495999
24.667	-11.97	-3.4268	0.577441296949185
36.562	-7.8558	-2.4601	0.311583820401557
34.523	-6.4037	-5.2684	-0.0953959273341385
36.344	-2.7243	-5.0541	1.34389888906649
28.704	-1.2358	0.73461	-0.465144442175322
35.112	-8.381	-1.5627	0.058926521701096
36.561	-8.08	-2.507	-0.608006426251473
29.101	1.8205	-1.2912	-0.34118479160633
35.878	-8.1252	-1.6888	-0.249427126532642
33.057	0.84632	-2.7147	1.645
33.546	-0.34527	-5.445	-0.860240498172603
31.882	-0.57295	-5.8092	0.506185227401725
24.91	-11.954	-3.5912	1.645
38.382	-5.4187	-2.2298	0.45171024648981
35.342	-0.84757	-4.9727	0.906847116255333
34.619	-5.6944	-5.4814	-0.0282746309576116
36.436	-7.5013	-0.96146	-0.382007639848602
37.02	-3.3083	-1.0167	-0.578133240237557
34.806	-8.8901	-2.973	0.292807780435608
34.347	-0.98887	-5.2431	-0.951221582176254
32.922	-10.36	-3.0592	-0.424123296370291
37.436	-2.0099	-3.387	0.15399031331339
27.802	-0.52154	-6.6001	-0.653809726428307
36.324	-7.7981	-3.4379	1.645
33.436	-1.2899	-6.2745	0.877969562959923
33.177	-9.7487	-2.9992	0.821431075050072
27.274	2.4161	-0.10539	1.06279296963334
25.93	-1.2025	0.87789	0.146702089188642
36.272	-2.8487	-4.1937	0.0185986260159392
37.157	-2.2965	-4.1908	-1.19462664026272
30.682	1.0168	-1.2092	0.210269857526758
34.541	-2.8555	-1.6681	-0.899561413323171
33.291	0.40457	-1.8331	0.546700489741599
37.406	-4.0066	-3.9598	0.187532882607265
24.997	-0.66669	1.1359	-0.629682665835295
36.12	-6.4143	-1.0835	-0.343795476511592
34.659	-1.9863	-5.9829	-0.327066158433752
36.488	-7.3251	-2.3262	1.645
27.032	-11.414	-3.9168	-0.838032310472541
33.231	0.16905	-5.6528	-0.42660851520008
35.542	-6.5946	-1.1652	1.645
36.53	-7.222	-1.5122	0.263267951262196
35.769	-1.7993	-5.2612	-1.43625223424614
35.546	-8.9878	-2.0374	0.643844023206184
36.791	-7.3313	-1.4707	-0.304069617657532
29.891	1.399	-0.59674	-1.14049420039405
35.835	-5.3318	-5.5868	0.449790100809632
28.257	-0.68969	-6.8239	-0.468390254764868
37.377	-6.8635	-1.8859	-0.01508680537274
27.464	-11.751	-2.8039	-0.0621014747187314
28.168	-0.41404	-6.7192	-1.645
37.75	-4.869	-1.3026	-0.908275497626231
35.944	-7.7459	-1.3209	-0.646760668820465
38.082	-5.3314	-2.1137	-0.65985293068763
33.007	0.29962	-0.29684	0.126621096782603
38.541	-5.8464	-3.3132	0.31520692422172
36.802	-7.1285	-0.91854	-0.338003575123541
37.28	-2.8613	-4.4514	-0.425336111537333
27.788	-0.7983	-6.5807	-0.480236424055032
29.504	-10.993	-3.853	0.00977462901035236
30.43	-10.246	-3.9492	-0.152764198520411
35.675	-7.1694	-0.86933	-0.650399379349098
37.326	-5.6839	-4.4112	1.645
36.829	-3.054	-4.6771	-1.34412991332082
37.127	-7.6054	-3.972	-0.589006148846335
32.465	0.75286	-1.4389	-1.03363628007841
33.046	-8.5364	-0.65937	-0.262950746728974
32.73	-10.178	-2.8586	-1.24679884910352
34.579	-9.3204	-3.3467	0.473953413189907
33.708	-1.6614	0.33322	-0.986048493663836
37.264	-6.7331	-1.3042	-0.453670797631782
33.378	-9.128	-3.986	0.324180887510172
36.682	-6.2436	-0.22291	-0.904681993807028
30.821	-10.162	-3.2975	0.262240093047609
36.51	-8.369	-3.6788	1.12259466736094
24.884	-12.03	-3.7199	1.45182789836756
35.633	-2.7754	-0.42644	0.481185121662762
36.718	-6.6751	-0.98773	1.03228881179415
35.556	-2.9167	-0.96308	-1.31585718298169
27.416	-11.642	-3.608	-0.164426434153132
35.042	-7.5012	-4.9165	-0.642490187787709
37.034	-2.7736	-2.7544	-0.638841897548044
37.879	-3.3745	-3.9897	-0.728216010244553
28.693	1.9418	-0.84665	-1.33326767224316
36.863	-4.6665	-0.57369	-0.49126488371944
37.196	-2.9731	-1.8959	-0.625483999458528
28.874	-11.12	-4.0281	1.5691984415169
37.449	-6.7361	-1.3597	-0.707079242555832
35.503	-6.2815	0.51715	0.325897487181986
24.869	-11.715	-3.337	1.645
37.136	-6.9179	-0.88602	-0.249824112125565
37.548	-3.7864	-2.5541	-0.783999445706778
36.034	-7.4432	-0.97491	0.00929578528769644
37.937	-4.7004	-4.0766	-0.51681407490275
35.013	-1.0942	-0.74452	-0.897560282017717
37.172	-5.7699	-2.3884	-0.944148622058824
37.69	-2.9721	-2.3396	0.151256187770593
36.99	-7.0988	-1.0916	0.328480685955166
32.325	-6.7771	-5.2843	-0.25343239482275
36.596	-8.2474	-2.108	-0.509993665247027
34.624	-9.1756	-3.8766	1.455589627441
36.626	-3.6918	-0.73483	0.341807277360444
36.301	-7.5684	-2.2311	-0.137394802576773
35.615	-2.2489	-4.7724	-0.501001301333687
37.742	-5.3859	-2.9074	-0.540762069640382
36.329	-1.779	-4.8389	-0.789955691932433
33.853	-7.9412	-4.2012	-0.445321494445021
36.495	-7.6701	-0.95526	-0.426006225709303
32.664	-10.854	-2.59	-0.299602852875268
34.45	-0.82641	-5.3395	-0.355394000261593
31.683	-1.2044	1.0754	-1.10708109776547
36.139	-7.2369	-0.64364	0.137075952874755
37.14	-3.0531	-2.5682	-0.957255565575187
37.645	-3.0373	-2.7639	-0.946840992036198
33.42	-1.847	-0.09335	-0.74693720357775
25.808	2.4843	0.20229	-1.41676015568171
36.558	-3.477	-0.7264	-1.07562898515357
37.076	-2.1343	-2.4981	-0.847115580581126
37.295	-3.7665	-1.2328	-1.04252100118753
36.868	-7.3659	-3.4925	1.645
25.14	-11.017	-4.1427	0.0684897130342257
37.662	-2.5526	-3.9957	-1.04713434867295
37.251	-3.3098	-4.4526	1.19708660192297
38.169	-4.0381	-2.3338	-0.883080484546109
32.388	-10.109	-3.1943	0.83753969286598
34.469	-3.1586	0.16337	-1.31007512121372
36.915	-7.9132	-1.4713	-0.123485428667565
28.759	-11.084	-4.2342	0.111366927827755
29.454	-1.0348	-6.7118	-1.44495347194735
36.981	-6.4968	-1.3048	0.575408092072939
23.9	3.4724	0.17699	-0.651029080192415
36.503	-3.0435	-4.7703	-0.301302592517852
31.809	-9.8667	-4.0254	-0.253794611661313
36.414	-2.6558	-5.1461	-0.385598837642624
37.586	-5.8647	-1.1041	-0.769498703324195
35.487	-7.1229	-0.32773	-1.11606711397638
27.695	2.5926	-0.75992	-0.782365820916096
36.496	-7.1131	-0.84695	-0.0151545993657936
36.57	-1.9504	-4.6956	-0.270258384236899
37.89	-3.3009	-2.8666	0.673285278853757
35.773	-3.3263	-5.1052	-0.947933037594454
36.89	-5.1349	-4.9182	-0.820528738650171
36.339	-7.668	-3.0652	-0.249442716055418
37.425	-4.7946	-3.5831	0.737187894606852
36.89	-7.2192	-1.1222	-0.824584439988638
36.973	-4.4217	-0.99545	-0.947089182019282
18.117	-12.427	-2.7497	0.818951061776466
28.914	1.9943	-0.15523	0.439128494757123
35.884	-6.3224	-0.51641	-0.53483311699938
22.895	-11.764	-3.655	0.336044075938894
29.674	1.9213	-1.1953	-0.877369083777152
34.349	-1.3018	-5.8695	0.288715906344576
33.373	-6.1595	-5.613	-0.440842093286205
36.107	-8.3833	-3.8955	-0.570655261689768
33.708	-6.1344	-5.2625	-0.838150224472911
25.941	-0.49807	1.7601	-0.654152275377307
24.148	-11.976	-3.5319	-0.149684489045619
35.762	-2.4738	-4.9674	0.0870002277036898
34.387	-0.70831	-5.5504	-1.5786757869156
37.663	-3.1052	-2.6371	-0.147160435148787
37.474	-3.0541	-2.0965	-0.793615831159483
33.383	-10.034	-3.4276	-0.210063581163356
28.812	1.5111	-0.18542	-0.764130326951437
36.922	-5.6457	-4.9601	-0.0345427161150107
37.488	-6.6095	-1.1444	0.225933012761109
28.073	-11.668	-3.1194	0.985323777817051
36.91	-3.242	-1.1441	0.515349830283659
36.175	-7.537	-1.5303	0.201829040815685
36.358	-0.97953	-2.8211	-0.089579579957624
36.017	-3.9337	-0.15164	-0.60697267062216
38.576	-4.8825	-2.3728	-0.716862983502292
37.872	-5.7018	-1.026	-0.319879071486019
36.697	-2.4607	-4.6981	-0.393071897720342
36.349	-7.9935	-1.5244	-0.650094564904067
37.175	-3.326	-4.0231	0.429889496584744
36.928	-3.1836	-4.6119	-0.0267949449646182
37.756	-7.1614	-3.4233	0.329308657169714
37.301	-2.9975	-4.1287	-1.09193055740875
30.193	1.1488	-0.66419	-0.79981011668387
28.46	2.2846	-2.1237	-1.22804913312696
24.401	-1.0807	0.94528	-0.995205685662546
27.402	2.3625	-0.79184	0.108295697697509
37.872	-6.6212	-3.506	1.645
29.53	-11.489	-3.1516	-1.03829612453383
27.857	-1.7479	0.28644	0.118713604432668
35.484	-8.9282	-1.9391	1.645
27.673	-11.413	-4.0307	0.401053031314495
36.204	-0.51726	-2.602	-0.736652642492262
28.13	-0.42296	-6.6429	-0.394203737635679
29.047	-11.285	-3.5116	0.105326059226622
37.948	-3.335	-3.8358	-0.169000882144496
36.671	-6.1766	-4.2952	1.26566676774406
36.841	-6.0594	-5.141	0.6042349834087
36.965	-4.6772	-4.0313	0.411154885817443
36.056	-7.7506	-4.4819	1.645
33.524	-0.99915	-6.1235	-0.384221095479745
35.209	-2.4738	-5.3197	1.645
27.447	-11.476	-3.9333	-0.12156403369127
36.676	-4.9225	-0.54227	-0.539871211450314
36.187	-1.3059	-1.2429	-0.10819432962496
29.373	-1.8565	0.38733	0.13168065393007
29.141	-10.738	-4.3405	-0.284695718874563
37.819	-3.8939	-4.081	0.888284955516076
35.461	-6.7856	0.21	0.160616097214699
33.537	-8.6364	-4.1537	-0.418918244173001
35.576	-2.7145	-1.1661	0.356562254951164
36.729	-7.5145	-3.1312	0.422014637069005
36.088	-6.6977	-0.52185	-1.17020365714524
32.739	0.91199	-2.6954	-1.15501604289321
37.836	-4.3579	-3.3202	-0.743859042170014
36.018	-6.3323	-1.1371	0.211035772182184
37.469	-3.0494	-4.2007	-0.0952790018694131
35.606	-2.0846	-5.5897	0.816866612592178
35.933	-6.8829	-0.44488	-0.687618040498143
35.493	-9.2462	-3.3582	0.758365503266474
37.53	-4.251	-3.1865	-0.122092660954128
30.092	-11.065	-3.1338	0.496598031461089
32.99	-8.9546	-0.21807	-0.0369692940388044
37.519	-7.3869	-2.6661	-0.395094374857147
37.079	-6.2808	-0.77346	1.645
36.022	-6.828	-0.57731	0.981452085340473
37.918	-7.0786	-3.0856	0.103438495361302
28.343	-11.733	-3.5872	-0.122959141237678
37.494	-5.8069	-1.0089	-1.645
34.273	-0.69818	-5.6839	-0.148460185189453
26.188	-1.2389	0.73822	0.654457899164603
29.477	-10.678	-4.2809	-0.507531229844317
29.977	-11.456	-3.3584	0.924674447799113
36.939	-3.7073	-4.6069	-0.76543880459178
37.59	-3.4846	-3.6459	0.0827660374804045
28.11	-1.8263	0.47221	1.02521776876619
35.99	-2.0913	-5.2288	-0.34925895386018
31.074	0.26967	-6.3372	-0.334734933307402
37.27	-6.4269	-1.0324	-0.526024697309076
34.091	-7.9047	-4.067	-0.717941224689083
36.52	-7.3394	-3.0192	1.645
37.4	-6.6576	-3.761	-0.160538221925242
29.113	-0.98121	-6.9442	0.68132953500887
37.029	-4.7412	-3.0954	-0.174675939378923
33.037	0.75239	-2.4438	0.0912713497877017
22.655	-11.631	-3.7513	1.00633901852453
37.766	-3.2181	-1.9562	-0.860767447087471
37.838	-3.7151	-3.567	-1.28158381944535
37.285	-3.4399	-4.4883	-0.605364695644977
27.184	-1.4529	0.40133	-0.885899669960744
38.26	-5.4613	-2.6107	0.747223264720514
35.989	-1.6761	-5.1643	-1.08289684094674
37.247	-5.6924	-4.4819	-0.399617056503271
34.351	-9.3416	-4.3517	-0.65194463107495
32.942	-10.187	-3.8424	1.645
36.258	-3.1272	-2.1291	-0.35603904646565
37.522	-6.8014	-1.605	-0.70913441335672
34.875	-7.5634	-0.67985	0.0781722069276682
36.805	-6.8704	-0.46855	-0.620633555220059
36.438	-5.6209	-1.0791	1.36803982544763
36.039	-7.5015	-0.37316	-0.152547721437627
35.992	-6.343	-0.027214	-0.696762547697624
38.018	-4.0021	-3.4175	-0.35655522702856
36.085	-8.2433	-1.0166	1.645
38.197	-3.1683	-2.8039	-0.575089275229253
37.221	-6.2661	-0.70586	-0.718652515759403
24.495	-0.80438	1.506	-0.871332168303265
19.894	-12.408	-3.0023	1.21233238152724
32.857	-1.747	1.0811	-0.892254617807986
38.182	-4.7359	-4.0348	0.111419329237885
32.564	-8.7826	-4.3392	1.645
33.424	-10.297	-2.9498	1.41962084874919
37.001	-1.8216	-3.9956	1.46245345597736
32.612	-9.982	-3.3678	-0.67085477315094
26.104	2.9775	0.38525	-0.674978816453611
35.856	-6.2175	-4.9262	-0.242475361293086
34.29	-0.70505	-5.4116	-1.1891718755206
35.119	-8.7121	-3.9509	1.61847943791388
32.294	1.3388	-1.5872	-0.184402766163574
26.933	2.2884	0.38868	-1.645
27.989	0.13398	0.8053	-0.547609126250459
37.348	-6.549	-3.1685	0.398885427103304
34.481	-0.83471	-4.8208	-0.650597306958784
36.976	-6.7599	-1.9741	-0.793032043743331
36.879	-7.3031	-1.1171	0.199644072171131
37.988	-3.183	-3.7179	0.913562381885744
37.929	-6.679	-1.6821	-0.744898104889122
35.328	-8.9384	-1.7754	0.328513227901429
34.271	-9.6149	-3.6763	-0.929242835913581
33.023	-9.9253	-4.2566	-0.0461300437055337
36.927	-6.6277	-0.54409	-0.014584895153171
37.587	-7.0356	-2.9008	-0.823007256592775
36.719	-7.5573	-3.667	-0.544406560957
37.13	-6.6506	-0.87502	0.0841133430601207
33.331	-10.091	-3.2853	-1.14574868748974
36.513	-6.807	-1.1852	-0.672240661504532
28.452	-0.64826	-6.6807	0.0752916367251191
35.608	-8.7425	-3.6319	0.0735146498090649
36.084	-6.9266	-1.1155	-0.781521558854013
34.803	-1.1978	-5.5854	-0.542576227242184
30.623	-10.628	-2.3359	1.645
34.746	-0.83355	-5.3832	-0.496503332067847
37.674	-6.0117	-3.9316	-0.103191858245741
35.239	-7.2057	-0.80222	0.207996425259685
30.909	-10.532	-3.6165	-0.102905434238678
34.081	-0.19025	-0.19369	0.199535965374861
36.16	-6.2388	-4.6065	-0.0470913635874707
34.061	-9.7107	-2.6267	0.522762527932891
28.401	-0.6673	-6.6758	0.0964872358955926
34.108	-1.3907	0.43458	-0.890183848972265
36.911	-4.0324	-0.88935	-0.901396540273727
36.133	-7.4211	-1.9201	1.58527785426332
35.653	-7.9359	-0.91161	-1.63182451094377
27.563	-1.7829	0.9933	-0.68666120903332
35.686	-6.1698	-4.8122	-0.28038731596355
35.599	-6.05	-5.0311	0.52724655369328
33.647	-9.5361	-2.9473	1.26117271149796
37.439	-7.1052	-1.3532	-0.152716140846498
23.069	-0.86413	1.3787	-0.335752685372131
37.717	-5.9636	-3.8253	0.0124134383523406
37.26	-1.8777	-3.7953	0.867312294522707
37.331	-2.3602	-3.1346	0.510287692308331
29.747	1.7848	-0.64182	-1.02014332291298
31.26	-1.5383	-6.2118	-0.0494771842668438
28.79	-0.60836	-6.4231	-1.03133702151838
28.577	-1.9917	0.59004	-0.0281231034174217
36.944	-6.5048	0.15745	-0.564506689162895
27.399	1.8644	0.060854	-1.17654765035689
34.571	-8.8569	-2.5749	-1.03682452107251
37.024	-6.2246	-3.3113	-0.899084126992144
37.905	-5.2701	-3.6581	0.0685885498655773
37.467	-3.1874	-2.2578	-0.905236904056523
35.937	-7.7764	-1.2843	-0.703199966146942
37.269	-6.4643	-1.3187	-1.36588211107559
35.22	-2.8647	-5.4605	0.751445192040004
36.327	-3.639	-5.216	-0.209676152881665
37.298	-5.8161	-0.65225	1.19940018153274
37.658	-4.6228	-3.5033	1.55577536853884
33.532	-9.5404	-3.8361	-1.01732979461429
38.11	-4.4154	-1.7878	-0.169132138802807
33.965	0.34185	-2.8306	-0.849247867712044
18.681	-11.853	-3.5342	1.645
37.578	-6.9156	-1.9975	0.916123084458022
22.178	3.5218	0.97528	-0.474121574279645
34.324	-1.491	-0.028499	-0.9411350688071
27.877	-10.224	-4.2064	-0.218604632798776
35.796	-7.3764	-0.93857	0.01060267013992
36.21	-7.1793	-0.91817	0.132377162844493
33.756	0.78472	-3.7174	-0.609377009362665
34.832	-1.3266	-5.3939	-0.527769439009997
36.693	-6.5135	-1.0092	-1.25094725421994
37.262	-3.681	-4.3805	-1.07971891720487
37.664	-2.5775	-2.7475	0.935786691231913
33.114	-0.44001	-5.9828	0.390742131969623
35.83	-8.0329	-0.94709	-0.990559970907375
37.168	-2.8936	-4.4433	0.327513426007957
37.252	-3.2123	-4.5515	0.69905067485712
37.485	-6.3438	-1.5371	0.728697563211443
36.79	-1.1179	-1.9369	1.0199446474016
36.986	-3.4192	-4.8641	-0.805401107446126
28.187	-2.0153	0.64751	-1.29218241679817
36.115	-2.5821	-0.79798	0.0829823533610262
32.441	-8.4786	-4.6004	-0.60297206222662
32.516	-10.186	-4.2238	-0.405731916964143
34.865	-8.7229	-3.4379	1.16877814966684
37.744	-4.8284	-2.8158	1.15754954761166
36.311	-6.2684	-0.71261	0.0716321701964068
37.547	-3.1049	-3.4645	-0.247075466684588
38.079	-6.2421	-1.3115	-0.946595771616686
37.974	-3.6555	-3.1281	-0.567957358252375
28.696	-0.68077	-6.8741	-1.05033876386101
30.852	1.7849	-1.8279	-1.06799389065096
34.821	-6.2335	-5.3327	-1.10071840179907
14.631	-11.506	-3.6427	1.29784629532275
34.669	-0.46744	-3.1166	-0.282605386966947
37.859	-5.8203	-2.0456	-0.488544754189365
36.787	-5.5935	-0.20183	-0.301795735694697
36.693	-3.4679	-1.3316	-0.178484368919205
24.838	-11.328	-3.8629	-0.868401348127157
35.763	-0.51963	-3.4807	0.794886209999698
35.201	-6.4466	-4.6978	0.272123901782819
32.044	-10.644	-3.7583	1.36320682839086
36.194	-6.8002	-1.6144	-0.576729650591497
36.007	-6.7848	-4.2244	0.829702012652238
35.927	-7.6408	-0.39627	0.909710161558614
35.868	-8.013	-3.1225	0.994872955288
36.808	-7.1617	-1.0805	0.242749116468912
36.946	-7.765	-1.2246	0.0648331736264436
36.325	-6.6188	-4.8643	-0.184663398451115
35.549	-6.4596	-0.15332	-0.924666996733762
30.435	-2.0178	-5.0573	0.967734530158409
36.901	-2.8551	-4.7309	-1.16922471698932
37.149	-6.3657	-1.3475	0.0401338425607286
36.787	-3.2912	-4.7881	-0.127011919745041
37.496	-2.7345	-3.0657	0.787018808449178
32.833	-9.925	-3.8629	1.645
37.75	-6.5893	-1.4592	1.645
36.038	-0.75241	-2.4819	-0.866806466678555
28.133	-11.456	-3.6026	0.777803230837221
30.447	1.4981	0.012136	0.485139558245661
37.759	-5.8941	-2.4694	-0.861564958100189
36.523	-6.9224	-0.55317	-0.722922662525888
37.667	-3.3869	-1.5302	1.645
35.259	-0.56743	-3.8436	0.0807960463669264
21.996	-12.117	-3.2949	1.645
36.696	-3.7296	-4.7045	-0.417214121686179
36.844	-2.8627	-4.1771	-0.951419083928648
35.141	-7.3093	-1.8385	-0.636554447618785
37.236	-5.8353	-2.0778	0.647524418277516
27.895	2.1727	-0.70999	-0.830745054351386
35.937	-7.577	-0.66075	-0.598112763455283
36.415	-3.3798	-0.64911	-0.851125138092224
37.914	-4.9455	-1.6546	-1.03288336534212
37.81	-6.0972	-2.6215	-0.565520222705967
36.059	-6.6724	0.099282	-0.853013938827891
33.831	-0.82131	-5.9073	0.122937025960414
37.488	-4.8809	-1.9614	-1.01239403783749
34.309	-1.5814	-3.0886	-0.546087629334875
16.546	-12.122	-3.0507	1.645
26.475	2.8001	-0.13414	-0.757193063316204
36.584	-3.2355	-4.7375	-0.78517877442397
36.968	-3.0594	-1.5917	-0.211937027768152
36.022	-5.6927	-0.69924	1.645
22.905	-1.2773	1.3333	-0.719289665851449
36.937	-6.6664	-1.0888	-0.827699912973093
38.435	-6.2835	-2.839	1.21204325286643
35.405	-0.70375	-4.8046	-1.2276434401932
36.121	-2.9466	-5.1363	-0.0520681914018109
36.896	-1.6696	-2.1151	-0.981023650099242
27.474	-0.29098	-6.7196	-0.734361951926227
34.672	-9.018	-2.7887	0.0885982441475746
36.78	-7.3321	-1.024	-0.956500061360965
31.309	1.3203	-2.1248	0.181868347054981
34.816	-1.9829	-0.24815	-1.09609788125862
31.034	2.13	-1.503	1.645
38.1	-4.3733	-2.6288	0.882349923806665
33.506	-8.587	-3.743	-1.15313123756385
36.038	-5.389	-5.311	-1.5481621103729
34.702	-1.6396	-3.8829	-0.254065169363019
32.373	0.99622	-2.1654	-0.70472865082517
35.958	-2.3821	-5.0615	0.773996922165496
37.447	-2.7711	-3.2962	-0.824402068115427
34.224	-1.4421	-5.2872	1.0156169858724
25.823	2.7506	-0.30933	-0.962063530544655
36.853	-6.3522	-2.1496	-0.605491230469833
34.92	-2.181	-0.95545	-0.775963124323094
31.384	-10.126	-3.673	0.0510696448140788
36.331	-7.1059	-0.41523	1.645
29.704	-11.031	-4.1478	1.59939796275334
35.609	-7.1077	-0.68315	1.15443356431243
35.818	-1.2328	-4.9674	-0.000678939662772097
35.623	-7.3392	-1.1323	-0.430482252164845
32.987	0.16537	-5.4076	0.811391756986832
36.38	-3.1166	-4.3906	-0.767363732513949
36.763	-2.5223	-2.4664	0.283820000676537
30.806	-9.287	-3.5933	0.489993317236223
31.819	0.77723	-1.5751	0.742523633443015
34.867	-2.1455	-5.957	1.645
36.432	-2.9785	-1.8557	-0.95466703058253
37.33	-2.1802	-2.9054	-1.11035001777704
35.886	-6.8034	-0.66589	-0.748151888508965
34.169	-2.2291	-0.29475	0.0820693284865697
27.676	-0.63697	-6.9622	0.552912128988213
36.642	-7.6993	-2.0698	-0.693581880489047
36.441	-7.3309	-1.0821	-0.764052358548729
36.404	-0.77396	-3.045	-1.03779299961607
32.197	1.205	-4.1368	-1.00476936446007
33.119	-10.31	-2.9906	0.0486117353358088
37.344	-5.4244	-3.918	1.645
30.026	1.6761	-1.1057	0.0163872206984195
37.878	-4.0903	-2.2179	-0.0747637984216873
37.108	-2.6266	-1.3105	-0.164419472942222
36.482	-1.3979	-3.6565	-0.653226406539866
31.452	-9.1478	-3.2273	0.544221735847898
35.595	-7.1083	-1.4836	0.175069866426679
37.93	-4.6532	-1.5629	-0.983598664155336
28.339	-11.288	-3.7747	1.645
34.572	-0.91389	-5.3163	-0.758556902682281
27.025	-1.1452	0.8769	1.56740578829992
34.079	-9.9018	-3.0968	1.645
35.222	-7.552	-0.12993	-0.245414065432717
37.707	-3.9647	-4.055	-0.259300762019324
37.055	-7.808	-1.365	-0.937601538912822
37.028	-8.0319	-2.3737	0.302262156228752
37.484	-2.9589	-2.2054	-1.01410948626526
36.636	-1.8449	-4.6217	1.56408178423702
24.255	-1.0753	1.209	-0.327825583996005
37.908	-5.4849	-2.8675	-0.850719697483262
28.144	-11.285	-3.6351	1.645
36.304	-3.0943	-4.7781	0.179520785082573
36.383	-6.8969	0.11651	-0.299506275670114
36.032	-2.4254	-5.2954	0.336101833217841
37.693	-6.9362	-2.1968	1.52738278095778
35.196	-7.2738	-0.20346	-0.712058723927003
36.191	-1.9754	-1.1911	1.08263454043329
35.949	-7.0988	0.036498	-0.646936122714788
32.924	-0.29634	0.38633	-0.0889776001285835
36.636	-8.1869	-3.6598	0.752919098090378
35.702	-1.5553	-5.3066	0.675393273585125
37.827	-3.3669	-2.5679	0.743439188918157
34.952	-6.4194	-5.1862	-0.848374310609597
25.703	0.22142	-6.7138	-0.462265443557058
37.718	-6.805	-2.3753	0.789636584175088
20.57	-11.951	-3.571	0.162203612293889
33.204	0.41913	-3.6203	-0.526604246045478
36.349	-7.4662	-1.0629	-0.744578264606255
32.301	0.83282	-1.4899	-0.374847581871095
36.889	-6.3605	-0.64418	-0.95923631767319
37.364	-6.6113	-2.4395	-0.286897521052241
36.557	-6.012	0.058335	-0.3767053578334
34.899	-8.9036	-2.1978	-1.26850946169295
34.392	-0.67005	-5.3893	-1.01845611440137
36.058	-0.71232	-3.8443	0.695294751855016
35.914	-2.1429	-5.1293	0.108221756749257
38.175	-6.4615	-2.3743	-1.27840825078344
37.269	-6.594	-4.1428	0.133338721333319
36.296	-3.9297	-1.4904	0.341449828155566
34.929	-9.3154	-3.3453	0.726295941618983
33.624	-9.7678	-3.2114	0.130089134881985
35.452	-7.5059	-1.1164	-0.0483339139173632
36.034	-7.7111	-0.66814	-0.299344755109407
37.161	-2.9571	-4.3767	0.12348686256054
35.801	-6.039	-0.10692	-1.07595003622832
38.018	-6.5426	-1.8973	-0.0165983469571294
37.065	-2.8718	-1.9238	0.102132114648529
37.741	-3.5231	-1.6764	-0.584855288866167
36.429	-1.94	-1.5444	-0.124935629286494
38.124	-5.9004	-1.833	-0.635656206055606
37.088	-2.7651	-4.3048	-0.150372025436384
37.718	-6.2576	-0.89144	-0.310985329113373
32.946	-10.118	-3.8613	1.06917197165266
38.042	-4.4673	-2.5642	0.12290625087776
35.311	-1.2939	-5.3454	-1.37496853720399
36.716	-1.7406	-3.0904	0.413440120521767
37.657	-5.2865	-0.77623	-1.645
28.415	-1.9853	0.6287	-0.708283098119422
35.913	-2.1991	-5.1813	0.334504682062655
37.832	-5.746	-1.2789	0.631362746001085
37.809	-7.1081	-3.5919	1.20324714530953
37.022	-7.8526	-1.9066	-0.684452013424923
35.963	-2.9456	-4.6888	-0.368708593461495
29.139	-10.899	-4.2139	-0.830719008014666
38.328	-5.5245	-1.6957	-0.833216155440765
35.913	-3.5353	-0.26692	1.31170689410022
36.624	-2.5872	-4.7152	-0.344852831242001
35.732	-7.4659	-0.892	-0.787539606797704
37.405	-2.8884	-4.2719	-0.373218552072507
27.224	-11.557	-2.9923	-0.836510872318861
34.219	-0.7002	-5.219	-0.406530412844828
36.409	-6.4671	-0.54685	-1.645
29.133	0.029435	-6.8166	-0.704828691525085
34.285	-0.88002	-5.7289	-0.30734492642827
35.879	-1.4706	-5.0897	0.132812458673108
33.331	-0.8698	-4.6621	0.336492149891361
28.562	-11.373	-3.9338	0.545474163087305
34.954	-8.59	-1.2637	0.443527208113207
12.655	-12.024	-3.1062	1.645
33.259	-0.86748	-5.1327	-0.319220472044902
38.313	-5.8634	-3.2643	-0.918957872405656
36.875	-2.9204	-4.2667	-0.560014164942167
36.875	-6.5702	-0.73131	-0.231244253865093
32.785	0.6827	-1.7577	0.266221987244195
36.807	-2.7145	-1.7884	1.645
36.197	-2.5887	-0.88178	-0.0693332499246453
37.29	-3.1505	-4.2486	-0.755749412039806
33.099	0.48603	-1.4884	1.20441888205829
34.092	-8.9227	-4.1576	1.645
37.012	-7.5666	-2.4787	1.30942042816041
36.947	-6.3535	-1.4057	0.223779970839476
24.144	-11.871	-4.1725	-0.501954264226894
37.294	-5.8666	-0.45628	-1.05929310508584
38.453	-6.2205	-2.5167	-0.936697928465446
38.205	-3.7763	-2.7418	-1.03417791954608
29.42	-11.225	-3.3753	1.645
37.148	-5.3387	-0.68234	-0.0800010017882077
26.075	-11.349	-3.6326	-0.585390834598219
34.237	-0.72906	-5.5845	-0.244191208351407
35.409	-7.9537	-0.78786	0.485771389689036
36.261	-5.9674	-0.39885	-1.25949765993334
35.769	-1.1302	-4.9338	-0.987917374053359
34.05	-7.3166	-5.0561	0.785520328780603
33.716	-7.4941	-2.944	1.40769718226836
36.741	-6.3389	-1.159	-0.753173851286211
36.513	-7.4862	-2.793	-0.372612751749889
36.212	-4.2356	-0.11937	0.289484036413285
30.542	1.6715	-0.25718	0.132916431437637
37.523	-5.7548	-4.5898	-0.680313985755776
28.667	1.635	-0.37636	-0.966935718911772
37.356	-5.2576	-1.0494	-0.0985220593552927
36.478	-7.7756	-0.57777	0.209487044614617
37.883	-3.842	-3.38	-0.866321998061496
35.131	-9.2436	-3.3567	1.64110807288331
37.587	-5.2175	-1.004	0.445865742765068
36.221	-2.9564	-0.61513	0.0230977876778714
38.637	-6.5948	-1.8103	1.4843410935346
36.956	-3.2025	-4.4751	1.32794586924093
29.985	-11.016	-3.6217	-0.461327936894807
31.672	-6.1599	-5.747	1.645
36.491	-1.3732	-4.2775	-0.765948594187517
37.131	-4.5617	-0.87893	-0.131156287294332
31.827	0.24387	-1.1057	-0.570145355015741
36.602	-7.2462	-0.74841	-0.252864234295197
35.527	-1.6899	-5.4983	-0.783028772542375
28.143	-0.79826	-6.7107	-0.784421574397029
36.361	-7.4636	-0.51885	0.449970987580873
36.981	-6.59	-0.49138	-0.443801206069995
37.82	-7.0502	-1.9993	-0.625094749882666
36.574	-8.6753	-3.4189	1.645
37.993	-6.6047	-0.58157	0.345631552339722
36.619	-3.3442	-5.008	-0.320062259357978
37.163	-4.0055	-1.8496	-1.04428209399189
27.841	-0.46924	-6.7153	0.667917779851538
33.362	0.38835	-1.7634	0.624270539648316
38.275	-5.2304	-2.3682	-0.596148046616312
36.744	-6.6862	-0.47204	-0.775024205849186
29.038	-11.463	-3.3336	1.36367664251524
32	-9.0904	-4.758	-0.570832436461459
34.952	-1.4921	-5.7799	-0.102157825285193
35.586	-6.7863	-0.30952	0.260822582268312
29.473	-2.0004	1.2233	1.645
36.946	-7.1431	-0.98937	0.463446867032092
35.2	-1.6433	-5.5416	-0.855774559488306
38.265	-6.0586	-2.7998	-0.959140283050857
33.966	-0.18969	-0.95979	-0.362155832485917
37.105	-2.5879	-1.2599	-0.687570973397391
37.342	-6.7824	-1.0638	0.0957502616848838
36.545	-7.0306	-0.54223	-0.961033201783961
35.679	-7.0002	-1.2115	1.07777213887368
35.984	-1.9774	-4.2136	-0.122278922321778
35.308	-9.5027	-2.4343	-1.05520636911795
33.845	-9.7813	-3.7695	0.231369709991687
33.349	-0.35116	-2.0425	0.366495821984242
27.568	-0.41487	-6.818	0.0535957735711999
33.366	-9.9976	-3.4617	1.05342271561798
19.483	-12.108	-3.7965	1.645
37.162	-5.5491	-4.7764	0.207540111027971
35.769	-6.9619	-0.47515	-0.96660123230023
35.88	-8.2388	-4.4135	1.13160361517115
35.04	-7.5716	-1.0808	0.407623382999402
35.22	-1.6653	-1.0212	-1.07830612217732
36.935	-5.5179	-1.3782	-0.473063850614848
35.664	-1.6218	-5.105	0.203393280739201
26.332	2.8248	-0.26543	-0.546149834160827
38.305	-4.7921	-2.3396	0.446045849133242
37.264	-6.0234	-0.95589	0.118361972995813
24.961	-12.173	-3.2356	-0.592164577700503
36.493	-3.2037	-1.737	-0.997087943836995
37.016	-2.6871	-3.6991	1.29327297070364
35.521	-7.0953	-0.81215	0.622563395382817
37.573	-6.2663	-0.94834	-1.26105772358863
36.713	-2.7918	-3.6785	-0.176430189874148
37.267	-2.9412	-1.1413	-1.10257815367056
36.105	-7.5793	-1.0388	-0.307197985659594
36.149	-3.6882	-0.088772	0.242683836534625
29.561	-2.1923	-0.92529	-1.26488855753673
28.421	-10.501	-3.8962	0.523170402488812
37.543	-6.6177	-3.9242	-1.01194678220654
36.013	-5.2962	-5.2194	-0.84805534313949
31.616	-10.133	-3.0478	1.645
26.865	-11.889	-3.6093	0.186332310747824
34.944	-1.8333	-5.6746	-0.804043457031095
33.974	-0.2086	-5.4289	0.909406271775802
27.421	-11.915	-3.1716	0.909784720561544
24.068	-11.949	-3.7635	1.645
36.904	-2.4271	-4.0264	-1.25202874948917
32.829	-2.2829	-5.3286	1.2156483450048
36.607	-2.9684	-1.1872	0.237552399166465
36.922	-6.114	-0.78434	-0.664415631000517
37.221	-6.042	-1.2144	-1.17297316190995
35.954	-7.1988	-1.5628	-0.499035505837735
35.692	-8.8069	-1.7571	1.01746609312245
37.491	-6.0219	-1.2997	-0.331968281819421
35.9	-7.2416	-0.67509	0.194853664458492
36.618	-7.6655	-0.98104	-0.304401513301038
29.945	-1.3699	-6.7296	0.0201454922820113
32.161	0.91575	-1.7862	0.225353124685849
37.605	-6.5111	-0.87244	0.731937957661708
35.517	-6.5056	-0.50915	0.54169841281501
32.059	1.3109	-2.4168	-0.335084069101558
29.196	-10.899	-4.0629	-0.487429649237507
24.476	-1.1701	0.93116	1.02049388732095
36.747	-2.8716	-4.7368	0.819204512237873
38.014	-3.428	-3.3169	-1.09162386927022
36.001	-6.2461	-0.9769	-0.962140944443041
36.332	-6.6978	-0.47076	-0.809413398330806
38.3	-5.7317	-1.6831	-0.898188053770292
29.979	-11.824	-2.9049	0.881327435899647
37.151	-6.3028	-0.5405	-1.645
36.12	-6.1442	-0.35725	-0.559540503566186
36.271	-7.3453	-1.3238	-0.0705650932559658
36.488	-6.1858	-3.8549	0.937587364970078
35.366	-1.8119	-5.5672	0.401184418706274
36.371	-1.3748	-4.149	-1.03807605186729
31.428	1.6486	-2.2588	-0.919546681468205
30.715	1.0071	-0.9415	-0.965734458062493
37.231	-3.9099	-4.7721	0.686768901729893
34.721	-8.3715	-4.579	1.645
36.514	-8.5327	-2.2652	-0.475650248093366
36.083	-2.6015	-0.39972	-1.645
35.498	-8.087	-2.6598	0.360918274649917
30.178	1.4558	-0.55411	0.848599519339023
33.074	-10.314	-3.0415	-0.649264594183462
34.568	-8.0682	-4.3868	0.668430847175217
36.881	-6.9741	-1.2878	-0.971135551620846
31.206	-10.908	-3.2517	0.873102281898064
20.185	-12.42	-3.592	1.645
37.199	-1.6237	-2.4917	-0.76415576537949
36.947	-7.3373	-1.2444	-1.20936374555413
33.778	0.11392	-0.5513	-0.135419223985612
36.98	-3.2319	-1.217	-0.0916039026994708
36.125	-7.0592	-0.43751	-0.770927763334282
30.989	1.3364	-1.2695	-0.779575899920183
37.721	-2.718	-3.5393	0.297433122112382
36.492	-7.4624	-0.46387	-0.683629000642278
35.897	-8.9728	-2.3728	1.18957572789232
36.92	-3.6492	-4.6394	-0.30543057814774
36.993	-4.0546	-1.8566	-1.21235218680287
34.583	-9.2741	-3.2361	-0.172757076832416
34.344	-1.2254	-5.6987	0.957752999331065
35.742	-8.0212	-3.8443	0.402921628909303
37.001	-2.4226	-2.9225	-0.621320157741694
35.171	-6.1369	-1.2886	-0.403705105666182
37.028	-3.37	-4.176	0.518947375583559
33.298	0.35184	-3.695	1.645
30.361	0.79431	-0.83387	1.645
35.436	-6.7361	-0.95815	0.626656834832694
37.41	-6.4188	-0.83121	-0.59253290462727
36.383	-1.4084	-1.6501	-1.03063755292302
28.632	2.1882	-0.58482	-0.819898608890418
34.186	-2.9176	0.81454	1.645
36.195	-4.2493	-5.2274	-0.71344049472017
26.47	-1.2093	0.66759	-0.764199817806319
36.233	-7.5856	-0.90686	0.372182993992555
36.421	-8.4179	-2.0881	-1.14405919360087
37.469	-3.1858	-2.9957	-0.0907640686560225
35.257	-2.0901	-4.006	0.063988335154787
36.163	-7.092	-0.771	-0.66317433689164
37.734	-5.9544	-4.0513	-1.02608793672355
37.902	-5.9908	-2.0936	-0.602949930782063
37.448	-6.4351	-3.4083	-0.95394227737631
36.099	-7.3386	-0.73775	-1.0296844471402
38.19	-5.2303	-3.4668	0.101026204131518
32.123	0.60269	-0.86491	0.58040495695926
32.053	1.3059	-1.5197	1.50202753413614
36.699	-4.6467	0.089536	-0.699656353248065
27.83	-11.511	-3.6894	1.645
35.927	-2.6184	-5.194	1.645
36.378	-8.7082	-2.2334	-0.493027895125428
37.434	-4.6484	-2.4277	-0.579973762975057
36.422	-2.8263	-5.0446	0.697077806852849
37.128	-7.3771	-0.91807	0.242728498540318
36.806	-7.1946	-1.9069	0.63640096172633
34.659	-0.55942	-4.4261	-0.25495424539758
36.328	-7.1272	-0.93379	-0.242858189424176
36.281	-2.7152	-5.341	0.486925578060184
37.412	-6.2447	-2.696	-0.72582265253264
35.967	-2.729	-0.69909	-1.645
36.783	-8.0664	-2.712	0.876695377254185
36.508	-6.9874	-0.76697	-0.766427667909574
37.295	-4.7406	-4.9434	-0.487134766001276
37.907	-5.6622	-1.514	-0.374950673135017
36.54	-2.6445	-3.9797	1.40253374050679
34.705	-0.88028	-5.109	-0.615988225508205
35.571	-0.535	-3.7779	0.102858493187042
36.023	-3.1128	-0.9772	0.455727086481097
36.969	-6.9389	-2.1567	0.018710885330528
30.821	-10.653	-3.8519	1.645
34.81	-1.815	-0.71735	0.0352030262203614
37.007	-3.2381	-4.6457	0.781396421563319
22.98	3.3486	0.063496	-0.685319012782358
32.159	-10.433	-3.0039	0.965715641710979
37.195	-6.8729	-0.94274	-0.287722859104603
34.005	-0.32428	-5.4688	-0.139744785899092
37.776	-3.2527	-3.708	-0.750666704613694
25.345	2.9604	0.81839	-0.669203244359136
37.704	-6.9036	-3.5007	0.185527085650422
25.232	-11.836	-3.4376	-0.882779438616038
35.212	-2.5121	-5.7232	-0.861838387519102
38.366	-5.4234	-2.4492	-0.886146528481021
29.989	-1.4419	-6.6104	0.676012766192315
37.702	-3.2554	-2.2478	0.0903379378586582
36.695	-8.3244	-3.4796	1.41747983662821
22.216	-0.28528	1.8218	-0.478549437271404
27.938	-0.14693	-6.4389	0.825526840836527
37.215	-2.1692	-3.2804	-0.645224303843955
24.948	-1.1145	1.1193	-0.852799741939154
35.868	-5.9551	-0.76246	-0.0776469995807808
28.015	-11.269	-3.5031	1.645
36.415	-2.8229	-5.3315	-0.183704475987603
36.026	-2.1342	-5.1439	1.07372993022466
36.861	-6.3361	-0.60656	0.026847784518047
34.486	-9.5717	-3.7802	0.829164688965037
22.352	3.0673	1.2586	-1.10383604866968
35.219	-2.1202	-1.3575	0.242485934653021
36.39	-6.9544	-0.46647	-0.850151310591757
32.516	-0.5129	-6.2823	-0.570335466800335
37.032	-6.1426	-0.88556	-1.645
28.289	2.0839	-1.1024	0.433592213864991
33.548	-1.5978	0.067007	0.766590472957368
35.336	-1.5855	-5.3664	-0.423363022433445
35.391	-7.7354	-2.7639	-0.776999079434277
36.84	-7.9578	-3.3052	-1.01859695174033
37.095	-3.2146	-1.7715	0.188371172139056
33.859	-9.2605	-2.5721	-0.481985048619769
35.877	-8.4213	-3.4308	0.623648879795405
34.549	-0.84299	-5.6394	0.073977332124495
36.996	-7.5551	-2.6668	-0.271562318846791
34.832	-7.3907	0.24362	0.757016979935486
33.235	-10.72	-2.9872	0.049581371827131
37.307	-6.0201	-1.5607	1.55064146061786
37.418	-2.9354	-2.5082	-0.952563877446105
34.343	-1.6947	-5.9695	-0.248655333012099
35.852	-6.3953	-0.66102	0.951301373479556
23.219	-11.625	-3.7246	1.645
25.658	-11.743	-4.0632	-0.131874352078249
36.408	-7.0685	-0.74929	-0.610913995402104
34.872	-9.2335	-3.1798	0.540508469536552
32.521	-10.366	-3.3013	1.47295509291102
35.301	-7.1362	-0.87532	-0.839715783915674
36.981	-7.338	-4.1057	1.35598491224835
36.532	-2.2219	-4.9142	0.412210116989274
36.587	-6.9588	-0.9185	-0.906808605931972
37.804	-3.758	-2.5106	1.1997584657151
37.188	-3.3266	-4.129	1.645
36.601	-3.3263	-0.83788	-0.572687100786365
20.494	-12.103	-3.3423	1.645
37.343	-6.62	-3.3463	0.495472415345662
34.74	-1.4122	-5.6472	-0.880218247435444
33.679	-0.86234	-0.17042	-0.0436317366820871
36.655	-3.0677	-4.4207	1.645
34.85	-8.5722	-4.0191	0.527598382649234
30.867	-10.809	-3.5384	0.485682532959967
37.307	-3.9139	-4.5918	-0.195079422602912
36.667	-6.7386	-0.78268	-1.21602641637929
31.457	-0.30158	-6.5963	0.434915088317507
35.913	-7.6121	-0.87189	-0.39193410057771
36.13	-2.8164	-5.1146	-0.94857587594641
35.209	-0.0088546	-1.6024	1.2595658881454
37.083	-6.3311	-0.76982	1.645
36.223	-7.7271	-1.0545	-1.22785254285746
30.474	-10.434	-3.6727	-0.123128921550433
35.745	-6.4161	-0.72233	-1.03806974676702
34.25	-0.42419	-5.4538	0.839158300652431
35.158	-7.4175	-0.57039	-0.770840713256173
37.835	-4.0336	-3.727	-0.236401279423874
29.205	-1.0063	-6.6398	-0.876531928942771
35.456	-3.3218	0.088323	-0.0902638179954856
29.803	-10.77	-3.5859	0.544938124504891
37.4	-5.3887	-1.203	-1.16396399832293
38.39	-4.8164	-3.1837	-1.2623555084374
28.169	-10.539	-4.4468	1.26391600786822
37.101	-6.2474	-1.5272	-0.911800760882302
36.103	-2.9353	-0.50444	-0.477949279343513
33.597	-0.56617	-5.3621	-1.22058372425856
34.55	-8.264	-2.9045	-1.17203648587213
35.071	-9.1648	-1.7033	0.166082568226816
37.21	-4.2579	-4.7383	0.187216433158261
35.826	-8.9178	-2.6398	-0.542780255265536
29.572	-9.596	-4.4341	-0.121586707823784
38.35	-4.2938	-3.138	-0.034835571402674
33.688	-2.6749	1.0381	-0.785797131170005
36.474	-2.0151	-4.8982	1.01541253647117
36.528	-6.7207	-0.3798	-1.34848888882656
33.424	-10.084	-3.4669	0.10184761836344
35.861	-2.605	-5.277	0.742330509310712
34.46	-9.1908	-4.2253	1.645
38.32	-4.8525	-3.1108	-0.857567312846073
37.496	-3.2443	-4.1554	-0.441580293972041
26.909	2.6637	0.026832	-0.564435405769704
23.052	-12.064	-3.317	0.6450301404885
37.644	-6.4692	-2.6675	0.461562953541012
36.848	-6.5595	-2.1398	-0.626458034104192
29.035	1.6447	-0.066406	-0.352492341869309
35.626	-7.5125	-0.57968	-1.601968448623
37.322	-7.6218	-1.4826	-1.07873629584915
35.285	-8.2893	-0.64382	-0.646294574410882
20.084	-12.312	-3.48	0.857630598127569
28.865	1.751	-0.48839	-0.663815634706722
29.709	-10.969	-3.9119	1.47350992457633
37.772	-3.5059	-3.3861	-0.267237231459093
36.942	-6.4637	-0.66239	-1.14386091629116
33.758	0.38343	-3.2386	0.283578751103242
36.282	-1.236	-3.9953	-1.43583926452761
36.872	-6.6326	-0.5159	-0.135720809661915
27.991	-1.7102	0.46544	-1.3969735663372
34.467	-0.7789	-5.5486	0.152200880717234
28.91	-10.416	-4.3339	1.45944828765843
36.451	-2.0925	-4.9467	-0.826895744326334
29.772	1.7553	-0.20628	-0.225272558139486
37.46	-4.4038	-1.0835	-0.585324484917244
30.47	-9.6622	-4.3325	1.645
31.478	0.98321	-0.87069	0.161109286987717
36.431	-1.4634	-3.8262	0.340458884814689
36	-9.0717	-3.5695	0.308550092231225
37.711	-5.9719	-3.357	-0.405826812659304
27.558	-11.495	-3.2371	0.388852481902258
24.502	-11.889	-4.0808	1.645
36.522	-7.3306	-1.1206	-0.268496288965868
34.234	-9.0501	-4.1876	1.645
34.039	-8.7942	-4.1058	0.873856478238437
36.049	-2.8343	-0.31658	-0.469645691893576
35.726	-3.108	-0.29894	-0.557268469463887
37.247	-6.3258	-0.74275	0.201716231895498
36.663	-8.0185	-1.3392	-0.865313450320019
36.819	-2.209	-4.6629	0.0860893406135657
36.367	-7.0131	-1.7098	1.645
37.603	-3.5366	-2.3554	-1.15467467745882
37.32	-2.9559	-2.0473	0.671125914407607
36.358	-3.1915	-4.9347	1.645
18.772	-12.196	-3.1299	0.242466381763387
32.75	-10.422	-2.8005	0.0208038577071331
36.785	-1.4031	-3.5604	0.273923733238991
35.477	-1.5291	-5.0441	-0.475947263705312
28.024	-11.618	-3.2678	0.83651987994453
38.028	-3.372	-3.8422	0.0679024823585551
35.983	-6.7157	-0.25748	0.729894889726568
37.675	-7.2641	-2.5191	0.0314368754351819
38.285	-6.068	-1.6478	-0.169614829812849
37.648	-2.9954	-2.6871	1.19655255233594
36.758	-6.2914	-0.49534	0.401957081486438
37.3	-4.165	-1.6175	-0.948601603973064
27.805	2.13	0.2655	-1.645
33.741	-1.9733	-5.4226	-0.0684621910240514
36.11	-7.4497	-1.499	-0.515004631144255
37.13	-3.482	-3.5833	-0.87800830253718
37.065	-7.2034	-1.1197	-0.69434580588199
35.676	-1.5634	-5.343	0.12517249987349
25.634	-1.2253	0.94194	1.645
36.345	-2.7504	-1.3676	-1.16806362228286
35.006	-5.2704	-0.66318	-0.505328428691576
21.515	-0.82075	1.3352	1.645
36.934	-7.1197	-1.3898	-1.06019359469742
35.563	-2.7773	-0.24283	-1.645
37.173	-2.6245	-3.9132	0.715629469735195
36.387	-2.0945	-4.6511	0.602079248969405
35.784	-2.114	-0.96068	-0.524870199373398
37.664	-3.9756	-1.3644	0.999463443322589
33.453	-9.9212	-3.2833	1.36974347386298
28.418	-11.12	-3.9506	1.645
35.617	-3.9137	0.42156	-0.460610383192972
35.863	-2.4069	-2.5622	0.249153780743159
35.028	-7.1752	-0.66195	-1.10005488519944
35.812	-5.4805	-0.52955	-0.643501147974838
35.948	-1.8128	-5.129	0.552797533307769
36.383	-2.5713	-5.1106	-0.30528707672956
37.161	-6.9458	-4.105	-0.696907643866379
33.48	-0.64767	-5.7709	1.645
36.767	-7.3284	-1.2693	0.82407001377604
34.688	-1.4445	-4.5017	0.0740182696262089
35.727	-1.6297	-5.1851	0.787851388638462
27.955	2.3396	-0.87238	-1.08912285542508
33.377	-10.479	-2.644	0.490232695188448
32.498	-1.6331	0.075498	0.263666350226569
37.362	-2.3661	-4.0574	1.03295249577419
37.957	-5.771	-1.0749	-0.972132103980783
36.775	-7.7189	-0.67347	-1.23028928523829
37.412	-4.5111	-2.4789	-0.0334485213234085
36.828	-7.5118	-1.7764	-1.12811872037508
34.807	-9.2413	-0.70097	0.0250271468118157
37.16	-6.5484	-1.2193	0.552332252542355
36.12	-6.8519	-0.23334	0.332387375349279
38.418	-4.7373	-1.7362	-0.615781760424505
33.209	-1.3065	0.58739	-0.898275895002523
36.674	-2.2954	-4.338	-0.650435932039797
36.732	-2.5374	-4.5019	0.300304704249601
37.642	-6.2693	-1.2363	1.24419222575007
34.288	-1.2429	-5.9811	0.963082983334149
34.357	-6.5455	-4.6842	-0.916060096239489
33.459	-6.2113	-5.0877	-0.72362684144776
34.398	-1.8175	-6.1834	-0.51863468770468
28.402	1.6858	-0.84161	0.265900023310316
36.054	-8.1439	-2.2738	0.0362249316280243
36.711	-5.4696	-0.059321	-0.399156295647618
36.851	-6.8	-1.1773	-0.208221234337851
38.242	-5.918	-2.1091	-0.692846781095256
37.137	-3.3898	-4.8805	0.222423291604716
37.779	-6.3044	-1.8107	1.55565865602851
34.925	-1.4506	-5.7603	-0.225236134281153
36.307	-6.6518	-5.0565	1.645
37.216	-7.7869	-1.3901	0.858695031938784
34.201	-6.8832	-5.1613	1.01942628063509
37.024	-5.0281	-5.0016	-0.56204495549693
31.076	-10.596	-3.1788	-0.552696105617475
37.732	-3.9914	-1.8724	-0.723341675655403
28.05	2.1178	-0.84351	-1.22880611237907
29.068	1.9082	-0.13313	1.13250769990073
38.105	-6.1144	-1.8308	-0.796681266331597
31.208	-10.341	-3.9103	1.25602494760837
37.164	-3.1932	-4.4762	0.319418568533797
35.947	-7.6318	-0.92707	-1.18868852567659
26.384	-11.718	-3.1602	0.550123591230289
17.539	-12.176	-3.6076	1.09930954500326
27.847	-1.0006	-6.7591	-1.1750508921606
28.06	-11.31	-4.1272	0.00249215067534711
26.252	2.4373	0.2568	-0.68164060644583
36.415	-1.8489	-3.4901	0.82383405809326
36.414	-6.6305	-0.54073	-0.341661585643191
36.926	-6.1455	-1.226	-0.0319996241469111
37.013	-1.3675	-2.5758	0.0173990705765083
31.516	-1.6663	-1.0651	-0.177514020799375
23.685	-0.6064	0.95115	0.84019412798512
27.546	2.3168	-0.11179	-0.0904613405869128
36.582	-3.2051	-5.0006	-1.1871001242173
37.103	-6.8195	-0.88503	0.0322438108708581
36.399	-7.0935	-1.8265	-0.685273512406291
35.481	-2.2084	-0.77026	-0.681439602516924
27.377	2.5778	-0.06166	-0.385203957730434
29.712	-0.9678	-6.7499	0.829756066542944
37.899	-7.3266	-2.9614	0.978619454972497
36.681	-7.6883	-1.3233	0.833894001937837
36.539	-6.8839	-1.4043	0.596958593346628
36.927	-2.4784	-4.6331	0.678797165192015
37.289	-5.8562	-1.1742	0.0578754659663714
36.35	-1.06	-3.5694	-1.0735107680735
36.839	-2.8458	-4.6107	0.0382223445381559
34.409	-9.3628	-3.4874	0.699568656473294
21.749	-12.082	-3.1072	0.510773709196085
36.479	-2.3034	-4.7111	-0.581646563680912
35.35	-9.2134	-2.9742	1.37926948787388
37.069	-7.3037	-1.1191	0.182196084787063
37.293	-2.0806	-4.0461	0.203172598492189
37.112	-7.3561	-1.2594	1.06655112413995
35.298	-7.0473	-0.77197	-0.721238783566041
34.237	-8.2289	-3.8283	-0.419407143951154
38.056	-5.1676	-2.5888	0.827087099690768
35.642	-2.2581	-5.5624	0.208399194823436
37.132	-6.4566	-0.84542	-0.891373298615607
33.381	-2.7503	-0.92077	0.487254354258054
36.842	-7.1254	-1.1484	-0.373658544972756
36.903	-6.0825	-1.1782	-0.530986353802599
36.19	-1.7172	-3.5639	0.21095361467532
34.92	-2.2908	-0.34357	-0.0657667138652964
38.043	-4.5569	-3.3936	1.52265333953638
35.541	-0.99494	-3.919	-1.20205186242934
37.769	-5.0176	-1.871	-0.536719974838158
35.269	-8.6907	-0.96378	0.061210323929589
36.885	-8.2585	-1.4113	-0.271524327543624
34.961	-9.0902	-2.5955	1.29943223470592
36.838	-3.1052	-0.58324	0.211472594470893
27.664	-10.9	-3.9195	-0.901703872581534
23.422	-0.66444	0.89025	-0.811635893448238
29.878	1.9333	-3.6835	-0.757403180690442
38.515	-5.1784	-2.2231	-0.91920996533225
38.137	-5.8416	-1.5113	-0.0946055121394991
37.654	-2.3191	-2.4915	-0.961846522779191
35.139	-7.3104	-0.6746	-0.9047004548738
29.667	-0.36181	-6.2471	-1.0221274773606
34.572	-9.5317	-2.8881	-0.213106923725769
36.627	-2.2565	-4.6513	-0.164452298704633
38.041	-6.1191	-1.0396	-0.196896239892278
35.898	-7.0416	-0.93679	1.0846522973394
33.998	-7.9864	-0.16569	-0.193022597758753
35.179	-4.4275	-0.35156	-1.10233402699216
35.475	-6.9959	-0.76676	0.438676723964966
32.07	1.4293	-2.3833	1.54055800867566
35.045	-8.4451	-3.0206	0.00686138958408703
36.626	-6.7312	-0.7282	-1.4553805632464
28.783	-1.1034	-6.5278	-0.846324544405217
35.933	-8.4365	-1.8553	0.594698503424989
32.506	-10.224	-2.3987	-0.538417104119657
34.744	-7.6455	-4.2175	0.521819786451941
35.716	-8.4489	-2.1184	-0.408530887648726
31.72	-0.96702	0.3544	0.780965661188183
36.751	-6.7733	-0.83624	-0.904587794506439
26.305	2.5123	-0.34699	-0.0758825933132028
37.254	-3.0555	-4.385	-0.218819628960437
34.17	-1.3725	0.13005	-0.967135130201658
36.772	-2.0808	-3.8427	0.145635354873882
28.764	-0.51537	-6.6424	0.155092347292915
38.014	-5.9577	-1.8809	1.40896605569398
34.574	-3.6874	0.49795	-0.823542181071427
36.293	-1.505	-4.5643	0.693179481164238
36.234	-7.6629	-0.97961	-1.01975257135609
34.65	-7.5723	-2.293	-0.316940706712173
36.083	-8.5847	-3.8822	0.26535773385204
27.103	-1.7895	0.51807	-0.661594234140023
36.16	-3.0067	-5.1595	-0.443828427530969
33.832	-9.4165	-3.2844	-0.690429432637237
35.349	-1.7696	-4.8635	0.180305989364281
37.166	-4.2299	-4.5378	0.555605085341576
34.808	-9.1052	-3.57	-0.839840366263288
35.873	-6.1718	0.076158	0.27474526487789
35.622	-2.128	-5.639	-0.00640877392293629
37.437	-6.1818	-4.1612	0.275653980964173
36.152	-7.3342	-0.95071	-0.563939545726449
35.261	-1.5128	-5.0484	0.482448476005442
33.824	-9.9319	-3.7705	1.645
35.159	-5.0452	-1.1061	-0.314679256643522
30.039	-10.6	-3.9322	1.645
30.135	-9.1454	-4.2499	-0.821423929057534
29.138	-11.188	-3.8476	-0.134724398167144
35.92	-6.9901	-0.49628	-1.04069410465091
31.224	0.17342	-5.7504	-0.80464328862665
35.622	-3.6657	-1.0615	-0.623377293903163
37.487	-6.2291	-1.7669	-0.347823133486985
35.929	-8.1243	-1.4357	-0.653825504509704
33.353	-0.15211	-5.6436	-0.510556409147834
34.134	-10.156	-2.7773	-1.18617415468081
35.54	-1.4891	-4.931	1.5316429469328
34.026	-9.7903	-3.2879	-0.16315876507325
36.626	-5.7911	-1.2278	-0.816482139173438
24.178	-11.704	-3.6301	1.645
37.404	-5.4861	-1.3972	0.246641510585168
33.892	-0.68384	-5.8885	0.129964268851517
24.368	3.7988	0.25655	-0.574328715180868
25.316	0.0397	0.96357	0.741189958841866
36.37	-2.9592	-4.9675	-0.754873109859034
36.177	-2.5183	-1.6875	-0.671637765314232
34.494	-0.21675	-1.9609	0.13990343627697
36.989	-2.1522	-4.4694	-1.14364672394037
29.538	-10.738	-4.0519	-0.693770543761148
37.198	-6.5255	-1.0386	-0.513760191457329
36.164	-7.808	-2.0116	1.50867033388141
26.615	-11.683	-3.4185	-0.0575502596877898
35.959	-8.016	-1.3819	0.386228846667744
37.27	-6.2276	-1.1357	-0.528822959107296
36.454	-6.533	0.32032	-0.0365634576387103
36.452	-2.8956	-0.53636	-0.965191784463245
33.279	-10.124	-3.4263	-0.166491597733427
26.736	2.6919	-0.6298	-0.37760451250558
37.768	-2.7583	-2.6984	-1.4899421293549
35.59	-2.7801	-5.4654	0.518802097435618
37.579	-7.1001	-2.0947	-0.0711812431540196
36.093	-8.6628	-3.2445	1.645
33.734	-9.5652	-3.4776	0.765880461011242
38.216	-4.6273	-2.5373	1.03496475175552
27.089	-11.553	-3.8875	1.28989754319079
32.801	-10.494	-2.9191	0.47992811547883
38.241	-4.5629	-4.0563	-0.866620522463165
37.785	-3.759	-1.4766	-0.277302068226096
38.276	-5.2348	-2.0977	-0.0217357605348989
37.742	-3.366	-3.0438	-0.402369455253326
27.815	-0.57083	-6.707	-0.569991128693637
28.23	-0.50422	-6.5389	-0.912721569233578
29.63	-0.92416	-6.7941	-1.01273957087106
33.189	-2.0783	0.76822	0.360041036868473
34.078	-0.040589	-5.3448	-0.547001368347621
36.923	-2.6406	-4.693	-0.977403479269354
30.923	-10.273	-3.951	1.645
33.454	-0.75361	-5.856	-0.847921156976116
37.946	-3.4073	-2.4633	-0.881085758492637
24.271	-12.112	-3.4109	1.645
36.432	-7.4201	-0.80639	-0.839147903922505
35.365	-1.0409	-4.4356	-0.135495201613933
36.627	-4.0545	-5.0559	0.337159088315932
36.92	-5.8143	-0.62305	1.06727627229802
36.617	-3.1258	-4.9507	1.645
35.936	-1.5523	-5.1143	-0.978640272514785
22.13	-12.369	-2.9595	-0.426669189147791
35.285	-7.5377	0.066807	-0.676079920258255
34.246	-1.9271	-6.1455	1.622723420589
35.563	-0.78294	-4.4159	-0.926571047381498
37.246	-2.3567	-4.2847	-0.283195878057998
36.836	-2.003	-4.5542	-1.47001028774278
35.681	-7.0142	0.034118	-0.602667659755044
28.476	2.3052	-0.21928	-0.364442359903539
36.702	-4.5632	-0.72328	-1.08406945053371
35.022	-2.2931	-0.30106	-0.45475980667086
36.997	-2.8596	-4.6194	1.645
31.828	1.1086	-2.2523	1.34740335376107
35.129	-7.3311	-0.43908	-1.22851474350647
35.687	-2.4359	-5.3201	-0.675996279627354
26.988	-0.92323	0.91876	-0.713809458330147
31.846	-3.3065	-0.63738	-0.269348681274028
33.401	-1.0653	-5.7202	-0.866378502387771
36.04	-6.7814	-0.20054	-0.62196215554101
34.114	-0.95412	-5.5611	-0.362044997554802
36.599	-6.6278	-0.62335	-0.52731892834335
37.135	-6.6056	-1.2216	0.351441286259645
38.176	-5.8106	-2.8118	0.320663188872726
37.58	-4.0989	-3.3811	-0.89893557029034
35.637	-6.7245	-0.37612	-0.309210815045261
35.282	-0.54191	-4.5888	1.645
35.082	-1.3413	-5.5522	0.763372495305059
35.866	-8.262	-4.0059	0.226002028205293
37.104	-7.4099	-0.84084	-0.556136100127501
35.513	-9.1151	-3.2543	-0.636588754460916
36.187	-7.133	-0.64214	-0.952640942068742
35.107	-0.70271	-4.7009	-0.596306331193902
37.184	-1.7013	-2.732	-0.0606817546573568
37.267	-6.9481	-1.9059	-0.129868829559906
32.963	-0.82231	0.13576	-0.226313836823177
35.467	-1.2018	-5.1814	-0.628716191274038
19.144	-11.629	-3.5846	1.567180979478
35.444	-3.6749	-0.45329	1.645
33.256	-0.209	-5.6186	-0.370542328107147
38.277	-5.7043	-2.5148	-0.464481652335106
35.262	-6.5396	-0.11959	-1.1256977293414
36.147	-2.2079	-4.9607	-0.0481015457558453
25.063	2.6942	0.50611	-1.57371470367648
35.954	-7.1833	-0.97152	0.255642869222306
31.359	1.133	-1.4757	-0.0339952862301542
36.883	-3.2841	-4.7561	-0.729227914940842
37.07	-3.5895	-4.5398	-1.07944453099251
29.455	1.4441	-0.33154	-0.311074523272084
30.771	-10.607	-3.8479	1.16332632691036
35.249	-6.5454	-5.549	-0.980281507077629
37.709	-3.0288	-3.4199	-0.000213031942385665
36.433	-4.7672	-1.4114	0.312838671134274
27.534	-0.34665	-6.4868	1.645
36.086	-7.7136	-1.5338	0.803874970599091
38.056	-6.0844	-2.1369	0.552760310372131
34.733	-2.7372	-1.1845	-0.658950932757312
34.09	-1.9336	-5.9096	0.703519034757806
30.214	-10.125	-4.3742	0.631951219309974
36.733	-2.908	-4.739	0.9216348982728
32.649	-1.5728	0.16861	-0.97916072458975
35.94	-8.616	-2.4003	-0.738276312713194
38.211	-6.7695	-2.7243	1.30487533920074
34.473	-6.0424	-5.0366	1.48978787043436
36.627	-6.1571	-0.69163	-0.224634602473091
36.064	-7.1385	-1.2273	-1.39628151019132
28.21	-11.078	-3.6007	1.05730827867142
33.526	-9.8154	-3.646	-0.613420945469964
37.809	-4.4404	-2.6843	-0.307428019363405
36.294	-2.8729	-4.9081	0.911546411361546
36.932	-2.2441	-4.676	-0.950593950060715
34.882	-7.8087	-4.7386	0.19064507068479
36.476	-7.382	-1.0621	-0.236161433401948
37.275	-3.0113	-4.2995	-0.894821731059843
37.16	-7.4515	-1.5202	1.645
29.493	-2.0896	-0.37662	-0.576793872525681
36.008	-4.144	0.37998	-0.89775093609012
33.871	-0.68123	-5.6772	0.879808778826286
26.97	-0.27744	-6.7405	-0.695150879002504
34.878	-7.421	-4.5206	1.645
36.796	-7.0838	-1.2456	-0.941242968886468
36.362	-7.0014	-1.1047	1.33974659379339
20.626	-11.99	-3.1838	1.645
37.31	-7.5264	-2.6178	0.114876493034471
30.671	-0.85242	-6.8893	0.143352975402809
16.859	-12.177	-3.2421	1.39556756892161
36.905	-4.2578	-0.4808	-1.24315608401258
35.511	-1.8353	-5.3157	-0.604274621166868
21.085	3.772	0.79139	-0.487875010236789
37.367	-3.737	-1.2535	-1.07620264725586
36.651	-7.5829	-1.2475	-1.57885399376653
35.014	-8.2377	-0.58041	-0.642887740466979
36.616	-6.8313	-0.47681	-1.44006907523212
36.201	-2.0957	-4.461	1.58118418305614
36.759	-7.1446	-0.57465	-1.03882323059814
35.043	-1.2339	-5.4064	-0.484274223672374
36.334	-6.388	-0.29077	-1.02802676461556
35.239	-3.0074	-0.11223	-1.48441584989607
33.832	-8.7472	-3.3011	-0.516250998987847
29.377	1.7668	-0.97623	1.58128843425273
36.531	-6.2769	-0.45093	0.873302196796204
35.735	-6.5504	-5.0381	0.630210840174847
36.185	-8.2947	-3.287	0.798035463920437
30.382	1.5907	-0.49021	1.33448457162207
36.292	-7.3381	-2.103	-0.473985904655702
30.558	0.84485	-0.90212	-0.468066175459746
