38.29	-5.6387	-2.4153	-0.742977976861809
34.285	-0.88002	-5.7289	0.336055532737151
31.65	0.84958	-1.5053	-0.689418590267602
37.307	-6.0201	-1.5607	-1.49737651682984
36.007	-6.7848	-4.2244	-0.673982503911257
36.223	-7.7271	-1.0545	-0.684465832974771
37.418	-2.9354	-2.5082	-0.225906378297285
33.007	0.29962	-0.29684	0.471103456551843
26.612	-11.577	-3.6266	-0.754698300607204
37.858	-5.3791	-3.9756	1.60607837776197
37.776	-3.2527	-3.708	-0.437779229195253
35.556	-2.9167	-0.96308	0.0368897640150267
36.763	-2.5223	-2.4664	0.555762179538875
26.98	-11.301	-3.1408	-0.377542201745065
36.409	-6.576	-1.957	-0.778352624926826
16.859	-12.177	-3.2421	-1.00561050215819
37.001	-2.4226	-2.9225	-0.311484783860158
34.789	-7.3388	-0.54573	-0.171358633864176
36.942	-6.4637	-0.66239	0.719065776559117
37.28	-2.8613	-4.4514	0.721393135465816
36.732	-7.2218	-0.73825	-0.945874429421224
35.94	-8.616	-2.4003	-1.645
33.708	-1.6614	0.33322	-1.14906574357464
36.492	-7.4624	-0.46387	-0.573927522336243
35.366	-1.8119	-5.5672	-0.591906938993335
38.043	-4.5569	-3.3936	-0.101055656358525
29.457	-8.1844	-4.6495	-0.381224648279551
34.7	-1.2137	-5.6412	0.816542374587405
33.998	-7.9864	-0.16569	1.57714507807257
37.332	-7.2515	-3.8961	1.15134323485794
37.393	-5.8686	-0.98026	-0.533228850124786
35.74	-1.5646	-5.2828	1.645
28.657	-0.49517	-6.6234	0.0115417208632406
37.411	-6.3305	-1.4893	-1.645
14.631	-11.506	-3.6427	0.164892404954597
33.728	-7.5046	-4.2941	-0.288620814462518
27.857	-1.7479	0.28644	-0.724924717701575
35.608	-8.7425	-3.6319	-0.019511838019951
36.952	-8.0395	-3.7747	-0.748319364337606
33.057	0.84632	-2.7147	-0.398683298730226
38.453	-6.2205	-2.5167	0.0309730160098791
36.16	-6.2388	-4.6065	0.174419692736189
33.366	-9.9976	-3.4617	-1.56645791118393
37.759	-5.8941	-2.4694	1.54612470861111
36.296	-3.9297	-1.4904	1.645
28.91	-10.416	-4.3339	-1.07501248765391
36.997	-2.8596	-4.6194	1.60689591800562
37.887	-5.396	-1.5637	0.169445757319294
29.455	1.4441	-0.33154	0.91280668315044
37.161	-6.9458	-4.105	0.0838302187376971
36.325	-6.6188	-4.8643	-0.150245383147665
36.229	-7.0194	-0.57746	0.235710067629503
26.615	-11.683	-3.4185	-1.3473328511934
35.732	-7.4659	-0.892	-1.54732500125814
33.449	-0.70302	-0.86649	-0.133840106049265
35.68	-4.0853	-5.459	-0.103262381655245
28.562	-11.373	-3.9338	0.316871161417506
37.295	-3.7665	-1.2328	0.981840179319457
25.277	-1.3055	1.488	-0.46067282869338
37.199	-1.6237	-2.4917	-0.278651290613559
29.704	-11.031	-4.1478	-1.3437025702432
25.93	-1.2025	0.87789	1.645
33.721	-9.813	-3.1666	-0.544788715509922
34.046	-7.7115	-0.99998	0.757194105065275
37.279	-7.3662	-1.4602	-0.896815878192545
31.294	-7.8077	-4.7166	-0.687283917501899
32.059	1.3109	-2.4168	-0.608222855133184
28.13	-0.42296	-6.6429	1.30829499120435
35.006	-5.2704	-0.66318	-0.919644016529951
36.841	-6.0594	-5.141	-0.539940667198831
36.221	-7.3412	-4.4751	-0.40735295567558
36.861	-6.3361	-0.60656	0.664952380898693
36.584	-3.2355	-4.7375	0.925688602229579
32.963	-0.82231	0.13576	-0.78398758175527
37.269	-6.594	-4.1428	-0.689889178065945
36.185	-1.9151	-5.1717	-0.239176016591728
38.051	-7.0224	-2.7249	-0.832851060065686
37.741	-3.5231	-1.6764	-0.284561987455542
36.636	-8.1869	-3.6598	0.224777489189728
30.806	-9.287	-3.5933	-0.283502675429712
35.901	-7.5783	-1.5121	-1.26760254853746
34.929	-9.3154	-3.3453	-0.334458852471081
36.716	-1.7406	-3.0904	0.546767085055221
37.061	-7.7577	-3.156	-1.645
37.221	-6.2661	-0.70586	-0.410258590337037
36.495	-7.6701	-0.95526	-1.04890288544012
37.488	-6.6095	-1.1444	-0.758525983815278
32.89	0.72047	-2.1587	0.484902438020942
27.767	2.2237	-0.43318	0.351088272016978
29.772	1.7553	-0.20628	1.645
37.109	-7.0105	-0.90472	1.645
26.632	-11.363	-3.9523	-1.36920484288132
35	-8.9277	-3.0689	-0.738233174507768
33.778	0.11392	-0.5513	-0.702750898313119
29.485	-11.04	-4.0291	-1.00821958865698
36.223	-7.4272	-1.0084	-1.21618982743031
34.963	-0.91573	-4.2992	-1.1007859383943
28.246	-11.364	-3.9274	-1.03496205524498
36.175	-7.537	-1.5303	-1.05798188538657
37.804	-3.758	-2.5106	1.10379766695743
30.671	-0.85242	-6.8893	1.21922477203939
37.215	-2.1692	-3.2804	-0.497288741775619
27.895	2.1727	-0.70999	-0.458191285785035
36.446	-6.3734	-4.8093	-0.808657056557777
19.483	-12.108	-3.7965	-0.458912348629678
28.452	-0.64826	-6.6807	-0.0953413297638698
37.251	-3.3098	-4.4526	0.0904806891259941
38.242	-5.918	-2.1091	-0.557614187649806
27.802	-0.52154	-6.6001	-0.711487987477671
29.674	1.9213	-1.1953	-0.47647894525481
36.602	-7.2462	-0.74841	-0.358529717128941
31.672	-6.1599	-5.747	0.0521684876306313
37.754	-3.583	-4.2792	0.0951816290477315
26.305	2.5123	-0.34699	0.988818504825304
29.318	-10.906	-4.083	-0.327213606658939
36.513	-6.807	-1.1852	-1.02050683131661
22.216	-0.28528	1.8218	-0.412798192814919
37.221	-6.042	-1.2144	-0.874787408820318
37.672	-6.7785	-0.78609	1.03876773950963
35.826	-8.9178	-2.6398	0.273532298947558
33.751	-10.254	-2.9882	0.034570362151505
26.736	2.6919	-0.6298	-1.3159784509475
34.344	-1.2254	-5.6987	0.928061236873835
36.829	-3.054	-4.6771	0.208129037971647
35.592	-6.7005	-0.93449	1.645
38.1	-4.3733	-2.6288	1.38417155624725
24.603	3.0977	0.72789	0.468301925342002
36.842	-7.1254	-1.1484	-0.245766435856558
37.326	-5.6839	-4.4112	0.71839111560741
36.38	-6.6055	-0.06572	0.120558167143184
33.884	-9.4559	-2.2002	-0.995831702157583
37.548	-3.7864	-2.5541	1.645
36.834	-7.6649	-2.6837	0.245608421061237
35.687	-2.4359	-5.3201	0.138927620641413
29.648	-0.84476	0.71673	-0.193129393052658
27.83	-11.511	-3.6894	-0.593202613124387
36.282	-1.236	-3.9953	0.898390530043759
37.301	-2.9975	-4.1287	0.688048321489604
38.418	-4.7373	-1.7362	-0.968517620545313
29.53	-11.489	-3.1516	1.645
35.992	-6.343	-0.027214	0.566502922107703
36.883	-3.2841	-4.7561	0.316322278413386
37.93	-4.6532	-1.5629	-1.645
36.927	-6.6277	-0.54409	-0.590438196859922
30.4	-10.876	-4.4696	-1.09562600332654
33.871	-0.68123	-5.6772	1.40388255315131
36.204	-0.51726	-2.602	0.547520768139292
36.668	-5.7643	-0.36006	-0.339323346529154
36.088	-6.6977	-0.52185	1.645
36.38	-3.1166	-4.3906	0.505527445175002
35.676	-1.5634	-5.343	-1.06626295268971
38.124	-5.9004	-1.833	-1.645
29.196	-10.899	-4.0629	1.31142557140669
31.983	-8.192	0.43924	-0.758489731339417
27.763	-0.19828	-6.7383	0.769615695442092
35.913	-2.1991	-5.1813	1.645
36.43	-6.2279	-0.72841	-0.863851901721584
31.972	-10.291	-4.3015	-0.749469598593043
34.807	-9.2413	-0.70097	0.519953547226194
32.516	-0.5129	-6.2823	-0.0190595207212531
35.963	-2.9456	-4.6888	0.699465443528695
35.186	-7.3743	-0.73991	-0.674991090090081
28.759	-11.084	-4.2342	-0.695464627611982
32.677	-8.7274	-4.1685	-0.876456331197078
38.014	-3.428	-3.3169	0.503875554644629
37.219	-2.0424	-2.5208	0.107576974094212
34.237	-0.72906	-5.5845	0.844445596070362
36.939	-3.7073	-4.6069	1.04352294747888
38.36	-5.3256	-2.9136	0.0276964892518804
35.958	-2.3821	-5.0615	-0.682107832908336
36.561	-8.08	-2.507	-0.271994841248095
37.467	-3.1874	-2.2578	1.45319540687301
38.275	-5.2304	-2.3682	0.990464258532878
36.436	-7.5013	-0.96146	-0.156413743988022
36.72	-6.1892	-0.64828	-1.26501032622172
37.001	-1.8216	-3.9956	1.645
37.02	-3.3083	-1.0167	0.256491435019528
37.135	-6.6056	-1.2216	-0.308532051129697
36.493	-3.2037	-1.737	-0.57812840854882
35.228	-8.4952	-3.2171	-1.09856867444678
33.965	0.34185	-2.8306	0.492589962487583
35.527	-1.6899	-5.4983	-0.740889097032412
33.301	-0.8584	-6.2191	1.645
36.234	-7.6629	-0.97961	-0.0432840801388428
24.761	3.1961	0.59405	1.5828100516272
36.371	-1.3748	-4.149	-0.54599829145329
37.056	-2.086	-4.1943	-1.08256571077849
29.473	-0.48085	-6.5681	1.645
37.32	-2.9559	-2.0473	0.963216931444939
31.809	-9.8667	-4.0254	-0.029777990610168
27.258	0.22043	-6.3336	0.274200315940718
36.923	-2.6406	-4.693	0.0928416682118176
35.577	-1.6453	-5.4049	1.26938183571034
36.307	-7.1819	-0.72469	-0.312637072865558
33.259	-0.86748	-5.1327	-0.652591441076681
36.21	-7.1793	-0.91817	-0.644287894575757
35.745	-6.4161	-0.72233	0.118889066986274
33.156	0.051677	-0.95287	-0.419442265794362
37.16	-6.5484	-1.2193	0.401582078922936
35.258	-5.3219	-5.4431	0.243160945252708
36.281	-2.7152	-5.341	0.461494208340631
37.031	-6.9763	-1.0374	0.66177382373776
35.726	-3.108	-0.29894	-1.15205226314818
32.388	-10.109	-3.1943	-0.0176761920904019
36.422	-2.8263	-5.0446	-0.321310827675584
36.358	-3.1915	-4.9347	-0.587676262601343
28.402	1.6858	-0.84161	-0.229096229682136
37.899	-7.3266	-2.9614	-0.861119899794727
35.473	-9.362	-2.7353	0.269631223446104
37.872	-6.6212	-3.506	1.645
26.936	-1.6129	1.3973	-0.403014390822376
35.873	-6.1718	0.076158	1.645
38.095	-4.4114	-3.0289	0.521401089891411
20.821	-12.156	-3.2601	-1.16029874993803
30.43	-10.246	-3.9492	-1.53674271498992
31.206	-10.908	-3.2517	-1.47393007567285
35.082	-1.3413	-5.5522	-0.593068300989587
35.425	-1.3523	-5.359	1.31232525558928
36.385	-6.6891	-0.91737	1.645
34.623	-7.9058	-0.21977	0.232310765811533
36.758	-6.2914	-0.49534	1.5885862096484
37.27	-6.2276	-1.1357	-0.0969131810161791
30.035	-10.734	-3.8263	-0.264627563374016
38.079	-6.2421	-1.3115	-0.973214522169127
37.768	-2.7583	-2.6984	-1.53726283738942
33.946	0.48495	-2.0193	1.645
36.187	-1.3059	-1.2429	1.645
36.194	-6.8002	-1.6144	1.645
37.406	-4.0066	-3.9598	-1.03135250783782
35.112	-8.381	-1.5627	-0.500275565534175
33.853	-7.9412	-4.2012	-0.914603228194465
29.377	1.7668	-0.97623	0.0144745593676691
36.125	-7.0592	-0.43751	-0.890868017018124
38.201	-3.9247	-2.182	-0.45940939427238
34.079	-9.9018	-3.0968	1.55917312693801
28.169	-10.539	-4.4468	-0.722463730474868
30.193	1.2549	-0.92182	1.645
36.671	-6.1766	-4.2952	-1.15225454762851
24.884	-12.03	-3.7199	-0.25857168086972
36.946	-7.765	-1.2246	-1.645
25.215	3.2448	-0.1568	-1.18613195128678
36.488	-6.1858	-3.8549	-0.659595648927213
36.086	-7.7136	-1.5338	-0.0365407215653792
35.159	-5.0452	-1.1061	-1.10942802542372
35.954	-7.1988	-1.5628	-0.712271573867073
35.959	-8.016	-1.3819	-0.4989790499844
32.883	-8.6579	-4.8132	-0.557356001175526
31.309	1.3203	-2.1248	-0.977074055707524
33.919	-7.0507	-5.0645	-0.762655576905579
37.784	-3.0457	-3.1938	0.584906040972638
36.099	-7.3386	-0.73775	-0.0425902971740854
35.989	-1.6761	-5.1643	0.439427552778128
35.53	-1.198	-4.9193	0.12690183201481
36.834	-6.7319	-1.2722	-0.767564023801925
34.364	-0.084456	-4.3062	-0.202094848744476
32.924	-0.29634	0.38633	-0.730163426540558
36.517	-7.0275	-0.29672	-0.956333339889183
26.384	-11.718	-3.1602	-0.616300893301967
32.325	-6.7771	-5.2843	1.51748622784916
25.634	-1.2253	0.94194	0.311317626533514
36.059	-5.4499	-1.2052	-0.367226363392511
28.667	1.635	-0.37636	-0.16037017721755
36.934	-7.1197	-1.3898	-0.310138241017304
35.372	-7.55	0.094466	-1.375466281812
35.769	-1.1302	-4.9338	0.931014979731748
38.583	-5.346	-2.3082	0.113580805178354
36.349	-7.9935	-1.5244	0.407380969158907
36.258	-3.1272	-2.1291	0.016259211248423
31.505	-10.677	-3.5357	-0.46218414330179
36.718	-6.6751	-0.98773	-0.914758115276198
37.14	-4.964	-4.1295	0.299961806895693
26.332	2.8248	-0.26543	0.118090694989302
35.571	-0.535	-3.7779	0.137693719427146
32.506	-10.224	-2.3987	-1.14066543497465
24.948	-1.1145	1.1193	0.0015703207909472
35.394	-6.7244	-4.8998	-0.345965859230361
37.011	-5.9559	-0.4383	-0.766174243962109
37.18	-7.2877	-2.0295	-0.170015888736267
24.282	-11.844	-3.4144	-0.655913138014765
26.97	-0.27744	-6.7405	-0.520768908504757
28.89	2.0927	-0.92713	1.645
37.494	-5.8069	-1.0089	0.217824175305618
28.051	-11.463	-3.9954	0.846017560290143
29.076	-11.036	-4.0158	0.834991892175468
36.53	-7.222	-1.5122	0.321793171407431
35.997	-3.0534	-4.6892	-0.799313402105207
35.675	-7.1694	-0.86933	-0.701806219242969
36.872	-6.6326	-0.5159	1.27542322002187
37.997	-4.8692	-1.9471	0.222558455761296
37.083	-6.3311	-0.76982	0.19431449723066
27.045	2.3681	0.63953	-0.80226229947457
37.024	-5.0281	-5.0016	0.599385213048178
36.573	-8.3132	-1.1099	-0.904616810114413
28.415	-1.9853	0.6287	1.645
35.35	-9.2134	-2.9742	-0.520019803421789
28.073	-11.668	-3.1194	-1.64255167370894
37.597	-4.7139	-4.268	0.353093327858888
35.405	-0.70375	-4.8046	-0.646982557897243
35.947	-3.498	-4.6138	-0.690058007514406
36.629	-7.321	-0.79914	-0.73634792893578
30.542	1.6715	-0.25718	0.153446811421246
33.764	-0.71277	-5.7633	0.959943395017016
26.906	2.3831	-0.26394	0.497315426085481
28.343	-11.733	-3.5872	-1.11743220086385
36.969	-6.9389	-2.1567	0.545294435224996
35.365	-1.0409	-4.4356	-1.00950821771227
37.573	-3.3045	-2.1576	-0.423420975948303
33.298	0.35184	-3.695	1.08602168201216
31.873	1.1603	-1.4668	1.16534436411757
35.563	-2.7773	-0.24283	-0.6565904557658
36.212	-2.8864	-4.4424	-1.01767305017457
33.074	-10.314	-3.0415	-1.14944806111841
35.111	-2.7285	-5.6907	1.645
36.89	-7.2192	-1.1222	-0.37208809861644
33.492	-9.8817	-3.9009	-0.941568699489693
37.664	-3.9756	-1.3644	1.645
35.464	-9.2253	-3.2972	-1.645
34.688	-1.4445	-4.5017	1.645
20.617	-0.3175	1.6639	1.53678400381408
37.377	-6.8635	-1.8859	0.0752842588802355
35.607	-1.8209	-5.5017	0.308620143571989
35.467	-1.2018	-5.1814	0.029678461047645
34.549	-0.84299	-5.6394	-0.880861893124547
32.857	-1.747	1.0811	1.645
37.271	-6.6982	-1.6293	1.10821246674204
33.256	-0.209	-5.6186	0.770384728257137
37.742	-3.366	-3.0438	-0.444386010059626
36.292	-7.3381	-2.103	-0.684814248408173
28.019	-0.25125	-6.6692	0.141865328593082
36.026	-2.1342	-5.1439	-1.38042911546423
26.47	-1.2093	0.66759	-0.433918618263943
36.105	-7.5793	-1.0388	1.45762828905411
30.989	1.3364	-1.2695	-0.705510777957324
34.574	-3.6874	0.49795	-0.544068969162197
34.744	-7.6455	-4.2175	-0.847799119703854
36.889	-6.3605	-0.64418	-1.4406707073496
37.012	-7.5666	-2.4787	-0.195970478139114
36.139	-7.2369	-0.64364	-0.633962591077873
37.663	-3.1052	-2.6371	0.739630395078519
29.713	-1.3836	0.57155	0.810125141220974
36.394	-7.593	-0.62675	-1.28194016661589
36.993	-4.0546	-1.8566	0.465973371673279
36.613	-3.0796	-0.94265	-0.617839769692339
37.836	-4.3579	-3.3202	-0.267320351407548
37.088	-2.7651	-4.3048	-0.805814258925156
36.379	-3.7123	-1.4074	-0.384766916128006
35.171	-6.1369	-1.2886	-0.547966507081188
36.034	-7.4432	-0.97491	-0.695492316723565
37.603	-3.5366	-2.3554	0.368963203596086
35.239	-7.2057	-0.80222	-1.0631935975581
36.177	-1.8567	-5.0243	-1.2638591750416
35.936	-1.5523	-5.1143	-0.142449603089768
36.674	-2.2954	-4.338	0.046368466517878
36.261	-5.9674	-0.39885	0.899917632189318
34.246	-1.9271	-6.1455	-0.26660968886303
35.633	-2.7754	-0.42644	-0.509221364250066
37.445	-4.4388	-3.7318	-0.340807516083942
29.63	-0.92416	-6.7941	-0.0528869609621531
32.516	-10.186	-4.2238	0.531214308269445
36.092	-3.3609	-0.37577	0.293927289163915
35.929	-8.1243	-1.4357	-0.802262102281002
37.285	-3.4399	-4.4883	0.540681515344655
34.545	-0.57259	-5.36	0.569557770186955
26.933	2.2884	0.38868	1.645
28.133	-11.456	-3.6026	1.645
28.144	-11.285	-3.6351	1.16563528997872
37.149	-6.3657	-1.3475	-1.0141442473132
34.17	-1.3725	0.13005	0.885641022034347
35.716	-8.4489	-2.1184	-1.50419479121925
33.895	-8.0079	0.42918	-0.72614170995105
35.407	-6.9301	-1.0617	-0.709964819416517
36.367	-7.0131	-1.7098	-0.534919750243201
34.205	-9.6351	-2.6179	-0.836585979301312
37.359	-2.1066	-3.8716	0.632458207613112
38.171	-4.4907	-2.327	1.40400064543098
37.859	-5.8203	-2.0456	-0.229216478999876
29.473	-2.0004	1.2233	-0.688913565666674
34.858	-0.90232	-5.1763	0.920525294859382
32.829	-2.2829	-5.3286	-0.329806752721148
36.528	-6.7207	-0.3798	0.66970831301243
36.083	-8.5847	-3.8822	-1.36777199384511
35.127	-8.9068	-3.2601	-0.338665973477618
35.114	-8.5241	-4.0748	0.133406797886301
34.473	-6.0424	-5.0366	0.102399494904817
35.832	-1.7551	-5.3572	1.00757511574955
35.328	-8.9384	-1.7754	0.799729467345153
36.54	-2.6445	-3.9797	1.645
35.34	-2.5809	-4.242	-0.493735552403185
36.636	-1.8449	-4.6217	0.988654752396432
33.119	-10.31	-2.9906	-1.645
24.255	-1.0753	1.209	1.01296454603333
36.324	-7.7981	-3.4379	-0.422324686200353
35.011	-9.3326	-3.6961	-0.971260133536765
30.474	-10.434	-3.6727	-1.11246755673782
27.162	-11.286	-4.1317	-1.04442033939072
37.127	-6.706	-1.4274	-0.960991650929795
35.866	-3.3966	-1.9231	1.645
36.98	-3.2319	-1.217	0.545301914662264
30.909	-10.532	-3.6165	-0.700267230169878
30.162	1.0924	-0.59141	-0.587919125759722
29.441	-2.4441	0.42788	1.645
34.278	-8.7974	-3.7387	-0.884450228102275
36.92	-3.6492	-4.6394	-1.36286707641973
34.806	-6.9562	-0.62806	-0.0594697909973016
28.05	2.1178	-0.84351	0.711354572669615
36.828	-7.5118	-1.7764	-0.776268302284458
29.101	1.8205	-1.2912	-1.11983824936791
31.935	-9.6442	-3.1092	-1.40735166278656
30.283	-1.7556	-6.5862	0.894942150513461
37.13	-6.6506	-0.87502	0.0434299329316924
27.04	-0.27364	-6.8262	1.645
37.69	-2.9721	-2.3396	1.15265033220667
27.282	1.8772	0.36123	-1.55303248217578
33.204	0.41913	-3.6203	-0.505149360927481
35.304	-0.72865	-1.7241	0.752556177888312
30.384	-1.1125	-6.3906	-0.68943700530679
37.289	-5.8562	-1.1742	-0.74062307699226
30.639	-1.4277	-6.4224	0.711455059179694
35.541	-0.99494	-3.919	1.11453910997278
36.965	-4.6772	-4.0313	1.50933612972756
25.296	-0.72466	1.6146	-0.483874765297586
35.946	-6.5489	-1.2203	-0.121006787507502
37.58	-5.6603	-2.0723	1.00453269354276
36.382	-2.1964	-0.9519	0.267555010136144
21.085	3.772	0.79139	-0.576910995048809
27.877	-10.224	-4.2064	-0.970145643565644
36.678	-7.6703	-1.4146	-1.04877521013641
37.605	-6.5111	-0.87244	1.19708776478478
37.167	-6.6659	-1.13	-0.00400880684354329
38.35	-4.2938	-3.138	0.483911629153023
38.216	-4.6273	-2.5373	1.19811398793589
27.673	-11.413	-4.0307	-1.42131471186008
36.11	-7.4497	-1.499	-0.511523181456913
36.362	-7.0014	-1.1047	0.115900560369713
35.417	-9.3933	-3.2228	-1.10574642981773
37.905	-5.2701	-3.6581	0.871701088459592
35.913	-3.5353	-0.26692	1.645
35.686	-6.1698	-4.8122	-0.791763520886846
36.51	-8.369	-3.6788	-1.16409387600748
37.973	-4.0567	-3.8317	-0.130143574833116
26.728	-2.4993	0.37058	-0.750816867945364
38.328	-5.5245	-1.6957	0.581641811222841
37.744	-4.8284	-2.8158	-0.321138540116294
35.689	-6.7757	-2.8578	-1.07497449296207
37.809	-7.1081	-3.5919	-0.191283204354495
31.012	0.82625	-1.0063	0.491102139728585
37.925	-7.2268	-2.1791	-0.992681407378646
28.036	-0.32208	-6.6729	-0.071950523441731
37.362	-2.3661	-4.0574	1.0093093145342
38.285	-6.068	-1.6478	-0.580686391023909
34.108	-1.3907	0.43458	-1.00411362311965
38.211	-6.7695	-2.7243	1.54097662870142
34.658	-0.62976	-5.3143	0.966352282640681
33.114	-0.44001	-5.9828	1.645
36.605	-7.0821	-2.621	-0.772677029032699
36.807	-2.7145	-1.7884	1.645
38.366	-5.4234	-2.4492	-0.091449171784952
36.24	-2.3286	-1.4169	-0.539886999254061
36.383	-1.4084	-1.6501	-0.350759861963393
36.327	-3.639	-5.216	-0.48158492623817
35.475	-6.9959	-0.76676	-1.33082633752987
36.981	-6.4968	-1.3048	0.23274924847898
36.947	-6.3535	-1.4057	0.0557847023667217
33.859	-9.2605	-2.5721	-0.409552363060425
36.981	-7.338	-4.1057	-0.355449442760025
35.513	-9.1151	-3.2543	0.147433010201969
27.938	-0.14693	-6.4389	-0.333667237964263
27.032	-11.414	-3.9168	-0.420168018993115
37.105	-2.5879	-1.2599	1.645
29.572	-9.596	-4.4341	-1.33471874519065
37.126	-1.7498	-4.0023	0.162961724461339
36.295	-7.3641	-1.1927	-0.265408879913803
37.08	-2.6979	-1.4846	-0.985311302567575
30.771	-10.607	-3.8479	0.225012800117469
33.532	-9.5404	-3.8361	-0.299383810956976
38.276	-5.2348	-2.0977	0.899765330113068
34.494	-0.21675	-1.9609	-0.433472124194438
36.817	-3.992	-1.0023	-1.18242857580508
36.84	-7.9578	-3.3052	-0.401238178590695
36.695	-8.3244	-3.4796	-0.520352643231275
36.786	-8.3038	-2.0017	-0.65432314789869
34.347	-0.98887	-5.2431	1.645
29.709	-1.2098	-6.7267	0.585384138050801
35.822	-6.391	-2.1782	-1.645
35.542	-6.5946	-1.1652	1.645
37.908	-5.4849	-2.8675	-0.884300729975693
36.501	-6.4825	-0.69156	1.12499439311482
34.45	-0.82641	-5.3395	1.645
33.189	-2.0783	0.76822	-1.29910364776542
29.504	-10.993	-3.853	-0.863665028140544
36.976	-6.7599	-1.9741	0.14996938487048
35.129	-7.3311	-0.43908	0.89764394824819
35.233	-1.7225	-5.4094	0.493726519583779
37.897	-4.8967	-1.5729	-1.1097682877964
36.681	-7.6883	-1.3233	1.645
37.033	-2.5461	-1.0928	0.0484408622503801
34.055	0.053927	-3.4849	-0.921318720567654
35.637	-6.7245	-0.37612	0.1647114190231
35.233	-8.8871	-3.1131	-0.783487162946123
36.496	-7.1131	-0.84695	-0.917418134652314
34.387	-0.70831	-5.5504	-1.645
35.2	-1.6433	-5.5416	-0.846732352095272
36.254	-2.536	-4.605	1.15702433517915
24.003	0.13853	1.4663	-0.645438333462959
37.013	-1.3675	-2.5758	-0.116576564629528
35.944	-7.7459	-1.3209	-0.0557573154190301
36.383	-2.5713	-5.1106	1.32184821737046
37.246	-2.3567	-4.2847	0.327929706497035
37.348	-6.6439	-1.5268	1.645
37.244	-6.5933	-1.2809	-1.38267237523105
34.051	-7.057	-4.9855	-0.767071746191591
29.893	-1.3723	-6.5831	1.645
37.872	-5.7018	-1.026	0.436272933511648
36.772	-2.0808	-3.8427	0.236680419625066
37.657	-5.2865	-0.77623	0.252629827173092
20.474	-12.495	-3.206	-0.479856089451608
36.304	-3.0943	-4.7781	0.272833659664467
37.018	-2.1404	-3.4635	0.0931449945755112
27.649	-11.462	-3.5438	-0.0741776528499424
24.281	-0.95431	1.6062	1.06112791430704
36.421	-8.4179	-2.0881	-1.645
36.996	-7.5969	-1.0678	0.867383807935215
37.878	-4.0903	-2.2179	1.645
34.883	-4.4287	-1.5223	0.722018843474234
31.224	0.17342	-5.7504	0.857716890579468
36.523	-6.9224	-0.55317	1.36764941298389
36.735	-2.0513	-4.5974	-0.254937550245087
34.288	-1.2429	-5.9811	1.645
35.88	-8.2388	-4.4135	-0.468271119046892
36.596	-8.2474	-2.108	-0.701813889407843
36.872	-7.3054	-1.1125	-0.609158840689726
36.696	-3.7296	-4.7045	0.788469723828683
35.835	-5.3318	-5.5868	-0.730396564146906
36.848	-6.5595	-2.1398	-1.18910937493206
33.758	0.38343	-3.2386	1.39942196903721
36.667	-6.7386	-0.78268	0.218151199058691
37.161	-2.9571	-4.3767	-1.13239500310301
35.606	-2.0846	-5.5897	-0.00141935974621983
33.378	-9.128	-3.986	-0.420735426755688
37.883	-3.842	-3.38	-0.253401166002964
37.175	-3.326	-4.0231	-0.700785061271843
23.069	-0.86413	1.3787	-0.248050896309999
29.878	1.9333	-3.6835	-0.233848640955934
36.626	-3.6918	-0.73483	-0.752580387391882
36.956	-3.2025	-4.4751	-0.790118076858735
36.414	-2.6558	-5.1461	1.645
37.03	-6.9054	-0.89318	-1.41992847468559
36.537	-6.301	-1.1695	-0.671298536015273
35.511	-1.8353	-5.3157	1.645
37.298	-5.8161	-0.65225	-0.0182425178463886
35.131	-9.2436	-3.3567	0.0122878487314952
26.252	2.4373	0.2568	-0.249404367599213
33.607	-1.7542	0.66326	1.27392278940119
32.161	0.91575	-1.7862	-0.0938145039759707
37.436	-2.0099	-3.387	1.03280494895088
38.056	-5.1676	-2.5888	-1.01217462087857
36.022	-6.828	-0.57731	1.25425699306002
37.129	-4.2692	-2.0975	-1.58696227303869
34.875	-7.5634	-0.67985	-0.867838600372967
34.93	-7.4385	0.28604	-0.365088821458764
36.785	-1.4031	-3.5604	-0.657834586258654
37.957	-5.771	-1.0749	1.4104799318964
37.485	-6.1472	-1.8209	-1.01023664923556
37.487	-6.2291	-1.7669	-0.382065734392376
29.709	-10.969	-3.9119	-0.518933605429853
21.515	-0.27706	1.74	-0.205148356976131
19.144	-11.629	-3.5846	-0.746610736363395
37.667	-3.3869	-1.5302	-1.02446137602497
29.408	-0.87213	-6.5897	1.645
32.465	0.75286	-1.4389	-1.25949340862471
32.65	-0.74971	-6.2361	-0.312590760978031
35.452	-7.5059	-1.1164	0.263365017580992
34.532	-1.6199	-5.9276	0.835607045908605
37.709	-3.5095	-2.5169	1.645
36.406	-3.0178	-1.5552	-1.0863963184156
31.457	-0.30158	-6.5963	0.76819742856516
25.658	-11.743	-4.0632	-1.14555090204969
33.447	-0.099584	0.24688	0.840143990303728
36.534	-2.8847	-3.859	1.645
31.857	1.6245	-3.1076	1.09777641740052
32.896	-9.6574	-3.1526	-0.261752967576911
37.569	-6.5148	-1.4642	-0.653717832966959
37.779	-6.3044	-1.8107	1.56437695067134
35.221	-1.4667	-5.6054	-0.445265575480229
34.882	-6.9392	-0.59267	-1.02693769323241
30.435	-2.0178	-5.0573	0.346789375264846
35.12	-1.2742	-2.8903	-0.908933249275182
36.599	-6.6278	-0.62335	-0.939792189693928
35.436	-6.7361	-0.95815	-0.723145525665145
37.498	-3.5547	-4.4466	-0.615163452925155
33.624	-9.7678	-3.2114	-1.18841745232758
36.926	-6.1455	-1.226	-0.988797076148942
34.187	-1.4715	-5.6999	0.146258783037371
35.9	-7.2416	-0.67509	-0.0149220792941551
31.72	-0.96702	0.3544	-0.559307933511005
34.864	-0.4048	-2.0771	0.821277966742836
37.809	-6.3381	-1.42	0.460702760744087
37.255	-6.7602	-0.97143	-0.00267330602430666
38.086	-4.8205	-3.8928	0.127763018681561
36.432	-7.4201	-0.80639	-1.28986679663382
37.27	-6.4269	-1.0324	0.49320618167028
35.811	-7.1054	-0.26252	-0.644315185223279
36.271	-7.3453	-1.3238	1.00294885257154
28.06	-11.31	-4.1272	-1.645
36.205	-2.6511	-0.80731	-0.23990950961868
34.751	-2.076	-4.7894	-0.243017037971014
37.393	-3.4946	-4.3244	-0.264607275403541
36.437	-3.6993	-4.3082	-0.328474455819745
36.879	-7.3031	-1.1171	-0.789046954568827
27.184	-1.4529	0.40133	-0.778441884881324
33.037	0.75239	-2.4438	-0.144169156705329
28.861	-2.2487	0.5869	0.890403468200173
37.128	-7.3755	-1.516	1.645
36.42	-7.2465	-0.79641	0.126403672107404
32.946	-10.118	-3.8613	-1.55602763120226
29.803	-10.77	-3.5859	-1.49344495238854
35.954	-7.1833	-0.97152	1.51732621985334
37.261	-2.7718	-4.19	-0.246992602322433
36.545	-7.0306	-0.54223	-0.281442064356573
38.26	-5.4613	-2.6107	-1.31932279395685
36.196	-2.2167	-5.2777	0.350904990313703
29.138	-11.188	-3.8476	-1.05424919097472
32.07	1.4293	-2.3833	0.602838670608879
36.133	-7.4211	-1.9201	-0.716682638479789
25.703	0.22142	-6.7138	-0.315351447631094
28.796	2.6423	-1.0447	1.05924613438307
29.712	-0.9678	-6.7499	-0.161792554868423
35.196	-7.2738	-0.20346	-0.688734223145632
26.345	-1.1055	0.5634	1.44206407613536
37.798	-6.4612	-2.1662	-0.596308480066668
36.96	-6.9343	-1.0159	-0.581657688752758
34.409	-9.3628	-3.4874	-1.42840531481629
30.682	1.0168	-1.2092	0.886169968249429
38.082	-5.3314	-2.1137	1.01357730536753
36.419	-6.6899	-0.5559	-0.734623560237122
34.398	-1.8175	-6.1834	0.657498257770232
33.652	-9.6058	-2.9365	-0.554575912673012
36.973	-4.4217	-0.99545	-0.58953901277592
36.206	-7.2978	-1.6692	-1.17084275203855
36.647	-7.5774	-0.80506	-0.122298678517976
31.516	-1.6663	-1.0651	1.32831898314278
34.005	-0.32428	-5.4688	-0.503906613299416
36.802	-7.1285	-0.91854	1.645
35.201	-6.4466	-4.6978	0.379771445497866
37.974	-3.6555	-3.1281	-1.12035327201936
37.444	-6.7964	-3.6172	-0.336385689390014
36.358	-1.9963	-3.3979	-0.407015414360008
31.683	-1.2044	1.0754	-0.934126180505303
37.283	-5.6156	0.019012	-0.362091994455248
37.961	-4.5137	-3.6152	0.189524844175068
35.876	-2.8084	-4.9303	-0.728216278134372
31.618	-10.13	-4.2517	-0.472785050356573
24.924	3.2424	0.63254	1.645
36.135	-7.0239	-0.50614	-0.959699473744422
36.961	-6.9266	-1.1732	-0.796436383530588
36.399	-7.0935	-1.8265	1.645
36.008	-4.144	0.37998	-1.26020800347645
35.107	-0.70271	-4.7009	1.645
36.754	-3.0007	-4.6999	-0.252042486617547
35.222	-7.552	-0.12993	-0.855049508582961
34.659	-1.9863	-5.9829	-0.514588511059415
35.852	-6.3953	-0.66102	-0.898451844380302
36.291	-3.2826	-5.4975	0.142610935132133
37.307	-3.9139	-4.5918	-0.90671553587952
36.304	-5.6636	-0.46282	-0.472929658670896
35.78	-6.7263	-1.6317	-0.99150211605248
37.853	-6.0901	-2.2477	0.457179581215026
37.469	-3.0494	-4.2007	1.645
36.152	-7.3342	-0.95071	-0.519167468236402
36.769	-3.844	-5.1959	0.11840415946653
36.195	-3.0407	-2.149	-0.803690255092439
36.231	-6.2373	-5.1256	-1.30173933056934
34.095	-9.7839	-3.228	-1.22046202686438
37.496	-2.3662	-2.2257	-0.559661089494594
36.92	-5.8143	-0.62305	-0.206243318227598
34.568	-8.0682	-4.3868	0.434880988237703
25.499	-1.9116	0.89186	0.886527618086645
37.508	-3.0489	-2.1855	0.728126466740658
35.563	-0.78294	-4.4159	-1.00839752021464
36.444	-7.3508	-0.80357	-0.958045318305273
36.492	-7.1408	-1.0361	-0.775085958314543
35.014	-8.2377	-0.58041	-1.59495503101054
36.747	-2.8716	-4.7368	0.841109228515269
18.117	-12.427	-2.7497	-1.20060574297243
23.754	-11.761	-3.3614	-0.521815168027728
28.783	-1.1034	-6.5278	-0.220853102397212
27.944	-0.12737	-6.92	-0.692988953512396
34.733	-2.7372	-1.1845	-0.878011531789953
36.928	-3.1836	-4.6119	0.403820603345567
25.063	2.6942	0.50611	1.09437212716073
27.805	2.13	0.2655	-1.01763839218472
37.259	-3.0075	-4.4835	0.473732882807311
35.664	-1.6218	-5.105	1.39930963717137
33.966	-0.18969	-0.95979	1.645
36.201	-2.0957	-4.461	-0.653928425136773
37.54	-3.8517	-4.3804	-0.450173992155035
30.214	-10.125	-4.3742	-1.605689575298
26.937	-11.434	-4.0353	-1.645
36.966	-5.8746	-2.2644	-0.475916255052836
37.42	-3.8425	-1.2864	-1.36592497416221
36.78	-7.3321	-1.024	-0.488445579732477
37.993	-6.6047	-0.58157	1.33036234100426
35.493	-9.2462	-3.3582	-0.561962298419144
36.034	-7.7111	-0.66814	0.514290449204005
37.168	-2.8936	-4.4433	-0.461776625864691
18.476	-11.922	-3.6567	0.931260161646623
33.177	-9.7487	-2.9992	0.223096589596843
33.537	-8.6364	-4.1537	-1.03987967221644
36.963	-3.5361	-2.5995	0.56327879265261
26.716	-11.636	-3.9302	0.267543149209061
33.424	-10.297	-2.9498	-0.493842833214674
36.187	-7.133	-0.64214	-0.920895736228658
32.301	0.83282	-1.4899	-0.92660399613622
33.203	-10.02	-3.7952	0.168239252370277
37.946	-3.3618	-3.7233	0.965075864322383
36.013	-5.2962	-5.2194	-0.782944063190624
28.289	2.0839	-1.1024	0.903713026068625
30.178	1.4558	-0.55411	0.644043001876885
35.159	-1.6508	-5.7185	1.24135583537338
36.381	-6.3235	-0.97449	1.0125027504106
37.827	-3.3669	-2.5679	1.645
31.359	1.2267	-0.79001	0.04447023474048
37.412	-6.2447	-2.696	-0.608890677616025
36.537	-6.8783	-1.0337	-0.416108951872605
22.184	-12.39	-2.6067	0.351704237771927
24.502	-11.889	-4.0808	0.544522617301443
35.669	-5.378	-5.4118	1.06090064586233
38.099	-4.1749	-2.0066	-0.943170579546076
37.644	-6.4692	-2.6675	-0.579961017671168
38.32	-4.8525	-3.1108	-1.1429505269297
37.241	-6.6798	-1.5083	-0.935469758912282
35.769	-6.9619	-0.47515	1.07104350614694
33.373	-6.1595	-5.613	-0.0467141939797411
36.281	-7.2612	-1.4428	-0.0818522712524857
29.6	1.593	-1.8446	0.0940877459061225
27.558	-11.495	-3.2371	-0.416473797331409
29.468	1.8323	-1.3242	0.309400907080787
29.373	-1.8565	0.38733	-1.0224183825443
32.612	-9.982	-3.3678	-1.2382127565558
35.883	-6.8386	-4.8344	-0.722859559496306
38.018	-4.0021	-3.4175	-1.22462609095
36.289	-2.5821	-5.4333	-0.218346177312138
34.361	-1.276	-5.9627	-0.0862588546603642
37.692	-3.8642	-3.9815	1.645
37.937	-4.7004	-4.0766	0.143343068914084
27.737	-11.284	-3.2202	-1.18414080329322
21.996	-12.117	-3.2949	-1.34250182757888
38.043	-6.8756	-1.8666	-0.398472538448117
36.99	-7.0988	-1.0916	-0.297603354544155
36.806	-7.1946	-1.9069	-0.811344095217496
27.416	-11.642	-3.608	-0.544334374688356
36.092	-7.0394	-3.7643	0.200847748051162
27.377	2.5778	-0.06166	-1.09002166271104
36.17	-7.445	-0.85062	0.757906938509503
29.629	-10.882	-3.5421	-0.752116319930104
36.13	-2.8164	-5.1146	-0.834664748931447
37.21	-7.0648	-0.9211	-0.077987059906017
32.73	-10.178	-2.8586	-1.12508721918135
36.309	-1.0166	-2.6914	-0.253425773836248
24.961	-12.173	-3.2356	-0.453225621911684
31.151	-10.386	-3.707	-0.348041619632073
35.209	-2.4738	-5.3197	0.804109387606345
37.745	-6.0125	-2.6235	0.657277002454796
38.3	-5.7317	-1.6831	-1.57442337637236
35.662	-6.8765	-0.14067	-0.497023435397552
37.505	-3.3844	-3.665	1.17897784037683
32.75	-10.422	-2.8005	-1.645
37.447	-2.7711	-3.2962	-0.293803702224047
37.059	-7.1464	-0.47755	0.28661577522177
36.522	-7.3306	-1.1206	-1.35231760397674
37.55	-2.3992	-4.0514	1.645
38.155	-4.6891	-2.4946	1.56784574918211
37.501	-3.63	-3.2459	0.723867985473021
37.032	-6.1426	-0.88556	-1.5981037034827
37.172	-5.7699	-2.3884	-0.201852400968164
37.07	-2.1273	-3.4271	1.08685580505609
36.741	-6.3389	-1.159	0.0777969944065665
36.307	-6.6518	-5.0565	1.645
37.264	-6.7331	-1.3042	-0.0540556947438165
36.707	-6.8401	-1.3848	-1.18330427720709
34.689	-0.28268	-3.6521	0.114159392483637
36.277	-7.249	-0.71106	0.958689315006891
24.271	-12.112	-3.4109	0.46217563039603
35.546	-8.9878	-2.0374	-0.414068954164884
35.257	-2.0901	-4.006	-1.28652142206206
37.732	-3.9914	-1.8724	0.248495348872337
33.288	-0.28058	-5.9272	0.802713848362357
33.377	-10.479	-2.644	-0.872319893036442
34.705	-0.88028	-5.109	0.329829650079036
36.744	-6.6862	-0.47204	-0.635069939159821
36.865	-7.6925	-1.6333	-0.700214834121698
34.669	-0.46744	-3.1166	0.628369594370078
35.609	-7.1077	-0.68315	-1.09829157348208
37.421	-4.2265	-4.3602	1.645
36.103	-2.9022	-4.7952	-0.729833343968938
37.14	-3.0531	-2.5682	1.645
38.411	-5.9434	-2.5654	0.142030807391707
34.343	-1.6947	-5.9695	-0.291962943607212
34.886	-6.2481	-5.5571	-0.208635288906928
36.937	-6.6664	-1.0888	1.645
35.886	-6.8034	-0.66589	-0.908353532136787
37.522	-6.8014	-1.605	-0.866451503429208
36.783	-8.0664	-2.712	-0.19241176965455
30.821	-10.162	-3.2975	0.0623271543584174
37.364	-6.6113	-2.4395	-0.580440887415928
34.889	-7.5416	-4.5362	0.928357517623694
37.095	-3.2146	-1.7715	-0.11541274183104
35.949	-7.0988	0.036498	-0.975900018766437
27.989	0.13398	0.8053	1.645
35.692	-8.8069	-1.7571	-0.307995009959652
34.237	-8.2289	-3.8283	-0.810404671474688
37.769	-5.0176	-1.871	0.204644130496172
36.431	-1.4634	-3.8262	-0.598606064858176
22.195	-0.52443	1.9394	-0.589177435910953
36.026	-6.626	-0.1023	0.251658801938883
35.336	-1.5855	-5.3664	-0.767901663296947
36.425	-0.63911	-3.5397	-1.17234120149315
37.108	-2.6266	-1.3105	-0.961846354984569
29.185	-1.0694	-6.7569	1.645
26.988	-0.92323	0.91876	-0.548828550168641
37.267	-6.9481	-1.9059	-0.733016263947423
37.029	-4.7412	-3.0954	-0.885663797293439
37.076	-2.1343	-2.4981	-0.671677905384947
27.025	-1.1452	0.8769	1.645
37.198	-6.5255	-1.0386	-0.747732924079073
35.127	-9.5065	-3.6642	1.645
19.894	-12.408	-3.0023	-0.331765456650518
35.028	-7.1752	-0.66195	-0.286764790606162
38.042	-4.4673	-2.5642	1.60356032929863
35.221	-8.5458	-1.1697	-0.903204638629172
24.668	-11.654	-3.2159	-0.254993445962427
25.823	2.7506	-0.30933	-0.566942330419229
36.663	-8.0185	-1.3392	-0.867490342252456
36.439	-2.5243	-2.1194	-0.0599998096823739
37.502	-6.2755	-1.1577	-0.403464419483488
28.704	-1.2358	0.73461	-0.615665654467863
36.044	-8.7182	-2.4083	0.282330530148617
29.113	-0.98121	-6.9442	-0.737950949979503
37.028	-8.0319	-2.3737	1.645
36.056	-7.7506	-4.4819	-0.787211955599688
31.782	-10.612	-2.5976	1.28422294228722
37.07	-3.5895	-4.5398	-1.21408787457149
33.85	-8.5339	-4.1833	-0.925454096515351
24.667	-11.97	-3.4268	-1.12694612186623
27.546	2.3168	-0.11179	1.645
37.838	-3.7151	-3.567	-0.34938852467476
36.965	-3.0487	-1.9398	0.410094189447886
35.762	-2.4738	-4.9674	0.455959877942645
37.731	-4.9146	-1.0312	-1.13792228808835
37.969	-4.1044	-3.9668	-0.162118562269951
34.061	-9.7107	-2.6267	0.638580958992187
29.205	-1.0063	-6.6398	1.04111208823305
36.1	-5.7452	-0.9397	-0.782203167900847
36.513	-7.4862	-2.793	-1.34242329074938
38.11	-4.4154	-1.7878	0.531962037355553
24.476	-1.1701	0.93116	-1.10533147115086
36.868	-7.3659	-3.4925	0.816892245234088
37.046	-6.6266	-1.4054	-0.510074664956744
36.624	-2.5872	-4.7152	-0.0690413057290666
29.538	-10.738	-4.0519	-1.16530573111376
36.79	-1.1179	-1.9369	0.214230421434853
38.365	-5.7093	-3.163	-1.29482819207476
33.832	-8.7472	-3.3011	-0.590055721581661
37.136	-6.9179	-0.88602	-0.122444753569151
33.291	0.40457	-1.8331	0.844214187651866
36.388	-6.8777	-0.40505	-0.801339538384721
31.882	0.099737	0.85538	1.51563798285767
34.026	-9.7903	-3.2879	-0.304560079124897
38.141	-4.2786	-2.7783	-1.04565828280147
35.623	-7.3392	-1.1323	-0.862977810709167
36.318	-6.8931	-3.2431	-1.37694956636478
28.418	-11.12	-3.9506	-1.645
37.946	-3.4073	-2.4633	0.613195350553919
36.514	-2.8311	-4.6458	0.99489174754654
28.168	-0.41404	-6.7192	1.645
27.479	-1.1421	0.8687	-0.236847459601888
35.754	-8.7903	-3.0805	-0.0449327125649109
35.595	-7.1083	-1.4836	0.618743762578528
27.931	-0.28496	-6.5634	0.249683523849481
36.836	-2.003	-4.5542	-1.10571271220665
37.344	-5.4244	-3.918	-0.115336785359739
24.401	-1.0807	0.94528	0.741430210982529
37.648	-2.9954	-2.6871	0.766524350378339
36.684	-6.916	-0.54257	0.271646756801881
33.716	-7.4941	-2.944	-1.09790586626054
37.081	-2.2684	-3.7777	-0.714006497471164
33.331	-0.8698	-4.6621	1.645
35.881	-1.4853	-5.1216	1.645
36.82	-6.8749	-0.3813	-0.251661276658314
13.152	-11.939	-3.2046	-0.791914209399542
33.708	-6.1344	-5.2625	1.645
36.805	-6.8704	-0.46855	-1.49834198000083
36.474	-2.0151	-4.8982	-0.464858566566543
35.308	-9.5027	-2.4343	-1.09671321732352
32.498	-1.6331	0.075498	1.645
34.157	-1.6204	0.0068926	-0.813870590507629
37.262	-7.6743	-2.5575	-0.0210390539952762
36.085	-8.2433	-1.0166	-0.528483251226806
30.382	1.5907	-0.49021	-0.171187291800771
37.164	-3.1932	-4.4762	1.645
32.833	-9.925	-3.8629	-0.845415973310877
27.695	2.5926	-0.75992	-1.01717039720045
35.549	-6.4596	-0.15332	-1.03853522025744
35.477	-1.5291	-5.0441	0.211270863706691
36.775	-7.7189	-0.67347	-0.166139938651835
26.259	-0.18253	-7.0548	-0.793891997830568
27.536	2.4938	-0.31686	0.764415162146585
36.682	-6.2436	-0.22291	1.28490057369772
36.52	-7.3394	-3.0192	0.663247424113042
36.301	-7.5684	-2.2311	-1.34337524126684
23.219	-11.625	-3.7246	0.317798314347648
36.115	-2.5821	-0.79798	-0.178348960529942
30.827	-10.451	-4.0079	0.862552637370708
33.597	-0.56617	-5.3621	1.645
35.951	-1.7764	-5.2628	-0.106028501906327
36.023	-3.1128	-0.9772	1.58562731786693
29.683	2.3099	-1.5653	-0.582750469765889
38.137	-5.8416	-1.5113	-0.433116710571964
32.801	-10.494	-2.9191	-0.675265064282963
37.034	-2.7736	-2.7544	0.0145356073501891
37.709	-3.0288	-3.4199	-0.210420712305859
35.269	-8.6907	-0.96378	0.339804742482272
30.867	-10.809	-3.5384	0.526785481693208
37.117	-7.0294	-1.3152	-0.168608291862851
34.74	-1.4122	-5.6472	1.4548963099792
36.732	-2.5374	-4.5019	-0.293811982841349
35.927	-2.6184	-5.194	1.645
34.872	-9.2335	-3.1798	-1.47598562161759
36.582	-3.2051	-5.0006	0.402423407121556
36.693	-3.4679	-1.3316	-0.00486846238566001
36.321	-3.9637	-0.27042	0.54854988818204
37.379	-3.6702	-0.92475	-1.645
35.848	-8.0086	-0.74692	-1.05903774582435
35.769	-1.0613	-4.7791	0.141674066243935
30.247	-10.532	-3.9948	-1.35895507272686
29.068	1.9082	-0.13313	-0.89382125138736
29.352	-10.501	-3.6657	-0.67590747363859
36.432	-2.9785	-1.8557	0.546232069374618
29.628	1.4832	-0.091737	0.32154919322058
22.571	-0.57713	1.5151	1.44901787559206
37.718	-6.805	-2.3753	1.645
20.626	-11.99	-3.1838	-0.447737192808881
33.226	-8.1007	-3.0252	-0.82728306420851
36.51	-6.2637	-0.54518	1.43541801486442
28.257	-0.68969	-6.8239	0.25448793985162
36.107	-8.3833	-3.8955	-0.761776978186372
38.205	-3.7763	-2.7418	-0.154718715194644
28.21	-11.078	-3.6007	-0.545222377630141
37.38	-3.0814	-1.6637	-1.08981330782885
33.485	-9.167	-3.831	-0.724708479084352
29.049	2.1374	-1.2587	0.222431206872873
35.282	-0.54191	-4.5888	1.645
36.737	-5.862	-0.77037	1.645
36.986	-3.4192	-4.8641	0.875684127791837
37.82	-7.0502	-1.9993	-1.00006653549405
36.616	-6.8313	-0.47681	0.910394223904724
29.667	-0.36181	-6.2471	-0.971226645300917
35.022	-2.2931	-0.30106	-0.324112573472047
36.404	-0.77396	-3.045	-0.533267183304223
29.977	-11.456	-3.3584	-0.897736374895738
36.328	-7.1272	-0.93379	0.310512617989736
26.621	-0.41676	-6.7491	-0.726209642899194
35.228	-2.001	-3.9949	-0.867605320934
35.763	-0.51963	-3.4807	-1.09922878901161
34.547	-9.2514	-3.6529	0.340501115332408
37.016	-2.6871	-3.6991	1.645
32.196	-1.6907	0.61627	-0.811024453476851
33.647	-9.5361	-2.9473	0.437996180726393
37.112	-7.3561	-1.2594	-0.164100025296499
36.835	-3.5596	-0.94827	-0.532566616085972
36.601	-3.3263	-0.83788	-0.818870360843853
35.391	-7.7354	-2.7639	-0.993794735462159
37.065	-7.2034	-1.1197	0.44800452464518
35.791	-7.0583	-0.31701	1.645
37.061	-6.5184	-1.2337	0.451710957291878
35.868	-8.013	-3.1225	-0.915433377160205
37.702	-3.2554	-2.2478	1.19184921687107
34.234	-9.0501	-4.1876	-0.17604819912174
37.36	-1.9229	-3.4248	0.111167389326894
37.664	-2.5775	-2.7475	0.397680776227625
36.438	-5.6209	-1.0791	-0.918188169279479
33.454	-0.75361	-5.856	-0.871865952470759
34.808	-9.1052	-3.57	-0.178560647359269
37.311	-7.1319	-2.484	0.380824931006691
28.143	-0.79826	-6.7107	1.645
37.654	-2.3191	-2.4915	-1.07189747567828
28.959	-10.732	-3.9835	-0.282114945653151
32.123	0.60269	-0.86491	-0.502018033367254
34.92	-2.2908	-0.34357	-0.894850153132593
38.637	-6.5948	-1.8103	1.645
36.676	-4.9225	-0.54227	-0.961417232009644
35.136	-0.6424	-1.0237	-0.753535084571203
37.809	-4.4404	-2.6843	1.645
36.478	-7.1979	-2.0881	1.36562497620902
37.885	-6.1483	-4.0581	1.17710213396823
30.903	0.73487	-0.78254	-0.732119517185966
36.185	-8.2947	-3.287	0.728754560354161
35.586	-6.7863	-0.30952	-0.689033318104096
37.23	-3.1353	-2.1204	0.885029241098883
37.185	-5.435	-1.2468	-1.02950027482401
28.79	-0.60836	-6.4231	-0.234583439151233
29.524	1.8227	-0.21233	-1.28688763032121
32.739	0.91199	-2.6954	0.00990192330437164
35.22	-2.8647	-5.4605	1.60505957875972
33.627	-10.262	-3.7998	-0.7255115208219
27.534	-0.34665	-6.4868	-1.35088413475526
37.103	-6.8195	-0.88503	0.538523380691357
36.905	-4.2578	-0.4808	-0.235597111360308
36.293	-1.505	-4.5643	-0.0482226061469244
17.095	-12.321	-2.8753	0.396086316367418
38.305	-4.7921	-2.3396	0.416290116302091
25.356	-12.145	-2.9767	1.645
37.772	-3.5059	-3.3861	0.176005823601382
34.219	-0.7002	-5.219	-1.07148236791566
34.541	-2.8555	-1.6681	-0.466501527048778
36.949	-4.5689	-2.2549	-0.0684112306010708
29.467	-10.775	-3.9691	-0.96731848520573
33.506	-8.587	-3.743	-1.07705776950797
38.006	-4.5622	-1.6132	0.442958788226759
23.875	-11.581	-3.7265	-0.850152630012364
37.493	-3.1652	-4.0554	0.945894345178769
37.192	-7.2199	-0.97104	1.42953837552069
27.815	-0.57083	-6.707	1.645
34.81	-1.815	-0.71735	-0.93910396544732
34.702	-1.6396	-3.8829	-0.449792445103913
34.492	-7.3364	0.24994	-1.12865650172177
25.941	-0.49807	1.7601	-0.682537651845255
34.357	-6.5455	-4.6842	-1.61836554810752
29.42	-11.225	-3.3753	-0.417279723880759
36.761	-4.0431	-2.5386	0.111232260905797
35.843	-6.6108	-1.5401	-0.910037117824414
36.767	-7.3284	-1.2693	-0.775555396725349
20.57	-11.951	-3.571	1.645
24.495	-0.80438	1.506	-0.637577680387933
35.615	-2.2489	-4.7724	-0.766017974749452
34.841	-1.1825	-5.6789	0.578384828206795
38.041	-6.1191	-1.0396	-0.574382736323885
37.59	-3.4846	-3.6459	0.36129292632178
37.918	-7.0786	-3.0856	-0.355507826859623
18.772	-12.196	-3.1299	-0.793888270888189
37.484	-2.9589	-2.2054	1.08578020928692
24.068	-11.949	-3.7635	-0.68843256263729
31.849	-10.422	-3.1593	-0.906923593996643
37.658	-4.6228	-3.5033	1.41592683814851
36.642	-7.6993	-2.0698	0.813156246084146
36.479	-2.3034	-4.7111	1.645
33.407	-9.7397	-3.9947	1.645
37.299	-4.6356	-4.2258	-0.39257285686466
37.262	-3.681	-4.3805	1.645
28.476	2.3052	-0.21928	0.955856417473555
37.961	-6.4367	-2.1714	0.660946559871289
38.313	-5.8634	-3.2643	-1.645
29.359	-1.6151	0.50232	-0.269556295548091
36.476	-7.382	-1.0621	-1.11524011471387
35.681	-8.7417	-2.8366	-0.489803648395687
36.759	-7.1446	-0.57465	-0.218196870832041
37.069	-7.3037	-1.1191	0.0845928572039709
37.799	-3.4383	-3.9197	-1.04466386391089
27.399	1.8644	0.060854	1.645
36.546	-7.4554	-1.1895	-0.875651817281532
35.172	-5.0249	-0.59907	1.45727361285274
35.993	-7.0808	-1.3785	0.64106623995613
36.564	-7.3469	-0.8169	0.345671328574682
36.613	-7.1136	-0.79163	-1.645
35.352	-7.529	-3.7597	-0.1586776356845
36.177	-1.3727	-4.7834	0.627918632697148
36.558	-3.477	-0.7264	-0.699514238496695
37.393	-6.592	-1.4972	-1.07745721792091
32.159	-10.433	-3.0039	0.435554677357481
36.233	-7.5856	-0.90686	-0.259264460391319
36.115	-6.9508	-0.31193	-0.556286282292069
32.761	-10.279	-3.5803	-1.52299817682637
28.368	-0.59665	-6.7559	0.0425824936270579
35.815	-7.8946	-0.37288	1.645
33.688	-2.6749	1.0381	1.07896190822957
31.148	1.1191	-1.7657	-0.5911155744783
37.201	-7.6178	-1.6684	1.18466589805304
22.106	0.18732	1.8667	-0.26097799090546
28.812	1.5111	-0.18542	1.13917765970506
27.464	-11.751	-2.8039	0.0864909939524197
34.933	-9.2861	-1.8374	0.00260626962300961
35.702	-1.5553	-5.3066	1.64432368244101
25.808	2.4843	0.20229	-0.123052045810917
37.254	-3.0555	-4.385	1.645
32.789	-9.4975	-3.0511	0.857853319745258
37.348	-4.3808	-3.4643	-0.0323292822411351
35.295	-7.3557	-2.6164	1.645
36.038	-0.75241	-2.4819	-0.0188631130924567
27.568	-0.41487	-6.818	1.645
36.808	-7.1617	-1.0805	-0.570997401728595
33.832	-9.4165	-3.2844	-0.206046948929727
35.184	-9.2901	-3.1965	0.0209337607528786
32.421	-9.9028	-3.8736	-0.821799361539015
36.177	-2.5183	-1.6875	-0.234727155554996
36.424	-7.281	-0.91605	-1.19973650488288
37.247	-5.6924	-4.4819	-0.830390120126642
33.831	-0.82131	-5.9073	0.819157306501356
36.618	-7.6655	-0.98104	1.645
35.212	-2.5121	-5.7232	0.817557891213672
34.412	-0.72442	-5.3799	1.645
29.642	-1.2463	-6.7948	-0.0364012527254525
37.184	-1.7013	-2.732	-0.397633654691394
34.324	-1.491	-0.028499	0.739569506632867
36.751	-6.7733	-0.83624	1.36422784574225
27.506	2.6504	-0.70193	1.4017774466202
37.53	-4.251	-3.1865	-0.900361046775548
37.547	-3.1049	-3.4645	0.861300534978027
35.898	-7.0416	-0.93679	1.645
36.037	-8.4397	-2.6454	-0.965469231267695
36.67	-6.252	-0.26205	1.645
35.139	-7.3104	-0.6746	0.465735465795967
34.65	-7.5723	-2.293	0.803474838902719
34.516	-1.442	0.39769	0.708908813905248
37.693	-6.9362	-2.1968	0.269379536116865
37.077	-7.9142	-1.4075	-0.30269553054819
37.268	-4.9914	-0.25184	0.0157379337921644
36.093	-8.6628	-3.2445	-0.461258394794647
33.552	-9.7298	-1.7604	-0.594654682618982
18.681	-11.853	-3.5342	-0.708604517502503
30.923	-10.273	-3.951	-0.546037771283855
36.339	-6.8364	-0.98471	-0.719014359518912
36.733	-2.908	-4.739	-0.291423570136558
36.617	-3.1258	-4.9507	0.626702542218958
26.475	2.8001	-0.13414	1.37562368656255
37.265	-6.8089	-1.3866	1.12215315834685
34.081	-0.19025	-0.19369	-0.518967062990576
35.92	-6.9901	-0.49628	1.30988280626167
34.186	-2.9176	0.81454	-0.1613552279804
34.415	-6.8325	0.075148	-0.777953002503329
36.989	-2.1522	-4.4694	0.0735959838103267
37.103	-6.7509	-1.4273	-1.27243325185852
36.022	-5.6927	-0.69924	1.645
36.896	-1.6696	-2.1151	1.645
37.352	-7.3788	-1.6396	-1.56103260293903
28.049	-10.987	-4.007	0.0388075823745114
27.664	-10.9	-3.9195	0.0269325533623897
34.224	-1.4421	-5.2872	1.19995343298797
29.141	-10.738	-4.3405	-0.97805189359183
35.577	-2.1617	-5.7207	1.00639578380033
36.531	-6.2769	-0.45093	-0.154412651589456
37.342	-6.7824	-1.0638	-1.35806270770651
36.099	-2.2894	-4.5739	-0.261901591433219
34.273	-0.69818	-5.6839	-0.115621875587078
36.284	-1.8405	-5.0251	0.155989911177576
36.998	-6.8792	-0.55387	-0.718663031678304
37.005	-7.4155	-1.2923	-0.927845616992462
37.211	-6.4572	-0.88182	-0.330079848345949
36.514	-8.5327	-2.2652	-0.305813717191443
36.911	-4.0324	-0.88935	0.0061134058505849
36.651	-7.5829	-1.2475	-0.313553150686196
31.827	0.24387	-1.1057	-0.503264251335619
37.294	-1.9809	-3.4145	0.283035283124388
37.439	-7.1052	-1.3532	1.60870319178646
36.339	-7.668	-3.0652	-0.74785850603095
35.071	-9.1648	-1.7033	1.645
37.587	-5.2175	-1.004	-0.953209230938357
37.469	-3.1858	-2.9957	0.545695113672478
31.034	2.13	-1.503	-0.570009030835899
36.387	-2.0945	-4.6511	0.891736351721385
34.236	-10.016	-2.8261	-0.50782422209837
36.593	-5.8661	-0.6886	0.64346104750217
37.038	-4.3294	-1.0892	0.59693112178209
38.371	-4.863	-2.051	1.10475056159038
36.331	-7.1059	-0.41523	-0.576514895225278
37.485	-7.2194	-1.5734	-0.155599433881681
34.201	-6.8832	-5.1613	0.73831898913133
35.188	-7.5203	-0.50527	1.645
33.715	-9.6432	-2.123	-0.655273314929728
28.874	-11.12	-4.0281	-0.560393269117567
36.361	-7.4636	-0.51885	0.505000167336945
28.339	-11.288	-3.7747	-1.645
28.058	-0.40419	-6.5521	1.645
35.855	-8.5351	-4.1011	1.2070009914961
33.974	-0.2086	-5.4289	-1.16451018020052
37.902	-5.9908	-2.0936	0.113925126464587
33.145	0.72644	-3.0346	0.132034565284829
35.879	-1.4706	-5.0897	-1.21316289282271
33.674	-1.1195	0.1615	-0.514107231653036
36.394	-6.1789	-1.2919	-0.322905642979808
37.574	-2.8168	-1.8882	-0.867900685337413
34.832	-1.3266	-5.3939	-0.624984637440482
34.92	-2.181	-0.95545	1.645
35.04	-7.5716	-1.0808	1.645
33.459	-6.2113	-5.0877	0.00160054093712621
29.606	1.5715	-0.54431	0.833440475351496
37.3	-4.165	-1.6175	-1.13275710108406
35.409	-7.9537	-0.78786	0.927314168000384
27.947	-11.622	-3.3485	-0.514184618746012
38.053	-4.9272	-3.8114	-0.177931466408519
26.075	-11.349	-3.6326	-1.32579228301885
36.316	-4.3292	-0.2157	-0.00307894369669218
36.584	-6.9242	-0.77023	0.684854754659269
36.433	-4.7672	-1.4114	-0.81459454310006
34.46	-9.1908	-4.2253	0.739210910986008
35.629	-9.285	-3.1762	-0.93753984948353
35.596	-0.68966	-4.4515	-0.743978816258183
36.04	-7.8278	-3.3901	-0.957968809919813
35.878	-8.1252	-1.6888	1.11995102558816
37.707	-3.9647	-4.055	-0.505632370349055
35.866	-8.262	-4.0059	1.16434703859204
36.358	-0.97953	-2.8211	-0.893977901218508
38.176	-5.8106	-2.8118	-1.645
35.863	-2.4069	-2.5622	0.357066157290184
37.269	-6.4643	-1.3187	-1.07799567277485
35.285	-8.2893	-0.64382	-0.247217265789407
28.016	2.2856	-0.45016	-0.802191046756953
35.332	-3.4379	0.25797	-0.7266012675193
38.23	-4.9132	-3.4835	-0.117903056903538
30.396	1.5929	-2.7118	-1.03699799813326
34.09	-1.9336	-5.9096	0.469154125878021
31.038	-10.399	-3.8462	0.597208471686624
36.149	-3.6882	-0.088772	1.645
35.733	-1.9219	-0.14499	0.615676778245855
22.98	3.3486	0.063496	-0.268123384231816
36.054	-8.1439	-2.2738	-0.746611801003335
29.035	1.6447	-0.066406	0.299892861671375
38.276	-3.9029	-2.2387	-1.40390610242895
35.249	-6.5454	-5.549	-1.22047971158535
37.425	-4.7946	-3.5831	-0.262879075252868
27.847	-1.0006	-6.7591	-0.0632406741372683
29.133	0.029435	-6.8166	-0.9120807087222
35.897	-8.9728	-2.3728	1.645
33.908	-0.57427	-1.1263	0.554780969852932
35.72	-8.5251	-3.5035	0.782199315420001
35.137	-7.474	-0.47603	0.775493814836702
34.803	-1.1978	-5.5854	0.721016316534374
35.784	-2.114	-0.96068	0.824828303077852
36.454	-6.533	0.32032	-0.762848661806719
33.824	-9.9319	-3.7705	1.20312837015898
37.105	-3.6061	-4.5524	0.0862371339004508
36.955	-6.6936	-0.62468	-0.0429736500016255
37.247	-6.3258	-0.74275	0.905850247479626
34.719	-0.76652	-0.38087	-1.10740020000351
34.467	-0.7789	-5.5486	1.645
32.373	0.99622	-2.1654	-0.648609535439655
35.22	-1.6653	-1.0212	-0.225707662725624
36.721	-7.1728	-1.6014	0.685729155824091
36.897	-3.6054	-4.7352	-1.01423393373199
35.948	-1.8128	-5.129	0.655578385329146
36.12	-6.4143	-1.0835	0.13277009751633
37.196	-2.9731	-1.8959	-0.264564395394641
36.294	-2.8729	-4.9081	0.156011809037709
35.622	-3.6657	-1.0615	-0.0729648819768774
34.196	-9.5363	-3.2052	-1.44460221038373
36.844	-2.8627	-4.1771	-0.33458854376829
36.059	-6.6724	0.099282	-0.732168818421883
28.632	2.1882	-0.58482	0.178959015002347
37.13	-3.482	-3.5833	1.645
38.149	-5.5533	-1.2842	0.632883275570602
36.473	-1.6404	-4.767	0.13428964997372
28.46	2.2846	-2.1237	0.263190069368036
36.243	-3.5794	-0.21717	1.645
23.422	-0.66444	0.89025	-0.443043788085883
34.078	-0.040589	-5.3448	-0.844058791993249
30.47	-9.6622	-4.3325	0.42082974329091
35.599	-6.7579	-0.15719	-1.60834966782536
34.746	-0.83355	-5.3832	-0.604675189249977
35.54	-1.4891	-4.931	-0.314619460854877
28.865	1.751	-0.48839	-0.738395769761083
36.221	-2.9564	-0.61513	0.716747390078204
30.378	-9.9318	-4.0164	-0.668393200096369
37.138	-4.5323	-4.5154	1.645
33.231	0.16905	-5.6528	-0.264579975795121
35.239	-3.0074	-0.11223	-0.273923430276001
36.89	-5.1349	-4.9182	1.34197994714194
26.577	2.4753	-0.54886	-0.421092452882958
37.404	-5.4861	-1.3972	-0.914692800325337
36.623	-2.2417	-4.4946	1.39969964551902
35.653	-8.8056	-2.0148	0.579125378884531
35.013	-1.0942	-0.74452	-0.544546939010189
35.342	-0.84757	-4.9727	0.716997581138584
36.67	-6.0862	-0.60603	-0.116920667994576
33.48	-0.64767	-5.7709	1.26029893626536
32.922	-10.36	-3.0592	-1.09228265840763
38.398	-5.8134	-1.1318	-0.720921795455848
31.621	1.471	-2.1952	-0.189862263665051
37.144	-2.5994	-2.8073	1.645
37.105	-2.5589	-3.5756	-0.7745681037566
38.09	-4.6696	-3.7878	1.29938760082855
37.97	-6.9158	-1.8538	-0.239257612430675
35.877	-8.4213	-3.4308	-1.1199645720181
29.127	1.8274	-0.60295	0.571646893173918
36.131	-6.7703	-0.6249	0.130445060163663
28.566	2.1575	-0.46418	-1.26879373204347
36.19	-1.7172	-3.5639	1.27310394294362
34.45	-9.2067	-3.1109	-0.0101001967201058
25.809	-11.625	-3.7767	-1.09424718948193
35.914	-2.1429	-5.1293	-0.664618269758786
37.46	-4.4038	-1.0835	-0.00206013937514155
35.97	-1.7404	-1.3486	1.12384542573886
36.04	-6.7814	-0.20054	-0.518252639073631
31.478	0.98321	-0.87069	-0.129161190781025
36.426	-7.9875	-4.213	-0.378397400247311
36.07	-7.6448	-1.1824	-0.341017817981215
37.929	-6.679	-1.6821	-0.29743917313612
36.415	-2.8229	-5.3315	0.524626405804657
37.795	-6.7263	-1.3088	-0.752962485625585
28.461	0.98628	0.17033	-1.07595484712419
36.058	-0.71232	-3.8443	1.645
34.351	-9.3416	-4.3517	-1.12078295590362
35.264	-7.1588	-0.50919	-1.31886042806537
37.173	-2.6245	-3.9132	0.717432155063603
36.297	-6.6218	-1.3064	0.204862169838687
22.994	0.17768	1.5887	-0.738767595743388
37.224	-5.958	-1.089	-0.423387147488628
31.554	1.5166	-0.70294	-0.268627869634961
36.956	-7.4289	-1.0991	0.146605800246252
27.77	-11.555	-3.6482	-0.46917278618568
33.954	-0.85081	-5.874	0.78310581103752
34.572	-0.91389	-5.3163	-0.467002954884977
36.557	-6.012	0.058335	0.966026641376952
37.162	-5.5491	-4.7764	-0.635746115523481
34.169	-2.2291	-0.29475	-0.972849875162471
37.14	-3.9296	-2.3872	-0.594635798269189
35.983	-6.7157	-0.25748	-0.347880009487665
37.241	-3.7254	-1.2785	-0.456838701817075
37.717	-5.9636	-3.8253	1.64434474912167
37.31	-7.5264	-2.6178	0.606178609050263
36.272	-2.8487	-4.1937	1.645
33.679	-0.86234	-0.17042	-0.0564333586527325
37.023	-7.7618	-3.0738	-1.06274964665335
32.785	0.6827	-1.7577	-0.732077058696333
32.649	-1.5728	0.16861	-1.0531564424969
37.662	-2.5526	-3.9957	-0.172566402954282
35.861	-2.605	-5.277	-1.18644818766761
35.681	-7.0142	0.034118	-0.324632181796354
14.2	-12.25	-2.7913	-0.305848823148877
35.796	-7.3764	-0.93857	-0.462508621715875
34.659	-0.55942	-4.4261	0.962022543462978
31.616	-10.133	-3.0478	0.836605118229468
36.378	-8.7082	-2.2334	-0.0108336876707437
27.619	-11.723	-3.0238	-0.0858539330473545
33.845	-9.7813	-3.7695	1.645
36.946	-7.1431	-0.98937	0.142527822962359
28.31	-11.059	-4.4058	-1.07049806998345
36.918	-7.5758	-1.5006	-0.719023308817832
33.339	-3.0923	-1.8954	1.06742136702972
36.91	-3.242	-1.1441	-0.779861064287441
27.402	2.3625	-0.79184	-1.13091825814544
35.259	-0.56743	-3.8436	1.64494182676602
31.307	-10.824	-3.7747	0.060074113743537
36.626	-6.7312	-0.7282	-1.47051764655624
25.316	0.0397	0.96357	0.545929647111426
28.835	-0.9672	-6.622	-0.647359250210024
37.305	-7.1596	-1.4898	0.515559925953434
36.68	-3.1089	-0.80076	0.514857554088916
34.961	-9.0902	-2.5955	0.748883630060309
31.828	1.1086	-2.2523	-1.39793967855223
36.27	-3.1772	-4.7845	-1.27953339907357
36.875	-6.5702	-0.73131	-0.813318800855055
30.039	-10.6	-3.9322	-0.927022648752901
30.906	-10.083	-3.4443	-0.576873749862445
38.576	-4.8825	-2.3728	1.645
35.301	-7.1362	-0.87532	0.424192451911956
38.105	-6.1144	-1.8308	-1.5213995870808
37.474	-3.0541	-2.0965	0.346654541083551
29.769	-1.6298	0.65782	-1.00729345288411
22.895	-11.764	-3.655	-0.951627774120634
36.627	-6.1571	-0.69163	0.0154541788749163
35.984	-1.9774	-4.2136	1.645
36.383	-6.8969	0.11651	-0.664621071215129
33.209	-1.3065	0.58739	-0.510579777289701
35.638	-1.1759	-3.9446	0.13384141903679
36.488	-7.3251	-2.3262	-1.20843304216007
35.735	-6.5504	-5.0381	-0.579724220921646
36.442	-8.308	-1.1302	-0.753300221873539
34.944	-8.9841	-4.1297	0.657677865146739
35.599	-6.05	-5.0311	-0.500840415628122
37.645	-3.0373	-2.7639	0.700724848149337
35.484	-8.9282	-1.9391	1.645
37.112	-7.4161	-1.9881	-1.645
36.414	-6.6305	-0.54073	1.51517762582894
35.481	-2.2084	-0.77026	-0.344728877091633
36.172	-0.92643	-4.2247	0.352726561057609
37.422	-3.4628	-2.3274	-0.827733865197889
35.727	-1.6297	-5.1851	-0.970145539646343
37.322	-7.6218	-1.4826	1.645
35.451	-2.0421	-5.2604	-1.14408584170231
33.343	-10.105	-3.3928	-0.0445447316087652
36.626	-5.7911	-1.2278	-0.631658649232404
36.713	-2.7918	-3.6785	-0.558878014969418
37.188	-3.3266	-4.129	1.24329373281083
32.987	0.16537	-5.4076	-0.799722611048233
35.771	-6.6465	-1.0204	1.18342569478181
35.349	-1.7696	-4.8635	-0.43021214681249
36	-9.0717	-3.5695	-0.88286511477526
29.047	-11.285	-3.5116	-0.692283423360671
35.219	-2.1202	-1.3575	1.22638545071668
37.079	-6.2808	-0.77346	1.645
37.448	-6.4351	-3.4083	-0.0334893563552221
36.06	-7.5642	-0.4854	-1.30135377913366
28.23	-0.50422	-6.5389	0.386540867924619
37.131	-4.5617	-0.87893	0.726940357041538
38.43	-6.1105	-2.4777	-1.21249735041981
34.348	-1.5875	-5.124	-0.962884019812529
37.948	-6.3604	-1.6608	-0.571821546332831
37.71	-3.7762	-3.6003	-0.0279279491292704
35.376	-7.6203	-0.86273	1.645
38.39	-4.8164	-3.1837	0.257086517838355
36.003	-7.4847	-0.98669	-0.400079214471648
37.367	-3.737	-1.2535	-1.24073116604191
35.805	-0.27107	-3.7675	-0.265236272585563
38.241	-4.5629	-4.0563	-0.15537197129371
34.867	-2.1455	-5.957	-0.499946411123725
37.022	-7.8526	-1.9066	0.0855313619012014
35.933	-8.4365	-1.8553	-1.03913302406832
35.158	-7.4175	-0.57039	-0.933665309295751
37.734	-5.9544	-4.0513	-1.5538235577469
20.084	-12.312	-3.48	-0.61557733021518
29.81	-10.35	-3.8864	-0.505847535731888
27.841	-0.46924	-6.7153	1.645
36.113	-7.5229	-1.1566	0.343602917961309
37.055	-7.808	-1.365	0.0412792233093478
36.875	-2.9204	-4.2667	0.0497656812041741
37.437	-6.1818	-4.1612	-0.149654428623406
36.791	-7.3313	-1.4707	-0.923976242197683
33.756	0.78472	-3.7174	1.03433543109185
34.571	-8.8569	-2.5749	-0.179311029103279
37.432	-2.5769	-3.2596	-0.662318460108745
28.401	-0.6673	-6.6758	0.375907448086414
32	-9.0904	-4.758	-0.571267651100351
37.819	-3.8939	-4.081	-1.0592282465262
36.16	-3.0067	-5.1595	-0.503042060457376
36.345	-3.4584	-0.40195	-0.981915963843657
35.937	-7.7764	-1.2843	-0.443488777933561
36.588	-2.8971	-0.65573	0.95575604250784
37.568	-3.1113	-4.1591	0.0331535338165564
36.409	-6.4671	-0.54685	0.158176245809684
34.481	-0.83471	-4.8208	-0.658111779545744
23.052	-12.064	-3.317	-0.469568375635936
33.526	-9.8154	-3.646	-0.0594742851541399
36.853	-6.3522	-2.1496	-0.778439873455296
33.892	-0.68384	-5.8885	-0.056388068100783
34.483	-1.1037	-5.7561	1.25945155804297
37.58	-4.0989	-3.3811	-0.0784026183846052
37.652	-4.4151	-4.0434	-0.152815589061027
34.803	-7.3818	-0.18694	1.35854275896088
35.503	-6.2815	0.51715	1.61019002227509
37.813	-3.2192	-2.0258	1.645
33.073	-10.383	-3.0347	-1.42460412905269
30.447	1.4981	0.012136	1.17851251126942
35.59	-2.7801	-5.4654	-0.262148352573214
36.66	-6.6386	-0.37036	-1.55570470014811
27.991	-1.7102	0.46544	0.675005647228462
27.177	-2.3797	0.14023	-0.12527214887927
33.099	0.48603	-1.4884	-1.51075268053185
36.503	-3.0435	-4.7703	0.129376957108168
37.737	-6.611	-1.2513	0.241581286807336
36.16	-6.4134	-0.87063	0.914175761468493
30.542	-6.0829	-5.3952	-0.344997031136828
37.29	-3.1505	-4.2486	0.733472486475442
37.788	-4.174	-1.7582	-0.202491293402064
28.167	2.2203	-0.26485	1.07439964281975
36.693	-6.5135	-1.0092	-0.0133581316541524
34.119	-1.5572	-3.3554	-0.879589101987087
37.26	-1.8777	-3.7953	1.29269781305574
28.696	-0.68077	-6.8741	-0.828596995993561
35.765	-2.3939	-5.2168	-0.672369635547651
25.232	-11.836	-3.4376	-0.671615504929012
37.012	-7.3768	-2.6185	-0.974559112554799
34.832	-7.3907	0.24362	-0.568199209840085
36.001	-6.2461	-0.9769	0.487924022902719
36.819	-2.209	-4.6629	0.212974776037741
32.521	-10.366	-3.3013	-1.1904750335842
36.839	-2.8458	-4.6107	0.473232017787372
31.359	1.133	-1.4757	1.645
37.508	-7.0244	-1.8393	0.428239016580816
33.353	-0.15211	-5.6436	1.645
33.092	-2.3509	-0.10809	1.52250611952688
35.131	-7.9391	-1.5386	-0.966611713127123
35.668	-7.5501	-1.0858	0.857226924287625
37.294	-5.8666	-0.45628	-0.295972349697341
37.711	-5.9719	-3.357	0.502524560314855
32.951	-2.1329	0.73755	1.02079895657064
38.541	-5.8464	-3.3132	0.542412940298885
34.537	-0.89781	-0.21511	-0.350625197844196
38.014	-5.9577	-1.8809	0.537270470416527
36.508	-6.9874	-0.76697	1.04027516344138
37.104	-7.4099	-0.84084	-0.217246648187081
33.546	-0.34527	-5.445	-0.773066590960898
21.132	-1.0722	1.3773	1.58900770054278
36.577	-3.213	-5.146	0.0991429270198517
35.043	-1.2339	-5.4064	1.04627222186661
29.143	-1.0016	-6.5471	0.400018383755641
36.039	-7.5015	-0.37316	-1.23714365283575
36.426	-6.7145	-0.56541	-1.07966284657881
35.818	-1.2328	-4.9674	1.645
37.412	-4.5111	-2.4789	-0.147491819906676
37.755	-3.5724	-3.9847	1.645
36.261	-2.6379	-4.6789	1.12836139638056
33.493	-0.10664	-5.5756	-0.807393143571293
37.718	-6.2576	-0.89144	-1.53268047750606
37.122	-3.4666	-4.8168	0.00408470838202073
27.788	-0.7983	-6.5807	-0.149743485477349
36.241	-3.1487	-1.2023	0.504380411463588
35.868	-5.9551	-0.76246	1.05372042059652
30.886	-9.9839	-3.954	-1.1886706158787
24.712	2.8802	0.58317	0.0744602415289921
37.75	-6.5893	-1.4592	0.275597323500727
37.101	-6.2474	-1.5272	1.20801700780832
35.298	-7.0473	-0.77197	-0.311221932232304
36.35	-1.06	-3.5694	0.446965522699003
30.821	-10.653	-3.8519	-1.645
37.491	-6.0219	-1.2997	0.57509626168332
35.304	-6.792	-4.5462	-1.12328068556041
36.697	-2.4607	-4.6981	-0.200826139938846
37.496	-3.2443	-4.1554	0.474686422705212
38.032	-3.8433	-2.5224	0.446395290932677
37.029	-6.5279	-1.0449	-0.435551642416361
31.329	-9.8618	-4.0712	-1.19981883764724
37.704	-6.9036	-3.5007	1.645
34.958	-1.4558	-5.6443	0.506338164294317
35.913	-7.6121	-0.87189	-0.909993293047941
37.923	-3.705	-3.5402	-0.734023035136154
33.235	-10.72	-2.9872	-0.655203281664087
36.466	-7.3544	-0.70317	-0.817256199666596
23.9	3.4724	0.17699	-0.772099140433902
37.766	-3.2181	-1.9562	-0.508786421223202
20.494	-12.103	-3.3423	1.20026490272933
24.148	-11.976	-3.5319	-0.967615971401622
31.902	-10.188	-3.1425	1.645
36.915	-7.9132	-1.4713	-1.645
37.879	-3.3745	-3.9897	-0.309446185327315
36.787	-5.5935	-0.20183	0.880646246447905
37.316	-6.1483	-0.43037	-1.49274121685205
36.734	-4.8522	-4.9762	-0.405578674185278
36.459	-2.2777	-4.9212	0.56546486414038
37.523	-5.7548	-4.5898	-0.772038039208327
33.365	0.518	-1.5642	0.369989057110901
37.89	-3.3009	-2.8666	-0.606381792455689
37.554	-2.4907	-3.7862	1.42700207714135
37.485	-6.3438	-1.5371	1.645
35.209	-0.0088546	-1.6024	-0.358946376618848
34.392	-0.67005	-5.3893	-1.10901019198394
36.054	-7.6498	-0.76852	0.0694594764870927
36.105	-7.3621	-0.27467	-0.389843274946951
36.73	-2.8421	-4.3338	-0.558597752687689
27.676	-0.63697	-6.9622	0.0320967716140483
35.119	-8.7121	-3.9509	-0.747154964179141
36.699	-4.6467	0.089536	0.421343223090311
36.574	-8.6753	-3.4189	1.37728873264999
27.563	-1.7829	0.9933	1.23290884053378
37.948	-3.335	-3.8358	-0.728239679789064
37.675	-7.2641	-2.5191	1.22902483311932
37.405	-2.8884	-4.2719	0.231434717662394
35.679	-7.0002	-1.2115	1.645
36.922	-5.6457	-4.9601	-0.944157208277734
33.448	-0.77411	0.15523	-0.860248290271555
29.945	-1.3699	-6.7296	1.14303447616227
34.672	-9.018	-2.7887	-0.511192670401148
35.965	-2.0548	-5.2201	0.214284872349747
34.944	-1.8333	-5.6746	1.645
32.044	-10.644	-3.7583	-0.795328475654852
29.985	-11.016	-3.6217	0.120720434629193
37.4	-6.6576	-3.761	-0.0777942934616795
36.344	-2.7243	-5.0541	0.976522464699969
35.617	-3.9137	0.42156	-0.377440160447727
36.22	-7.0306	-1.8249	-0.840132475770979
34.899	-8.9036	-2.1978	-0.510906930246241
37.638	-2.9456	-1.7393	-0.924959549392808
36.539	-6.8839	-1.4043	1.25021072469259
38.228	-5.9979	-2.4075	0.952813014367335
31.239	-10.563	-3.4322	0.223490453249167
25.14	-11.017	-4.1427	0.376911367123461
37.883	-2.6633	-2.9858	0.991166039247745
36.077	-2.6253	-4.9514	-0.736979956984477
35.576	-2.7145	-1.1661	-0.140267980391708
31.698	-1.481	-6.3148	1.645
27.474	-0.29098	-6.7196	-0.260905711147801
37.264	-6.0234	-0.95589	1.645
37.236	-5.8353	-2.0778	-1.18771308795354
37.216	-7.7869	-1.3901	1.645
37.336	-4.2892	-1.3951	1.645
26.788	-1.3344	0.7076	-0.901794960861223
33.099	0.055081	-5.2592	1.0717790447255
33.741	-1.9733	-5.4226	-0.83463194850692
34.462	-9.6263	-2.7398	-0.89311638081633
30.715	1.0071	-0.9415	-0.274202689039196
33.207	-10.28	-2.8261	-0.388221154903257
36.359	-7.4549	-1.0004	-1.35275905069393
29.139	-10.899	-4.2139	-1.33802385330857
24.144	-11.871	-4.1725	1.645
36.719	-7.5573	-3.667	0.577276340528631
37.543	-6.6177	-3.9242	1.645
36.619	-3.3442	-5.008	-0.157930496310518
37.578	-3.8494	-4.4812	-0.421252630928349
32.99	-8.9546	-0.21807	-0.395661355244822
35.517	-6.5056	-0.50915	0.25651055068832
37.024	-6.2246	-3.3113	0.036127812044709
35.146	-6.8688	-1.1453	-1.11406925126232
32.441	-8.4786	-4.6004	-0.922792141982667
37.407	-3.279	-1.2402	-1.10945210787648
36.349	-7.4662	-1.0629	-1.36480461306901
35.665	-1.1446	-3.4708	-0.360055382746538
38.1	-3.8544	-2.0497	0.268630735348554
26.795	-1.38	0.76789	0.885944829198199
34.849	-9.695	-3.414	-0.0364773306210771
37.096	-3.0514	-4.6541	-0.70442234639386
38.074	-4.3028	-2.4632	0.744434826421068
33.734	-9.5652	-3.4776	-0.549221448093948
37.001	-3.1956	-1.9825	-0.676719706087423
36.811	-6.4165	0.35144	0.026502641637517
38.277	-5.7043	-2.5148	-0.774612460204572
35.042	-7.5012	-4.9165	-0.671252772887447
36.237	-7.9567	-0.56517	-0.219492880824165
34.134	-10.156	-2.7773	-0.903776968428831
34.619	-5.6944	-5.4814	-0.39415033483932
36.36	-2.2355	-0.98092	0.415950540894922
37.578	-6.9156	-1.9975	-0.683378720727899
34.55	-8.264	-2.9045	0.0382752634513816
36.451	-2.0925	-4.9467	1.38873086721366
24.178	-11.704	-3.6301	-1.645
36.144	-2.2189	-1.1147	0.113700186006133
34.05	-7.3166	-5.0561	-0.738673249314615
36.922	-6.114	-0.78434	0.0649499695790305
37.964	-6.7002	-1.5893	1.47460830949395
36.163	-7.092	-0.771	-0.00116050743884209
37.919	-4.1884	-3.3612	-0.61896732837154
36.627	-2.2565	-4.6513	0.530989669650633
16.546	-12.122	-3.0507	-0.00552170994487243
31.848	-10.514	-3.7276	0.55833753812012
32.664	-10.854	-2.59	1.645
34.045	-9.3825	-2.7884	-0.247135070544465
37.75	-4.869	-1.3026	0.085781506688663
38.435	-6.2835	-2.839	-1.645
37.642	-6.2693	-1.2363	0.445492767178392
32.197	1.205	-4.1368	0.635474058853237
36.37	-2.9592	-4.9675	-0.350522708147669
26.188	-1.2389	0.73822	0.361237194977875
37.674	-6.0117	-3.9316	1.32698488879437
29.979	-11.824	-2.9049	-0.450422796861061
36.164	-7.808	-2.0116	-0.610724380919166
36.613	-7.0288	-0.34779	-0.00980664701037259
36.807	-6.8513	-1.4331	0.0151113579026291
37.406	-4.8724	-2.8986	0.0521910875032297
33.548	-1.5978	0.067007	-0.852452348901758
36.032	-2.4254	-5.2954	-0.0570272737779242
33.778	-8.1256	-0.58235	0.225664722648437
31.074	0.26967	-6.3372	1.645
27.955	2.3396	-0.87238	1.645
26.151	2.5267	-0.32816	-0.0452314647606226
36.427	-6.7942	-0.72939	-0.370801039321095
36.04	-8.1498	-3.5092	-1.40092564250279
35.711	-7.1492	-0.48083	-0.0459124366978391
22.178	3.5218	0.97528	-0.442149026027817
36.311	-6.2684	-0.71261	-0.512867353866144
36.902	-7.0363	-0.65284	1.645
37.275	-3.0113	-4.2995	0.455682546966625
35.498	-8.087	-2.6598	1.645
28.656	-0.89458	-6.9293	-0.389717725187342
38.182	-4.7359	-4.0348	0.920244052980609
35.622	-2.128	-5.639	0.335030884388789
37.065	-2.8718	-1.9238	-0.892776785100949
30.135	-9.1454	-4.2499	-0.573402992468841
38.028	-3.372	-3.8422	0.0939779474193158
28.764	-0.51537	-6.6424	1.29745154044462
35.141	-7.3093	-1.8385	-0.0327620887631418
37.721	-2.718	-3.5393	0.969435567401113
26.104	2.9775	0.38525	1.645
37.373	-6.9962	-0.69014	0.238982726626445
29.454	-1.0348	-6.7118	0.546730666388769
36.568	-6.7341	-0.43936	-0.683933663690159
28.421	-10.501	-3.8962	-1.48202446723824
34.806	-8.8901	-2.973	1.645
37.835	-4.0336	-3.727	0.923544768651768
36.415	-3.3798	-0.64911	0.356725288859258
35.975	-7.482	-0.79263	-0.893364326569549
36.102	-3.0749	-5.1304	-0.506763956657003
36.366	-7.7739	-1.273	0.438907366319999
36.452	-2.8956	-0.53636	-0.896927568093918
36.212	-4.2356	-0.11937	0.574467568918702
24.995	-12.011	-3.4335	-0.956313007032192
28.015	-11.269	-3.5031	0.108467801800798
34.25	-0.42419	-5.4538	0.686672210780619
37.076	-4.767	-1.1442	-0.361768547942414
35.408	-1.3801	-5.2085	0.203814754344789
37.519	-7.3869	-2.6661	-0.404369460923179
31.82	-1.1205	-6.6025	-0.539544664832862
26.865	-11.889	-3.6093	-0.885268315731193
36.332	-6.6978	-0.47076	-0.536767120759107
38.018	-6.5426	-1.8973	0.683010148260921
36.904	-6.9214	-1.6942	-1.39783875678957
36.655	-3.0677	-4.4207	1.645
35.159	-8.7272	-4.1003	1.645
27.474	2.3031	-0.87242	-0.967653779070785
34.192	-8.3314	-3.5638	-0.107146290402472
36.519	-6.8297	-1.8835	0.250674102660446
36.904	-2.4271	-4.0264	0.0361577661528993
29.493	-2.0896	-0.37662	0.273522875822099
36.968	-3.0594	-1.5917	-0.464441109908622
26.909	2.6637	0.026832	1.20887472245112
36.885	-8.2585	-1.4113	0.586445043786754
33.436	-1.2899	-6.2745	1.645
37.163	-4.0055	-1.8496	-0.249575538330074
31.917	-9.7447	-4.6294	-0.665126519716689
36.491	-1.3732	-4.2775	1.35041509293169
28.914	1.9943	-0.15523	-0.493883925930314
33.362	0.38835	-1.7634	-1.25582501348996
36.947	-7.3373	-1.2444	-1.36450141932106
35.636	-9.2272	-3.3149	0.160469132178843
35.487	-7.1229	-0.32773	-0.387992615129142
35.983	-8.1255	-2.4158	-0.838193681739131
32.167	-10.434	-3.3169	-0.628119450787006
36.927	-2.4784	-4.6331	0.529630241279774
36.562	-7.8558	-2.4601	1.645
22.352	3.0673	1.2586	-1.04534496096463
37.157	-2.2965	-4.1908	0.803149563974692
37.401	-2.788	-4.0256	1.645
37.128	-7.3771	-0.91807	1.03816522180183
36.901	-2.8551	-4.7309	-0.718015373566965
37.101	-2.5892	-4.5559	0.792803576997621
33.453	-9.9212	-3.2833	-0.849225535140756
36.903	-6.0825	-1.1782	-0.552731693111118
25.345	2.9604	0.81839	-0.633695958878075
36.765	-2.6537	-0.90358	-1.12399603794207
37.195	-6.8729	-0.94274	-1.05580227617457
37.434	-3.8318	-1.858	1.645
30.852	1.7849	-1.8279	0.447733172152638
34.583	-9.2741	-3.2361	-1.03090428031064
35.626	-7.5125	-0.57968	-1.15661104123384
25.224	-11.867	-3.7074	-1.00989306860874
35.444	-3.6749	-0.45329	-1.17572787733674
29.757	-0.67542	-6.5392	1.13431156460399
35.83	-8.0329	-0.94709	0.80718836832988
34.092	-8.9227	-4.1576	-1.11940834909513
21.749	-12.082	-3.1072	-0.78929320774963
24.414	-12.142	-3.2013	-0.52438101900409
38.265	-6.0586	-2.7998	0.404269756591211
33.996	-0.50546	-3.2843	-0.473936132055531
35.937	-7.577	-0.66075	0.185545628069864
37.359	-3.4721	-4.3656	-1.06725259477756
37.684	-3.9188	-3.9944	-0.852634166073728
28.048	-11.488	-4.1721	-0.543068138538397
33.106	-8.9881	-4.6548	-1.51929112660736
38.008	-3.2008	-3.5752	-0.0690160289570583
37.496	-2.7345	-3.0657	0.738918927895923
34.091	-7.9047	-4.067	-0.991617487751136
37.132	-6.4566	-0.84542	-1.33369256466245
38.19	-5.2303	-3.4668	1.14053297520188
33.279	-10.124	-3.4263	-0.897884642554097
37.368	-6.4768	-2.9922	-0.29674260387091
35.261	-1.5128	-5.0484	0.277969283286515
31.258	-10.897	-3.3516	-1.645
31.384	-10.126	-3.673	0.491667433049109
22.13	-12.369	-2.9595	-0.439970201670379
31.452	-9.1478	-3.2273	0.382286592019528
27.447	-11.476	-3.9333	-1.12972098994521
24.368	3.7988	0.25655	-0.723857976352413
37.148	-5.3387	-0.68234	0.948897741847034
21.515	-0.82075	1.3352	1.645
26.959	-11.641	-3.4896	-1.60993419313172
35.769	-1.7993	-5.2612	0.430634050018354
33.023	-9.9253	-4.2566	-0.422755626847861
31.845	1.0033	-1.1008	-0.368942001262792
36.12	-6.1442	-0.35725	-0.85910297279886
37.587	-7.0356	-2.9008	1.645
37.21	-4.2579	-4.7383	0.397798993155376
30.623	-10.628	-2.3359	0.956184846028978
34.039	-8.7942	-4.1058	-0.644396256811295
30.72	1.4517	-0.34053	-1.00983038636901
33.381	-2.7503	-0.92077	-0.0652869362058224
37.317	-6.8573	-3.3818	0.257055928819207
30.026	1.6761	-1.1057	-1.02690434424046
35.052	-2.3438	-0.25459	0.194459785899628
28.693	1.9418	-0.84665	-1.149084641685
36.049	-2.8343	-0.31658	1.645
32.13	-10.432	-3.3767	-1.43754108784453
37.785	-3.759	-1.4766	0.228411680853762
37.252	-3.2123	-4.5515	1.5019339646191
35.874	-8.6177	-1.8043	0.487034339836073
36.729	-7.5145	-3.1312	-0.852876569590581
35.801	-6.039	-0.10692	-0.0415779297418005
20.317	-12.541	-3.2969	-0.90222115821229
37.609	-6.1563	-1.2378	-0.407081180130469
30.252	-10.709	-4.2735	-1.0812166246547
37.356	-5.2576	-1.0494	1.645
36.191	-1.9754	-1.1911	0.509245237475256
27.103	-1.7895	0.51807	-0.680025658489819
37.81	-6.0972	-2.6215	-0.715318856394626
36.345	-2.7504	-1.3676	-0.708905806847292
29.038	-11.463	-3.3336	-1.53175667498562
31.819	0.77723	-1.5751	-0.402711020031903
37.095	-4.2397	-4.9509	-0.920800942092049
24.997	-0.66669	1.1359	0.21992723292774
35.647	-8.0758	-4.3618	-0.0380962918176015
36.12	-6.8519	-0.23334	0.850515740372734
36.996	-7.5551	-2.6668	-1.645
38.265	-5.2641	-1.6418	0.738198374182804
36.601	-7.2495	-1.0362	0.26922337225218
33.033	0.14127	-0.89016	0.718475630081072
37.41	-6.4188	-0.83121	1.645
37.33	-2.1802	-2.9054	-0.470683436698625
35.967	-2.729	-0.69909	0.35483880500041
31.846	-3.3065	-0.63738	-0.498444119869966
36.82	-6.9642	-1.231	-0.0562637542555217
34.821	-6.2335	-5.3327	0.34374079842935
28.845	-0.3391	-6.3215	-0.308720595107921
37.034	-3.681	-5.0419	0.883837484845618
35.773	-3.3263	-5.1052	-0.898465110800809
27.088	0.10397	-6.6888	-0.759852745574254
36.981	-6.59	-0.49138	-1.2520877496521
33.753	-9.4761	-3.5559	-1.3089191134912
28.639	-1.7463	0.11451	-0.404428033601291
36.796	-7.0838	-1.2456	-1.13517049589108
33.643	-1.3637	-2.5897	1.645
34.893	-8.2576	-0.2879	-0.261659955469679
35.262	-6.5396	-0.11959	-0.490234329026877
35.969	-7.2747	-0.90899	0.024634470664456
35.521	-7.0953	-0.81215	1.60571438203169
34.579	-9.3204	-3.3467	-0.211147812412788
37.488	-4.8809	-1.9614	1.08211137186816
31.865	0.77388	-1.3397	0.068682442399443
36.587	-6.9588	-0.9185	-0.659446709561327
37.007	-3.2381	-4.6457	-0.0535608268220222
35.884	-6.3224	-0.51641	-0.78171047884992
37.4	-5.3887	-1.203	0.391730657589166
35.143	-3.4181	-0.3143	-1.00253213504456
35.742	-8.0212	-3.8443	-0.314675355151614
37.137	-3.3898	-4.8805	-0.584741076048464
34.349	-1.3018	-5.8695	-0.225779666883366
37.832	-5.746	-1.2789	0.262848295830775
34.925	-1.4506	-5.7603	0.629924862922561
36.759	-3.5836	-0.81804	1.39710144633669
36.881	-6.9741	-1.2878	1.39603855104364
38.175	-6.4615	-2.3743	0.45580131178769
33.103	-10.306	-3.7632	-0.482790613859786
38.382	-5.4187	-2.2298	0.169396175964662
36.757	-4.3829	-1.9128	0.510332152616277
36.112	-7.3194	-0.71772	-0.731180008363927
33.04	0.80558	-4.2231	0.875835545559716
35.812	-5.4805	-0.52955	0.593080583418071
30.361	0.79431	-0.83387	-1.11123617542734
34.816	-1.9829	-0.24815	0.841395754327116
36.702	-4.5632	-0.72328	1.645
36.663	-3.1631	-0.3802	-0.356063574268639
34.878	-7.421	-4.5206	-0.0454888800817395
31.428	1.6486	-2.2588	-0.0386958904459741
33.57	-8.7984	-2.8098	1.645
29.461	-1.419	0.7187	1.645
24.838	-11.328	-3.8629	-1.03627290061802
37.907	-5.6622	-1.514	0.175913517086841
33.42	-1.847	-0.09335	0.985256948695704
36.838	-3.1052	-0.58324	1.645
37.127	-7.6054	-3.972	-0.275098083458038
36.625	-3.1859	-5.035	1.2269314459519
36.441	-7.3309	-1.0821	-1.645
36.607	-2.9684	-1.1872	-0.851093078569112
29.737	-10.997	-3.7093	-0.811324294497376
35.773	-7.8802	-0.81617	-1.04176857002068
36.935	-5.5179	-1.3782	-0.325258088680436
36.301	-1.469	-4.8456	1.645
35.285	-7.5377	0.066807	-1.04461606835035
36.711	-5.4696	-0.059321	-0.612673506524544
12.655	-12.024	-3.1062	1.42718551827498
27.224	-11.557	-2.9923	-1.27059988432634
33.384	-0.71081	-6.05	1.20595667115627
30.558	0.84485	-0.90212	-0.475322546624181
37.988	-3.183	-3.7179	-0.263473867992128
27.421	-11.915	-3.1716	-1.30905330712375
37.293	-2.0806	-4.0461	1.645
34.523	-6.4037	-5.2684	-0.679488937654893
33.449	-0.6842	-5.706	0.754042159173343
38.176	-3.9397	-2.3623	-1.21265461667216
37.742	-5.3859	-2.9074	0.700623600100837
37.331	-2.3602	-3.1346	0.160855949406826
36.478	-7.7756	-0.57777	-0.489906719472254
24.91	-11.954	-3.5912	-0.279376730101396
37.22	-6.5674	-1.1292	-0.808144556440029
29.891	1.399	-0.59674	-1.03341044197822
36.038	-5.389	-5.311	-1.28922281500805
29.685	-10.994	-2.7076	-0.47289355751205
36.861	-1.5517	-4.234	-1.60947823900112
37.573	-6.2663	-0.94834	0.910786904152456
37.449	-6.7361	-1.3597	-0.486746300175943
35.179	-4.4275	-0.35156	-1.29832764291124
29.477	-10.678	-4.2809	-0.611138149908949
37.231	-3.9099	-4.7721	-0.358658580440425
36.673	-7.7313	-1.7312	-0.978655121500541
34.29	-0.70505	-5.4116	1.645
34.084	-5.1555	-0.37926	-0.593397381169794
32.564	-8.7826	-4.3392	-0.0228040929027548
35.947	-7.6318	-0.92707	0.0874814049885984
37.68	-3.1829	-3.9933	-0.164433067149374
36.778	-6.6332	-1.1096	0.611729241574563
26.628	-11.465	-3.5706	0.0752351508352927
36.944	-6.5048	0.15745	1.17268355418332
37.295	-4.7406	-4.9434	1.645
38.197	-3.1683	-2.8039	0.0255063981980257
28.024	-11.618	-3.2678	-1.645
36.121	-2.9466	-5.1363	0.461499603573504
35.802	-9.2502	-3.1529	-1.14123387268401
36.018	-6.3323	-1.1371	-0.435664706491022
28.187	-2.0153	0.64751	1.46870675109741
34.486	-9.5717	-3.7802	-0.382222399617679
36.415	-1.8489	-3.4901	0.940121715433438
36.532	-2.2219	-4.9142	-1.35842747780642
37.208	-4.7836	-0.79393	-0.327535413378355
38.329	-4.7319	-3.6869	-0.506696517264685
36.147	-2.2079	-4.9607	-0.701104247805935
35.73	-7.9709	-0.66978	0.215786989373363
29.561	-2.1923	-0.92529	-1.26447549145014
33.897	-9.3231	-3.4479	-0.647739820178381
37.974	-3.5713	-2.2629	1.645
37.505	-6.6685	-2.6847	-0.844492096870233
22.905	-1.2773	1.3333	0.551059754563118
29.6	-10.915	-3.8914	-1.18169325992936
22.655	-11.631	-3.7513	0.0622414370572262
37.151	-6.3028	-0.5405	-1.56203871974413
37.272	-6.8375	-1.1314	0.792685831968372
34.721	-8.3715	-4.579	-0.50759269475092
29.747	1.7848	-0.64182	-0.454378313197687
34.271	-9.6149	-3.6763	-1.14979071197423
36.017	-3.9337	-0.15164	1.645
37.998	-6.5588	-1.1578	-0.20593408423277
35.735	-6.692	-0.29731	-0.859747425726376
32.294	1.3388	-1.5872	0.00358229549281576
36.851	-6.8	-1.1773	-0.971025441611442
35.461	-6.7856	0.21	-0.0737341590927834
36.064	-7.1385	-1.2273	-1.50045498399284
33.383	-10.034	-3.4276	-1.645
29.947	-10.855	-3.69	1.645
31.588	-10.845	-3.7152	-0.688824661548398
37.434	-4.6484	-2.4277	-0.59725806231047
17.539	-12.176	-3.6076	-0.518550115749977
29.989	-1.4419	-6.6104	0.966757214561178
34.882	-7.8087	-4.7386	-1.20857738496024
37.166	-4.2299	-4.5378	-1.02368913746629
33.524	-0.99915	-6.1235	-0.663245773835178
35.672	-1.7917	-5.3377	-0.338084201812181
34.865	-8.7229	-3.4379	-0.803631987498641
20.185	-12.42	-3.592	-0.937219491415106
34.952	-1.4921	-5.7799	-0.349694383407753
24.371	-1.4143	1.2245	0.957801684751036
37.348	-6.549	-3.1685	-0.890705205554845
35.311	-1.2939	-5.3454	-0.717756161996745
31.208	-10.341	-3.9103	-1.4897946090423
36.787	-3.2912	-4.7881	0.767806175786607
28.725	1.7036	-0.72164	0.715338977408666
36.197	-2.5887	-0.88178	-1.55697193785431
32.942	-10.187	-3.8424	0.921984091633849
36.261	-6.8152	-1.5389	-0.375230248671361
34.85	-8.5722	-4.0191	-0.765693801327285
34.719	-9.8405	-3.3063	-0.492483056533281
35.653	-7.9359	-0.91161	-0.890196994105683
35.748	-1.2876	-4.9432	-0.0149641710934027
33.046	-8.5364	-0.65937	0.101057591867697
36.854	-3.5895	-4.6313	-1.09413931158394
38.169	-4.0381	-2.3338	0.970039378182035
37.914	-4.9455	-1.6546	-0.020376525777554
36.646	-6.9621	-4.4572	0.927444859149578
36.825	-5.2081	-2.5948	-0.484868291791469
36.741	-6.2321	-0.25214	-0.980159052715609
35.169	-9.4052	-2.0994	1.04518041597629
34.952	-6.4194	-5.1862	-0.458748717229644
38.056	-6.0844	-2.1369	-0.743298747389206
37.756	-7.1614	-3.4233	-1.48900304150554
36.978	-1.6567	-1.9199	-0.763245681186746
35.14	-0.37334	-2.7565	0.191355475733492
35.99	-2.0913	-5.2288	0.642523975486018
24.626	2.8702	0.65734	0.0355052427262795
37.267	-2.9412	-1.1413	-0.038831985499333
33.401	-1.0653	-5.7202	-0.87254814784513
27.089	-11.553	-3.8875	-1.27405069130187
35.031	-0.73919	-5.3013	0.22129673041861
33.331	-10.091	-3.2853	-1.1168137341298
36.998	-6.6701	-0.68066	-0.613750108444684
35.361	-7.6139	-0.68234	-0.754042258033588
37.028	-3.37	-4.176	-0.379874223671094
23.685	-0.6064	0.95115	1.32746398572137
37.049	-6.6954	-1.5441	-1.13150238564723
36.329	-1.779	-4.8389	-0.211077351719244
33.424	-10.084	-3.4669	-0.510207503147379
36.292	-2.6554	-4.4174	-0.672349286193942
22.237	-11.81	-3.5527	-0.718598426573529
37.729	-4.9993	-4.3855	-0.43155195528055
34.572	-9.5317	-2.8881	0.481260611686945
35.643	-1.0173	-4.7475	0.283389420322411
28.577	-1.9917	0.59004	-0.432948600709066
35.991	-7.1105	-0.27884	0.460498231161649
35.375	-5.2242	-0.81239	1.645
36.084	-6.9266	-1.1155	-0.407852947437505
28.68	-0.5989	-6.5866	1.645
28.11	-1.8263	0.47221	-0.727901603623928
25.402	-11.378	-4.1255	-1.25538313334166
34.114	-0.95412	-5.5611	0.789069374908463
36.083	-2.6015	-0.39972	-0.165984743541093
38.1	-6.0953	-1.2467	0.168802532609638
36.103	-2.9353	-0.50444	-0.49446774982786
36.482	-1.3979	-3.6565	1.52878900921779
32.105	-1.7627	-0.10838	1.645
33.349	-0.35116	-2.0425	0.276135289648341
34.309	-1.5814	-3.0886	-0.514208471001684
34.469	-3.1586	0.16337	1.10289678885199
36.03	-6.7396	-2.2656	-0.784041673700242
37.16	-6.6232	-0.7396	-0.0870476337928227
31.26	-1.5383	-6.2118	0.252096089038524
37.586	-5.8647	-1.1041	-0.249418408079772
34.954	-8.59	-1.2637	-0.408608689370502
36.932	-2.2441	-4.676	1.47480302433534
36.745	-7.1831	-2.3689	0.0934666729242615
35.587	-2.51	-0.4416	1.28030485039298
36.408	-7.0685	-0.74929	-0.683633493435612
36.429	-1.94	-1.5444	1.645
35.237	-0.69076	-4.8874	1.33976996148263
36.627	-4.0545	-5.0559	-0.0293876984594847
35.456	-3.3218	0.088323	0.0870766202605348
35.927	-7.6408	-0.39627	1.13150233959575
36.57	-1.9504	-4.6956	-1.30714955742647
37.343	-6.62	-3.3463	-1.645
27.274	2.4161	-0.10539	1.645
38.515	-5.1784	-2.2231	-0.686022763408766
26.877	2.3493	0.26303	0.794987163904097
30.092	-11.065	-3.1338	-1.04752263746568
36.752	-3.5477	-2.6273	-0.977373526083204
35.856	-6.2175	-4.9262	-0.0424238214297509
37.16	-7.4515	-1.5202	-0.329237532527976
36.863	-4.6665	-0.57369	1.645
35.642	-2.2581	-5.5624	-0.364539900866774
24.869	-11.715	-3.337	0.0318761089289234
35.933	-6.8829	-0.44488	-1.3981013320325
34.624	-9.1756	-3.8766	-0.74425815427985
31.882	-0.57295	-5.8092	1.645
35.502	-5.9782	-1.6541	-0.30974915046635
36.195	-4.2493	-5.2274	1.56659507691737
37.579	-7.1001	-2.0947	-0.753622597213207
36.334	-6.388	-0.29077	-0.102621654695949
37.736	-7.0645	-2.0451	-0.99259746341518
30.193	1.1488	-0.66419	0.483230268683294
35.965	-1.3746	-5.0021	1.645
32.053	1.3059	-1.5197	-0.71887905620451
31.076	-10.596	-3.1788	-0.771793028023201
36.39	-6.9544	-0.46647	0.415515761799389
35.045	-8.4451	-3.0206	-0.532086451676948
37.298	-6.2867	-4.72	-1.32237378085734
