38.265	-5.2641	-1.6418	-0.460866744455782
37.469	-3.1858	-2.9957	1.645
37.138	-4.5323	-4.5154	0.377619713282822
24.838	-11.328	-3.8629	-0.338914705916648
37.672	-6.7785	-0.78609	0.700071615149557
33.046	-8.5364	-0.65937	1.645
36.901	-2.8551	-4.7309	0.326825736270739
33.674	-1.1195	0.1615	-0.264352594357136
38.182	-4.7359	-4.0348	1.63512595750645
37.22	-6.5674	-1.1292	-0.976349294508474
32.498	-1.6331	0.075498	-1.35689125068896
36.754	-3.0007	-4.6999	-0.562913446736087
37.919	-4.1884	-3.3612	-0.345990207898833
38.329	-4.7319	-3.6869	0.630361461342387
35.68	-4.0853	-5.459	-0.451079505087736
36.807	-2.7145	-1.7884	-0.95791347059254
36.113	-7.5229	-1.1566	1.09376133748027
29.561	-2.1923	-0.92529	-1.38103101169599
36.981	-7.338	-4.1057	-0.821881973009783
37.809	-4.4404	-2.6843	-1.50490063808283
33.256	-0.209	-5.6186	-0.209711152217993
36.787	-5.5935	-0.20183	-0.682997133493972
35.239	-3.0074	-0.11223	-1.48289233210854
34.039	-8.7942	-4.1058	-1.37439409166522
36.177	-1.8567	-5.0243	0.110850034499363
33.716	-7.4941	-2.944	0.00859041253600734
38.583	-5.346	-2.3082	-0.590287373769383
36.802	-7.1285	-0.91854	-0.0787852986601415
34.624	-9.1756	-3.8766	0.039206649110019
21.515	-0.27706	1.74	0.815529607230576
36.881	-6.9741	-1.2878	0.101233829391702
37.97	-6.9158	-1.8538	0.820064115455013
26.736	2.6919	-0.6298	-0.0761674686606431
37.27	-6.2276	-1.1357	-0.0193873357534274
25.93	-1.2025	0.87789	-1.21278092315746
33.42	-1.847	-0.09335	-0.438373928531911
37.573	-3.3045	-2.1576	-1.08833649307232
34.157	-1.6204	0.0068926	-1.15635836374248
37.038	-4.3294	-1.0892	-0.182587726384471
28.562	-11.373	-3.9338	-1.35946147676172
35.944	-7.7459	-1.3209	-0.27386683240841
34.882	-7.8087	-4.7386	1.5009997168625
36.187	-1.3059	-1.2429	-0.987090190710053
32.801	-10.494	-2.9191	1.645
38.051	-7.0224	-2.7249	-0.8902821692808
36.751	-6.7733	-0.83624	0.631887614971159
33.353	-0.15211	-5.6436	-0.985712414557225
36.729	-7.5145	-3.1312	-0.94672237994108
37.502	-6.2755	-1.1577	-0.304751942886961
36.272	-2.8487	-4.1937	-0.717027511563749
37.444	-6.7964	-3.6172	-1.30428565577147
35.521	-7.0953	-0.81215	-0.0857946721648202
37.095	-4.2397	-4.9509	0.515251759431738
34.659	-0.55942	-4.4261	-0.996644804581174
34.046	-7.7115	-0.99998	-0.647410758320221
35.832	-1.7551	-5.3572	-0.0669818596235333
34.473	-6.0424	-5.0366	-0.446998730225485
29.485	-11.04	-4.0291	1.645
36.11	-7.4497	-1.499	-0.542210167606125
35.992	-6.343	-0.027214	0.020620446827171
36.981	-6.4968	-1.3048	0.880128073527541
37.907	-5.6622	-1.514	-0.698921313585637
36.865	-7.6925	-1.6333	1.645
23.219	-11.625	-3.7246	0.923324846814203
37.151	-6.3028	-0.5405	-0.153143032662536
38.079	-6.2421	-1.3115	1.01598727326018
37.54	-3.8517	-4.3804	-1.12003204723
33.884	-9.4559	-2.2002	0.276967276393471
29.63	-0.92416	-6.7941	0.0764991573147715
37.736	-7.0645	-2.0451	-0.233774167812763
37.997	-4.8692	-1.9471	-0.890831371131896
29.893	-1.3723	-6.5831	-1.01148645683627
38.095	-4.4114	-3.0289	0.241882570341814
36.825	-5.2081	-2.5948	-0.305364958000593
24.281	-0.95431	1.6062	1.645
38.043	-4.5569	-3.3936	0.721202426796276
37.105	-2.5589	-3.5756	-0.838164301424119
33.449	-0.70302	-0.86649	-1.3331832483406
36.946	-7.765	-1.2246	-0.333054741900476
38.137	-5.8416	-1.5113	1.63078396093135
36.89	-5.1349	-4.9182	0.437748520738374
33.349	-0.35116	-2.0425	-0.909627254695675
33.074	-10.314	-3.0415	1.1806659595798
37.496	-2.3662	-2.2257	-0.575565624547856
27.847	-1.0006	-6.7591	0.13511478912014
35.042	-7.5012	-4.9165	1.645
37.001	-3.1956	-1.9825	0.824182048155447
36.103	-2.9022	-4.7952	-0.862539138989966
35.914	-2.1429	-5.1293	-0.264834799307467
37.505	-3.3844	-3.665	-0.0363713750164713
37.012	-7.5666	-2.4787	0.788921848594888
27.474	-0.29098	-6.7196	1.32376954880734
36.221	-7.3412	-4.4751	-0.610809611746344
36	-9.0717	-3.5695	0.355947034582873
35.112	-8.381	-1.5627	-0.347470397148215
37.188	-3.3266	-4.129	0.307837261573444
35.577	-2.1617	-5.7207	-1.33990573137898
35.259	-0.56743	-3.8436	-1.645
29.674	1.9213	-1.1953	-0.029942441617774
35.342	-0.84757	-4.9727	-0.452401629742454
37.82	-7.0502	-1.9993	-1.23121251231847
34.492	-7.3364	0.24994	-0.599676786666418
32.506	-10.224	-2.3987	0.906465071943234
27.474	2.3031	-0.87242	-0.855397642968766
35.861	-2.605	-5.277	-0.377250817652095
33.373	-6.1595	-5.613	1.645
25.224	-11.867	-3.7074	1.34826345270266
13.152	-11.939	-3.2046	-0.536111547880781
37.076	-4.767	-1.1442	1.40134556377108
36.476	-7.382	-1.0621	1.0181577604543
33.643	-1.3637	-2.5897	-0.442823243149003
29.524	1.8227	-0.21233	-0.796262134131603
37.993	-6.6047	-0.58157	-0.461294899139817
36.791	-7.3313	-1.4707	-0.673936135908241
34.719	-9.8405	-3.3063	1.05349358635124
36.233	-7.5856	-0.90686	-0.0761860412385424
36.034	-7.7111	-0.66814	-0.454319114359552
26.47	-1.2093	0.66759	-0.694281250295467
37.14	-4.964	-4.1295	-0.449297319892589
36.944	-6.5048	0.15745	0.206329353522548
35.623	-7.3392	-1.1323	-1.41299073304629
24.414	-12.142	-3.2013	0.50415075863893
36.636	-8.1869	-3.6598	1.51396616714083
30.821	-10.162	-3.2975	0.217503259416264
37.016	-2.6871	-3.6991	-0.373546850833645
35.983	-8.1255	-2.4158	1.08039465679912
37.484	-2.9589	-2.2054	-1.33875806545494
37.988	-3.183	-3.7179	-1.645
36.966	-5.8746	-2.2644	-0.0644888414852278
34.963	-0.91573	-4.2992	-0.522054435446869
24.712	2.8802	0.58317	0.185274732768264
38.36	-5.3256	-2.9136	-0.757382708697823
36.584	-3.2355	-4.7375	-1.37862174387491
31.208	-10.341	-3.9103	-0.874823740744686
37.838	-3.7151	-3.567	-0.065906860486237
24.761	3.1961	0.59405	-1.645
36.522	-7.3306	-1.1206	-1.26013994676713
36.927	-2.4784	-4.6331	-0.674833533595498
35.237	-0.69076	-4.8874	-1.23409213890513
29.504	-10.993	-3.853	-0.396830700280532
37.946	-3.4073	-2.4633	0.177149119739583
34.079	-9.9018	-3.0968	0.446529373578196
37.469	-3.0494	-4.2007	1.47405601484357
26.906	2.3831	-0.26394	-1.62043630303331
38.014	-3.428	-3.3169	1.13808376443785
33.099	0.055081	-5.2592	0.480650476343471
34.523	-6.4037	-5.2684	-0.753067655314304
37.568	-3.1113	-4.1591	-1.645
32.301	0.83282	-1.4899	-1.26957058100574
35.884	-6.3224	-0.51641	-0.924280770102328
38.201	-3.9247	-2.182	-0.747568694460879
35.12	-1.2742	-2.8903	0.607763900193347
38.371	-4.863	-2.051	-0.0395117452187104
33.023	-9.9253	-4.2566	1.58164671332531
36.719	-7.5573	-3.667	-0.596676540283658
25.232	-11.836	-3.4376	1.645
26.188	-1.2389	0.73822	0.136443696975194
37.508	-7.0244	-1.8393	-1.34298826527115
36.949	-4.5689	-2.2549	1.645
26.475	2.8001	-0.13414	-1.18501785381576
30.867	-10.809	-3.5384	-0.293794907326712
37.711	-5.9719	-3.357	-0.785343914287876
21.749	-12.082	-3.1072	-0.377887329018914
36.965	-3.0487	-1.9398	0.99460064955356
28.016	2.2856	-0.45016	-1.14938337307179
35.762	-2.4738	-4.9674	-1.42721538863654
35.219	-2.1202	-1.3575	-1.41748207885524
28.048	-11.488	-4.1721	1.43630315965644
27.77	-11.555	-3.6482	0.121744184014749
36.281	-7.2612	-1.4428	-0.0467811579299618
37.494	-5.8069	-1.0089	-0.45745605274063
32.159	-10.433	-3.0039	0.851632086826874
36.53	-7.222	-1.5122	1.645
38.1	-3.8544	-2.0497	-1.14371811179367
36.12	-6.4143	-1.0835	-1.645
29.359	-1.6151	0.50232	-0.90211843776547
35.04	-7.5716	-1.0808	1.645
37.878	-4.0903	-2.2179	1.645
37.759	-5.8941	-2.4694	1.645
36.339	-6.8364	-0.98471	-1.645
38.211	-6.7695	-2.7243	1.645
34.821	-6.2335	-5.3327	0.512511299622171
37.105	-3.6061	-4.5524	1.645
18.476	-11.922	-3.6567	0.236773014654119
35.965	-1.3746	-5.0021	0.962652202985853
37.307	-6.0201	-1.5607	0.377779830682861
36.441	-7.3309	-1.0821	-0.204532383344656
37.42	-3.8425	-1.2864	0.270032632617458
36.92	-3.6492	-4.6394	0.627001211150108
28.169	-10.539	-4.4468	0.286359079430554
36.212	-2.8864	-4.4424	-1.14444118361977
34.858	-0.90232	-5.1763	-1.29239512907987
35.546	-8.9878	-2.0374	1.645
30.671	-0.85242	-6.8893	-0.260192840237633
35.769	-1.7993	-5.2612	-0.840055412721314
37.127	-6.706	-1.4274	-0.659241971820024
36.496	-7.1131	-0.84695	0.218472566318325
34.192	-8.3314	-3.5638	0.248691318947897
32.963	-0.82231	0.13576	-0.892173527462617
36.663	-8.0185	-1.3392	1.645
37.404	-5.4861	-1.3972	-0.102476313866746
37.16	-6.6232	-0.7396	-0.0170833438447064
35.883	-6.8386	-4.8344	-1.00274466129719
33.449	-0.6842	-5.706	0.226634027359171
36.149	-3.6882	-0.088772	-0.313840961256659
27.224	-11.557	-2.9923	0.480388080555022
37.236	-5.8353	-2.0778	-1.645
35.913	-2.1991	-5.1813	-1.41900511982809
37.135	-6.6056	-1.2216	-0.114470790143307
29.53	-11.489	-3.1516	-0.222151762444115
36.767	-7.3284	-1.2693	-0.0446927942413266
37.29	-3.1505	-4.2486	1.645
37.289	-5.8562	-1.1742	-1.04160068119092
36.903	-6.0825	-1.1782	-0.0490608499827876
32.465	0.75286	-1.4389	-1.645
38.169	-4.0381	-2.3338	-1.3663831676646
31.258	-10.897	-3.3516	1.04289346856052
37.543	-6.6177	-3.9242	-1.43734278478249
37.029	-6.5279	-1.0449	-0.94659565197052
35.633	-2.7754	-0.42644	-1.61453697215689
35.511	-1.8353	-5.3157	-0.918043464535597
37.028	-8.0319	-2.3737	1.645
36.863	-4.6665	-0.57369	-0.886858784825118
37.247	-5.6924	-4.4819	1.49593891386881
36.223	-7.4272	-1.0084	-0.113116964406017
37.406	-4.0066	-3.9598	1.23826517638338
36.54	-2.6445	-3.9797	0.00636398779225478
36.144	-2.2189	-1.1147	-1.4061952140176
30.771	-10.607	-3.8479	-0.6915120741574
32.761	-10.279	-3.5803	1.10983120210595
37.02	-3.3083	-1.0167	-1.60839936560186
34.746	-0.83355	-5.3832	-0.465982722088299
36.875	-6.5702	-0.73131	-1.24738704126275
33.996	-0.50546	-3.2843	1.01506930988003
37.088	-2.7651	-4.3048	-1.1120096399954
36.851	-6.8	-1.1773	-0.138047868022457
29.038	-11.463	-3.3336	-0.183839735503264
26.716	-11.636	-3.9302	-1.02577906692664
28.015	-11.269	-3.5031	0.686524319901061
36.037	-8.4397	-2.6454	-0.0589627112958526
35.282	-0.54191	-4.5888	-0.550167973972613
31.359	1.133	-1.4757	-1.52322450769397
35.965	-2.0548	-5.2201	-0.147766109081443
33.524	-0.99915	-6.1235	0.781200743570911
34.186	-2.9176	0.81454	-0.474417517036775
36.853	-6.3522	-2.1496	-0.595898968778171
36.307	-7.1819	-0.72469	-1.01235508750782
35.607	-1.8209	-5.5017	-0.317397289495692
33.007	0.29962	-0.29684	0.940225281799086
36.752	-3.5477	-2.6273	-1.25863946339321
26.332	2.8248	-0.26543	-0.986011642523345
37.127	-7.6054	-3.972	1.645
35.169	-9.4052	-2.0994	0.981214922257989
28.91	-10.416	-4.3339	-0.84361285520078
37.908	-5.4849	-2.8675	-0.0133506660980148
35.886	-6.8034	-0.66589	-1.18940463642249
26.959	-11.641	-3.4896	-0.234025708915394
36.344	-2.7243	-5.0541	-1.19327177573576
37.241	-6.6798	-1.5083	1.09341302663566
33.871	-0.68123	-5.6772	0.898156166272057
36.513	-6.807	-1.1852	-0.794220981973367
36.409	-6.576	-1.957	1.03214207353221
35.332	-3.4379	0.25797	-0.658195318599382
34.864	-0.4048	-2.0771	-0.98690754147244
36.503	-3.0435	-4.7703	-0.622981323205241
37.836	-4.3579	-3.3202	-0.587898842971865
36.808	-7.1617	-1.0805	-0.109306211526473
34.364	-0.084456	-4.3062	-0.0270609989823528
28.693	1.9418	-0.84665	-1.645
33.537	-8.6364	-4.1537	0.833103956854827
34.481	-0.83471	-4.8208	-0.0428413297871475
36.13	-2.8164	-5.1146	-0.336506776760467
36.038	-0.75241	-2.4819	-0.628636108744832
34.789	-7.3388	-0.54573	-0.0683421901764864
37.827	-3.3669	-2.5679	-0.633846977326984
25.277	-1.3055	1.488	-0.881205836448988
35.626	-7.5125	-0.57968	-0.168017424262267
34.55	-8.264	-2.9045	-0.433837886860691
37.069	-7.3037	-1.1191	-0.151760158053254
36.711	-5.4696	-0.059321	-1.645
35.295	-7.3557	-2.6164	-1.45032978418477
34.494	-0.21675	-1.9609	-1.31765452597997
33.114	-0.44001	-5.9828	1.48989156063027
37.717	-5.9636	-3.8253	0.457527982175278
36.996	-7.5969	-1.0678	-0.923803411527172
36.408	-7.0685	-0.74929	-0.723948442260191
34.583	-9.2741	-3.2361	1.645
37.742	-5.3859	-2.9074	-0.57416640522484
34.832	-1.3266	-5.3939	0.60449330681372
37.13	-3.482	-3.5833	-0.277740360537475
26.259	-0.18253	-7.0548	-0.0748821660036432
38.453	-6.2205	-2.5167	-0.507850951616677
18.772	-12.196	-3.1299	-1.07610691066533
37.128	-7.3771	-0.91807	-0.42694265971337
37.937	-4.7004	-4.0766	1.645
29.185	-1.0694	-6.7569	-1.03505686925307
35.409	-7.9537	-0.78786	0.11200809777652
35.958	-2.3821	-5.0615	-0.646238818660318
36.332	-6.6978	-0.47076	-0.807116140232361
37.809	-7.1081	-3.5919	1.645
34.721	-8.3715	-4.579	-1.24754710436145
30.026	1.6761	-1.1057	-0.171767608610953
37.449	-6.7361	-1.3597	-0.880366501809308
29.047	-11.285	-3.5116	1.645
35.184	-9.2901	-3.1965	1.645
37.925	-7.2268	-2.1791	1.61795525277226
37.126	-1.7498	-4.0023	0.589834073847675
26.877	2.3493	0.26303	-0.770758182280494
35.949	-7.0988	0.036498	-1.11105730894554
35.993	-7.0808	-1.3785	0.413081816695077
37.198	-6.5255	-1.0386	0.771973914431488
36.963	-3.5361	-2.5995	-1.35854893956853
35.881	-1.4853	-5.1216	-1.33012424576951
36.324	-7.7981	-3.4379	0.401799221089966
32.942	-10.187	-3.8424	-0.707677358550677
37.247	-6.3258	-0.74275	1.6071066025633
35.876	-2.8084	-4.9303	1.02080891820773
36.35	-1.06	-3.5694	0.924633781020872
37.049	-6.6954	-1.5441	-0.98851732029228
35.517	-6.5056	-0.50915	-1.12097631374843
34.17	-1.3725	0.13005	0.461866739956428
33.401	-1.0653	-5.7202	0.771569736422085
36.099	-2.2894	-4.5739	1.34956327444003
35.989	-1.6761	-5.1643	-0.538369391282623
36.406	-3.0178	-1.5552	-1.05254331351309
29.477	-10.678	-4.2809	0.430703860224242
25.808	2.4843	0.20229	-1.51137333379832
37.108	-2.6266	-1.3105	0.409476625405443
31.224	0.17342	-5.7504	-0.0701197152349119
37.079	-6.2808	-0.77346	-0.245675377973843
28.79	-0.60836	-6.4231	-1.09135992735142
33.778	0.11392	-0.5513	-1.645
34.387	-0.70831	-5.5504	0.595375472757197
33.853	-7.9412	-4.2012	-0.308663834953139
35.897	-8.9728	-2.3728	0.915111641922178
33.506	-8.587	-3.743	-0.696886354319877
35.927	-2.6184	-5.194	0.413992866553906
34.808	-9.1052	-3.57	1.645
34.537	-0.89781	-0.21511	-0.963254622654172
38.43	-6.1105	-2.4777	-1.03573708404763
36.889	-6.3605	-0.64418	0.399014482986383
37.437	-6.1818	-4.1612	0.896581376619117
35.676	-1.5634	-5.343	0.707208363877605
37.53	-4.251	-3.1865	0.461755001545027
37.148	-5.3387	-0.68234	0.20912215335644
37.275	-3.0113	-4.2995	-0.0334025946478056
31.359	1.2267	-0.79001	-0.392970520934556
27.546	2.3168	-0.11179	-1.27807153510711
36.836	-2.003	-4.5542	-1.13521466323938
29.709	-1.2098	-6.7267	-1.19027057332443
29.648	-0.84476	0.71673	-0.247996803329636
36.221	-2.9564	-0.61513	-1.645
36.358	-0.97953	-2.8211	-0.546257859311454
38.141	-4.2786	-2.7783	-0.976678114678473
36.861	-6.3361	-0.60656	0.946801845314418
26.104	2.9775	0.38525	-0.275249059228234
37.648	-2.9954	-2.6871	0.288212776351218
34.357	-6.5455	-4.6842	-0.830550939626631
33.459	-6.2113	-5.0877	-1.25112909222408
32.857	-1.747	1.0811	-0.537052431080102
37.168	-2.8936	-4.4433	-0.902474817539058
34.061	-9.7107	-2.6267	1.1846180001214
35.78	-6.7263	-1.6317	0.539070295345505
35.636	-9.2272	-3.3149	1.645
38.056	-5.1676	-2.5888	1.645
35.637	-6.7245	-0.37612	-0.851305727066945
37.251	-3.3098	-4.4526	-0.972711461489555
33.741	-1.9733	-5.4226	-0.261305803354412
36.588	-2.8971	-0.65573	-0.700447711958173
37.326	-5.6839	-4.4112	1.04415856098407
35.848	-8.0086	-0.74692	-0.774503091562765
36.187	-7.133	-0.64214	-0.505590987074469
37.707	-3.9647	-4.055	0.661258367611471
33.624	-9.7678	-3.2114	1.645
30.193	1.1488	-0.66419	-1.645
34.205	-9.6351	-2.6179	0.813607131805858
36.39	-6.9544	-0.46647	1.645
37.474	-3.0541	-2.0965	0.479880635153226
28.23	-0.50422	-6.5389	0.592304066287689
27.619	-11.723	-3.0238	1.056184278953
37.974	-3.5713	-2.2629	0.330659012850255
36.52	-7.3394	-3.0192	-0.578815600072865
36.684	-6.916	-0.54257	-0.55485498988558
35.843	-6.6108	-1.5401	-0.458910664769747
37.89	-3.3009	-2.8666	1.29727408576223
36.965	-4.6772	-4.0313	-0.00310859573110225
35.665	-1.1446	-3.4708	0.353298450524192
37.491	-6.0219	-1.2997	-0.803988714452667
36.582	-3.2051	-5.0006	-0.543147734996552
33.189	-2.0783	0.76822	-1.03207078742531
34.886	-6.2481	-5.5571	-0.252054446438426
36.531	-6.2769	-0.45093	0.741552503840633
30.361	0.79431	-0.83387	-0.841943869551508
38.637	-6.5948	-1.8103	0.823646123001384
14.2	-12.25	-2.7913	1.645
33.597	-0.56617	-5.3621	1.645
33.652	-9.6058	-2.9365	0.219060179819123
37.269	-6.594	-4.1428	0.0201943571821561
22.571	-0.57713	1.5151	0.262625909921621
33.492	-9.8817	-3.9009	-0.0916307857276222
35.221	-8.5458	-1.1697	0.277507296981312
37.065	-2.8718	-1.9238	-0.801152755380853
36.105	-7.5793	-1.0388	0.36647339669913
36.38	-6.6055	-0.06572	1.645
35.031	-0.73919	-5.3013	1.17492458743615
35.071	-9.1648	-1.7033	1.645
33.526	-9.8154	-3.646	1.645
30.247	-10.532	-3.9948	-0.536524781948601
29.139	-10.899	-4.2139	-0.0839897066462999
37.001	-1.8216	-3.9956	0.184642715884554
27.377	2.5778	-0.06166	-0.000395755439231178
24.603	3.0977	0.72789	-0.560908769222595
36.04	-6.7814	-0.20054	0.706338773234819
30.542	-6.0829	-5.3952	1.645
36.842	-7.1254	-1.1484	1.38389149812349
32.388	-10.109	-3.1943	-0.789522367953941
29.493	-2.0896	-0.37662	-0.934594259220734
34.572	-9.5317	-2.8881	-0.513107016956082
34.051	-7.057	-4.9855	-0.777804633473453
36.761	-4.0431	-2.5386	-0.790094780842428
35.852	-6.3953	-0.66102	-1.62141554298321
33.362	0.38835	-1.7634	-1.12674095786358
37.448	-6.4351	-3.4083	-1.29098791849712
32.75	-10.422	-2.8005	1.19130224465358
37.161	-6.9458	-4.105	-0.107270812397137
35.822	-6.391	-2.1782	-1.20872939895639
32.612	-9.982	-3.3678	0.560845915006356
25.345	2.9604	0.81839	-1.09652729526451
36.599	-6.6278	-0.62335	-1.29455369264596
37.298	-5.8161	-0.65225	0.669350134336493
35.464	-9.2253	-3.2972	0.765264877867861
32.951	-2.1329	0.73755	0.269505932724277
12.655	-12.024	-3.1062	1.37423612149771
36.388	-6.8777	-0.40505	1.645
22.13	-12.369	-2.9595	0.152866566628307
35.376	-7.6203	-0.86273	1.0322008479428
35.285	-7.5377	0.066807	-0.941606342333549
31.516	-1.6663	-1.0651	-0.871675913156933
36.452	-2.8956	-0.53636	1.36613788340756
36.04	-8.1498	-3.5092	0.356300823230795
22.184	-12.39	-2.6067	0.192126028945385
35.541	-0.99494	-3.919	-0.767639116348796
27.931	-0.28496	-6.5634	-0.700933576167905
35.662	-6.8765	-0.14067	-0.672935217434533
27.416	-11.642	-3.608	1.645
37.788	-4.174	-1.7582	0.293532866348646
33.436	-1.2899	-6.2745	0.308400889553003
37.219	-2.0424	-2.5208	0.847833405544401
38.014	-5.9577	-1.8809	1.645
37.264	-6.7331	-1.3042	-0.684499718581171
36.562	-7.8558	-2.4601	-1.645
36.195	-4.2493	-5.2274	0.523376783248427
37.211	-6.4572	-0.88182	-1.07392977526784
28.566	2.1575	-0.46418	0.595508696938223
29.772	1.7553	-0.20628	-0.176600973702952
36.488	-6.1858	-3.8549	0.364338365792828
37.16	-7.4515	-1.5202	0.539440639288749
36.038	-5.389	-5.311	-0.37324073837783
34.309	-1.5814	-3.0886	-0.753985632411935
35.933	-8.4365	-1.8553	0.482382595079418
36.426	-7.9875	-4.213	1.45708950249702
27.282	1.8772	0.36123	-0.302257945445016
28.657	-0.49517	-6.6234	0.107550530637274
29.737	-10.997	-3.7093	-0.50814696033369
34.803	-7.3818	-0.18694	-0.0107856593578614
35.686	-6.1698	-4.8122	-1.40836657703161
37.436	-2.0099	-3.387	-0.954707272333253
36.519	-6.8297	-1.8835	-0.598085006328552
33.966	-0.18969	-0.95979	-0.605111935050855
35.513	-9.1151	-3.2543	1.645
36.121	-2.9466	-5.1363	0.569624603099636
29.113	-0.98121	-6.9442	-0.123470755238913
37.065	-7.2034	-1.1197	-0.0798119279356154
34.925	-1.4506	-5.7603	-0.463532865212848
35.811	-7.1054	-0.26252	-1.1450087578976
35.212	-2.5121	-5.7232	0.402479024573862
36.922	-5.6457	-4.9601	-1.12721595351592
29.143	-1.0016	-6.5471	-0.758917970797413
36.437	-3.6993	-4.3082	-1.03900787851639
35.586	-6.7863	-0.30952	1.645
35.866	-3.3966	-1.9231	-0.224160242338458
35.233	-1.7225	-5.4094	-0.790772182784504
29.196	-10.899	-4.0629	1.32183121683322
36.003	-7.4847	-0.98669	1.645
37.112	-7.4161	-1.9881	0.414244791744209
36.444	-7.3508	-0.80357	-0.607316860489185
37.4	-6.6576	-3.761	-1.24123024193564
35.88	-8.2388	-4.4135	-1.24530827994851
37.103	-6.7509	-1.4273	1.645
37.166	-4.2299	-4.5378	-1.51665565307044
37.373	-6.9962	-0.69014	-0.11356014109202
34.952	-6.4194	-5.1862	1.645
35.947	-3.498	-4.6138	-0.936751918819273
31.848	-10.514	-3.7276	1.3232510891439
37.136	-6.9179	-0.88602	-1.09486096123333
34.744	-7.6455	-4.2175	0.193252014632683
35.991	-7.1105	-0.27884	1.08845638989499
36.733	-2.908	-4.739	-1.25659183372252
37.348	-4.3808	-3.4643	1.645
36.172	-0.92643	-4.2247	0.296433076117795
34.462	-9.6263	-2.7398	-0.387631016809333
35.622	-3.6657	-1.0615	-0.319503273573194
34.234	-9.0501	-4.1876	-0.816980490499693
36.271	-7.3453	-1.3238	1.00033423098118
36.819	-2.209	-4.6629	0.455346110248671
35.159	-8.7272	-4.1003	0.480803847351124
31.452	-9.1478	-3.2273	-0.86168933778608
31.857	1.6245	-3.1076	-0.478108717632174
34.893	-8.2576	-0.2879	-1.008741474222
28.073	-11.668	-3.1194	0.127030896631035
36.651	-7.5829	-1.2475	0.557259718818214
34.832	-7.3907	0.24362	0.456492128316036
37.718	-6.805	-2.3753	-0.819648013755233
36.12	-6.8519	-0.23334	-0.00390054540815738
29.985	-11.016	-3.6217	0.205616809236323
32.325	-6.7771	-5.2843	-0.149767097177202
37.137	-3.3898	-4.8805	-0.839110733402987
37.93	-4.6532	-1.5629	-0.0481022466332058
37.813	-3.2192	-2.0258	-0.317449960742195
37.322	-7.6218	-1.4826	-1.49966984749834
36.311	-6.2684	-0.71261	-0.712165860325282
32.196	-1.6907	0.61627	-0.429138628152607
36.387	-2.0945	-4.6511	0.811409984267915
35.139	-7.3104	-0.6746	-1.25115694909134
35.209	-2.4738	-5.3197	1.645
34.285	-0.88002	-5.7289	0.838563107964891
37.343	-6.62	-3.3463	-0.103916586880816
33.764	-0.71277	-5.7633	0.810583703237518
37.262	-3.681	-4.3805	0.43091532558777
38.418	-4.7373	-1.7362	-1.37621793878563
28.415	-1.9853	0.6287	-1.645
35.179	-4.4275	-0.35156	0.0340622678714929
33.381	-2.7503	-0.92077	-1.645
33.447	-0.099584	0.24688	-0.194929251834604
36.281	-2.7152	-5.341	-1.46237826974282
32.789	-9.4975	-3.0511	1.645
24.626	2.8702	0.65734	-0.660159910498968
35.874	-8.6177	-1.8043	0.672523131383328
35.114	-8.5241	-4.0748	1.645
29.685	-10.994	-2.7076	1.645
37.083	-6.3311	-0.76982	1.645
34.85	-8.5722	-4.0191	1.645
35.408	-1.3801	-5.2085	-0.798959021568643
36.904	-2.4271	-4.0264	1.645
31.819	0.77723	-1.5751	-1.41320054500114
33.908	-0.57427	-1.1263	-0.276863892216681
29.977	-11.456	-3.3584	-0.814900727498907
38.09	-4.6696	-3.7878	-1.20684806822614
35.687	-2.4359	-5.3201	1.645
37.305	-7.1596	-1.4898	-0.688428071979624
37.285	-3.4399	-4.4883	-0.697159442039551
34.169	-2.2291	-0.29475	0.148801950299904
33.532	-9.5404	-3.8361	1.645
37.23	-3.1353	-2.1204	-0.0721094111475397
35.473	-9.362	-2.7353	1.18424811692809
28.11	-1.8263	0.47221	-1.2608258377346
30.886	-9.9839	-3.954	0.653288804970703
37.883	-2.6633	-2.9858	1.49380250317856
33.331	-0.8698	-4.6621	1.645
36.699	-4.6467	0.089536	-0.553282771174593
32.946	-10.118	-3.8613	-1.38438071198392
36.935	-5.5179	-1.3782	1.645
37.496	-3.2443	-4.1554	1.52917970236896
37.779	-6.3044	-1.8107	1.645
27.857	-1.7479	0.28644	1.645
26.151	2.5267	-0.32816	-1.61729813312147
27.04	-0.27364	-6.8262	-0.32145252558945
36.673	-7.7313	-1.7312	-0.230786410479301
35.765	-2.3939	-5.2168	1.645
35.929	-8.1243	-1.4357	1.645
36.088	-6.6977	-0.52185	0.0277905471766565
29.642	-1.2463	-6.7948	-1.645
36.561	-8.08	-2.507	-0.841590941060288
32.564	-8.7826	-4.3392	-0.665594111904534
35.285	-8.2893	-0.64382	-1.06120850009527
37.033	-2.5461	-1.0928	-0.0803162073923414
34.92	-2.181	-0.95545	-1.35763067949058
28.036	-0.32208	-6.6729	-0.96766031870584
31.478	0.98321	-0.87069	0.447058322087865
35.653	-8.8056	-2.0148	-0.833242937827711
35.158	-7.4175	-0.57039	0.249190291386554
37.645	-3.0373	-2.7639	-0.893304301104941
35.425	-1.3523	-5.359	-0.363983423750501
31.206	-10.908	-3.2517	1.645
38.365	-5.7093	-3.163	-0.0559617295111713
14.631	-11.506	-3.6427	0.100406301461371
37.58	-4.0989	-3.3811	0.347960001235971
36.362	-7.0014	-1.1047	0.881189478100923
37.658	-4.6228	-3.5033	-0.498560783511324
34.324	-1.491	-0.028499	-0.713552812864863
22.106	0.18732	1.8667	-0.84957190499269
25.356	-12.145	-2.9767	-0.0144871569949992
35.711	-7.1492	-0.48083	0.90017363720161
32.829	-2.2829	-5.3286	-1.645
37.609	-6.1563	-1.2378	-0.255566637333951
16.859	-12.177	-3.2421	0.724278600798174
31.034	2.13	-1.503	-0.326897023580434
33.119	-10.31	-2.9906	1.645
22.178	3.5218	0.97528	-0.842676671857982
36.734	-4.8522	-4.9762	1.63375582592571
35.59	-2.7801	-5.4654	0.0756737442284249
36.92	-5.8143	-0.62305	-1.47608732626661
23.052	-12.064	-3.317	-0.225726473566718
32.167	-10.434	-3.3169	1.645
37.519	-7.3869	-2.6661	-0.0684197619801593
28.187	-2.0153	0.64751	-0.720621299803821
37.081	-2.2684	-3.7777	1.645
26.615	-11.683	-3.4185	0.793577704783287
37.16	-6.5484	-1.2193	-0.538595730211638
36.744	-6.6862	-0.47204	-0.860952531942692
25.658	-11.743	-4.0632	0.734769526510906
37.362	-2.3661	-4.0574	0.093824665500426
34.658	-0.62976	-5.3143	-1.41755747678203
38.018	-4.0021	-3.4175	-1.645
29.572	-9.596	-4.4341	1.33004529607112
31.828	1.1086	-2.2523	0.758717013397187
33.057	0.84632	-2.7147	-0.60321364529684
36.086	-7.7136	-1.5338	-0.121641746976295
32.896	-9.6574	-3.1526	-0.835815706316642
29.468	1.8323	-1.3242	0.481012968314201
36.439	-2.5243	-2.1194	-0.315216443013142
37.299	-4.6356	-4.2258	-1.33002079322767
31.038	-10.399	-3.8462	1.62885612711054
27.673	-11.413	-4.0307	1.645
36.514	-2.8311	-4.6458	0.524300384330398
35.011	-9.3326	-3.6961	-0.297072917182633
33.203	-10.02	-3.7952	0.493014166734489
28.343	-11.733	-3.5872	1.645
29.352	-10.501	-3.6657	0.761966690083035
29.81	-10.35	-3.8864	0.523245143288102
37.005	-7.4155	-1.2923	1.48627068287183
36.077	-2.6253	-4.9514	1.645
36.399	-7.0935	-1.8265	0.802416354860253
37.768	-2.7583	-2.6984	-0.641715327463703
36.194	-6.8002	-1.6144	-0.64233998438905
34.541	-2.8555	-1.6681	-1.00861525232845
37.742	-3.366	-3.0438	-0.123137835973873
35.405	-0.70375	-4.8046	-1.21205509793009
33.708	-6.1344	-5.2625	0.440994639585954
36.083	-2.6015	-0.39972	-0.631100895376039
31.616	-10.133	-3.0478	-1.645
33.092	-2.3509	-0.10809	-0.573060986253491
27.274	2.4161	-0.10539	-0.938073220777099
36.861	-1.5517	-4.234	-1.54209236297707
34.579	-9.3204	-3.3467	1.645
36.482	-1.3979	-3.6565	-1.00158379251917
35.14	-0.37334	-2.7565	0.38879520024875
37.029	-4.7412	-3.0954	1.645
35.951	-1.7764	-5.2628	-1.645
26.075	-11.349	-3.6326	0.0752692615963434
37.508	-3.0489	-2.1855	-0.320669125646117
37.785	-3.759	-1.4766	-0.236223880360922
35.742	-8.0212	-3.8443	1.46924618645865
30.396	1.5929	-2.7118	-0.627941655057722
35.716	-8.4489	-2.1184	0.343333041496817
36.786	-8.3038	-2.0017	0.725268316123929
36.175	-7.537	-1.5303	-0.916152119862336
28.914	1.9943	-0.15523	-0.334166146278948
35.856	-6.2175	-4.9262	-0.987678729999824
29.441	-2.4441	0.42788	-0.565465929959581
25.215	3.2448	-0.1568	0.559126102397974
33.734	-9.5652	-3.4776	-1.35442781980442
34.719	-0.76652	-0.38087	0.48042652567252
37.485	-6.3438	-1.5371	0.721614658836757
37.662	-2.5526	-3.9957	1.0708633993567
36.379	-3.7123	-1.4074	0.312766407812835
37.267	-6.9481	-1.9059	1.645
29.101	1.8205	-1.2912	-0.805095359136652
36.681	-7.6883	-1.3233	0.65985630962919
31.621	1.471	-2.1952	-0.620605952004042
33.824	-9.9319	-3.7705	1.25306358028478
37.279	-7.3662	-1.4602	-1.24389271560836
29.979	-11.824	-2.9049	1.00689031127551
20.317	-12.541	-3.2969	0.763998521526678
34.081	-0.19025	-0.19369	-0.546892136253823
33.424	-10.297	-2.9498	-0.684542157502707
37.772	-3.5059	-3.3861	-1.04176464780841
29.068	1.9082	-0.13313	-0.541380378719061
37.132	-6.4566	-0.84542	1.04372961025117
37.061	-6.5184	-1.2337	-0.571194433687748
34.398	-1.8175	-6.1834	-0.8944691886017
37.32	-2.9559	-2.0473	-0.604337538126814
35.365	-1.0409	-4.4356	1.56835141146248
35.675	-7.1694	-0.86933	0.199760700645581
36.923	-2.6406	-4.693	0.523644940462342
37.317	-6.8573	-3.3818	-0.24333428572595
33.753	-9.4761	-3.5559	-0.700614393462612
35.73	-7.9709	-0.66978	1.05382421377113
34.549	-0.84299	-5.6394	-1.07886813776748
30.909	-10.532	-3.6165	0.9554391315179
36.491	-1.3732	-4.2775	0.332057764655708
34.659	-1.9863	-5.9829	-0.308994710787527
36.674	-2.2954	-4.338	0.232814838814854
37.367	-3.737	-1.2535	-0.545316012717735
30.214	-10.125	-4.3742	0.220299558079903
31.683	-1.2044	1.0754	-1.43321370567306
34.246	-1.9271	-6.1455	0.690565923105205
35.336	-1.5855	-5.3664	0.266436093515093
35.264	-7.1588	-0.50919	-0.615046309601147
27.989	0.13398	0.8053	1.64497114926218
30.806	-9.287	-3.5933	0.307600766667144
27.045	2.3681	0.63953	-0.521638129024815
25.823	2.7506	-0.30933	-0.632745209182274
24.667	-11.97	-3.4268	0.538469234349207
36.642	-7.6993	-2.0698	-0.466226341484037
36.534	-2.8847	-3.859	-0.943053286465877
35.99	-2.0913	-5.2288	0.709934680753322
36.602	-7.2462	-0.74841	-0.133863272424658
34.929	-9.3154	-3.3453	0.515966220739346
35.159	-1.6508	-5.7185	0.680382718278343
30.903	0.73487	-0.78254	-1.32855490389663
35.53	-1.198	-4.9193	-0.214423763257944
34.93	-7.4385	0.28604	0.433169603811765
36.508	-6.9874	-0.76697	-0.649044878941206
37.331	-2.3602	-3.1346	-0.461574954051824
38.541	-5.8464	-3.3132	1.47254348515175
26.909	2.6637	0.026832	-0.163007283437204
36.625	-3.1859	-5.035	-0.820335835551811
29.473	-0.48085	-6.5681	1.01392716899021
36.394	-7.593	-0.62675	-0.788254503429772
27.032	-11.414	-3.9168	-0.803903307252676
35.498	-8.087	-2.6598	-0.538429334489564
37.184	-1.7013	-2.732	-0.337710516794586
36.185	-8.2947	-3.287	-1.01218166778583
36.996	-7.5551	-2.6668	0.837455558807785
35.927	-7.6408	-0.39627	1.645
36.085	-8.2433	-1.0166	-1.35530439320743
37.034	-3.681	-5.0419	1.49334312218913
37.412	-4.5111	-2.4789	-1.29689381059829
36.023	-3.1128	-0.9772	1.645
36.223	-7.7271	-1.0545	0.497004243446233
27.162	-11.286	-4.1317	1.645
37.298	-6.2867	-4.72	0.141734889259494
37.024	-5.0281	-5.0016	-0.73368765286241
37.201	-7.6178	-1.6684	-0.872429250744336
36.191	-1.9754	-1.1911	0.615319201133762
35.745	-6.4161	-0.72233	-0.859532591862406
36.231	-6.2373	-5.1256	0.202684191919594
29.133	0.029435	-6.8166	-0.586049879994367
35.733	-1.9219	-0.14499	-1.17328983611451
22.216	-0.28528	1.8218	-0.0862403060570844
37.08	-2.6979	-1.4846	0.24012349662172
24.003	0.13853	1.4663	-0.289815844529832
35.937	-7.577	-0.66075	1.645
26.632	-11.363	-3.9523	1.33432319625324
36.537	-6.301	-1.1695	-1.645
35.461	-6.7856	0.21	0.849728086853803
16.546	-12.122	-3.0507	1.645
35.301	-7.1362	-0.87532	0.332478543543012
36.905	-4.2578	-0.4808	0.0637459521349463
36.197	-2.5887	-0.88178	-1.43981132277304
29.704	-11.031	-4.1478	1.645
30.558	0.84485	-0.90212	-1.31915198551204
36.383	-1.4084	-1.6501	-0.739068700190216
27.802	-0.52154	-6.6001	0.304230610386702
36.623	-2.2417	-4.4946	-0.555092460760791
36.868	-7.3659	-3.4925	0.243544312927431
36.297	-6.6218	-1.3064	0.340005148467961
27.464	-11.751	-2.8039	-0.42909435128656
37.434	-4.6484	-2.4277	0.0267912285251055
36.349	-7.9935	-1.5244	-0.186390536506945
35.172	-5.0249	-0.59907	-0.0836704506634066
30.039	-10.6	-3.9322	0.272937546164186
35.702	-1.5553	-5.3066	0.70949248479393
36.27	-3.1772	-4.7845	1.11650865986609
33.099	0.48603	-1.4884	-0.625218427420332
36.316	-4.3292	-0.2157	-0.0331531679644624
36.668	-5.7643	-0.36006	-1.15025004110939
28.89	2.0927	-0.92713	-1.645
37.379	-3.6702	-0.92475	-1.645
36.164	-7.808	-2.0116	-0.0384947482112772
35.599	-6.05	-5.0311	-0.425245666961491
35.954	-7.1833	-0.97152	1.52882331236443
36.431	-1.4634	-3.8262	-1.2266707080102
36.627	-4.0545	-5.0559	0.255202889039678
35.487	-7.1229	-0.32773	-0.473296405862047
36.829	-3.054	-4.6771	-0.164749117764733
36.646	-6.9621	-4.4572	0.0112781458070716
29.747	1.7848	-0.64182	0.387977014159734
34.288	-1.2429	-5.9811	-1.37060551058022
36.415	-2.8229	-5.3315	1.645
37.663	-3.1052	-2.6371	0.249868407967635
36.409	-6.4671	-0.54685	-0.660353297082173
36.196	-2.2167	-5.2777	-1.19949246839597
33.647	-9.5361	-2.9473	1.09108294680847
37.569	-6.5148	-1.4642	-1.227592755852
28.289	2.0839	-1.1024	-0.646859480359827
35.878	-8.1252	-1.6888	0.248567198013217
36.359	-7.4549	-1.0004	-0.516350180889512
36.501	-6.4825	-0.69156	-1.17363811434366
29.454	-1.0348	-6.7118	-0.405595272073442
37.196	-2.9731	-1.8959	-0.719455840566722
37.255	-6.7602	-0.97143	1.645
34.572	-0.91389	-5.3163	0.525603769122095
36.327	-3.639	-5.216	-0.758535193412825
36.026	-2.1342	-5.1439	-0.531645169740548
36.007	-6.7848	-4.2244	-1.2932031571485
36.258	-3.1272	-2.1291	-0.553088480312726
37.667	-3.3869	-1.5302	-0.65591595318221
33.485	-9.167	-3.831	1.645
36.054	-8.1439	-2.2738	1.645
37.579	-7.1001	-2.0947	0.468462922665289
26.97	-0.27744	-6.7405	0.0620382739557599
31.873	1.1603	-1.4668	0.177805343515183
37.007	-3.2381	-4.6457	-0.655249471905114
25.296	-0.72466	1.6146	-0.284941301626999
29.035	1.6447	-0.066406	0.0806263598272741
38.411	-5.9434	-2.5654	-1.37920832625575
35.261	-1.5128	-5.0484	-1.01306777818159
33.919	-7.0507	-5.0645	-0.92803399064277
35.653	-7.9359	-0.91161	-0.833862993695463
35.763	-0.51963	-3.4807	-1.645
31.846	-3.3065	-0.63738	-0.90125737098366
35.222	-7.552	-0.12993	0.924761877574252
33.954	-0.85081	-5.874	0.903776940033534
28.049	-10.987	-4.007	0.236495528988283
34.568	-8.0682	-4.3868	-0.108936964926409
36.282	-1.236	-3.9953	-0.500208808206089
35.143	-3.4181	-0.3143	-1.05328784608506
35.681	-7.0142	0.034118	1.645
37.905	-5.2701	-3.6581	1.645
36.325	-6.6188	-4.8643	1.2700143973997
38.228	-5.9979	-2.4075	-0.378215730766106
36.758	-6.2914	-0.49534	-0.825787216925783
27.788	-0.7983	-6.5807	0.972666748621089
32.833	-9.925	-3.8629	1.57733983675247
37.359	-2.1066	-3.8716	-0.911533522515517
30.252	-10.709	-4.2735	0.504063102948679
36.605	-7.0821	-2.621	-0.494203900172345
36.928	-3.1836	-4.6119	0.418990318437607
36.568	-6.7341	-0.43936	0.387679045950599
36.737	-5.862	-0.77037	-0.844175511335637
29.629	-10.882	-3.5421	1.4323565928354
36.212	-4.2356	-0.11937	-1.04165231885342
34.944	-8.9841	-4.1297	0.102100590438949
36.366	-7.7739	-1.273	-0.781727916440405
36.292	-2.6554	-4.4174	-0.829489836015473
30.193	1.2549	-0.92182	0.196021290316351
26.345	-1.1055	0.5634	1.645
23.875	-11.581	-3.7265	-0.838686671939489
33.453	-9.9212	-3.2833	0.317736081178765
36.37	-2.9592	-4.9675	-1.20059210262814
37.523	-5.7548	-4.5898	-1.10174555700473
29.667	-0.36181	-6.2471	-1.35853500728034
36.707	-6.8401	-1.3848	-0.207716125754165
31.384	-10.126	-3.673	-0.985979523591828
35.028	-7.1752	-0.66195	0.530700510531974
35.638	-1.1759	-3.9446	-0.843950263169775
36.331	-7.1059	-0.41523	1.645
36.424	-7.281	-0.91605	1.59796805134501
35.107	-0.70271	-4.7009	-0.307156869151351
38.3	-5.7317	-1.6831	1.645
37.163	-4.0055	-1.8496	0.60455432493543
28.639	-1.7463	0.11451	0.636351571019143
37.103	-6.8195	-0.88503	-0.622768378435289
36.301	-7.5684	-2.2311	-0.921046455162163
36.058	-0.71232	-3.8443	1.38174799520632
28.019	-0.25125	-6.6692	-1.28708672518807
38.053	-4.9272	-3.8114	-1.1183806347724
36.43	-6.2279	-0.72841	-1.15697868532158
34.09	-1.9336	-5.9096	-1.10974792190838
36.584	-6.9242	-0.77023	-1.645
36.73	-2.8421	-4.3338	-0.531918688194994
36.492	-7.4624	-0.46387	-1.55710737858594
35.467	-1.2018	-5.1814	0.219245467071218
34.092	-8.9227	-4.1576	0.964904341125935
36.627	-2.2565	-4.6513	-0.0191319306795014
35.784	-2.114	-0.96068	-1.60475799677079
36.601	-7.2495	-1.0362	-0.183822856924281
38.197	-3.1683	-2.8039	-1.04332749914519
35.969	-7.2747	-0.90899	0.359119060721466
36.017	-3.9337	-0.15164	-0.90345933605387
37.07	-2.1273	-3.4271	-0.00851414005713183
34.545	-0.57259	-5.36	-0.294047206489802
36.713	-2.7918	-3.6785	0.0526187834266552
35.22	-2.8647	-5.4605	1.08616436272688
37.756	-7.1614	-3.4233	0.60670875167074
34.883	-4.4287	-1.5223	-1.13703973752027
33.998	-7.9864	-0.16569	-0.567049946292313
36.339	-7.668	-3.0652	-0.987975533840784
34.108	-1.3907	0.43458	-1.13376429225405
37.718	-6.2576	-0.89144	-0.75495045183951
32.07	1.4293	-2.3833	-0.957912502742863
35.72	-8.5251	-3.5035	1.09648493976299
36.676	-4.9225	-0.54227	-0.941949916808416
36.013	-5.2962	-5.2194	-1.36498514965939
35.606	-2.0846	-5.5897	-1.19304972758173
34.806	-8.8901	-2.973	1.645
27.676	-0.63697	-6.9622	-1.01425283944522
27.479	-1.1421	0.8687	-0.999000287511884
27.664	-10.9	-3.9195	0.741239415352806
36.811	-6.4165	0.35144	-0.515387802042028
36.243	-3.5794	-0.21717	-0.866302467424824
38.39	-4.8164	-3.1837	-0.672714846051701
37.835	-4.0336	-3.727	-1.1630296924581
36.115	-2.5821	-0.79798	1.02721576548313
37.14	-3.0531	-2.5682	0.276026992195796
36.72	-6.1892	-0.64828	0.816198115065157
34.74	-1.4122	-5.6472	1.14755296895057
31.849	-10.422	-3.1593	1.28281158363268
37.293	-2.0806	-4.0461	0.660307032864664
36.04	-7.8278	-3.3901	0.113495861157376
36.514	-8.5327	-2.2652	1.645
38.105	-6.1144	-1.8308	-1.50804340078002
37.261	-2.7718	-4.19	0.40617844317422
37.157	-2.2965	-4.1908	0.124627135924291
34.412	-0.72442	-5.3799	-1.470319765914
34.348	-1.5875	-5.124	1.61340331172255
37.059	-7.1464	-0.47755	-0.488291609709404
37.488	-6.6095	-1.1444	1.26890819204324
33.546	-0.34527	-5.445	0.361347551709002
36.655	-3.0677	-4.4207	-0.922081099721642
36.422	-2.8263	-5.0446	-0.349791218672727
36.759	-3.5836	-0.81804	1.04463308672093
37.439	-7.1052	-1.3532	-0.779949132846486
37.028	-3.37	-4.176	-0.388930112619636
27.177	-2.3797	0.14023	0.321958897399692
22.655	-11.631	-3.7513	1.19820739447026
38.1	-4.3733	-2.6288	0.0873201484740258
36.593	-5.8661	-0.6886	-1.10845487222612
26.621	-0.41676	-6.7491	0.608614575492168
35.2	-1.6433	-5.5416	-0.913427553837718
37.964	-6.7002	-1.5893	1.645
35.503	-6.2815	0.51715	0.538466835247016
23.9	3.4724	0.17699	0.910912330007438
33.946	0.48495	-2.0193	1.645
24.995	-12.011	-3.4335	-0.721885681173478
24.144	-11.871	-4.1725	1.47331117643937
26.937	-11.434	-4.0353	1.60821762766653
38.1	-6.0953	-1.2467	-0.0692903961044119
32.73	-10.178	-2.8586	1.645
38.006	-4.5622	-1.6132	-0.742536341373415
37.445	-4.4388	-3.7318	1.63892021151746
31.882	-0.57295	-5.8092	1.15840981039139
34.816	-1.9829	-0.24815	-0.654332147776521
34.954	-8.59	-1.2637	1.19411918024821
37.3	-4.165	-1.6175	-0.484391678541338
34.469	-3.1586	0.16337	-1.02428483319799
35.366	-1.8119	-5.5672	1.0677542628359
36.195	-3.0407	-2.149	0.431885790773069
37.295	-3.7665	-1.2328	1.645
38.305	-4.7921	-2.3396	-1.645
35.131	-7.9391	-1.5386	1.04403822095667
31.82	-1.1205	-6.6025	1.645
37.095	-3.2146	-1.7715	-0.627817869645406
37.144	-2.5994	-2.8073	0.323406772261962
38.056	-6.0844	-2.1369	-0.282415628860776
37.101	-6.2474	-1.5272	-0.950322491536849
36.421	-8.4179	-2.0881	0.358758517444263
35.967	-2.729	-0.69909	-1.645
36.897	-3.6054	-4.7352	-1.19055568243553
36.446	-6.3734	-4.8093	1.42229198168668
36.493	-3.2037	-1.737	-1.55505248761972
36.026	-6.626	-0.1023	1.645
28.865	1.751	-0.48839	-0.0736311021706676
22.994	0.17768	1.5887	-0.94286042997479
35.587	-2.51	-0.4416	0.53412622298961
36.241	-3.1487	-1.2023	-1.5549980687887
36.82	-6.9642	-1.231	0.223587974019575
30.623	-10.628	-2.3359	0.586041799713594
35.111	-2.7285	-5.6907	-0.416853629242711
36.67	-6.0862	-0.60603	0.271345143216667
28.461	0.98628	0.17033	0.328159854010093
37.809	-6.3381	-1.42	0.231930086693962
37.252	-3.2123	-4.5515	-0.711774870952997
35.257	-2.0901	-4.006	0.693288415427806
37.58	-5.6603	-2.0723	1.3917283701531
37.336	-4.2892	-1.3951	-1.15693105653486
31.902	-10.188	-3.1425	1.59931568824557
37.948	-6.3604	-1.6608	-1.50332047244653
22.98	3.3486	0.063496	-0.700218787690954
37.741	-3.5231	-1.6764	1.07810501675472
37.406	-4.8724	-2.8986	0.0563419499847815
37.899	-7.3266	-2.9614	1.645
37.161	-2.9571	-4.3767	-0.609860606047815
35.014	-8.2377	-0.58041	1.645
36.96	-6.9343	-1.0159	1.645
32.677	-8.7274	-4.1685	0.166371834626865
25.941	-0.49807	1.7601	0.0634430314566746
37.784	-3.0457	-3.1938	1.39093349417738
27.402	2.3625	-0.79184	0.452489630674473
24.282	-11.844	-3.4144	1.645
35.475	-6.9959	-0.76676	-1.007750598727
37.59	-3.4846	-3.6459	-1.20258111808043
37.122	-3.4666	-4.8168	-0.733233234139674
36.294	-2.8729	-4.9081	-0.0722642362124079
36.934	-7.1197	-1.3898	-1.55556327646629
34.201	-6.8832	-5.1613	1.12694601696748
38.276	-3.9029	-2.2387	-1.31452930656049
35.754	-8.7903	-3.0805	1.43989953629229
36.613	-7.1136	-0.79163	0.603772024191595
24.948	-1.1145	1.1193	-1.645
35.298	-7.0473	-0.77197	-1.645
35.375	-5.2242	-0.81239	0.796709857239433
37.271	-6.6982	-1.6293	1.645
36.998	-6.8792	-0.55387	0.803292200230931
31.917	-9.7447	-4.6294	-0.19538852467133
35.228	-8.4952	-3.2171	0.363918653604965
36.787	-3.2912	-4.7881	1.645
36.82	-6.8749	-0.3813	-0.042055854338812
34.882	-6.9392	-0.59267	0.993272796933381
38.29	-5.6387	-2.4153	0.305218734350646
35.866	-8.262	-4.0059	-0.849774995429113
38.276	-5.2348	-2.0977	-0.142311248028431
33.831	-0.82131	-5.9073	-1.645
38.275	-5.2304	-2.3682	-0.381309766877008
38.382	-5.4187	-2.2298	-1.12214157989471
32.294	1.3388	-1.5872	-1.63218260881554
28.024	-11.618	-3.2678	0.305449989138642
35.901	-7.5783	-1.5121	-0.287862516534293
36.875	-2.9204	-4.2667	0.370148093940691
36.747	-2.8716	-4.7368	0.303765158136282
31.074	0.26967	-6.3372	-0.505764305739549
37.294	-1.9809	-3.4145	-1.21372091952771
37.769	-5.0176	-1.871	0.103702228038425
34.273	-0.69818	-5.6839	0.441623355029818
33.965	0.34185	-2.8306	-1.645
36.284	-1.8405	-5.0251	-0.335629396305564
18.117	-12.427	-2.7497	1.1372598830175
27.088	0.10397	-6.6888	-0.748836062730728
34.084	-5.1555	-0.37926	-1.20673943630317
36.872	-7.3054	-1.1125	-0.601852736128857
37.798	-6.4612	-2.1662	0.220949728287897
33.845	-9.7813	-3.7695	0.426757661157118
35.417	-9.3933	-3.2228	1.645
37.208	-4.7836	-0.79393	1.23873644012433
36.479	-2.3034	-4.7111	-0.636579634617022
34.005	-0.32428	-5.4688	-0.482967038127609
36.321	-3.9637	-0.27042	-1.00176916201095
37.364	-6.6113	-2.4395	0.683086743112808
35.196	-7.2738	-0.20346	-0.73307436728867
33.231	0.16905	-5.6528	-0.719456002934547
29.461	-1.419	0.7187	-0.0664779726723901
34.92	-2.2908	-0.34357	-0.429945566003794
28.339	-11.288	-3.7747	0.749447125112118
26.98	-11.301	-3.1408	-0.126995934948721
24.401	-1.0807	0.94528	0.41608701316085
35.689	-6.7757	-2.8578	0.787429513255489
35.913	-3.5353	-0.26692	0.601732946181859
36.883	-3.2841	-4.7561	-0.0670398450146201
30.474	-10.434	-3.6727	-0.0203978665596075
36.607	-2.9684	-1.1872	1.47003888344947
34.091	-7.9047	-4.067	1.645
34.952	-1.4921	-5.7799	-0.69805556133842
35.997	-3.0534	-4.6892	-1.00613343102599
37.268	-4.9914	-0.25184	0.873334281748859
23.422	-0.66444	0.89025	-0.778142527533954
37.109	-7.0105	-0.90472	1.07961844481112
35.954	-7.1988	-1.5628	-0.928615686336237
33.103	-10.306	-3.7632	-0.443020721959988
34.196	-9.5363	-3.2052	-0.197519348945488
35.043	-1.2339	-5.4064	0.53884671517946
29.141	-10.738	-4.3405	1.645
37.112	-7.3561	-1.2594	1.645
28.368	-0.59665	-6.7559	-0.3363232020708
21.996	-12.117	-3.2949	-0.934826776369737
35.269	-8.6907	-0.96378	1.45943375454643
34.351	-9.3416	-4.3517	-0.550369818558758
37.498	-3.5547	-4.4466	0.228324549624478
34.532	-1.6199	-5.9276	-0.0877111949409891
38.398	-5.8134	-1.1318	-0.73891052771829
34.875	-7.5634	-0.67985	-0.575480958568587
30.4	-10.876	-4.4696	-0.659828408304723
36.66	-6.6386	-0.37036	1.3720518085571
36.115	-6.9508	-0.31193	-1.645
35.805	-0.27107	-3.7675	0.230322147967066
36.102	-3.0749	-5.1304	-0.901853046044281
35.159	-5.0452	-1.1061	-0.598579937615209
37.022	-7.8526	-1.9066	-0.218042653631884
38.124	-5.9004	-1.833	0.598343584705959
36.693	-3.4679	-1.3316	-1.645
37.359	-3.4721	-4.3656	0.884683687364351
31.309	1.3203	-2.1248	-1.645
32.739	0.91199	-2.6954	0.349718274247907
36.997	-2.8596	-4.6194	1.645
36.57	-1.9504	-4.6956	0.300669451321334
37.652	-4.4151	-4.0434	-1.645
33.343	-10.105	-3.3928	-0.347775119574216
38.277	-5.7043	-2.5148	-0.580741086101702
34.237	-0.72906	-5.5845	-1.07209005891141
36.577	-3.213	-5.146	-1.02275438073137
35.006	-5.2704	-0.66318	-0.931084585629266
20.626	-11.99	-3.1838	0.147310552267828
32.883	-8.6579	-4.8132	-0.577803354040204
32.924	-0.29634	0.38633	-0.030408037727905
37.105	-2.5879	-1.2599	-0.297700999715104
36.947	-7.3373	-1.2444	1.13179919538205
37.131	-4.5617	-0.87893	-1.645
37.709	-3.0288	-3.4199	1.645
36.741	-6.2321	-0.25214	1.645
30.72	1.4517	-0.34053	-0.689310437622754
22.352	3.0673	1.2586	-0.20969598141841
27.568	-0.41487	-6.818	0.684619602988921
35.642	-2.2581	-5.5624	-0.627688844015398
32.421	-9.9028	-3.8736	-0.604100734251754
35.769	-1.1302	-4.9338	1.49935190057273
25.316	0.0397	0.96357	-0.312468495197203
35.773	-3.3263	-5.1052	0.855863023238629
37.693	-6.9362	-2.1968	0.160069991005533
35.576	-2.7145	-1.1661	0.503398133733463
27.737	-11.284	-3.2202	0.976203006145704
37.164	-3.1932	-4.4762	1.645
37.262	-7.6743	-2.5575	1.10853313860803
29.769	-1.6298	0.65782	0.0841068832270639
31.329	-9.8618	-4.0712	0.258659378739688
36.19	-1.7172	-3.5639	0.527148089678172
37.418	-2.9354	-2.5082	-0.898659298749576
34.672	-9.018	-2.7887	-0.781281291446796
29.803	-10.77	-3.5859	-0.283107549757795
37.605	-6.5111	-0.87244	0.441775673922713
31.012	0.82625	-1.0063	-1.06865682840224
37.902	-5.9908	-2.0936	-0.724675810826097
33.331	-10.091	-3.2853	0.228324219496992
20.617	-0.3175	1.6639	-0.397432973306838
32.89	0.72047	-2.1587	-0.765775251272836
37.692	-3.8642	-3.9815	0.380726001742281
37.031	-6.9763	-1.0374	-0.0514830282268685
34.45	-0.82641	-5.3395	-0.828524375369221
37.587	-5.2175	-1.004	1.27807314669153
35.913	-7.6121	-0.87189	-1.06652497112161
26.933	2.2884	0.38868	-1.41399093282707
28.845	-0.3391	-6.3215	0.357095804907997
27.089	-11.553	-3.8875	1.44493572443923
37.447	-2.7711	-3.2962	-0.0931765123723077
33.291	0.40457	-1.8331	1.19890872103375
36.147	-2.2079	-4.9607	1.645
33.288	-0.28058	-5.9272	1.645
33.892	-0.68384	-5.8885	-1.05317492095878
36.834	-7.6649	-2.6837	-1.14450084656496
33.679	-0.86234	-0.17042	-0.969982134015338
36.78	-7.3321	-1.024	-0.22675296055358
17.539	-12.176	-3.6076	1.38677568176094
36.371	-1.3748	-4.149	-0.640088414816641
34.224	-1.4421	-5.2872	-0.46711909895518
34.574	-3.6874	0.49795	-0.831194468376311
34.219	-0.7002	-5.219	-0.276510035788085
30.283	-1.7556	-6.5862	-1.29838466464434
36.135	-7.0239	-0.50614	-0.51287895834737
35.596	-0.68966	-4.4515	-1.44253320509504
36.254	-2.536	-4.605	0.931159849164623
35.119	-8.7121	-3.9509	-0.00485896647985029
37.36	-1.9229	-3.4248	-0.71844270086766
27.536	2.4938	-0.31686	-0.416308781968524
36.601	-3.3263	-0.83788	-1.41740428925827
32.161	0.91575	-1.7862	-0.0597094664155804
37.69	-2.9721	-2.3396	-0.554403276051503
35.963	-2.9456	-4.6888	1.645
36.112	-7.3194	-0.71772	0.326823860924323
37.799	-3.4383	-3.9197	0.00669265581702241
24.869	-11.715	-3.337	1.38541321955051
37.46	-4.4038	-1.0835	-0.411711206765628
33.407	-9.7397	-3.9947	1.645
23.069	-0.86413	1.3787	-1.12026514173426
33.756	0.78472	-3.7174	0.445487193319503
37.244	-6.5933	-1.2809	1.53664336338497
36.961	-6.9266	-1.1732	1.645
34.29	-0.70505	-5.4116	-0.316693857953854
36.492	-7.1408	-1.0361	-0.240363257133982
27.563	-1.7829	0.9933	1.645
27.895	2.1727	-0.70999	0.663617908301106
22.895	-11.764	-3.655	-0.635262721606396
37.28	-2.8613	-4.4514	0.486500705071723
29.709	-10.969	-3.9119	-0.791372490428316
29.205	-1.0063	-6.6398	-0.499227876333036
37.969	-4.1044	-3.9668	-1.18008431244935
37.011	-5.9559	-0.4383	0.215568316305582
24.148	-11.976	-3.5319	1.645
36.001	-6.2461	-0.9769	0.0843875242714363
37.301	-2.9975	-4.1287	-0.890725852193198
37.732	-3.9914	-1.8724	-0.706691784421006
29.42	-11.225	-3.3753	1.00320123190426
37.216	-7.7869	-1.3901	0.613261905836709
36.523	-6.9224	-0.55317	0.623392242717934
33.207	-10.28	-2.8261	0.289198723200584
31.294	-7.8077	-4.7166	0.531761932409835
28.418	-11.12	-3.9506	-1.19386249123597
27.534	-0.34665	-6.4868	0.388189557449357
38.099	-4.1749	-2.0066	-0.605757858524955
20.474	-12.495	-3.206	-0.719807827688189
33.859	-9.2605	-2.5721	1.52725060211962
37.411	-6.3305	-1.4893	-1.29195754670646
30.47	-9.6622	-4.3325	0.498623410689517
36.022	-5.6927	-0.69924	0.42019127458054
37.858	-5.3791	-3.9756	-0.668968884752432
38.176	-3.9397	-2.3623	-1.01131957906082
37.493	-3.1652	-4.0554	-0.488423843229956
35.563	-0.78294	-4.4159	-1.23455294925901
21.515	-0.82075	1.3352	-0.782113904778728
36.059	-6.6724	0.099282	-1.07458407782789
36.998	-6.6701	-0.68066	-0.488648613664425
30.035	-10.734	-3.8263	-0.545293534977902
36.978	-1.6567	-1.9199	-1.17588421319464
36.716	-1.7406	-3.0904	-0.89730965827335
34.46	-9.1908	-4.2253	-1.39349802174387
31.428	1.6486	-2.2588	-0.239434589309936
35.127	-9.5065	-3.6642	0.688435300260118
36.769	-3.844	-5.1959	-0.232153194554129
33.177	-9.7487	-2.9992	-0.976394274028584
35.826	-8.9178	-2.6398	-0.949683559186003
29.373	-1.8565	0.38733	0.115720220666302
35.146	-6.8688	-1.1453	-1.32116299141245
36.133	-7.4211	-1.9201	1.645
36.783	-8.0664	-2.712	0.153601413901849
38.216	-4.6273	-2.5373	0.157153538065169
25.809	-11.625	-3.7767	-0.385316890397816
36.968	-3.0594	-1.5917	-0.450007259293709
31.972	-10.291	-4.3015	0.309133430362607
37.948	-3.335	-3.8358	-0.377072433162794
27.103	-1.7895	0.51807	-0.768611629738721
37.859	-5.8203	-2.0456	-0.517351649624897
34.689	-0.28268	-3.6521	-0.780136143917349
36.573	-8.3132	-1.1099	0.446868360807525
28.68	-0.5989	-6.5866	1.53351116912133
38.086	-4.8205	-3.8928	0.410444698446445
33.384	-0.71081	-6.05	1.645
33.377	-10.479	-2.644	0.409276217373239
35.131	-9.2436	-3.3567	1.38365510771148
34.25	-0.42419	-5.4538	-1.15610176747981
36.328	-7.1272	-0.93379	1.645
28.861	-2.2487	0.5869	-0.589751516497015
37.31	-7.5264	-2.6178	-0.0420975290033571
34.078	-0.040589	-5.3448	1.12949259694061
34.055	0.053927	-3.4849	-1.25669942943826
36.617	-3.1258	-4.9507	1.01214588157585
37.974	-3.6555	-3.1281	0.562582518725416
33.339	-3.0923	-1.8954	-1.45808460624305
37.729	-4.9993	-4.3855	-0.55607455147802
36.478	-7.7756	-0.57777	1.645
35.855	-8.5351	-4.1011	1.645
23.685	-0.6064	0.95115	-0.41317110407965
37.352	-7.3788	-1.6396	-0.816201138076638
37.734	-5.9544	-4.0513	-0.832312720323454
34.045	-9.3825	-2.7884	-0.384877068669842
35.735	-6.692	-0.29731	-1.16374361005057
33.751	-10.254	-2.9882	0.102650727945641
35.9	-7.2416	-0.67509	0.0350819446794289
36.24	-2.3286	-1.4169	-1.17136258556659
35.136	-0.6424	-1.0237	-0.591330453543257
38.366	-5.4234	-2.4492	0.47131231033308
38.313	-5.8634	-3.2643	-0.363828943014758
32.197	1.205	-4.1368	-0.644711732686019
34.807	-9.2413	-0.70097	-0.17826747316961
36.532	-2.2219	-4.9142	-0.501887940656666
36.473	-1.6404	-4.767	-0.507773686825854
36.318	-6.8931	-3.2431	1.05133765199469
37.096	-3.0514	-4.6541	1.53538417534658
35.022	-2.2931	-0.30106	-0.568522833392458
28.764	-0.51537	-6.6424	-0.0461813109764234
36.735	-2.0513	-4.5974	0.025159141587678
37.485	-6.1472	-1.8209	-0.691621451924578
24.178	-11.704	-3.6301	-1.16884497415953
28.168	-0.41404	-6.7192	0.46224454036751
35.451	-2.0421	-5.2604	-1.06561691463307
36.21	-7.1793	-0.91817	-0.978404841738397
36.918	-7.5758	-1.5006	0.534129777535444
23.754	-11.761	-3.3614	0.927208841163948
37.342	-6.7824	-1.0638	0.43223591409355
36.206	-7.2978	-1.6692	0.224065173622542
36.981	-6.59	-0.49138	-0.913223670246936
38.19	-5.2303	-3.4668	1.17404263878127
28.401	-0.6673	-6.6758	1.645
36.059	-5.4499	-1.2052	-0.350117634468253
27.025	-1.1452	0.8769	0.274319313244997
35.647	-8.0758	-4.3618	-0.449233283503875
36.956	-3.2025	-4.4751	-0.606838978672963
35.937	-7.7764	-1.2843	1.34701726082609
29.945	-1.3699	-6.7296	-1.14203695959448
36.383	-6.8969	0.11651	-0.874467891968104
37.745	-6.0125	-2.6235	1.40755933049512
37.929	-6.679	-1.6821	0.0413207390350211
35.933	-6.8829	-0.44488	-1.22948707229989
36.404	-0.77396	-3.045	-1.42097227127336
30.092	-11.065	-3.1338	0.0954324904067967
34.702	-1.6396	-3.8829	-0.790583275305156
35.669	-5.378	-5.4118	-0.91357221993402
34.7	-1.2137	-5.6412	0.258648027421281
36.234	-7.6629	-0.97961	-0.415363129658943
35.868	-8.013	-3.1225	-0.475447146920573
36.718	-6.6751	-0.98773	1.41569637361239
34.114	-0.95412	-5.5611	1.61445700883764
38.205	-3.7763	-2.7418	-1.41450830545782
25.063	2.6942	0.50611	-0.073105173982027
34.271	-9.6149	-3.6763	0.344741081918466
36.436	-7.5013	-0.96146	-0.0331823008466169
30.827	-10.451	-4.0079	0.689624615076982
34.865	-8.7229	-3.4379	-0.988118992289045
37.356	-5.2576	-1.0494	1.16664677867065
33.548	-1.5978	0.067007	-1.15126613365871
27.938	-0.14693	-6.4389	1.645
32.65	-0.74971	-6.2361	-1.38061068228076
36.828	-7.5118	-1.7764	0.678237551850849
34.095	-9.7839	-3.228	-0.435557821452448
37.055	-7.808	-1.365	0.116241161280385
37.578	-3.8494	-4.4812	0.849736729181892
35.352	-7.529	-3.7597	0.873320283805451
35.493	-9.2462	-3.3582	-0.0127141457395435
36.667	-6.7386	-0.78268	-0.841679303949629
37.754	-3.583	-4.2792	1.3504358096893
36.022	-6.828	-0.57731	0.0209725047976913
37.241	-3.7254	-1.2785	-0.805780127726302
37.046	-6.6266	-1.4054	0.512503313718889
37.117	-7.0294	-1.3152	0.218633428256882
36.697	-2.4607	-4.6981	-0.84477399929169
34.483	-1.1037	-5.7561	-1.645
38.515	-5.1784	-2.2231	1.645
28.874	-11.12	-4.0281	0.752930425497712
36.695	-8.3244	-3.4796	1.28403320161471
34.688	-1.4445	-4.5017	0.530971414793167
36.17	-7.445	-0.85062	1.645
36.083	-8.5847	-3.8822	-0.962115571416712
36.91	-3.242	-1.1441	1.34950388353924
37.07	-3.5895	-4.5398	0.300778700924846
36.528	-6.7207	-0.3798	0.688615302140076
36.381	-6.3235	-0.97449	-0.00872772842373412
38.32	-4.8525	-3.1108	-1.36429776119348
29.049	2.1374	-1.2587	-0.355368478617956
31.882	0.099737	0.85538	-0.794096410478883
36.574	-8.6753	-3.4189	1.645
34.849	-9.695	-3.414	1.15983703149873
37.172	-5.7699	-2.3884	1.58541462983067
38.35	-4.2938	-3.138	-0.666279232883167
20.185	-12.42	-3.592	-0.443591530440404
25.14	-11.017	-4.1427	0.990169578652388
25.499	-1.9116	0.89186	-0.969567950806043
27.805	2.13	0.2655	-1.07874337613145
36.537	-6.8783	-1.0337	0.333617654283392
37.128	-7.3755	-1.516	0.0408642552592034
33.378	-9.128	-3.986	-0.578448502748024
36.307	-6.6518	-5.0565	-0.378651118883139
35.308	-9.5027	-2.4343	0.917200311796732
33.974	-0.2086	-5.4289	-0.573276862544236
32.373	0.99622	-2.1654	-0.793790326647022
37.221	-6.042	-1.2144	-1.4641557283791
37.348	-6.6439	-1.5268	0.284685011035297
27.944	-0.12737	-6.92	1.36196071869592
36.261	-5.9674	-0.39885	-1.09028109800012
31.588	-10.845	-3.7152	1.645
18.681	-11.853	-3.5342	-0.159692119385521
37.81	-6.0972	-2.6215	0.182626103940254
36.105	-7.3621	-0.27467	-1.25863041928338
37.918	-7.0786	-3.0856	0.0880296554738508
37.488	-4.8809	-1.9614	0.539663795253517
37.348	-6.549	-3.1685	0.88093118571774
38.435	-6.2835	-2.839	0.451784666862353
37.75	-6.5893	-1.4592	0.207845309754052
34.409	-9.3628	-3.4874	1.645
36.205	-2.6511	-0.80731	-0.643969896284361
36.131	-6.7703	-0.6249	0.113212110453026
28.959	-10.732	-3.9835	-0.437783635869818
31.151	-10.386	-3.707	1.645
32.987	0.16537	-5.4076	0.553512537466954
26.865	-11.889	-3.6093	-0.334313128066549
36.425	-0.63911	-3.5397	0.397567669125055
37.872	-5.7018	-1.026	1.46934044649008
33.688	-2.6749	1.0381	-0.577592404877935
29.683	2.3099	-1.5653	-0.0452344358807533
35.221	-1.4667	-5.6054	-0.132040795345513
27.955	2.3396	-0.87238	-0.559882340532562
36.902	-7.0363	-0.65284	-0.00553910396888256
28.812	1.5111	-0.18542	-1.17017148631292
38.285	-6.068	-1.6478	0.255715880188808
36.309	-1.0166	-2.6914	-1.46847376623647
33.204	0.41913	-3.6203	0.998719719462172
35.045	-8.4451	-3.0206	-1.07771502239493
37.638	-2.9456	-1.7393	-1.615968205594
37.603	-3.5366	-2.3554	0.0960599417761473
19.483	-12.108	-3.7965	1.645
30.382	1.5907	-0.49021	-1.19238368415993
36.277	-7.249	-0.71106	-0.659983965503885
38.082	-5.3314	-2.1137	-0.279236122656858
36.539	-6.8839	-1.4043	-0.418333138185311
37.056	-2.086	-4.1943	0.0798611962945145
36.008	-4.144	0.37998	-1.36204229968504
37.832	-5.746	-1.2789	0.633757650591178
35.599	-6.7579	-0.15719	-1.43728465690914
36.989	-2.1522	-4.4694	0.201173808636277
28.05	2.1178	-0.84351	-0.588671364006936
35.959	-8.016	-1.3819	0.458876563421152
31.076	-10.596	-3.1788	-0.588010293197586
36.349	-7.4662	-1.0629	-1.44027978667127
27.558	-11.495	-3.2371	0.0183126181698844
32.922	-10.36	-3.0592	1.645
36.415	-3.3798	-0.64911	-1.0888340740672
36.42	-7.2465	-0.79641	-0.444406075505649
38.043	-6.8756	-1.8666	-1.16082398533493
37.434	-3.8318	-1.858	-1.3652084974639
22.237	-11.81	-3.5527	-0.827183388221217
34.134	-10.156	-2.7773	0.953239356043431
38.176	-5.8106	-2.8118	1.645
37.853	-6.0901	-2.2477	1.645
35.239	-7.2057	-0.80222	-0.600374185456693
36.432	-7.4201	-0.80639	0.432926781415518
36.947	-6.3535	-1.4057	1.17398896752418
31.809	-9.8667	-4.0254	1.29024122219495
35.595	-7.1083	-1.4836	-1.52919508078038
38.041	-6.1191	-1.0396	-0.493782676212363
36.478	-7.1979	-2.0881	0.488273622234719
31.26	-1.5383	-6.2118	-1.3320520588275
22.195	-0.52443	1.9394	-0.351014308527869
28.577	-1.9917	0.59004	0.419586111235697
37.27	-6.4269	-1.0324	-1.26791605076073
24.371	-1.4143	1.2245	-0.470265797774169
36.513	-7.4862	-2.793	-0.296886443271111
38.576	-4.8825	-2.3728	-0.298100052803703
32.123	0.60269	-0.86491	-1.27619035948045
29.457	-8.1844	-4.6495	1.25176185833321
37.167	-6.6659	-1.13	0.738969341527019
36.626	-3.6918	-0.73483	-0.85057405135225
26.788	-1.3344	0.7076	-0.433871752190477
35.527	-1.6899	-5.4983	0.186003496402656
34.944	-1.8333	-5.6746	-1.52236997002953
34.237	-8.2289	-3.8283	0.924447636216657
35.394	-6.7244	-4.8998	-0.920709587359859
28.835	-0.9672	-6.622	-1.37821228651225
36.16	-3.0067	-5.1595	-0.210586601138305
36.125	-7.0592	-0.43751	1.07368887020332
36.896	-1.6696	-2.1151	-0.370241432144827
36.459	-2.2777	-4.9212	-1.19005656993984
35.542	-6.5946	-1.1652	0.650444915513897
36.956	-7.4289	-1.0991	-0.642677942848002
24.924	3.2424	0.63254	-1.09748811822599
37.522	-6.8014	-1.605	-0.744184812994807
30.162	1.0924	-0.59141	-1.22021731287342
28.452	-0.64826	-6.6807	1.10595120864312
36.426	-6.7145	-0.56541	-0.552708984032403
36.018	-6.3323	-1.1371	-0.425143862592813
34.961	-9.0902	-2.5955	0.79776145567511
34.841	-1.1825	-5.6789	-0.0517186624148288
36.107	-8.3833	-3.8955	-1.645
37.55	-2.3992	-4.0514	-0.652097084655183
32.13	-10.432	-3.3767	-0.505205832179755
33.454	-0.75361	-5.856	1.64031762939309
36.946	-7.1431	-0.98937	-0.202777044857046
35.349	-1.7696	-4.8635	-0.497824620156041
37.294	-5.8666	-0.45628	1.645
36.064	-7.1385	-1.2273	0.295475390346021
36.382	-2.1964	-0.9519	0.364377283948311
33.301	-0.8584	-6.2191	-1.59642017813805
27.421	-11.915	-3.1716	-1.4138583979046
35.773	-7.8802	-0.81617	-0.293450821083762
27.258	0.22043	-6.3336	-0.13358697742321
35.22	-1.6653	-1.0212	-0.593283260381253
36.419	-6.6899	-0.5559	0.848251635164025
35.835	-5.3318	-5.5868	-0.457808145628071
37.283	-5.6156	0.019012	0.845413187630315
37.272	-6.8375	-1.1314	-0.561430129132755
32.785	0.6827	-1.7577	-1.21011197538114
33.04	0.80558	-4.2231	-1.11274226148917
35.082	-1.3413	-5.5522	-1.41755983437953
37.001	-2.4226	-2.9225	-0.954715943965626
33.145	0.72644	-3.0346	-0.731941830618706
36.16	-6.4134	-0.87063	-0.514238223017318
27.767	2.2237	-0.43318	0.0301505526970076
36.442	-8.308	-1.1302	-0.467569216165244
29.712	-0.9678	-6.7499	-0.761360614621363
36.613	-3.0796	-0.94265	1.61892906651116
32.105	-1.7627	-0.10838	-0.427939169815355
33.57	-8.7984	-2.8098	0.798841709802498
36.177	-1.3727	-4.7834	1.645
36.07	-7.6448	-1.1824	1.12517281702883
22.905	-1.2773	1.3333	-0.529879689642187
37.597	-4.7139	-4.268	-1.06726999018584
33.832	-8.7472	-3.3011	0.612625208519543
29.408	-0.87213	-6.5897	0.0200384339708074
37.674	-6.0117	-3.9316	-1.03630490773461
36.261	-6.8152	-1.5389	-0.420811572363522
36.229	-7.0194	-0.57746	-0.507349217192296
34.547	-9.2514	-3.6529	1.64375497187812
37.344	-5.4244	-3.918	-0.18599960196104
34.415	-6.8325	0.075148	0.474814750481969
36.619	-3.3442	-5.008	0.470762203731088
31.618	-10.13	-4.2517	0.979870670319318
30.178	1.4558	-0.55411	-1.10202417717012
21.132	-1.0722	1.3773	-1.645
36.682	-6.2436	-0.22291	0.692036794957251
29.473	-2.0004	1.2233	0.00667550754517083
34.392	-0.67005	-5.3893	-1.24603110182555
36.732	-2.5374	-4.5019	-1.645
26.628	-11.465	-3.5706	1.645
29.127	1.8274	-0.60295	-1.645
36.289	-2.5821	-5.4333	-1.20447337726279
37.914	-4.9455	-1.6546	-1.33978175079457
36.976	-6.7599	-1.9741	-0.680576998500449
37.897	-4.8967	-1.5729	1.645
30.435	-2.0178	-5.0573	-1.33063083673957
28.246	-11.364	-3.9274	-0.061579424961167
35.171	-6.1369	-1.2886	-1.645
30.542	1.6715	-0.25718	-1.28440506277569
36.922	-6.114	-0.78434	-0.85018138595057
37.587	-7.0356	-2.9008	-0.500417470858789
29.989	-1.4419	-6.6104	-0.660622083977996
28.402	1.6858	-0.84161	-1.30546672777074
36.805	-6.8704	-0.46855	-0.298664109311387
35.052	-2.3438	-0.25459	-0.31421777125817
28.632	2.1882	-0.58482	1.50240801588559
27.83	-11.511	-3.6894	-0.292860240520932
34.119	-1.5572	-3.3554	-1.12193190081969
37.883	-3.842	-3.38	-0.622679658948253
36.678	-7.6703	-1.4146	0.564011322241615
33.85	-8.5339	-4.1833	1.04264375417424
36.177	-2.5183	-1.6875	-1.00382704099119
36.427	-6.7942	-0.72939	-1.34326367178008
35.456	-3.3218	0.088323	-0.289014089805619
37.795	-6.7263	-1.3088	1.02611782972191
36.879	-7.3031	-1.1171	0.481538869448664
38.175	-6.4615	-2.3743	-0.201432255531414
35.484	-8.9282	-1.9391	1.645
27.991	-1.7102	0.46544	0.0304241909644305
27.399	1.8644	0.060854	-1.02374066539827
36.841	-6.0594	-5.141	-0.359542001075179
29.713	-1.3836	0.57155	0.910314532089727
37.675	-7.2641	-2.5191	0.832770438271175
36.629	-7.321	-0.79914	0.319475138345656
37.664	-2.5775	-2.7475	-1.18143819319526
36.432	-2.9785	-1.8557	0.831156971083719
35.898	-7.0416	-0.93679	0.496969753107928
36.517	-7.0275	-0.29672	-1.645
36.032	-2.4254	-5.2954	-0.198115972532219
35.92	-6.9901	-0.49628	-0.144454754118876
38.241	-4.5629	-4.0563	-0.812168065130049
34.278	-8.7974	-3.7387	-0.925946292996838
36.969	-6.9389	-2.1567	1.3386100719342
28.133	-11.456	-3.6026	-0.130368737488026
28.13	-0.42296	-6.6429	-0.684991775415967
36.385	-6.6891	-0.91737	-1.14342618511526
38.171	-4.4907	-2.327	0.170355079508942
37.776	-3.2527	-3.708	-0.879636662569319
37.012	-7.3768	-2.6185	0.838787123035583
31.457	-0.30158	-6.5963	-1.16520290541365
37.332	-7.2515	-3.8961	-0.845935393780995
34.45	-9.2067	-3.1109	1.46599397947903
37.547	-3.1049	-3.4645	0.0386077620601054
27.947	-11.622	-3.3485	0.174370058627527
28.46	2.2846	-2.1237	0.759911358781534
36.093	-8.6628	-3.2445	-0.506800511158768
26.936	-1.6129	1.3973	0.705676216985794
37.961	-6.4367	-2.1714	-0.0873748063232312
35.304	-6.792	-4.5462	-0.0530143949196594
24.884	-12.03	-3.7199	0.442888556028836
36.293	-1.505	-4.5643	1.44822807663901
31.865	0.77388	-1.3397	-0.0413241602803337
37.21	-4.2579	-4.7383	1.645
35.879	-1.4706	-5.0897	-1.61881377697764
35.372	-7.55	0.094466	1.645
37.957	-5.771	-1.0749	-1.645
21.085	3.772	0.79139	-1.0329751570387
34.349	-1.3018	-5.8695	-0.776568879854897
36.67	-6.252	-0.26205	0.534757078530342
30.923	-10.273	-3.951	-0.1464127345094
36.03	-6.7396	-2.2656	-0.228046541858118
27.841	-0.46924	-6.7153	0.25688414943542
35.127	-8.9068	-3.2601	-0.105461945726144
30.384	-1.1125	-6.3906	-1.09108741834488
36.926	-6.1455	-1.226	-0.349919874406586
37.149	-6.3657	-1.3475	0.746901265965774
35.228	-2.001	-3.9949	0.0695526791753885
34.933	-9.2861	-1.8374	-0.0896311890456951
29.076	-11.036	-4.0158	-1.645
36.624	-2.5872	-4.7152	-0.626829643801754
36.204	-0.51726	-2.602	-0.425204532499061
37.13	-6.6506	-0.87502	-0.276070727812417
33.832	-9.4165	-3.2844	0.280008073879486
36.663	-3.1631	-0.3802	-1.36202781466707
33.715	-9.6432	-2.123	-0.437518628970528
35.186	-7.3743	-0.73991	0.643440996276575
36.942	-6.4637	-0.66239	0.214520980523813
37.501	-3.63	-3.2459	0.822254118070405
37.393	-3.4946	-4.3244	1.645
36.806	-7.1946	-1.9069	1.34816459717074
34.516	-1.442	0.39769	-0.623938761691542
31.554	1.5166	-0.70294	-0.22373245296467
28.144	-11.285	-3.6351	0.887158916566474
36.056	-7.7506	-4.4819	1.645
36.558	-3.477	-0.7264	-0.206440968743668
31.672	-6.1599	-5.747	0.204024199442459
36.16	-6.2388	-4.6065	1.42545378024325
32.521	-10.366	-3.3013	1.01513671091597
26.384	-11.718	-3.1602	1.06214300411955
35.983	-6.7157	-0.25748	0.653714601772452
36.103	-2.9353	-0.50444	-0.456249652167296
36.763	-2.5223	-2.4664	-1.19609829041157
31.845	1.0033	-1.1008	-1.59028851553044
34.669	-0.46744	-3.1166	-0.738058529560429
35.946	-6.5489	-1.2203	-0.775715199880376
37.496	-2.7345	-3.0657	0.303709478131926
33.493	-0.10664	-5.5756	-0.703794871626239
35.563	-2.7773	-0.24283	0.809736323989734
37.766	-3.2181	-1.9562	-0.123398625910336
37.755	-3.5724	-3.9847	-0.506024100250632
35.818	-1.2328	-4.9674	-0.677315695978944
35.54	-1.4891	-4.931	-1.32529018762706
33.897	-9.3231	-3.4479	0.429375604564001
37.819	-3.8939	-4.081	1.40385059965963
36.345	-3.4584	-0.40195	0.119903303333041
37.18	-7.2877	-2.0295	-1.42194186925574
36.291	-3.2826	-5.4975	-0.92575022766421
36.89	-7.2192	-1.1222	-0.361526592444732
37.657	-5.2865	-0.77623	0.484915044726785
37.68	-3.1829	-3.9933	-0.727292470681998
37.38	-3.0814	-1.6637	-0.51197106645879
36.834	-6.7319	-1.2722	-1.54512416552134
37.034	-2.7736	-2.7544	-0.227597114430118
35.735	-6.5504	-5.0381	0.106198677931202
28.759	-11.084	-4.2342	1.22948506094684
32.053	1.3059	-1.5197	-1.1391634573303
37.311	-7.1319	-2.484	1.00161744447805
20.494	-12.103	-3.3423	0.508855689997203
35.802	-9.2502	-3.1529	1.40541609233429
27.649	-11.462	-3.5438	1.04638866328026
35.258	-5.3219	-5.4431	-0.7444105671673
34.361	-1.276	-5.9627	0.256388504613916
36.647	-7.5774	-0.80506	-1.57127856698222
24.495	-0.80438	1.506	-0.359219948867566
28.783	-1.1034	-6.5278	0.455791005010682
28.667	1.635	-0.37636	-1.645
31.239	-10.563	-3.4322	0.509672406584174
24.476	-1.1701	0.93116	-0.911586175447538
37.254	-3.0555	-4.385	0.896190078111399
33.424	-10.084	-3.4669	-1.19411920024734
37.642	-6.2693	-1.2363	0.796728750080031
36.039	-7.5015	-0.37316	1.16546171716256
36.952	-8.0395	-3.7747	-0.348564685741948
36.429	-1.94	-1.5444	-0.844123411633128
35.936	-1.5523	-5.1143	-1.38095180699694
37.721	-2.718	-3.5393	0.722642196086308
36.044	-8.7182	-2.4083	-0.00085297028546729
35.188	-7.5203	-0.50527	-0.0351323462312423
37.467	-3.1874	-2.2578	-0.442242900266217
36.986	-3.4192	-4.8641	1.645
35.477	-1.5291	-5.0441	1.3854941977353
36.839	-2.8458	-4.6107	0.381392354473424
33.073	-10.383	-3.0347	1.12789649051261
36.394	-6.1789	-1.2919	-0.812897339867542
29.538	-10.738	-4.0519	-1.49930601964473
29.6	-10.915	-3.8914	-0.524343645573412
37.21	-7.0648	-0.9211	-0.527940266715815
37.14	-3.9296	-2.3872	-0.33957741814212
38.11	-4.4154	-1.7878	-0.553406589846635
35.74	-1.5646	-5.2828	0.316383418630999
36.596	-8.2474	-2.108	-0.311098340825179
36.163	-7.092	-0.771	-0.358892564265589
35.668	-7.5501	-1.0858	-0.622022372208305
30.447	1.4981	0.012136	0.630391334172965
30.852	1.7849	-1.8279	0.324724399500354
36.693	-6.5135	-1.0092	1.42215126764967
38.26	-5.4613	-2.6107	1.645
36.79	-1.1179	-1.9369	-0.165001816630732
33.235	-10.72	-2.9872	-1.32458592157172
37.264	-6.0234	-0.95589	0.0865697362739405
36.261	-2.6379	-4.6789	-0.793417668813729
36.696	-3.7296	-4.7045	0.507271082133486
37.295	-4.7406	-4.9434	1.14378220891148
29.138	-11.188	-3.8476	-0.34292099109966
30.378	-9.9318	-4.0164	-0.130734601928441
36.12	-6.1442	-0.35725	-0.155425017011512
38.23	-4.9132	-3.4835	0.140788768208678
35.436	-6.7361	-0.95815	0.329130440709682
36.937	-6.6664	-1.0888	-0.917774180548939
34.344	-1.2254	-5.6987	1.41910189271891
37.487	-6.2291	-1.7669	-0.723019391652615
30.639	-1.4277	-6.4224	-0.807076073186908
35.304	-0.72865	-1.7241	-1.01127350518052
37.702	-3.2554	-2.2478	-0.221533177516897
38.155	-4.6891	-2.4946	0.124611419584875
33.627	-10.262	-3.7998	1.21858929802461
38.042	-4.4673	-2.5642	-0.521403318739983
36.885	-8.2585	-1.4113	1.645
31.935	-9.6442	-3.1092	1.645
33.895	-8.0079	0.42918	0.6152314613953
31.65	0.84958	-1.5053	-1.3815074081017
26.612	-11.577	-3.6266	1.645
37.393	-5.8686	-0.98026	-0.763791426180611
35.863	-2.4069	-2.5622	-0.749484831306859
35.975	-7.482	-0.79263	-0.0616153009845342
35.801	-6.039	-0.10692	-0.856051402553645
37.664	-3.9756	-1.3644	-0.0620932788139341
36.433	-4.7672	-1.4114	-0.648990225956193
37.573	-6.2663	-0.94834	-1.16128964221974
36.955	-6.6936	-0.62468	1.20703262462304
35.407	-6.9301	-1.0617	-0.148562780246647
37.267	-2.9412	-1.1413	0.858937965038955
36.807	-6.8513	-1.4331	-0.866654075027402
36.304	-5.6636	-0.46282	-0.145560517341855
33.448	-0.77411	0.15523	-0.992154881035244
28.06	-11.31	-4.1272	0.244134549919511
36.367	-7.0131	-1.7098	-0.457472148717244
36.334	-6.388	-0.29077	0.613695555676464
37.173	-2.6245	-3.9132	-0.397115208379792
34.751	-2.076	-4.7894	-1.07641687689797
36.564	-7.3469	-0.8169	-0.961813820704289
37.104	-7.4099	-0.84084	1.36018173771118
37.405	-2.8884	-4.2719	-1.48676312501218
33.48	-0.64767	-5.7709	0.161234245349969
29.628	1.4832	-0.091737	-1.46464061988365
38.032	-3.8433	-2.5224	1.15647535931136
36.466	-7.3544	-0.70317	-0.296012153498252
37.393	-6.592	-1.4972	1.645
36.757	-4.3829	-1.9128	1.30119902118587
34.878	-7.421	-4.5206	0.255967478566574
35.791	-7.0583	-0.31701	0.062902071188857
33.778	-8.1256	-0.58235	1.57418763446884
33.728	-7.5046	-4.2941	-0.100483954142672
37.872	-6.6212	-3.506	0.975001101859426
37.307	-3.9139	-4.5918	0.96961693291006
36.099	-7.3386	-0.73775	0.457821226909127
37.215	-2.1692	-3.2804	-0.852970023495771
37.432	-2.5769	-3.2596	-0.905697429283626
31.698	-1.481	-6.3148	-1.07450785947527
28.058	-0.40419	-6.5521	-1.645
35.769	-1.0613	-4.7791	0.116062782849281
24.368	3.7988	0.25655	-0.93933099831289
34.347	-0.98887	-5.2431	-0.857181079432161
35.97	-1.7404	-1.3486	0.696479051157644
36.139	-7.2369	-0.64364	-1.2224714127679
36.237	-7.9567	-0.56517	1.14414888499362
35.796	-7.3764	-0.93857	1.645
37.554	-2.4907	-3.7862	0.630816903393136
24.961	-12.173	-3.2356	-0.310837805420077
37.75	-4.869	-1.3026	-1.26248583353287
38.242	-5.918	-2.1091	1.645
34.81	-1.815	-0.71735	0.0656057981375788
31.307	-10.824	-3.7747	1.645
30.715	1.0071	-0.9415	-0.369797046904739
35.137	-7.474	-0.47603	-0.271151121016775
35.664	-1.6218	-5.105	-1.2852245430789
36.911	-4.0324	-0.88935	-1.62634033015444
37.586	-5.8647	-1.1041	0.921570425191081
34.187	-1.4715	-5.6999	-1.29236046796593
27.877	-10.224	-4.2064	-0.86458292094668
38.008	-3.2008	-3.5752	-0.526361808032624
36.927	-6.6277	-0.54409	0.587308695998525
37.946	-3.3618	-3.7233	0.633896705899158
36.301	-1.469	-4.8456	1.01462666487982
34.958	-1.4558	-5.6443	-0.802644353471301
36.745	-7.1831	-2.3689	0.403141905703735
37.644	-6.4692	-2.6675	-0.940198252214442
29.467	-10.775	-3.9691	-0.204415346603991
37.879	-3.3745	-3.9897	0.00605084567769512
35.35	-9.2134	-2.9742	0.330553333963711
33.298	0.35184	-3.695	-0.721360260163478
32.664	-10.854	-2.59	-0.912053771041114
36.1	-5.7452	-0.9397	-0.744529754850816
35.726	-3.108	-0.29894	0.261178076804884
36.152	-7.3342	-0.95071	0.928180636223504
31.827	0.24387	-1.1057	-0.910123640312593
35.361	-7.6139	-0.68234	0.406935602490869
35.815	-7.8946	-0.37288	-0.297784972678145
35.727	-1.6297	-5.1851	-1.41191920472464
32.516	-10.186	-4.2238	-0.461805756156422
36.848	-6.5595	-2.1398	-0.778045667925877
37.412	-6.2447	-2.696	-0.535616718423938
37.744	-4.8284	-2.8158	0.659702605737088
36.034	-7.4432	-0.97491	-0.566064630653012
35.209	-0.0088546	-1.6024	-1.27485506398956
33.607	-1.7542	0.66326	-0.666888128814152
33.758	0.38343	-3.2386	0.735449208039728
35.556	-2.9167	-0.96308	-0.787041868899679
34.571	-8.8569	-2.5749	1.13977010592199
36.838	-3.1052	-0.58324	0.515911231828143
27.184	-1.4529	0.40133	-0.982935593968158
36.296	-3.9297	-1.4904	-0.875425096457739
37.41	-6.4188	-0.83121	0.518229832690603
28.656	-0.89458	-6.9293	-0.0573025017832262
20.821	-12.156	-3.2601	-0.701993314020534
34.803	-1.1978	-5.5854	-1.645
36.636	-1.8449	-4.6217	-0.913731869744414
35.452	-7.5059	-1.1164	0.496759067525038
35.83	-8.0329	-0.94709	-0.352184593801938
32.441	-8.4786	-4.6004	0.843757571319562
35.681	-8.7417	-2.8366	0.2313613018591
26.577	2.4753	-0.54886	-1.645
24.502	-11.889	-4.0808	-0.612951546007498
35	-8.9277	-3.0689	0.950786333511698
29.606	1.5715	-0.54431	-1.31136005195049
37.998	-6.5588	-1.1578	-0.573146473905238
37.709	-3.5095	-2.5169	-0.115439140985812
37.407	-3.279	-1.2402	-0.416686944109046
33.209	-1.3065	0.58739	-0.766524850142692
26.728	-2.4993	0.37058	-0.514090014145479
32.044	-10.644	-3.7583	0.60810736806582
36.06	-7.5642	-0.4854	-0.252751458429465
33.106	-8.9881	-4.6548	0.212511658634261
37.885	-6.1483	-4.0581	0.594670466166369
30.989	1.3364	-1.2695	1.645
24.255	-1.0753	1.209	-0.34984742330855
35.643	-1.0173	-4.7475	-1.00422236407287
37.316	-6.1483	-0.43037	0.949542115318922
36.796	-7.0838	-1.2456	-0.380392382855736
37.199	-1.6237	-2.4917	1.645
35.502	-5.9782	-1.6541	0.803180821311134
34.65	-7.5723	-2.293	-0.964720011615881
28.143	-0.79826	-6.7107	-0.641130584730626
29.6	1.593	-1.8446	0.518747784614795
35.141	-7.3093	-1.8385	-0.453578128267095
26.305	2.5123	-0.34699	-0.538800244243005
37.175	-3.326	-4.0231	-0.295691452449161
30.135	-9.1454	-4.2499	0.222775015056309
28.257	-0.68969	-6.8239	0.793292599820704
35.592	-6.7005	-0.93449	0.102654443408049
37.26	-1.8777	-3.7953	1.47031646382238
30.682	1.0168	-1.2092	-0.779283656639361
31.505	-10.677	-3.5357	-0.878470670975508
33.366	-9.9976	-3.4617	0.682485884301462
30.906	-10.083	-3.4443	1.645
34.343	-1.6947	-5.9695	1.645
37.485	-7.2194	-1.5734	1.03519327050514
24.997	-0.66669	1.1359	-0.418814453316682
33.033	0.14127	-0.89016	-0.17163168925576
26.795	-1.38	0.76789	-1.46964333036908
28.21	-11.078	-3.6007	-0.533478741879966
35.629	-9.285	-3.1762	0.335672432155361
36.772	-2.0808	-3.8427	-0.0612287697222069
37.013	-1.3675	-2.5758	-0.519281062994732
35.692	-8.8069	-1.7571	-0.340359435780634
29.455	1.4441	-0.33154	-1.645
35.748	-1.2876	-4.9432	-0.559594854716671
36.915	-7.9132	-1.4713	0.960160296800572
37.024	-6.2246	-3.3113	0.440347635009012
33.383	-10.034	-3.4276	0.833275135976978
37.03	-6.9054	-0.89318	-1.15010196837538
37.018	-2.1404	-3.4635	-0.86388871427673
36.201	-2.0957	-4.461	-0.228629736470802
32.516	-0.5129	-6.2823	1.645
31.782	-10.612	-2.5976	0.165481179098047
37.259	-3.0075	-4.4835	-0.618652347954432
36.38	-3.1166	-4.3906	0.433874808414204
36.414	-6.6305	-0.54073	-0.58910273404315
20.57	-11.951	-3.571	1.18163689422775
25.402	-11.378	-4.1255	0.731832940583516
37.129	-4.2692	-2.0975	-1.15648809776098
35.615	-2.2489	-4.7724	-0.743878696031503
37.192	-7.2199	-0.97104	-1.56457291572785
28.051	-11.463	-3.9954	-0.564691587711944
28.796	2.6423	-1.0447	0.902278035770988
29.318	-10.906	-4.083	1.18681846777557
35.984	-1.9774	-4.2136	1.60248729417102
38.028	-3.372	-3.8422	0.28738640754533
37.023	-7.7618	-3.0738	-1.15430316740689
37.684	-3.9188	-3.9944	-1.06737620108345
36.626	-6.7312	-0.7282	1.645
35.201	-6.4466	-4.6978	1.24375672670036
36.844	-2.8627	-4.1771	0.640577007824048
33.226	-8.1007	-3.0252	-0.891917811365923
28.725	1.7036	-0.72164	-0.593019513988136
35.328	-8.9384	-1.7754	1.12665047444591
35.948	-1.8128	-5.129	1.54562220771879
36.414	-2.6558	-5.1461	0.647479237363397
29.878	1.9333	-3.6835	0.152171898754947
36.904	-6.9214	-1.6942	-0.2289945935514
36.99	-7.0988	-1.0916	0.676239550143406
35.311	-1.2939	-5.3454	0.0206496686655141
37.077	-7.9142	-1.4075	0.143520391829494
35.129	-7.3311	-0.43908	-0.408547127482737
36.36	-2.2355	-0.98092	-0.66653621848265
34.806	-6.9562	-0.62806	-0.185168746802336
35.249	-6.5454	-5.549	-0.754944890367311
36.454	-6.533	0.32032	-0.378128600235313
36.415	-1.8489	-3.4901	0.688681275602887
37.731	-4.9146	-1.0312	-0.665896888519206
35.013	-1.0942	-0.74452	-0.937276264987055
29.891	1.399	-0.59674	0.150454381256097
27.506	2.6504	-0.70193	-0.825508284796946
33.365	0.518	-1.5642	-1.24529387807895
34.705	-0.88028	-5.109	0.251353473369855
36.671	-6.1766	-4.2952	1.645
35.577	-1.6453	-5.4049	1.645
35.444	-3.6749	-0.45329	-1.1654732846603
32.649	-1.5728	0.16861	-0.149243347271639
35.617	-3.9137	0.42156	-0.443860407347191
35.812	-5.4805	-0.52955	-1.44619316419676
37.246	-2.3567	-4.2847	-1.645
37.377	-6.8635	-1.8859	-0.911894878077837
34.872	-9.2335	-3.1798	1.645
34.236	-10.016	-2.8261	0.518376645594518
24.271	-12.112	-3.4109	0.0196860093701947
36.732	-7.2218	-0.73825	-0.492570143016522
29.377	1.7668	-0.97623	-1.35484264085683
35.868	-5.9551	-0.76246	0.384547360501321
36.627	-6.1571	-0.69163	-0.849774804223862
37.101	-2.5892	-4.5559	-1.57608087024157
34.623	-7.9058	-0.21977	0.600835687061355
35.233	-8.8871	-3.1131	0.182269892902981
19.894	-12.408	-3.0023	0.430155255880832
31.148	1.1191	-1.7657	-1.02468338643081
33.552	-9.7298	-1.7604	-0.91869499964781
37.71	-3.7762	-3.6003	-0.541318779056611
37.973	-4.0567	-3.8317	0.185325026602343
33.721	-9.813	-3.1666	0.0507621537668347
38.265	-6.0586	-2.7998	1.37420403889632
37.269	-6.4643	-1.3187	-1.645
37.061	-7.7577	-3.156	0.729960720043993
35.679	-7.0002	-1.2115	-1.19271552290409
34.05	-7.3166	-5.0561	-0.174190986897448
37.737	-6.611	-1.2513	0.904345661701708
34.026	-9.7903	-3.2879	0.928220491630115
24.668	-11.654	-3.2159	-1.2967409189015
35.262	-6.5396	-0.11959	-1.61060649321527
30.43	-10.246	-3.9492	0.727844732641957
36.451	-2.0925	-4.9467	1.32667252611134
34.733	-2.7372	-1.1845	-1.07013258470732
36.872	-6.6326	-0.5159	0.841850319805298
34.899	-8.9036	-2.1978	0.598134749734025
37.923	-3.705	-3.5402	0.488484708014706
37.076	-2.1343	-2.4981	-0.559515020266254
36.345	-2.7504	-1.3676	-0.172992588799689
36.22	-7.0306	-1.8249	-1.03670225688699
37.162	-5.5491	-4.7764	-0.6712491796868
36.488	-7.3251	-2.3262	-0.941957421454235
35.609	-7.1077	-0.68315	0.103813590748513
36.054	-7.6498	-0.76852	-1.07493218417888
36.51	-8.369	-3.6788	1.645
33.708	-1.6614	0.33322	0.552366595612644
36.993	-4.0546	-1.8566	0.32068169250937
27.695	2.5926	-0.75992	0.0593178766336837
30.821	-10.653	-3.8519	-0.263328357758588
34.486	-9.5717	-3.7802	0.404260768091076
38.149	-5.5533	-1.2842	-0.60510568775913
35.608	-8.7425	-3.6319	1.645
36.721	-7.1728	-1.6014	1.40337172192587
34.889	-7.5416	-4.5362	1.2337727333476
36.295	-7.3641	-1.1927	1.645
33.259	-0.86748	-5.1327	-0.284750433800655
36.626	-5.7911	-1.2278	1.645
35.391	-7.7354	-2.7639	-1.48504362565934
37.961	-4.5137	-3.6152	1.645
37.578	-6.9156	-1.9975	-0.313292281153625
36.98	-3.2319	-1.217	-1.53687156902032
28.704	-1.2358	0.73461	-1.01253922608178
36.817	-3.992	-1.0023	-1.07095823176943
33.156	0.051677	-0.95287	-1.16139621957367
36.361	-7.4636	-0.51885	-1.49151936589572
37.224	-5.958	-1.089	0.61682627985252
36.049	-2.8343	-0.31658	0.124784914351574
37.33	-2.1802	-2.9054	-0.304567225190301
36.358	-3.1915	-4.9347	0.165880198070444
26.252	2.4373	0.2568	-0.923704221731863
28.31	-11.059	-4.4058	0.855269072501583
36.759	-7.1446	-0.57465	1.645
19.144	-11.629	-3.5846	1.28328734806346
36.546	-7.4554	-1.1895	1.645
37.032	-6.1426	-0.88556	-0.628999073690682
37.804	-3.758	-2.5106	0.464457202415212
17.095	-12.321	-2.8753	-0.0486179726350022
36.092	-7.0394	-3.7643	-0.650966893019744
28.167	2.2203	-0.26485	-1.07668059691298
36.68	-3.1089	-0.80076	-0.157137132363366
36.084	-6.9266	-1.1155	0.0711587327331775
35.732	-7.4659	-0.892	0.00823985293763337
37.195	-6.8729	-0.94274	-0.54604017762123
36.378	-8.7082	-2.2334	-1.20948730873511
33.279	-10.124	-3.4263	0.519362391377921
37.574	-2.8168	-1.8882	-1.3119359325363
27.815	-0.57083	-6.707	0.209019636096752
36.358	-1.9963	-3.3979	-0.442472526940067
36.092	-3.3609	-0.37577	0.631603272191961
36.616	-6.8313	-0.47681	0.249664031388429
35.571	-0.535	-3.7779	-1.645
36.835	-3.5596	-0.94827	-0.710964333696678
31.72	-0.96702	0.3544	-1.42936962320471
37.421	-4.2265	-4.3602	0.600519313357999
27.447	-11.476	-3.9333	0.435216093122202
35.873	-6.1718	0.076158	-1.10489204321336
35.877	-8.4213	-3.4308	1.12768635450529
28.696	-0.68077	-6.8741	-0.244444668556166
37.422	-3.4628	-2.3274	-1.00229602091478
37.368	-6.4768	-2.9922	-0.990342836589073
20.084	-12.312	-3.48	0.5149831358586
35.34	-2.5809	-4.242	-0.372759281089323
36.939	-3.7073	-4.6069	-0.461164080132097
35.771	-6.6465	-1.0204	1.645
36.545	-7.0306	-0.54223	-0.621351145994455
36.292	-7.3381	-2.103	-0.71836599870594
36.973	-4.4217	-0.99545	1.645
35.622	-2.128	-5.639	1.53108152096673
37.704	-6.9036	-3.5007	1.645
37.221	-6.2661	-0.70586	-0.330354728448233
36.438	-5.6209	-1.0791	-1.08551893223147
34.467	-0.7789	-5.5486	-0.480975292237353
36.329	-1.779	-4.8389	0.13937673546269
35.481	-2.2084	-0.77026	1.645
37.401	-2.788	-4.0256	-0.709923604253816
36.618	-7.6655	-0.98104	0.773164921754198
36.474	-2.0151	-4.8982	1.645
36.84	-7.9578	-3.3052	-0.346756570444234
35.769	-6.9619	-0.47515	0.354393501960172
31.983	-8.192	0.43924	1.645
38.018	-6.5426	-1.8973	-0.408068188472343
36.765	-2.6537	-0.90358	-1.07362463179295
28.476	2.3052	-0.21928	-0.576560287752723
36.741	-6.3389	-1.159	-1.08120403934559
35.672	-1.7917	-5.3377	0.105943572292572
25.703	0.22142	-6.7138	-0.842600124979434
37.185	-5.435	-1.2468	1.645
35.947	-7.6318	-0.92707	-0.293562447166044
37.505	-6.6685	-2.6847	0.524969936555825
24.068	-11.949	-3.7635	0.73181076761793
29.947	-10.855	-3.69	1.645
36.613	-7.0288	-0.34779	-0.610755977156086
24.91	-11.954	-3.5912	-1.52870244708424
32.059	1.3109	-2.4168	-0.887297921407532
37.231	-3.9099	-4.7721	1.645
37.265	-6.8089	-1.3866	-0.186258325011255
37.425	-4.7946	-3.5831	0.0852059216459625
36.304	-3.0943	-4.7781	1.32384621141213
29.757	-0.67542	-6.5392	-0.998168627695415
36.932	-2.2441	-4.676	-1.645
28.421	-10.501	-3.8962	-0.864605555909705
33.037	0.75239	-2.4438	-1.645
36.185	-1.9151	-5.1717	0.39237401732311
34.867	-2.1455	-5.957	-0.0519929286033749
37.548	-3.7864	-2.5541	-0.619306199662743
36.775	-7.7189	-0.67347	-0.0567337122115992
36.383	-2.5713	-5.1106	-0.319486905543964
35.549	-6.4596	-0.15332	-0.861178740842541
36.495	-7.6701	-0.95526	0.0135401225400504
37.654	-2.3191	-2.4915	0.26627452930668
36.778	-6.6332	-1.1096	1.645
36.557	-6.012	0.058335	0.0085262627268313
37.887	-5.396	-1.5637	-0.242876821409695
32.99	-8.9546	-0.21807	-0.912152300092711
36.587	-6.9588	-0.9185	0.423793005928272
35.94	-8.616	-2.4003	-0.345513867329202
36.854	-3.5895	-4.6313	-1.26285716594973
36.785	-1.4031	-3.5604	0.0634210959371187
36.702	-4.5632	-0.72328	-0.989871582682537
38.074	-4.3028	-2.4632	0.46234248307694
38.328	-5.5245	-1.6957	1.2027518184672
34.619	-5.6944	-5.4814	-1.11461420664422
25.634	-1.2253	0.94194	-0.0926834579724185
26.988	-0.92323	0.91876	-0.638728297636052
32	-9.0904	-4.758	-0.608992531411378
27.763	-0.19828	-6.7383	0.0337282230054717
36.51	-6.2637	-0.54518	1.16639490320379
37.4	-5.3887	-1.203	-0.307568129000423
