35.405	-0.70375	-4.8046	1.47626071638034
37.59	-3.4846	-3.6459	-0.00315048599277514
37.251	-3.3098	-4.4526	-1.0593990491782
37.75	-6.5893	-1.4592	-0.431982432678758
35.665	-1.1446	-3.4708	-0.766641623390614
37.711	-5.9719	-3.357	-0.711081557182011
34.624	-9.1756	-3.8766	-0.459243961876265
28.06	-11.31	-4.1272	-0.535113529582485
32.506	-10.224	-2.3987	-1.2987576862706
27.989	0.13398	0.8053	1.645
35.73	-7.9709	-0.66978	-0.310255590505717
35.22	-2.8647	-5.4605	-0.659830259816099
35.946	-6.5489	-1.2203	-0.994396209687014
35.137	-7.474	-0.47603	-1.31206706544591
28.476	2.3052	-0.21928	-0.886287082840879
37.267	-6.9481	-1.9059	0.112372122100765
35.011	-9.3326	-3.6961	-0.97909986253335
36.693	-3.4679	-1.3316	-0.722662763563099
34.806	-6.9562	-0.62806	-0.288023270381157
37.469	-3.1858	-2.9957	-0.863109238821482
37.23	-3.1353	-2.1204	-1.44142954487424
34.689	-0.28268	-3.6521	-0.930320518012057
36.684	-6.916	-0.54257	1.08315281101476
37.946	-3.4073	-2.4633	0.447556529881294
36.806	-7.1946	-1.9069	1.08614428841621
34.17	-1.3725	0.13005	0.867547419372586
29.674	1.9213	-1.1953	-1.1989838021147
26.98	-11.301	-3.1408	-0.949540545364294
36.11	-7.4497	-1.499	1.645
37.001	-1.8216	-3.9956	1.645
36.522	-7.3306	-1.1206	-1.1045368589687
29.42	-11.225	-3.3753	-0.033374920617145
30.989	1.3364	-1.2695	0.787398551948603
35.107	-0.70271	-4.7009	-0.0903164407110205
35.967	-2.729	-0.69909	-1.4394461226173
36.325	-6.6188	-4.8643	-0.850708308985763
36.404	-0.77396	-3.045	-0.957743091398239
28.048	-11.488	-4.1721	-0.152092993284834
36.623	-2.2417	-4.4946	0.32094212717931
35.269	-8.6907	-0.96378	1.57733449774448
37.484	-2.9589	-2.2054	-0.665383483327191
37.908	-5.4849	-2.8675	-0.212114319706447
36.99	-7.0988	-1.0916	0.690301379678235
34.889	-7.5416	-4.5362	-0.0591525653160795
30.252	-10.709	-4.2735	-0.430528293211969
36.629	-7.321	-0.79914	1.645
37.693	-6.9362	-2.1968	-1.16064230081003
32.325	-6.7771	-5.2843	-0.597288961357431
36.293	-1.505	-4.5643	0.15398646944798
35.239	-7.2057	-0.80222	-0.598468028512463
33.331	-0.8698	-4.6621	-0.506800251753671
36.67	-6.0862	-0.60603	0.199995613352798
28.11	-1.8263	0.47221	-1.13566136446928
36.12	-6.8519	-0.23334	-0.0995973594060611
36.427	-6.7942	-0.72939	-0.861090905684724
36.601	-7.2495	-1.0362	-0.689108646398817
27.184	-1.4529	0.40133	-0.577798025760773
37.488	-6.6095	-1.1444	0.557864526953005
32.564	-8.7826	-4.3392	0.220071113472801
30.474	-10.434	-3.6727	-1.26915648029066
35.043	-1.2339	-5.4064	1.49609687080582
35.209	-2.4738	-5.3197	1.645
33.85	-8.5339	-4.1833	-0.426330035561623
35.308	-9.5027	-2.4343	-0.816316718374983
34.492	-7.3364	0.24994	-0.0429010713984835
31.151	-10.386	-3.707	-1.20630798278481
22.994	0.17768	1.5887	-0.0201959159759619
30.378	-9.9318	-4.0164	-0.911849295607015
34.46	-9.1908	-4.2253	0.113281526939109
34.398	-1.8175	-6.1834	-0.583376489458974
38.074	-4.3028	-2.4632	0.22608794945782
34.45	-9.2067	-3.1109	1.00859724474457
36.316	-4.3292	-0.2157	-1.28541481834974
37.16	-6.5484	-1.2193	1.645
37.998	-6.5588	-1.1578	-1.31793646642435
22.216	-0.28528	1.8218	-0.160505382294912
35.352	-7.529	-3.7597	-0.0159702776762355
37.103	-6.8195	-0.88503	-1.13035740985901
36.928	-3.1836	-4.6119	-0.650559469444093
36.034	-7.7111	-0.66814	-0.860401667441395
35.219	-2.1202	-1.3575	-0.148508244765233
28.169	-10.539	-4.4468	0.156611237967461
33.526	-9.8154	-3.646	-0.85797002459955
35.131	-9.2436	-3.3567	0.0487745608030531
37.198	-6.5255	-1.0386	0.628061670336286
24.838	-11.328	-3.8629	-0.175966003331856
35.311	-1.2939	-5.3454	0.398382653974429
34.547	-9.2514	-3.6529	-0.174824328547293
19.144	-11.629	-3.5846	0.887282010272517
37.077	-7.9142	-1.4075	-0.691053623499249
35.863	-2.4069	-2.5622	1.645
21.515	-0.82075	1.3352	1.645
35.487	-7.1229	-0.32773	0.000591854764009403
37.406	-4.8724	-2.8986	-0.113820432691624
37.569	-6.5148	-1.4642	1.60133635214702
37.418	-2.9354	-2.5082	-0.995527389525717
36.415	-3.3798	-0.64911	1.645
36.281	-2.7152	-5.341	0.457460915647005
34.958	-1.4558	-5.6443	-0.658252189182119
36.668	-5.7643	-0.36006	0.960205952922042
34.832	-1.3266	-5.3939	-0.375654696978753
38.276	-5.2348	-2.0977	-0.666139449197537
36.605	-7.0821	-2.621	-0.505056091756856
31.809	-9.8667	-4.0254	0.0604530365189013
37.348	-6.549	-3.1685	1.25954587709973
36.904	-6.9214	-1.6942	1.43257626177214
29.878	1.9333	-3.6835	-0.181768142993812
36.339	-7.668	-3.0652	0.341939329135322
37.648	-2.9954	-2.6871	-0.726030166199868
28.874	-11.12	-4.0281	-1.645
36.537	-6.301	-1.1695	1.58826473723698
31.857	1.6245	-3.1076	0.520438178290948
36.172	-0.92643	-4.2247	-0.559326182481299
37.023	-7.7618	-3.0738	0.556529803472335
34.849	-9.695	-3.414	1.645
33.764	-0.71277	-5.7633	-0.154733603411863
36.879	-7.3031	-1.1171	-1.63455518514433
33.436	-1.2899	-6.2745	-0.487232672953917
37.024	-6.2246	-3.3113	1.645
33.04	0.80558	-4.2231	0.364029646989708
37.126	-1.7498	-4.0023	-0.92342521459945
35.467	-1.2018	-5.1814	1.03509464162116
38.041	-6.1191	-1.0396	0.479000628441005
29.113	-0.98121	-6.9442	-1.01279497239439
36.517	-7.0275	-0.29672	0.600684245753619
33.741	-1.9733	-5.4226	-0.560966661655973
34.415	-6.8325	0.075148	-0.374267069070358
35.735	-6.5504	-5.0381	-0.714416528511172
37.662	-2.5526	-3.9957	-1.42249806945059
24.271	-12.112	-3.4109	0.0282086724699794
36.177	-2.5183	-1.6875	-0.207279709523302
38.018	-6.5426	-1.8973	-0.0969942454009079
34.623	-7.9058	-0.21977	-0.982910806158782
33.871	-0.68123	-5.6772	-0.831072141882976
38.028	-3.372	-3.8422	1.23369588908463
36.851	-6.8	-1.1773	-1.18368136642581
36.817	-3.992	-1.0023	0.181414054504813
37.469	-3.0494	-4.2007	1.05959117632553
25.93	-1.2025	0.87789	0.463754706552628
37.68	-3.1829	-3.9933	0.490570045173922
37.208	-4.7836	-0.79393	-0.593384537719513
24.003	0.13853	1.4663	-0.66465117677322
35.394	-6.7244	-4.8998	-0.391338266557058
31.983	-8.192	0.43924	-0.692897873097019
38.042	-4.4673	-2.5642	-0.362807733887454
26.621	-0.41676	-6.7491	-0.728615458073286
25.658	-11.743	-4.0632	-0.619434502525558
35.965	-1.3746	-5.0021	1.645
38.176	-3.9397	-2.3623	-0.818833334161396
36.441	-7.3309	-1.0821	-0.557240201145685
36.488	-7.3251	-2.3262	0.165834232298613
29.352	-10.501	-3.6657	1.645
37.491	-6.0219	-1.2997	-0.670414183470384
35.672	-1.7917	-5.3377	-0.118614134932641
37.587	-5.2175	-1.004	-0.443787124674788
37.667	-3.3869	-1.5302	1.03262315605949
36.383	-1.4084	-1.6501	-1.41041489430078
37.554	-2.4907	-3.7862	0.0430620450615353
34.349	-1.3018	-5.8695	-1.07591474194247
37.853	-6.0901	-2.2477	0.697467898513471
37.573	-6.2663	-0.94834	1.645
31.618	-10.13	-4.2517	-0.575798939930141
29.713	-1.3836	0.57155	-0.485573148163979
36.432	-2.9785	-1.8557	1.645
33.074	-10.314	-3.0415	1.58545307773446
38.26	-5.4613	-2.6107	0.78816197731453
35.877	-8.4213	-3.4308	0.985850197381194
29.629	-10.882	-3.5421	-0.754477483838834
32.105	-1.7627	-0.10838	-0.46314554454357
37.672	-6.7785	-0.78609	-0.498938579182081
37.444	-6.7964	-3.6172	-0.0383693918028549
24.178	-11.704	-3.6301	-0.0590244915254875
22.98	3.3486	0.063496	1.24981024059523
37.21	-7.0648	-0.9211	-0.388311823333304
37.53	-4.251	-3.1865	-1.00123383468015
31.935	-9.6442	-3.1092	1.42756619135526
38.366	-5.4234	-2.4492	-0.820298129425581
36.24	-2.3286	-1.4169	-1.25396425523147
36.131	-6.7703	-0.6249	0.196501675930181
27.847	-1.0006	-6.7591	0.433441474267421
36.037	-8.4397	-2.6454	0.0913099559026576
30.623	-10.628	-2.3359	1.1531192459513
37.485	-7.2194	-1.5734	1.43121599544461
31.82	-1.1205	-6.6025	-0.408730180409138
36.785	-1.4031	-3.5604	-0.979985932942339
34.186	-2.9176	0.81454	0.570952007795955
36.92	-5.8143	-0.62305	-1.09647412629855
37.163	-4.0055	-1.8496	0.548254519728919
37.131	-4.5617	-0.87893	0.334361061088171
36.026	-2.1342	-5.1439	-1.24027406127648
35.599	-6.05	-5.0311	-1.09730925127911
36.819	-2.209	-4.6629	-0.745246211740258
37.919	-4.1884	-3.3612	1.645
35.366	-1.8119	-5.5672	-0.467830580654262
35.563	-2.7773	-0.24283	0.933542005264479
36.513	-6.807	-1.1852	-0.722281132199472
37.061	-6.5184	-1.2337	-0.872176301862183
32.521	-10.366	-3.3013	0.956680654287281
27.695	2.5926	-0.75992	-0.683124759925613
23.754	-11.761	-3.3614	0.349613887607956
36.196	-2.2167	-5.2777	-0.206377546285874
36.577	-3.213	-5.146	1.645
36.839	-2.8458	-4.6107	1.09034471915103
36.681	-7.6883	-1.3233	-0.0187464979974154
37.275	-3.0113	-4.2995	0.545240560957443
37.311	-7.1319	-2.484	0.21687175465054
28.402	1.6858	-0.84161	1.645
34.806	-8.8901	-2.973	-0.527642811313873
35.22	-1.6653	-1.0212	-0.750564344370396
36.495	-7.6701	-0.95526	1.04429528062421
38.201	-3.9247	-2.182	-0.698423092596559
34.574	-3.6874	0.49795	-0.443114688841016
37.929	-6.679	-1.6821	-0.897343051578643
36.07	-7.6448	-1.1824	1.645
32.059	1.3109	-2.4168	0.831508347824104
33.57	-8.7984	-2.8098	-0.442010614294561
24.368	3.7988	0.25655	0.194552332577469
37.342	-6.7824	-1.0638	0.34525751725041
36.454	-6.533	0.32032	0.323635147151776
36.601	-3.3263	-0.83788	0.23716542503465
35.298	-7.0473	-0.77197	-0.505753124163734
26.736	2.6919	-0.6298	-1.27623800934397
35.237	-0.69076	-4.8874	0.906939660759624
36.923	-2.6406	-4.693	-1.15822925752701
37.493	-3.1652	-4.0554	-0.697271911068321
33.758	0.38343	-3.2386	0.363565144482183
24.668	-11.654	-3.2159	-0.575675905018939
36.432	-7.4201	-0.80639	-0.151731293265959
35.948	-1.8128	-5.129	-0.549616391294357
37.899	-7.3266	-2.9614	0.0601843989845013
24.924	3.2424	0.63254	-0.619929691877001
34.74	-1.4122	-5.6472	-0.742650888587146
34.039	-8.7942	-4.1058	0.702112365701617
31.882	0.099737	0.85538	-0.82454738841593
26.628	-11.465	-3.5706	0.203841067198094
26.728	-2.4993	0.37058	0.314386249475326
34.719	-9.8405	-3.3063	1.645
35.456	-3.3218	0.088323	0.105329912983552
37.422	-3.4628	-2.3274	-0.332708014594122
35.143	-3.4181	-0.3143	-0.645394877916107
36.345	-3.4584	-0.40195	0.532848427561557
36.185	-1.9151	-5.1717	0.264611341804985
26.632	-11.363	-3.9523	0.0547896350712021
36.956	-7.4289	-1.0991	-1.26090997999531
36.102	-3.0749	-5.1304	-0.580753776841467
18.476	-11.922	-3.6567	-0.867212851454993
30.361	0.79431	-0.83387	-0.744086704924092
36.231	-6.2373	-5.1256	-0.0251063105927305
35.88	-8.2388	-4.4135	0.0711013743558444
37.736	-7.0645	-2.0451	-1.08886282022183
37.732	-3.9914	-1.8724	0.322437862043763
36.607	-2.9684	-1.1872	-0.0794250603290912
32.612	-9.982	-3.3678	-0.607576752186113
28.693	1.9418	-0.84665	-0.887008595785134
28.31	-11.059	-4.4058	0.247094368028504
37.505	-3.3844	-3.665	-0.467776380783901
29.6	1.593	-1.8446	-0.875989602346132
37.768	-2.7583	-2.6984	-0.318620656051716
29.757	-0.67542	-6.5392	-0.202139877982771
35.843	-6.6108	-1.5401	-1.06340647587369
28.914	1.9943	-0.15523	-0.85570055331948
37.127	-7.6054	-3.972	-0.994251479166546
36.277	-7.249	-0.71106	1.43782892519676
36.187	-7.133	-0.64214	-0.313149426909919
32.07	1.4293	-2.3833	1.54875346254482
38.3	-5.7317	-1.6831	-1.62229829529862
37.168	-2.8936	-4.4433	0.0179752566838921
24.712	2.8802	0.58317	-0.190233415441014
38.053	-4.9272	-3.8114	-0.0353483585790909
35.771	-6.6465	-1.0204	0.18034237519542
27.421	-11.915	-3.1716	-0.305657564072555
29.473	-2.0004	1.2233	-0.404042448495833
30.558	0.84485	-0.90212	0.665639602243256
34.808	-9.1052	-3.57	-1.08882629824339
35.664	-1.6218	-5.105	0.700632364227266
22.184	-12.39	-2.6067	0.280402329424841
36.234	-7.6629	-0.97961	-0.597162301253282
34.659	-1.9863	-5.9829	0.127412779992304
36.321	-3.9637	-0.27042	0.339258952515188
34.541	-2.8555	-1.6681	-0.252772370518041
36.135	-7.0239	-0.50614	-0.440966045467813
30.47	-9.6622	-4.3325	1.645
33.778	0.11392	-0.5513	-0.414203613655301
37.137	-3.3898	-4.8805	0.45123636434954
36.038	-5.389	-5.311	0.742720071288758
28.024	-11.618	-3.2678	-0.0459714898821796
37.095	-3.2146	-1.7715	-1.51481511856755
24.401	-1.0807	0.94528	-1.22503958613921
35.511	-1.8353	-5.3157	1.645
34.196	-9.5363	-3.2052	0.472098765521669
35.169	-9.4052	-2.0994	-0.539288621741733
37.548	-3.7864	-2.5541	0.428237537701672
34.659	-0.55942	-4.4261	1.2969076053769
35.947	-3.498	-4.6138	-0.62568395547713
34.899	-8.9036	-2.1978	0.394652730636441
37.046	-6.6266	-1.4054	-0.917461163634408
36.791	-7.3313	-1.4707	-0.53152316522058
38.541	-5.8464	-3.3132	0.58028589967053
36.721	-7.1728	-1.6014	-0.779522291619511
36.272	-2.8487	-4.1937	0.422777281021329
37.175	-3.326	-4.0231	-0.578052292572653
36.241	-3.1487	-1.2023	-0.570164078406092
37.568	-3.1113	-4.1591	-1.645
32.761	-10.279	-3.5803	0.392772007519075
30.639	-1.4277	-6.4224	1.645
26.716	-11.636	-3.9302	1.3292285846594
36.763	-2.5223	-2.4664	0.971017747222239
36.056	-7.7506	-4.4819	-0.494647307572143
24.995	-12.011	-3.4335	-0.79917113770189
36.503	-3.0435	-4.7703	-0.0412388032202086
30.193	1.1488	-0.66419	0.238311817676279
36.996	-7.5969	-1.0678	1.19681661350312
36.425	-0.63911	-3.5397	-0.0724955332049607
32.159	-10.433	-3.0039	-0.256359604161721
35.596	-0.68966	-4.4515	-1.02415937429289
35.391	-7.7354	-2.7639	-0.735162155841682
28.725	1.7036	-0.72164	-0.408266402300295
29.455	1.4441	-0.33154	0.0712705570492243
33.377	-10.479	-2.644	-0.65932549116889
27.857	-1.7479	0.28644	-0.59140717550311
31.309	1.3203	-2.1248	0.12948379826601
27.536	2.4938	-0.31686	0.828168532891591
26.937	-11.434	-4.0353	-1.40737897296587
33.156	0.051677	-0.95287	-0.103328238909421
27.399	1.8644	0.060854	-0.749217629471493
37.088	-2.7651	-4.3048	-1.06050360019364
38.051	-7.0224	-2.7249	-0.961284184065282
34.669	-0.46744	-3.1166	1.645
35.082	-1.3413	-5.5522	-0.71207378743636
35.913	-2.1991	-5.1813	-1.26919380594535
35.993	-7.0808	-1.3785	1.11395890045811
36.935	-5.5179	-1.3782	-0.539522225566994
36.284	-1.8405	-5.0251	-0.353039104163197
29.63	-0.92416	-6.7941	-0.75196444618863
35.866	-8.262	-4.0059	0.809007721460936
36.439	-2.5243	-2.1194	-0.264479743360962
35.014	-8.2377	-0.58041	-0.466413149583807
36.811	-6.4165	0.35144	0.131915357647754
38.018	-4.0021	-3.4175	-0.663703920561413
37.215	-2.1692	-3.2804	0.321701981449422
28.696	-0.68077	-6.8741	-0.23736858540107
28.562	-11.373	-3.9338	-0.530810862425098
25.356	-12.145	-2.9767	-0.363684029135785
38.35	-4.2938	-3.138	1.2053315663351
36.978	-1.6567	-1.9199	-0.594901207483723
33.708	-1.6614	0.33322	0.668192192143159
36.292	-2.6554	-4.4174	-0.591738142617013
28.667	1.635	-0.37636	-0.899081423493692
33.365	0.518	-1.5642	1.19801064134954
36.759	-3.5836	-0.81804	-1.34661474360188
36.221	-2.9564	-0.61513	1.645
35.264	-7.1588	-0.50919	-0.862750464501823
33.831	-0.82131	-5.9073	0.309513206890701
37.055	-7.808	-1.365	-1.55957310599862
33.099	0.48603	-1.4884	0.23540123851845
34.81	-1.815	-0.71735	-0.331839679770172
36.424	-7.281	-0.91605	-1.12808531872683
37.298	-5.8161	-0.65225	-0.427746334514619
37.02	-3.3083	-1.0167	1.61888738947795
37.36	-1.9229	-3.4248	-1.00665872569616
33.643	-1.3637	-2.5897	-0.786364670938409
29.606	1.5715	-0.54431	-0.102744524345155
35.222	-7.552	-0.12993	-0.910336770300524
37.359	-3.4721	-4.3656	-0.727060749746206
36.371	-1.3748	-4.149	-0.536604757823915
36.459	-2.2777	-4.9212	-0.948250891193657
12.655	-12.024	-3.1062	1.52862998699737
37.772	-3.5059	-3.3861	-0.779136152628248
34.688	-1.4445	-4.5017	-0.185796729303572
33.753	-9.4761	-3.5559	0.257749135620071
36.702	-4.5632	-0.72328	0.0101593036985083
35.765	-2.3939	-5.2168	-0.258326264549411
28.415	-1.9853	0.6287	-1.58658022906994
29.035	1.6447	-0.066406	-0.31426244260593
36.059	-6.6724	0.099282	-0.838329895888996
36.115	-6.9508	-0.31193	-0.645008451576028
26.988	-0.92323	0.91876	0.724872791052708
28.016	2.2856	-0.45016	-0.449290078457465
29.485	-11.04	-4.0291	-0.546071922971671
33.974	-0.2086	-5.4289	0.271887258666609
29.683	2.3099	-1.5653	-0.62545497698368
27.474	-0.29098	-6.7196	-0.451365816261557
27.558	-11.495	-3.2371	1.43306507579259
37.684	-3.9188	-3.9944	-0.941143871594338
33.624	-9.7678	-3.2114	0.763624733085434
31.26	-1.5383	-6.2118	-0.69032860182592
26.104	2.9775	0.38525	-0.689432527303595
36.437	-3.6993	-4.3082	1.645
32.294	1.3388	-1.5872	1.22697787279127
36.584	-6.9242	-0.77023	0.81289770287484
35.647	-8.0758	-4.3618	-0.443852982480862
36.732	-2.5374	-4.5019	-0.986150657380658
37.779	-6.3044	-1.8107	-0.804381460777868
36.973	-4.4217	-0.99545	-0.806444744181278
31.72	-0.96702	0.3544	0.800274482551211
36.195	-4.2493	-5.2274	1.645
35.726	-3.108	-0.29894	1.645
33.424	-10.084	-3.4669	0.433211914124077
37.804	-3.758	-2.5106	0.970610831250711
34.412	-0.72442	-5.3799	-0.183105244081326
36.91	-3.242	-1.1441	-1.03851660072676
34.288	-1.2429	-5.9811	1.37559189709323
31.239	-10.563	-3.4322	0.713096804519322
31.683	-1.2044	1.0754	-0.795779865742934
36.39	-6.9544	-0.46647	0.21741449845262
35.676	-1.5634	-5.343	-0.411462549204345
28.13	-0.42296	-6.6429	0.0986369656943207
37.756	-7.1614	-3.4233	1.06287686883602
35.642	-2.2581	-5.5624	-1.22609928315447
37.151	-6.3028	-0.5405	-0.867998009572575
28.959	-10.732	-3.9835	1.645
37.285	-3.4399	-4.4883	-1.02300165966162
18.681	-11.853	-3.5342	0.127171720452626
35.022	-2.2931	-0.30106	-0.273153179277471
37.377	-6.8635	-1.8859	-1.14882572624965
38.014	-3.428	-3.3169	-1.19241184917283
36.969	-6.9389	-2.1567	-0.832018949097184
37.501	-3.63	-3.2459	-0.315183632464561
35.586	-6.7863	-0.30952	-0.542036343875819
32.664	-10.854	-2.59	-0.275009964778814
28.049	-10.987	-4.007	-0.683641177859897
22.571	-0.57713	1.5151	0.181991449119051
36.667	-6.7386	-0.78268	0.523360790619492
36.735	-2.0513	-4.5974	0.116185583905239
35.587	-2.51	-0.4416	-0.959698844990567
36.539	-6.8839	-1.4043	1.34653891317581
36.713	-2.7918	-3.6785	1.645
37.3	-4.165	-1.6175	-0.688794822369607
35.473	-9.362	-2.7353	1.44757132165473
35.868	-8.013	-3.1225	-0.877385420187798
34.893	-8.2576	-0.2879	-0.431947637008778
37.264	-6.7331	-1.3042	1.35008135744209
36.508	-6.9874	-0.76697	-0.311060903696953
37.241	-6.6798	-1.5083	0.968925790804886
36.513	-7.4862	-2.793	-0.149496659039912
34.205	-9.6351	-2.6179	1.24219753151484
31.294	-7.8077	-4.7166	-0.52094253391552
37.32	-2.9559	-2.0473	0.0702122342351873
33.424	-10.297	-2.9498	1.0876343878186
22.352	3.0673	1.2586	-0.934889600296512
35.59	-2.7801	-5.4654	0.458639823087104
25.809	-11.625	-3.7767	0.202030152831612
33.226	-8.1007	-3.0252	0.371771128490761
30.867	-10.809	-3.5384	1.645
37.293	-2.0806	-4.0461	-1.03008795384906
36.261	-6.8152	-1.5389	-0.140001043784657
35.201	-6.4466	-4.6978	-0.194807570274452
35.811	-7.1054	-0.26252	-0.0592887223209649
35.228	-2.001	-3.9949	-0.372168898787432
26.075	-11.349	-3.6326	0.418661246244953
19.894	-12.408	-3.0023	0.0211846213343003
35.898	-7.0416	-0.93679	-0.191861030212235
36.574	-8.6753	-3.4189	-0.747080000642674
33.339	-3.0923	-1.8954	-0.37119458733699
36.897	-3.6054	-4.7352	-1.10015814562297
33.362	0.38835	-1.7634	-1.19147153049032
36.868	-7.3659	-3.4925	1.645
34.878	-7.421	-4.5206	-1.08330107945877
37.024	-5.0281	-5.0016	-0.617833128101165
36.618	-7.6655	-0.98104	0.746067501259467
27.955	2.3396	-0.87238	-0.416475388161516
36.744	-6.6862	-0.47204	-0.863094063044502
37.69	-2.9721	-2.3396	-0.183065006539757
34.462	-9.6263	-2.7398	1.39636519591587
35.933	-8.4365	-1.8553	1.645
36.772	-2.0808	-3.8427	0.738753823519362
36.349	-7.9935	-1.5244	-0.802131582781405
35.577	-1.6453	-5.4049	1.645
25.277	-1.3055	1.488	-0.437321852344279
35.159	-8.7272	-4.1003	-1.09045579527964
32.441	-8.4786	-4.6004	0.731998452762019
27.947	-11.622	-3.3485	-0.701550117505485
36.349	-7.4662	-1.0629	-0.770873383771909
36.492	-7.4624	-0.46387	-1.33982462551312
35.375	-5.2242	-0.81239	-0.437250979219087
32.883	-8.6579	-4.8132	0.406688051409191
38.265	-5.2641	-1.6418	1.645
37.326	-5.6839	-4.4112	0.00849308982506944
37.997	-4.8692	-1.9471	-0.603791747261286
35.687	-2.4359	-5.3201	0.41604466891714
37.578	-6.9156	-1.9975	-1.0105426967415
36.414	-6.6305	-0.54073	-1.15424266060981
35.773	-3.3263	-5.1052	-0.44843694949992
37.029	-4.7412	-3.0954	-0.283294816270612
30.542	1.6715	-0.25718	0.330423932523559
33.331	-10.091	-3.2853	-0.403024494740152
37.754	-3.583	-4.2792	1.645
36.699	-4.6467	0.089536	-0.532600283172142
36.796	-7.0838	-1.2456	0.307022498779297
38.435	-6.2835	-2.839	0.796189153734688
34.119	-1.5572	-3.3554	-0.757913580594597
37.22	-6.5674	-1.1292	0.365199153757422
37.974	-3.5713	-2.2629	-0.47794059305518
37.603	-3.5366	-2.3554	0.84080554080716
36.436	-7.5013	-0.96146	-0.752537482602015
36.655	-3.0677	-4.4207	-0.281152756409863
34.721	-8.3715	-4.579	-0.470085462452267
37.162	-5.5491	-4.7764	-1.10359113425685
31.865	0.77388	-1.3397	-0.937568291703591
33.145	0.72644	-3.0346	-0.859867309836613
37.267	-2.9412	-1.1413	0.629581441754944
23.069	-0.86413	1.3787	-0.844717804620546
37.925	-7.2268	-2.1791	0.146703486828382
36.383	-2.5713	-5.1106	0.463408553724929
36.844	-2.8627	-4.1771	-0.597962315756752
35.221	-1.4667	-5.6054	-0.0561624300537137
36.379	-3.7123	-1.4074	0.238034456008732
36.297	-6.6218	-1.3064	1.645
32.053	1.3059	-1.5197	-0.603426460085072
24.281	-0.95431	1.6062	-0.736913189712381
38.382	-5.4187	-2.2298	0.588210943823229
36.147	-2.2079	-4.9607	1.20246746531296
37.437	-6.1818	-4.1612	-0.674096283425157
36.911	-4.0324	-0.88935	1.645
33.073	-10.383	-3.0347	-0.489384030838366
32.75	-10.422	-2.8005	-0.87613566139389
36.311	-6.2684	-0.71261	-0.853498118928365
34.803	-1.1978	-5.5854	-1.08360834959361
27.258	0.22043	-6.3336	-0.412703943585099
29.685	-10.994	-2.7076	0.374082351819203
37.295	-4.7406	-4.9434	-0.99612990261438
30.193	1.2549	-0.92182	-1.20317723343698
36.599	-6.6278	-0.62335	1.60732028124463
37.065	-7.2034	-1.1197	-0.411729541666478
34.963	-0.91573	-4.2992	-0.905522454307953
37.295	-3.7665	-1.2328	0.578946013369127
37.083	-6.3311	-0.76982	0.104276578647476
37.859	-5.8203	-2.0456	-0.0290922477081152
35.975	-7.482	-0.79263	-0.220417565120837
38.228	-5.9979	-2.4075	-1.17398786106888
37.132	-6.4566	-0.84542	-0.194947358510718
30.447	1.4981	0.012136	-0.815544845579469
37.776	-3.2527	-3.708	-0.416882416950436
36.358	-0.97953	-2.8211	-0.837415424455026
28.796	2.6423	-1.0447	-0.599176488908468
36.848	-6.5595	-2.1398	-0.81735801359005
35.332	-3.4379	0.25797	-0.205602549667402
36.332	-6.6978	-0.47076	1.1834989202877
34.944	-8.9841	-4.1297	-0.0893055436391572
37.731	-4.9146	-1.0312	-0.187255823220776
35.732	-7.4659	-0.892	-0.688005350663904
31.902	-10.188	-3.1425	-0.227987143062948
36.947	-6.3535	-1.4057	-1.28238223380668
36.177	-1.8567	-5.0243	-0.368781385325523
36.707	-6.8401	-1.3848	1.15642422421607
28.246	-11.364	-3.9274	-0.716300176143061
29.441	-2.4441	0.42788	-0.325885166646666
32.946	-10.118	-3.8613	-0.426826009151433
38.176	-5.8106	-2.8118	-0.971017173988673
29.572	-9.596	-4.4341	-0.963858423149231
37.127	-6.706	-1.4274	1.645
24.255	-1.0753	1.209	-0.012765921599466
33.845	-9.7813	-3.7695	-1.15434650357699
25.296	-0.72466	1.6146	-0.679303975138804
37.128	-7.3755	-1.516	-0.95994998427196
33.349	-0.35116	-2.0425	0.288585114442939
38.418	-4.7373	-1.7362	0.219738429919604
24.495	-0.80438	1.506	-0.531848029486075
20.185	-12.42	-3.592	0.232727484220567
36.674	-2.2954	-4.338	0.411208723591075
33.007	0.29962	-0.29684	0.334635033832002
36.144	-2.2189	-1.1147	-0.673932087375906
38.149	-5.5533	-1.2842	0.00162663317706724
35.668	-7.5501	-1.0858	0.130971815751618
35.949	-7.0988	0.036498	-0.693662868381773
29.133	0.029435	-6.8166	-1.10398356337337
35.822	-6.391	-2.1782	-1.4308003531266
35.261	-1.5128	-5.0484	-0.690383797000827
37.343	-6.62	-3.3463	-1.07445966408746
36.584	-3.2355	-4.7375	1.645
34.961	-9.0902	-2.5955	1.645
24.761	3.1961	0.59405	-0.678646153786922
36.617	-3.1258	-4.9507	-0.196812449881851
36.099	-7.3386	-0.73775	-0.153160205396715
37.54	-3.8517	-4.3804	1.19076552782163
37.961	-4.5137	-3.6152	0.292580765340002
35.542	-6.5946	-1.1652	0.785203377391046
26.188	-1.2389	0.73822	-0.506130896327861
37.364	-6.6113	-2.4395	-0.626455890729588
36.741	-6.3389	-1.159	-0.754604409297882
37.279	-7.3662	-1.4602	-1.3436760738628
33.256	-0.209	-5.6186	1.17607030475992
28.167	2.2203	-0.26485	0.965810231045435
32.739	0.91199	-2.6954	-1.12649891298949
27.991	-1.7102	0.46544	-0.578036301136751
36.881	-6.9741	-1.2878	-1.24839177057506
35.259	-0.56743	-3.8436	-1.13851062555192
37.742	-3.366	-3.0438	1.42431767200655
34.473	-6.0424	-5.0366	0.866998908008926
31.782	-10.612	-2.5976	1.2799900574787
35.689	-6.7757	-2.8578	0.91304324156565
30.771	-10.607	-3.8479	-0.655483103781466
33.546	-0.34527	-5.445	-0.816617878088372
27.763	-0.19828	-6.7383	0.584487772227476
23.052	-12.064	-3.317	1.40949009187502
36.682	-6.2436	-0.22291	-0.825090635579241
37.104	-7.4099	-0.84084	-0.750609537371644
36.307	-7.1819	-0.72469	-0.851878807980975
37.432	-2.5769	-3.2596	-0.562427829111893
37.41	-6.4188	-0.83121	-0.929362914635723
36.68	-3.1089	-0.80076	-1.645
34.719	-0.76652	-0.38087	-1.42697950874341
34.236	-10.016	-2.8261	0.262828546339206
38.1	-3.8544	-2.0497	-1.63665756850392
27.841	-0.46924	-6.7153	0.245392034756699
38.329	-4.7319	-3.6869	-0.914864132232841
36.408	-7.0685	-0.74929	1.645
37.914	-4.9455	-1.6546	-0.752733326955504
35.944	-7.7459	-1.3209	-0.284428006164152
37.018	-2.1404	-3.4635	-0.435705919647261
23.9	3.4724	0.17699	-1.03339180810763
22.655	-11.631	-3.7513	1.645
36.243	-3.5794	-0.21717	-0.0957783895318826
35.633	-2.7754	-0.42644	-0.556304949992906
32.123	0.60269	-0.86491	-0.881166831563013
36.896	-1.6696	-2.1151	-0.209107712082468
33.485	-9.167	-3.831	-1.03384995524011
37.219	-2.0424	-2.5208	-0.620656991839585
37.759	-5.8941	-2.4694	1.53522422579459
38.095	-4.4114	-3.0289	1.645
29.704	-11.031	-4.1478	-0.686812409808674
26.615	-11.683	-3.4185	0.626176776098955
37.502	-6.2755	-1.1577	1.23977479552999
35.052	-2.3438	-0.25459	0.476009780880938
36.367	-7.0131	-1.7098	1.29895200940849
37.244	-6.5933	-1.2809	-1.35847909906017
37.028	-8.0319	-2.3737	1.645
38.216	-4.6273	-2.5373	1.645
33.291	0.40457	-1.8331	-0.628135741193003
37.799	-3.4383	-3.9197	0.831830109443096
34.933	-9.2861	-1.8374	-0.614777770770781
37.128	-7.3771	-0.91807	-0.0947988123075903
28.79	-0.60836	-6.4231	0.679716281479964
36.394	-6.1789	-1.2919	-0.643378327646243
33.301	-0.8584	-6.2191	1.645
29.047	-11.285	-3.5116	1.09894966288646
37.299	-4.6356	-4.2258	-0.6851701036769
34.045	-9.3825	-2.7884	-0.932674591903658
37.439	-7.1052	-1.3532	-0.680535606047484
36.915	-7.9132	-1.4713	-0.176096356496165
36.194	-6.8002	-1.6144	-0.227546927973607
36.415	-1.8489	-3.4901	-1.11449310808216
35.937	-7.577	-0.66075	1.645
35.34	-2.5809	-4.242	0.509241057765157
35.629	-9.285	-3.1762	-0.558242440004347
33.751	-10.254	-2.9882	-0.199693303349482
36.22	-7.0306	-1.8249	-0.531121717562676
30.886	-9.9839	-3.954	0.423335773734715
34.357	-6.5455	-4.6842	0.230863631775382
32.196	-1.6907	0.61627	-0.710605638310406
35.883	-6.8386	-4.8344	-0.348635109187214
34.25	-0.42419	-5.4538	0.213607167903809
35.376	-7.6203	-0.86273	0.350585165909452
35.914	-2.1429	-5.1293	-0.755131854198763
36.697	-2.4607	-4.6981	1.645
37.401	-2.788	-4.0256	0.740850496196105
37.105	-2.5589	-3.5756	-0.606492748587509
35.812	-5.4805	-0.52955	-0.403572706448376
37.221	-6.042	-1.2144	-1.16801502416722
37.061	-7.7577	-3.156	-0.996277134726742
35.826	-8.9178	-2.6398	-0.920207748126526
37.105	-2.5879	-1.2599	-0.612384199858485
28.91	-10.416	-4.3339	0.249849560683122
35.028	-7.1752	-0.66195	-0.114300315955408
30.382	1.5907	-0.49021	1.00541617852286
32.99	-8.9546	-0.21807	1.645
34.092	-8.9227	-4.1576	-1.27620339575446
31.873	1.1603	-1.4668	-1.3962030150116
25.823	2.7506	-0.30933	-1.17405023329657
35.818	-1.2328	-4.9674	-0.722239598329194
37.674	-6.0117	-3.9316	0.157120164020553
34.55	-8.264	-2.9045	-0.846394474182419
37.101	-2.5892	-4.5559	1.645
32.465	0.75286	-1.4389	1.645
37.199	-1.6237	-2.4917	-0.6004351031023
37.644	-6.4692	-2.6675	-0.705221319577962
37.393	-3.4946	-4.3244	0.452102283997098
35.745	-6.4161	-0.72233	-0.506019795448954
36.636	-1.8449	-4.6217	-1.18096016245189
35.209	-0.0088546	-1.6024	-0.721341363855711
35.451	-2.0421	-5.2604	-0.752675707481324
37.404	-5.4861	-1.3972	-0.67630706747294
34.486	-9.5717	-3.7802	-0.714053677545433
31.848	-10.514	-3.7276	1.645
37.14	-4.964	-4.1295	0.223367646315122
36.388	-6.8777	-0.40505	1.28207402250227
36.013	-5.2962	-5.2194	-1.05112725692748
35.881	-1.4853	-5.1216	-0.188291541469173
38.1	-6.0953	-1.2467	1.645
28.764	-0.51537	-6.6424	-0.982716976986665
24.603	3.0977	0.72789	0.0180469399370151
32.649	-1.5728	0.16861	-0.890467999194806
33.037	0.75239	-2.4438	-1.47774096113297
29.461	-1.419	0.7187	-0.223803809088484
38.39	-4.8164	-3.1837	1.645
36.205	-2.6511	-0.80731	1.23750941523766
36.89	-7.2192	-1.1222	0.760027743289608
36.112	-7.3194	-0.71772	0.0135460123307472
19.483	-12.108	-3.7965	1.645
28.05	2.1178	-0.84351	-0.822818306281614
36.17	-7.445	-0.85062	-0.996252432955943
33.647	-9.5361	-2.9473	0.857650963309009
35.464	-9.2253	-3.2972	0.821119305175054
37.448	-6.4351	-3.4083	-0.980448850650843
36.96	-6.9343	-1.0159	-0.849682423864923
21.515	-0.27706	1.74	-0.585304585597957
34.532	-1.6199	-5.9276	-0.0671029102354144
25.703	0.22142	-6.7138	0.255512322858177
35.866	-3.3966	-1.9231	0.405107745647471
37.609	-6.1563	-1.2378	-0.314863368147582
37.33	-2.1802	-2.9054	0.185049260137937
34.872	-9.2335	-3.1798	-0.574882789536849
37.664	-3.9756	-1.3644	1.645
35.212	-2.5121	-5.7232	0.35537150053143
24.884	-12.03	-3.7199	-1.07435794677975
38.137	-5.8416	-1.5113	1.14154569307859
35.733	-1.9219	-0.14499	-0.822304575369429
35.937	-7.7764	-1.2843	-0.624067116625236
37.505	-6.6685	-2.6847	0.907312751710343
34.733	-2.7372	-1.1845	0.06350468670605
30.827	-10.451	-4.0079	1.63069300241269
35.874	-8.6177	-1.8043	0.505291333591409
29.747	1.7848	-0.64182	0.885742740566467
35.607	-1.8209	-5.5017	1.645
37.813	-3.2192	-2.0258	-0.353569900991785
37.795	-6.7263	-1.3088	-0.108235753498856
36.861	-6.3361	-0.60656	-0.99348823841111
35.304	-6.792	-4.5462	1.0161803665112
37.718	-6.805	-2.3753	0.275128804640729
33.652	-9.6058	-2.9365	1.05626441770759
35.571	-0.535	-3.7779	-0.274356353431359
37.167	-6.6659	-1.13	-0.298274784456372
37.049	-6.6954	-1.5441	-1.0746262337697
35.541	-0.99494	-3.919	0.480352062852791
35.989	-1.6761	-5.1643	1.11113849877243
38.277	-5.7043	-2.5148	0.225559915192517
31.038	-10.399	-3.8462	-0.288385946800706
34.744	-7.6455	-4.2175	-0.76241067592044
32.789	-9.4975	-3.0511	-0.845371415193882
31.329	-9.8618	-4.0712	-0.350186769306768
36.84	-7.9578	-3.3052	-0.937467820267633
24.997	-0.66669	1.1359	-0.470452155516464
33.378	-9.128	-3.986	-0.413051762621888
36.324	-7.7981	-3.4379	1.645
35.852	-6.3953	-0.66102	-0.794627416030473
36.619	-3.3442	-5.008	-0.171417279815722
37.109	-7.0105	-0.90472	1.08580436886402
33.708	-6.1344	-5.2625	-1.03829854347664
34.134	-10.156	-2.7773	0.135136094303391
38.23	-4.9132	-3.4835	-0.417728235082565
35.606	-2.0846	-5.5897	0.753085237771609
37.224	-5.958	-1.089	-0.441173609875396
37.348	-4.3808	-3.4643	-0.181122297311181
33.373	-6.1595	-5.613	-0.804732307816098
35.769	-1.0613	-4.7791	-0.918185451440882
35.832	-1.7551	-5.3572	-0.661445717581774
35.754	-8.7903	-3.0805	-1.1363508671488
35.186	-7.3743	-0.73991	-0.641891137231324
35.773	-7.8802	-0.81617	-0.420349389600835
26.936	-1.6129	1.3973	-0.315754777954091
37.946	-3.3618	-3.7233	-1.08789017252785
38.105	-6.1144	-1.8308	-1.10397863682911
36.769	-3.844	-5.1959	-0.587037006521232
33.966	-0.18969	-0.95979	1.645
33.343	-10.105	-3.3928	-0.604073068967979
35.969	-7.2747	-0.90899	0.703975813608882
35.304	-0.72865	-1.7241	-0.307884706254106
38.276	-3.9029	-2.2387	0.00919262254993818
36.573	-8.3132	-1.1099	-0.720836990769292
36.626	-5.7911	-1.2278	-0.613014243302961
36.054	-7.6498	-0.76852	0.0630279355024361
37.135	-6.6056	-1.2216	-0.944025193308073
37.259	-3.0075	-4.4835	-0.107929646487226
37.988	-3.183	-3.7179	-0.981687266409261
36.902	-7.0363	-0.65284	-0.511255656129474
36.663	-8.0185	-1.3392	0.504724102736421
35.802	-9.2502	-3.1529	1.645
36.834	-6.7319	-1.2722	-0.998369324978932
37.268	-4.9914	-0.25184	0.0480294392452001
36.466	-7.3544	-0.70317	-0.946213972116232
25.941	-0.49807	1.7601	-0.173350888582445
36.12	-6.1442	-0.35725	-0.314635933793633
37.038	-4.3294	-1.0892	1.645
35.146	-6.8688	-1.1453	-0.0678258926154466
35.884	-6.3224	-0.51641	-0.219360989657117
38.453	-6.2205	-2.5167	0.38763961166883
37.4	-5.3887	-1.203	-0.996878505687123
35.599	-6.7579	-0.15719	-1.41199482773282
36.409	-6.4671	-0.54685	-0.903941245730904
33.996	-0.50546	-3.2843	-0.612836561472085
30.72	1.4517	-0.34053	-0.360954215449889
35.233	-8.8871	-3.1131	0.929954980437848
32.388	-10.109	-3.1943	-0.371772937423407
35.805	-0.27107	-3.7675	0.642658914931999
37.434	-3.8318	-1.858	0.845060241832847
36.89	-5.1349	-4.9182	1.0293500012392
33.448	-0.77411	0.15523	1.36985802837368
37.97	-6.9158	-1.8538	0.63301216147669
36.164	-7.808	-2.0116	-0.771487430968651
36.834	-7.6649	-2.6837	0.138490248383611
31.588	-10.845	-3.7152	-0.610237491649116
29.53	-11.489	-3.1516	0.416805327361258
34.273	-0.69818	-5.6839	0.0819832732631163
37.729	-4.9993	-4.3855	-1.26523430810145
37.785	-3.759	-1.4766	1.53179470193334
36.761	-4.0431	-2.5386	-1.16925206089397
37.095	-4.2397	-4.9509	-0.628454315176342
29.493	-2.0896	-0.37662	0.21310825446265
36.107	-8.3833	-3.8955	-0.361630810214826
29.538	-10.738	-4.0519	-1.14355903693741
37.737	-6.611	-1.2513	0.523620528128983
37.948	-3.335	-3.8358	-0.978026030118059
30.214	-10.125	-4.3742	-1.24384194169815
35.563	-0.78294	-4.4159	-0.914067143029259
36.044	-8.7182	-2.4083	0.0617033319262165
35.681	-8.7417	-2.8366	0.482803523087829
24.068	-11.949	-3.7635	0.626900969248308
37.246	-2.3567	-4.2847	-1.33158790397734
30.178	1.4558	-0.55411	-0.802203460874148
36.034	-7.4432	-0.97491	-1.39224844718803
36.875	-2.9204	-4.2667	-0.90949877166029
37.129	-4.2692	-2.0975	0.764772396500183
35.796	-7.3764	-0.93857	-0.36290333897299
29.139	-10.899	-4.2139	0.383720493439454
29.712	-0.9678	-6.7499	-0.699270380289065
35.958	-2.3821	-5.0615	-1.03385129446728
38.082	-5.3314	-2.1137	-0.652488166095367
26.795	-1.38	0.76789	1.645
37.58	-4.0989	-3.3811	-0.918470628221844
26.259	-0.18253	-7.0548	-0.444190297450358
36.52	-7.3394	-3.0192	-0.7853073594331
38.275	-5.2304	-2.3682	0.416323841679823
28.418	-11.12	-3.9506	0.40619214326477
33.207	-10.28	-2.8261	1.645
36	-9.0717	-3.5695	-0.464856071641382
30.135	-9.1454	-4.2499	-0.448953147103836
31.819	0.77723	-1.5751	-1.07323184778014
33.778	-8.1256	-0.58235	0.601223773293797
34.246	-1.9271	-6.1455	-1.10869261751996
30.035	-10.734	-3.8263	-0.914421977935379
37.076	-2.1343	-2.4981	-0.471976270552959
34.29	-0.70505	-5.4116	-0.823985213328242
36.223	-7.7271	-1.0545	0.577741792002379
28.639	-1.7463	0.11451	-0.508441038484471
36.282	-1.236	-3.9953	-0.680390486598399
36.531	-6.2769	-0.45093	-0.729644703212447
28.144	-11.285	-3.6351	1.62411805030782
34.789	-7.3388	-0.54573	-0.268966881699772
34.882	-7.8087	-4.7386	-0.502757803743999
28.289	2.0839	-1.1024	-0.756402461975719
36.79	-1.1179	-1.9369	-0.594295989251921
37.096	-3.0514	-4.6541	-0.486731678192368
24.869	-11.715	-3.337	0.26847351950694
20.821	-12.156	-3.2601	-1.01703346748154
27.162	-11.286	-4.1317	-0.770461616190508
27.938	-0.14693	-6.4389	-0.809751951461224
35.262	-6.5396	-0.11959	-0.146406270072697
34.807	-9.2413	-0.70097	0.812869007924158
27.83	-11.511	-3.6894	1.645
36.482	-1.3979	-3.6565	0.106860669770422
36.745	-7.1831	-2.3689	0.206799020713063
35.071	-9.1648	-1.7033	-0.572242397075347
31.034	2.13	-1.503	-0.724920429940399
36.807	-6.8513	-1.4331	0.654169309412574
36.295	-7.3641	-1.1927	-0.764652550831837
33.884	-9.4559	-2.2002	-0.956650391300016
37.755	-3.5724	-3.9847	1.645
35.006	-5.2704	-0.66318	1.645
17.539	-12.176	-3.6076	0.642278030449992
37.164	-3.1932	-4.4762	-0.242805009390147
36.19	-1.7172	-3.5639	-0.250627562204254
38.1	-4.3733	-2.6288	-0.220209375517459
34.201	-6.8832	-5.1613	-0.573351779007401
37.578	-3.8494	-4.4812	1.645
37.262	-7.6743	-2.5575	-0.543721259088606
35.546	-8.9878	-2.0374	-0.217644050120476
36.901	-2.8551	-4.7309	-1.14096371424487
34.483	-1.1037	-5.7561	-0.0664700405915564
36.926	-6.1455	-1.226	-0.824133594423655
34.481	-0.83471	-4.8208	-0.603760033002781
35.99	-2.0913	-5.2288	-0.779265075941292
37.255	-6.7602	-0.97143	1.645
29.945	-1.3699	-6.7296	-0.344845042681529
35.68	-4.0853	-5.459	-0.386535995467842
37.948	-6.3604	-1.6608	0.0792684590043186
36.175	-7.537	-1.5303	1.645
35.013	-1.0942	-0.74452	-1.41390887884063
37.032	-6.1426	-0.88556	-1.43942544623771
36.083	-2.6015	-0.39972	-1.56182609932657
36.711	-5.4696	-0.059321	-0.400016946959675
33.401	-1.0653	-5.7202	1.08186778019613
36.022	-6.828	-0.57731	1.08975641455578
30.821	-10.653	-3.8519	-0.612601898044866
36.327	-3.639	-5.216	-1.0511189463209
38.056	-5.1676	-2.5888	-0.543317732649324
33.492	-9.8817	-3.9009	0.0721577339863498
32.044	-10.644	-3.7583	-0.107262880699864
38.285	-6.068	-1.6478	0.319788405545093
37.89	-3.3009	-2.8666	-0.3282553604603
37.819	-3.8939	-4.081	-0.691769332110245
35.626	-7.5125	-0.57968	0.0829491876031285
36.085	-8.2433	-1.0166	1.645
37.001	-2.4226	-2.9225	-0.595603490031155
35.791	-7.0583	-0.31701	0.566623077701263
36.787	-3.2912	-4.7881	-0.656708830620636
34.821	-6.2335	-5.3327	-0.58378000906156
34.026	-9.7903	-3.2879	0.79284405646792
36.564	-7.3469	-0.8169	-0.883391890878328
34.516	-1.442	0.39769	0.418407362873746
29.457	-8.1844	-4.6495	-0.661289771214639
30.396	1.5929	-2.7118	-0.801324377717719
37.75	-4.869	-1.3026	-0.934317505553859
37.172	-5.7699	-2.3884	0.732829465667768
37.196	-2.9731	-1.8959	0.462291486202664
37.216	-7.7869	-1.3901	-0.497110973185717
36.103	-2.9353	-0.50444	-0.196911152811224
38.241	-4.5629	-4.0563	-1.36347570183451
36.27	-3.1772	-4.7845	-0.443160956209467
33.092	-2.3509	-0.10809	1.41470624053386
31.505	-10.677	-3.5357	0.163863510043013
28.89	2.0927	-0.92713	0.734425958657045
35.94	-8.616	-2.4003	0.689944237064246
35.873	-6.1718	0.076158	0.154654042128616
34.45	-0.82641	-5.3395	-0.751536117478019
26.97	-0.27744	-6.7405	-0.596795533490984
35.503	-6.2815	0.51715	0.664190819588662
36.968	-3.0594	-1.5917	-1.05835132255034
35.913	-3.5353	-0.26692	1.31272262205608
36.04	-8.1498	-3.5092	-0.711648250639907
37.474	-3.0541	-2.0965	-1.15774502970579
36.51	-8.369	-3.6788	1.645
37.08	-2.6979	-1.4846	-0.616213241364572
36.121	-2.9466	-5.1363	-0.496045504739534
36.032	-2.4254	-5.2954	-0.419195013133726
35	-8.9277	-3.0689	-0.627289808739155
37.07	-3.5895	-4.5398	-0.982881254628241
35.436	-6.7361	-0.95815	-0.185747685061709
32.161	0.91575	-1.7862	-0.790490017958492
37.449	-6.7361	-1.3597	-0.501379062201656
37.29	-3.1505	-4.2486	0.879067592816368
37.769	-5.0176	-1.871	-0.205856996693915
38.141	-4.2786	-2.7783	-0.0672499644523715
34.803	-7.3818	-0.18694	-0.0629008760901036
37.878	-4.0903	-2.2179	-0.159222374552755
36.345	-2.7504	-1.3676	-1.645
37.07	-2.1273	-3.4271	1.645
37.117	-7.0294	-1.3152	0.316695451569122
36.422	-2.8263	-5.0446	0.683213802929543
36.258	-3.1272	-2.1291	1.17012106310138
28.187	-2.0153	0.64751	0.255219332129753
34.278	-8.7974	-3.7387	-0.888861428430359
27.895	2.1727	-0.70999	-0.282372894143516
34.084	-5.1555	-0.37926	-0.735426357234305
38.175	-6.4615	-2.3743	0.904243757115417
36.381	-6.3235	-0.97449	-0.575018702039979
37.445	-4.4388	-3.7318	-0.61974471280974
36.37	-2.9592	-4.9675	-0.189283286733227
36.767	-7.3284	-1.2693	-0.74154228767592
33.607	-1.7542	0.66326	-0.507109233631876
33.449	-0.70302	-0.86649	-0.614253112915146
36.431	-1.4634	-3.8262	-0.844625372137436
37.022	-7.8526	-1.9066	0.0198893891488721
38.032	-3.8433	-2.5224	-0.9755984455141
36.998	-6.6701	-0.68066	-0.438071230267182
37.897	-4.8967	-1.5729	-0.257638864125034
36.478	-7.1979	-2.0881	-0.662663366520748
34.705	-0.88028	-5.109	-0.347899771975904
36.191	-1.9754	-1.1911	-0.812923431799547
23.219	-11.625	-3.7246	-0.910437812402247
37.001	-3.1956	-1.9825	-0.841749163607382
37.166	-4.2299	-4.5378	1.645
36.932	-2.2441	-4.676	1.645
34.285	-0.88002	-5.7289	0.352652815659591
36.613	-3.0796	-0.94265	0.656135723152265
37.82	-7.0502	-1.9993	-0.969959327255539
36.339	-6.8364	-0.98471	-0.141917334017335
36.133	-7.4211	-1.9201	-0.669597812317661
36.752	-3.5477	-2.6273	-0.0289443227474511
35.53	-1.198	-4.9193	-1.14085225740066
36.872	-7.3054	-1.1125	1.00753006682648
31.849	-10.422	-3.1593	0.0516364402255666
31.307	-10.824	-3.7747	0.891479179027493
33.674	-1.1195	0.1615	-0.301585796002658
35.475	-6.9959	-0.76676	0.805519145399597
34.309	-1.5814	-3.0886	1.645
36.03	-6.7396	-2.2656	-0.654869073165181
24.414	-12.142	-3.2013	-0.263766605912978
36.358	-1.9963	-3.3979	1.645
36.758	-6.2914	-0.49534	0.305615413617562
36.444	-7.3508	-0.80357	-1.16350324345531
35.748	-1.2876	-4.9432	1.16254887000685
26.345	-1.1055	0.5634	-0.891021186841757
36.519	-6.8297	-1.8835	1.45499080209515
37.012	-7.3768	-2.6185	-0.653229137079234
34.078	-0.040589	-5.3448	0.030419115033975
32.924	-0.29634	0.38633	1.645
33.449	-0.6842	-5.706	-0.470173056227981
32.677	-8.7274	-4.1685	-0.847376750392427
38.411	-5.9434	-2.5654	0.6746104464722
30.923	-10.273	-3.951	1.14209615460948
33.353	-0.15211	-5.6436	0.509349810406376
37.03	-6.9054	-0.89318	-0.954186060914399
36.671	-6.1766	-4.2952	0.531746469513803
35.913	-7.6121	-0.87189	-0.622253249169738
36.787	-5.5935	-0.20183	-0.552607118553562
37.883	-2.6633	-2.9858	-0.29963030358233
25.14	-11.017	-4.1427	-0.659679201821051
38.328	-5.5245	-1.6957	1.28618700459477
37.016	-2.6871	-3.6991	1.645
36.309	-1.0166	-2.6914	-1.20490081279046
37.348	-6.6439	-1.5268	0.558951660696406
33.447	-0.099584	0.24688	-0.670367455981762
31.828	1.1086	-2.2523	-1.27957937446566
24.371	-1.4143	1.2245	0.432603631928791
34.343	-1.6947	-5.9695	-1.14542242315386
32.13	-10.432	-3.3767	0.145799188502528
36.35	-1.06	-3.5694	0.218428578862663
35.159	-5.0452	-1.1061	-1.27434388597794
27.506	2.6504	-0.70193	-1.19615389569901
35.498	-8.087	-2.6598	1.645
37.907	-5.6622	-1.514	1.645
36.783	-8.0664	-2.712	-0.482329985047597
36.922	-6.114	-0.78434	-0.710771250401626
37.523	-5.7548	-4.5898	0.243131747432071
36.613	-7.0288	-0.34779	0.322524363462759
36.904	-2.4271	-4.0264	-0.76241006170379
33.493	-0.10664	-5.5756	-1.13121185224493
29.408	-0.87213	-6.5897	-0.643641325638494
22.195	-0.52443	1.9394	-0.652856741595952
36.842	-7.1254	-1.1484	-0.412629568746878
29.667	-0.36181	-6.2471	-0.610766108697666
30.43	-10.246	-3.9492	-0.575341754771365
36.836	-2.003	-4.5542	-0.170075322842868
35.481	-2.2084	-0.77026	-0.794214230834042
33.288	-0.28058	-5.9272	-0.784665396798724
35.131	-7.9391	-1.5386	0.218635575272166
32.167	-10.434	-3.3169	-0.539904929901516
36.152	-7.3342	-0.95071	-0.459705497507756
37.16	-7.4515	-1.5202	-0.693074567045925
30.906	-10.083	-3.4443	0.224202698884448
36.139	-7.2369	-0.64364	-1.11636014471075
34.187	-1.4715	-5.6999	1.08590492359427
35.72	-8.5251	-3.5035	-0.490645170595373
37.269	-6.4643	-1.3187	-0.469137548528386
37.254	-3.0555	-4.385	1.645
34.751	-2.076	-4.7894	-0.357241885257329
36.875	-6.5702	-0.73131	-0.175630174381322
31.258	-10.897	-3.3516	-0.289021635032919
35.158	-7.4175	-0.57039	1.645
38.197	-3.1683	-2.8039	-0.894493855389797
37.38	-3.0814	-1.6637	-0.867111544930727
28.019	-0.25125	-6.6692	0.644097343440536
30.715	1.0071	-0.9415	0.132313265356754
36.568	-6.7341	-0.43936	-0.106097760841411
36.523	-6.9224	-0.55317	0.0662008014401512
32.516	-0.5129	-6.2823	0.228490433129765
36.294	-2.8729	-4.9081	-0.0660014754541507
34.169	-2.2291	-0.29475	-0.837216269152909
36.952	-8.0395	-3.7747	-0.113694561570193
21.749	-12.082	-3.1072	-0.533029787520541
37.301	-2.9975	-4.1287	-1.1731301260708
35.257	-2.0901	-4.006	1.05145133804804
37.16	-6.6232	-0.7396	-0.6185397281876
36.446	-6.3734	-4.8093	0.91599489146532
37.522	-6.8014	-1.605	-0.88955669656403
36.023	-3.1128	-0.9772	-0.760186462758646
22.237	-11.81	-3.5527	-0.449931934558256
36.588	-2.8971	-0.65573	1.35353647540238
38.371	-4.863	-2.051	0.763373409665452
27.224	-11.557	-2.9923	-0.967269369701245
37.252	-3.2123	-4.5515	-0.826309230069776
35.233	-1.7225	-5.4094	1.645
36.301	-7.5684	-2.2311	-0.130693148423913
36.099	-2.2894	-4.5739	-0.077604021659673
28.368	-0.59665	-6.7559	-0.468028057999318
36.358	-3.1915	-4.9347	1.645
37.574	-2.8168	-1.8882	-0.0918903586298935
36.82	-6.9642	-1.231	-0.0846031283155918
36.838	-3.1052	-0.58324	-0.692691469120158
37.298	-6.2867	-4.72	-0.714498153195022
25.345	2.9604	0.81839	0.0259395055051295
37.14	-3.0531	-2.5682	1.645
36.751	-6.7733	-0.83624	1.26928829655689
35.686	-6.1698	-4.8122	-0.509469883097895
29.979	-11.824	-2.9049	-0.643276276944761
36.765	-2.6537	-0.90358	0.613805685664189
37.434	-4.6484	-2.4277	1.44999285235755
34.157	-1.6204	0.0068926	-0.516116989245381
36.163	-7.092	-0.771	0.330836050712662
37.352	-7.3788	-1.6396	0.174964017418046
37.033	-2.5461	-1.0928	-0.218416285043206
22.895	-11.764	-3.655	-0.0417706654970193
37.144	-2.5994	-2.8073	-1.00232027608534
34.051	-7.057	-4.9855	-0.710387266455746
35.031	-0.73919	-5.3013	0.0858490241996742
25.316	0.0397	0.96357	-0.785049956738617
37.101	-6.2474	-1.5272	0.315262271221962
25.402	-11.378	-4.1255	-0.218739382706007
37.508	-7.0244	-1.8393	0.0171159763072157
36.805	-6.8704	-0.46855	-0.804141062146568
36.981	-6.59	-0.49138	0.154449447260378
37.362	-2.3661	-4.0574	0.112546802586353
33.453	-9.9212	-3.2833	-0.171840039424637
37.81	-6.0972	-2.6215	-0.548062544189614
33.895	-8.0079	0.42918	-0.609561365627051
28.632	2.1882	-0.58482	0.336473157385516
36.261	-5.9674	-0.39885	-0.321948865227893
33.033	0.14127	-0.89016	-0.294264065472422
36.474	-2.0151	-4.8982	-1.35110562430081
28.343	-11.733	-3.5872	-1.16771095408558
34.925	-1.4506	-5.7603	-0.761875833070426
37.827	-3.3669	-2.5679	-0.412491796855872
37.26	-1.8777	-3.7953	-1.14021582780271
29.989	-1.4419	-6.6104	-0.759316722704717
36.626	-6.7312	-0.7282	-0.737656865074081
36.741	-6.2321	-0.25214	0.0401857416212374
36.21	-7.1793	-0.91817	0.47616852271072
36.16	-6.4134	-0.87063	0.781052810031087
32.857	-1.747	1.0811	0.0538347077157738
28.865	1.751	-0.48839	0.770300790630162
30.671	-0.85242	-6.8893	-0.424136093032813
28.46	2.2846	-2.1237	-0.541617009389127
27.664	-10.9	-3.9195	-1.09823549230991
35.349	-1.7696	-4.8635	-0.947732672570331
37.138	-4.5323	-4.5154	1.645
35.692	-8.8069	-1.7571	-0.539584864860234
24.144	-11.871	-4.1725	1.645
21.132	-1.0722	1.3773	1.645
36.38	-3.1166	-4.3906	-0.593790192417969
36.927	-6.6277	-0.54409	-1.13137166289477
36.927	-2.4784	-4.6331	-0.725072936523667
38.265	-6.0586	-2.7998	-0.513648442126441
37.436	-2.0099	-3.387	-0.926747496442525
27.77	-11.555	-3.6482	-0.875735141396358
34.952	-1.4921	-5.7799	-0.914642011165293
37.31	-7.5264	-2.6178	-0.116785866869652
37.13	-6.6506	-0.87502	-1.11043274563579
34.237	-8.2289	-3.8283	-0.643891757386791
33.177	-9.7487	-2.9992	1.56740611814867
35.04	-7.5716	-1.0808	1.05075249273446
36.963	-3.5361	-2.5995	1.645
31.012	0.82625	-1.0063	-0.282883343930957
31.554	1.5166	-0.70294	-1.31680349270448
30.903	0.73487	-0.78254	-1.0191130081685
35.129	-7.3311	-0.43908	0.377292318950364
28.759	-11.084	-4.2342	0.73438512278673
37.412	-6.2447	-2.696	-0.391115497130096
36.922	-5.6457	-4.9601	-0.76407107943286
37.332	-7.2515	-3.8961	-0.414710400914133
36.965	-3.0487	-1.9398	-0.660157721401375
28.015	-11.269	-3.5031	0.0302365926644426
14.631	-11.506	-3.6427	-0.359387836357726
29.709	-1.2098	-6.7267	-1.05576777915305
36.647	-7.5774	-0.80506	-0.57970167060781
35.83	-8.0329	-0.94709	-0.853814189778375
29.977	-11.456	-3.3584	-0.207467170296139
27.546	2.3168	-0.11179	0.246394954995099
24.667	-11.97	-3.4268	0.217831183123723
37.836	-4.3579	-3.3202	1.632146344984
37.157	-2.2965	-4.1908	-0.771687737468162
35.653	-8.8056	-2.0148	-0.643872994040153
37.261	-2.7718	-4.19	-0.92250490073404
33.459	-6.2113	-5.0877	1.645
35.769	-1.7993	-5.2612	1.645
22.13	-12.369	-2.9595	-0.143279559683096
37.709	-3.0288	-3.4199	0.0492004552626793
35.595	-7.1083	-1.4836	0.0246275298341764
31.882	-0.57295	-5.8092	0.379609013807905
20.57	-11.951	-3.571	-0.609222360201755
37.741	-3.5231	-1.6764	-1.17749936860208
35.576	-2.7145	-1.1661	-0.554484407517587
36.086	-7.7136	-1.5338	-0.0172380903698084
36.414	-2.6558	-5.1461	0.776623183479314
34.883	-4.4287	-1.5223	1.45854967957423
36.426	-7.9875	-4.213	-1.22852698657852
36.064	-7.1385	-1.2273	-0.962137601305972
30.384	-1.1125	-6.3906	1.28874342063287
36.861	-1.5517	-4.234	-1.04622097587045
35.638	-1.1759	-3.9446	-0.202859365160331
35.119	-8.7121	-3.9509	0.995679259805549
32.801	-10.494	-2.9191	-0.116530447083716
34.65	-7.5723	-2.293	0.795462831838332
36.642	-7.6993	-2.0698	-0.359633711701977
25.215	3.2448	-0.1568	0.878596869396083
33.103	-10.306	-3.7632	1.645
27.032	-11.414	-3.9168	-0.820959942311715
35.188	-7.5203	-0.50527	-0.76304206517298
37.173	-2.6245	-3.9132	-0.954458814767573
32.896	-9.6574	-3.1526	0.375793331693256
34.579	-9.3204	-3.3467	1.19152420410266
36.737	-5.862	-0.77037	-0.852406392318725
33.532	-9.5404	-3.8361	-0.696309893152278
36.729	-7.5145	-3.1312	-0.0838675500468766
38.079	-6.2421	-1.3115	-0.00776243266030144
28.073	-11.668	-3.1194	1.47001017759459
31.972	-10.291	-4.3015	-1.48396574173945
36.093	-8.6628	-3.2445	-0.0858530206941015
37.231	-3.9099	-4.7721	-0.35022798280157
37.58	-5.6603	-2.0723	0.0165340298558053
32.833	-9.925	-3.8629	-0.82460794318035
36.693	-6.5135	-1.0092	-0.450567205389842
37.336	-4.2892	-1.3951	-0.625341429316633
34.832	-7.3907	0.24362	-0.706055315145868
36.038	-0.75241	-2.4819	-1.25073569006093
36.732	-7.2218	-0.73825	-0.403794903464012
34.882	-6.9392	-0.59267	-0.746301290740118
26.384	-11.718	-3.1602	-1.10582772882921
27.177	-2.3797	0.14023	0.783481843405378
37.412	-4.5111	-2.4789	-0.314640911769859
35.762	-2.4738	-4.9674	-1.04120800654726
36.491	-1.3732	-4.2775	-1.60770595097865
35.929	-8.1243	-1.4357	-0.161949033915129
36.72	-6.1892	-0.64828	-0.174819315308079
36.254	-2.536	-4.605	1.645
34.361	-1.276	-5.9627	0.277825354919568
36.008	-4.144	0.37998	-0.661490205145297
36.185	-8.2947	-3.287	-0.980983460934532
35.623	-7.3392	-1.1323	1.23113815593593
38.211	-6.7695	-2.7243	0.533780199162299
32.197	1.205	-4.1368	-0.431010473605653
33.42	-1.847	-0.09335	1.645
26.959	-11.641	-3.4896	-0.0649900457886655
37.883	-3.842	-3.38	0.494857854636346
27.479	-1.1421	0.8687	-1.02218608135875
33.824	-9.9319	-3.7705	-0.356297034811287
35.92	-6.9901	-0.49628	1.645
36.853	-6.3522	-2.1496	-0.647657570470358
37.519	-7.3869	-2.6661	-0.884267416059011
36.718	-6.6751	-0.98773	-0.613296203789122
34.571	-8.8569	-2.5749	-0.946360557601118
37.005	-7.4155	-1.2923	-0.514388695826323
26.332	2.8248	-0.26543	-0.366785401545985
35.9	-7.2416	-0.67509	-0.208138060135919
36.651	-7.5829	-1.2475	1.34214822853879
35.513	-9.1151	-3.2543	-1.18179588592737
37.744	-4.8284	-2.8158	-0.911699695984148
37.496	-2.3662	-2.2257	0.462049393283599
36.872	-6.6326	-0.5159	-0.634111103180704
27.377	2.5778	-0.06166	0.690794210252693
36.271	-7.3453	-1.3238	0.310780723769501
37.42	-3.8425	-1.2864	-0.615412465083274
24.626	2.8702	0.65734	-0.831147237408817
37.487	-6.2291	-1.7669	-0.389988205724924
33.716	-7.4941	-2.944	-0.724082641025503
36.557	-6.012	0.058335	-1.02468635522606
37.065	-2.8718	-1.9238	1.645
37.108	-2.6266	-1.3105	0.575314254996814
37.317	-6.8573	-3.3818	0.0827638101921802
34.095	-9.7839	-3.228	-0.829829429873237
28.657	-0.49517	-6.6234	0.0849291082718083
33.114	-0.44001	-5.9828	1.645
35.184	-9.2901	-3.1965	0.258760047031783
37.654	-2.3191	-2.4915	-0.731520241741008
35.815	-7.8946	-0.37288	-0.460807691489456
37.112	-7.3561	-1.2594	1.48397920494953
30.026	1.6761	-1.1057	-0.0936048934811498
24.502	-11.889	-4.0808	1.03759933372274
37.012	-7.5666	-2.4787	1.51102367878216
36.429	-1.94	-1.5444	0.624851320690844
36.018	-6.3323	-1.1371	-0.277970484957387
36.197	-2.5887	-0.88178	-1.19907503810719
31.428	1.6486	-2.2588	-0.546971516055546
36.442	-8.308	-1.1302	-0.813749897990857
31.148	1.1191	-1.7657	-0.71510472997241
35.643	-1.0173	-4.7475	-0.512262563910135
37.201	-7.6178	-1.6684	-0.270583977049657
37.663	-3.1052	-2.6371	0.298935204528622
30.162	1.0924	-0.59141	0.651767877965293
35.527	-1.6899	-5.4983	0.0647441407673228
29.772	1.7553	-0.20628	0.557124509254908
33.728	-7.5046	-4.2941	-1.28835096679156
36.955	-6.6936	-0.62468	0.104998169362955
37.373	-6.9962	-0.69014	-0.230404332079708
34.237	-0.72906	-5.5845	0.0700821470841173
36.304	-5.6636	-0.46282	-0.520816955491497
24.148	-11.976	-3.5319	0.849695390728552
37.93	-4.6532	-1.5629	0.176797681376046
26.252	2.4373	0.2568	-0.216534000900536
35.933	-6.8829	-0.44488	-0.939767381295295
37.494	-5.8069	-1.0089	-1.3629016446158
29.068	1.9082	-0.13313	-0.717063895061696
37.27	-6.4269	-1.0324	1.47078323834954
36.204	-0.51726	-2.602	-0.663936407289491
35.141	-7.3093	-1.8385	0.151760139830725
28.783	-1.1034	-6.5278	-0.713028501579893
18.117	-12.427	-2.7497	-1.24929321464017
28.845	-0.3391	-6.3215	-0.238302023324604
35.861	-2.605	-5.277	-1.04712477805943
37.262	-3.681	-4.3805	-0.265401914349069
37.356	-5.2576	-1.0494	1.645
34.09	-1.9336	-5.9096	-0.7998774189522
36.537	-6.8783	-1.0337	-0.892962225989864
34.224	-1.4421	-5.2872	0.202438159546545
26.933	2.2884	0.38868	-1.08478458005418
36.829	-3.054	-4.6771	-0.622227699021078
36.903	-6.0825	-1.1782	-0.980902211566182
36.546	-7.4554	-1.1895	1.17366708423363
37.421	-4.2265	-4.3602	1.645
34.619	-5.6944	-5.4814	-0.818779439319052
37.543	-6.6177	-3.9242	-1.2093810806873
37.236	-5.8353	-2.0778	-0.821532239811673
35.876	-2.8084	-4.9303	-0.171090826152813
26.475	2.8001	-0.13414	0.500809450391237
33.189	-2.0783	0.76822	-0.827832732882751
33.384	-0.71081	-6.05	0.244240911381444
36.318	-6.8931	-3.2431	0.482374381627581
36.406	-3.0178	-1.5552	-0.823056115205304
35.239	-3.0074	-0.11223	1.645
36.366	-7.7739	-1.273	-0.804263051364236
37.993	-6.6047	-0.58157	-1.45173794620866
33.832	-8.7472	-3.3011	-1.10763029894693
35.159	-1.6508	-5.7185	1.20407316315997
37.496	-2.7345	-3.0657	1.48414056927596
33.48	-0.64767	-5.7709	-0.981884594241556
31.621	1.471	-2.1952	-1.4237987312371
36.304	-3.0943	-4.7781	0.416474907681667
31.698	-1.481	-6.3148	-0.470463145513899
38.124	-5.9004	-1.833	-0.166632722874529
36.582	-3.2051	-5.0006	-0.422340407575574
37.508	-3.0489	-2.1855	-0.345623247231012
36.534	-2.8847	-3.859	-0.0548868371588889
31.076	-10.596	-3.1788	-0.523109222020574
34.079	-9.9018	-3.0968	-0.158465525583294
36.003	-7.4847	-0.98669	-0.652729415719097
36.918	-7.5758	-1.5006	-0.687416682762746
36.344	-2.7243	-5.0541	-0.358177943034629
33.381	-2.7503	-0.92077	1.645
36.986	-3.4192	-4.8641	1.27287797349217
25.808	2.4843	0.20229	-0.0338824707157782
26.577	2.4753	-0.54886	-0.397675761708997
28.461	0.98628	0.17033	-0.768328328999881
27.767	2.2237	-0.43318	-0.386981786263755
36.696	-3.7296	-4.7045	-0.906115604040809
37.081	-2.2684	-3.7777	-0.470256451187658
37.289	-5.8562	-1.1742	-0.0283044167176079
35.735	-6.692	-0.29731	-0.715267568377251
35.577	-2.1617	-5.7207	-1.01537663605408
35.784	-2.114	-0.96068	1.645
29.377	1.7668	-0.97623	1.645
28.656	-0.89458	-6.9293	-0.8435210266437
36.488	-6.1858	-3.8549	-0.569864510444695
37.013	-1.3675	-2.5758	1.01218658160622
30.092	-11.065	-3.1338	-0.485822491909193
37.675	-7.2641	-2.5191	-0.250554764804333
37.721	-2.718	-3.5393	-0.336789255505818
37.411	-6.3305	-1.4893	1.645
37.887	-5.396	-1.5637	-0.345509888377897
37.547	-3.1049	-3.4645	-0.711981853763665
27.447	-11.476	-3.9333	0.0543506847985418
35.549	-6.4596	-0.15332	-0.871909000223842
35.637	-6.7245	-0.37612	1.20324739094698
37.638	-2.9456	-1.7393	1.52164206298173
28.036	-0.32208	-6.6729	1.21169478448599
35.965	-2.0548	-5.2201	0.267836803740642
36.092	-3.3609	-0.37577	1.24848704818453
36.426	-6.7145	-0.56541	-1.26906129865039
36.296	-3.9297	-1.4904	0.172761393285374
29.038	-11.463	-3.3336	-1.06955944931828
38.008	-3.2008	-3.5752	-0.442548044949739
35.801	-6.039	-0.10692	-0.313935351828791
28.339	-11.288	-3.7747	0.449255632025925
34.344	-1.2254	-5.6987	0.645142490461345
37.974	-3.6555	-3.1281	0.579151636621565
35.727	-1.6297	-5.1851	0.454416386884654
31.516	-1.6663	-1.0651	-0.226948954927974
37.425	-4.7946	-3.5831	-0.817749679607279
33.832	-9.4165	-3.2844	0.452931217369559
37.658	-4.6228	-3.5033	1.37664458379044
36.452	-2.8956	-0.53636	-0.181129529633908
37.059	-7.1464	-0.47755	-1.07760280749099
36.438	-5.6209	-1.0791	-1.08404455332879
27.534	-0.34665	-6.4868	-0.584321710815166
30.283	-1.7556	-6.5862	0.0460744064213179
27.568	-0.41487	-6.818	1.645
33.524	-0.99915	-6.1235	-1.05715055043225
36.195	-3.0407	-2.149	-0.716738544836118
35.617	-3.9137	0.42156	-0.681008545073105
38.09	-4.6696	-3.7878	-0.806010362302509
31.359	1.133	-1.4757	-0.0679361335029732
38.576	-4.8825	-2.3728	-0.371037670817657
26.877	2.3493	0.26303	-0.677208331600391
37.766	-3.2181	-1.9562	-0.616702808398224
37.734	-5.9544	-4.0513	0.645800180852953
37.809	-6.3381	-1.42	0.722047327587744
30.4	-10.876	-4.4696	-0.812465787538117
36.626	-3.6918	-0.73483	-1.15888709306362
26.47	-1.2093	0.66759	-0.914846354035428
27.676	-0.63697	-6.9622	-0.718658996172515
29.359	-1.6151	0.50232	0.765076954121634
21.996	-12.117	-3.2949	-0.518301686422565
37.885	-6.1483	-4.0581	1.18267565109721
37.007	-3.2381	-4.6457	-0.0092410181726193
37.798	-6.4612	-2.1662	-0.617009185649883
36.007	-6.7848	-4.2244	-0.392131716350318
33.859	-9.2605	-2.5721	1.645
36.001	-6.2461	-0.9769	-0.439027701664181
28.68	-0.5989	-6.5866	-1.17567535654554
26.612	-11.577	-3.6266	-0.387624162573617
34.114	-0.95412	-5.5611	1.2661744415689
37.056	-2.086	-4.1943	0.848455441607905
36.51	-6.2637	-0.54518	1.645
36.42	-7.2465	-0.79641	0.11673074654996
35.361	-7.6139	-0.68234	-0.403062543031018
34.568	-8.0682	-4.3868	1.645
37.718	-6.2576	-0.89144	1.645
37.496	-3.2443	-4.1554	0.802336684326479
33.552	-9.7298	-1.7604	-0.733801664631547
30.039	-10.6	-3.9322	1.20614426795372
33.679	-0.86234	-0.17042	-0.77276259305462
35.868	-5.9551	-0.76246	-0.346892089926607
35.954	-7.1988	-1.5628	-0.769930127344413
29.524	1.8227	-0.21233	-0.289443411271853
36.528	-6.7207	-0.3798	-0.518441076171094
37.294	-5.8666	-0.45628	0.458290573755061
36.017	-3.9337	-0.15164	-0.586561092741385
29.504	-10.993	-3.853	-0.656154617630953
37.034	-3.681	-5.0419	-0.232595193693427
35.878	-8.1252	-1.6888	-0.759270220930168
37.305	-7.1596	-1.4898	0.927377962732493
29.737	-10.997	-3.7093	-0.332378689305985
36.103	-2.9022	-4.7952	0.881472627726847
36.451	-2.0925	-4.9467	-0.55892056657022
35.221	-8.5458	-1.1697	-0.671318158337862
27.274	2.4161	-0.10539	-0.65986384796154
36.382	-2.1964	-0.9519	0.0455054368821668
35.947	-7.6318	-0.92707	-0.054449600265248
36.04	-7.8278	-3.3901	1.54215923765367
30.435	-2.0178	-5.0573	-0.501259378853331
35.997	-3.0534	-4.6892	-0.590965869050134
33.099	0.055081	-5.2592	0.863798084905617
20.317	-12.541	-3.2969	-0.379110141936539
37.148	-5.3387	-0.68234	-0.465405583408463
35.716	-8.4489	-2.1184	-0.655424347990572
37.103	-6.7509	-1.4273	-0.80611940835096
25.634	-1.2253	0.94194	1.06955310461251
35.897	-8.9728	-2.3728	-0.510040281212397
37.957	-5.771	-1.0749	-0.0580530534514255
25.499	-1.9116	0.89186	0.227117052604389
35.984	-1.9774	-4.2136	0.847894273263698
36.646	-6.9621	-4.4572	-0.803386173976762
35.042	-7.5012	-4.9165	-1.15296530726753
26.151	2.5267	-0.32816	-0.446572935409475
33.892	-0.68384	-5.8885	0.236371241393361
37.241	-3.7254	-1.2785	-0.392546325346394
24.91	-11.954	-3.5912	-0.36279624965134
29.143	-1.0016	-6.5471	0.586381425692525
32.987	0.16537	-5.4076	-0.939338534758416
29.205	-1.0063	-6.6398	-0.475900261638008
31.672	-6.1599	-5.747	-0.130410211415144
36.328	-7.1272	-0.93379	-0.141816888753007
23.875	-11.581	-3.7265	-0.524503652397142
37.447	-2.7711	-3.2962	-0.0546561774035508
36.67	-6.252	-0.26205	0.193568676403283
36.981	-7.338	-4.1057	1.25949171915533
27.474	2.3031	-0.87242	-0.28523034449576
36.026	-6.626	-0.1023	0.4362278363573
37.4	-6.6576	-3.761	-0.277247413105627
28.21	-11.078	-3.6007	0.155712735601605
36.383	-6.8969	0.11651	0.262415837234276
36.307	-6.6518	-5.0565	1.645
34.702	-1.6396	-3.8829	0.692858206139611
37.905	-5.2701	-3.6581	-0.746187234585887
36.636	-8.1869	-3.6598	-0.697189900935524
33.383	-10.034	-3.4276	0.0879538276785984
33.203	-10.02	-3.7952	0.10601691674996
37.717	-5.9636	-3.8253	-0.92602844254237
37.405	-2.8884	-4.2719	1.60280945456709
36.492	-7.1408	-1.0361	0.613269314559507
37.359	-2.1066	-3.8716	-1.645
38.313	-5.8634	-3.2643	-0.187985638738564
34.864	-0.4048	-2.0771	-0.525877801089639
36.808	-7.1617	-1.0805	-0.998655281077093
36.212	-2.8864	-4.4424	-0.000526205699892135
29.947	-10.855	-3.69	0.843567435274653
35.54	-1.4891	-4.931	1.645
36.514	-2.8311	-4.6458	0.712935580837554
35.636	-9.2272	-3.3149	0.478728638651787
35.417	-9.3933	-3.2228	1.60000125247109
38.36	-5.3256	-2.9136	1.42166270012128
36.206	-7.2978	-1.6692	-0.693287848494939
37.969	-4.1044	-3.9668	-0.911593014202832
36.942	-6.4637	-0.66239	1.39355109745693
31.917	-9.7447	-4.6294	-0.605514647093179
35.111	-2.7285	-5.6907	0.900375647676803
38.365	-5.7093	-3.163	-0.374098093644737
36.734	-4.8522	-4.9762	1.46335966956084
35.991	-7.1105	-0.27884	0.564078137325979
37.973	-4.0567	-3.8317	-0.486495755364684
36.334	-6.388	-0.29077	-0.933127371640534
27.931	-0.28496	-6.5634	1.645
36.627	-4.0545	-5.0559	1.645
38.305	-4.7921	-2.3396	-0.497972450281556
35.927	-7.6408	-0.39627	1.645
35.763	-0.51963	-3.4807	-0.706327935441909
32.498	-1.6331	0.075498	0.810095303319056
34.929	-9.3154	-3.3453	0.0537605934114452
34.886	-6.2481	-5.5571	-0.77688380961319
28.704	-1.2358	0.73461	0.140314870360652
36.092	-7.0394	-3.7643	-0.379403190741934
35.556	-2.9167	-0.96308	-1.06275112883585
35.983	-8.1255	-2.4158	0.0391369168237858
36.828	-7.5118	-1.7764	-0.125566619145951
35.622	-3.6657	-1.0615	1.645
36.088	-6.6977	-0.52185	1.645
33.721	-9.813	-3.1666	0.973067128475709
33.046	-8.5364	-0.65937	0.805777206237799
36.854	-3.5895	-4.6313	0.311308121575708
37.645	-3.0373	-2.7639	1.645
36.956	-3.2025	-4.4751	-1.12739582714973
35.855	-8.5351	-4.1011	0.0414886424020235
35.285	-8.2893	-0.64382	-0.501187809963354
36.385	-6.6891	-0.91737	0.477560189789405
36.419	-6.6899	-0.5559	-0.973473761089635
36.981	-6.4968	-1.3048	-0.63549041915647
16.546	-12.122	-3.0507	-0.187932844518038
36.473	-1.6404	-4.767	0.334332820450452
35.521	-7.0953	-0.81215	-1.20056638421166
38.086	-4.8205	-3.8928	-0.00829037939837129
36.359	-7.4549	-1.0004	-0.535119149597306
34.348	-1.5875	-5.124	0.157429940294474
35.285	-7.5377	0.066807	-0.438670319605062
37.344	-5.4244	-3.918	-1.13767648564257
37.247	-5.6924	-4.4819	-0.564250966578336
37.692	-3.8642	-3.9815	-0.591383521685827
34.93	-7.4385	0.28604	-0.922575133785666
36.36	-2.2355	-0.98092	0.333543263263463
37.18	-7.2877	-2.0295	-1.17355204725477
29.185	-1.0694	-6.7569	-0.635863629882595
38.205	-3.7763	-2.7418	-1.0440514946068
36.759	-7.1446	-0.57465	0.0233215657034155
27.788	-0.7983	-6.5807	1.05905571030933
25.232	-11.836	-3.4376	-0.607823209395952
36.596	-8.2474	-2.108	1.645
36.946	-7.1431	-0.98937	-0.78933510376033
36.78	-7.3321	-1.024	0.832654711570285
36.627	-6.1571	-0.69163	1.51246497220998
33.279	-10.124	-3.4263	-0.200803015518572
28.401	-0.6673	-6.6758	1.32170883388895
32.89	0.72047	-2.1587	0.900779302607851
36.966	-5.8746	-2.2644	0.857510169693055
29.141	-10.738	-4.3405	-0.229777282665882
36.939	-3.7073	-4.6069	1.645
35.608	-8.7425	-3.6319	0.851424203221084
35.35	-9.2134	-2.9742	0.901809377010941
18.772	-12.196	-3.1299	1.35174844998026
36.221	-7.3412	-4.4751	0.00296726123625708
36.04	-6.7814	-0.20054	0.921318008703599
37.192	-7.2199	-0.97104	-0.0148935801001061
35.336	-1.5855	-5.3664	0.446894256063018
34.061	-9.7107	-2.6267	0.234640097077763
26.788	-1.3344	0.7076	0.444834992992474
37.586	-5.8647	-1.1041	0.936435725819464
37.272	-6.8375	-1.1314	-0.697379200113104
34.92	-2.2908	-0.34357	1.645
35.848	-8.0086	-0.74692	-1.02511261454265
35.172	-5.0249	-0.59907	-0.935322588951547
33.919	-7.0507	-5.0645	-0.743685845758708
35.97	-1.7404	-1.3486	1.645
34.865	-8.7229	-3.4379	0.811651925187941
22.106	0.18732	1.8667	-0.626786603066636
34.572	-9.5317	-2.8881	1.22183743177899
36.802	-7.1285	-0.91854	-0.403691037904197
36.98	-3.2319	-1.217	-0.70817668151393
36.624	-2.5872	-4.7152	-0.165821342074379
38.19	-5.2303	-3.4668	-0.541201055180115
35.477	-1.5291	-5.0441	-0.473285079008603
37.316	-6.1483	-0.43037	-0.673435837377048
27.282	1.8772	0.36123	0.524076621071276
35.425	-1.3523	-5.359	1.04046518021777
29.373	-1.8565	0.38733	1.23027473105235
34.081	-0.19025	-0.19369	-0.676765939362833
27.649	-11.462	-3.5438	-0.74228249719924
36.775	-7.7189	-0.67347	-1.03604861592227
36.587	-6.9588	-0.9185	1.14125644077159
38.398	-5.8134	-1.1318	-0.701706808094389
36.387	-2.0945	-4.6511	1.43842212889384
36.885	-8.2585	-1.4113	-0.128764619256427
37.271	-6.6982	-1.6293	0.0673520267001129
36.433	-4.7672	-1.4114	-0.481353514852755
36.077	-2.6253	-4.9514	0.300531403027643
33.908	-0.57427	-1.1263	1.645
27.805	2.13	0.2655	0.622890756616263
28.812	1.5111	-0.18542	0.0544898957525812
22.905	-1.2773	1.3333	-0.254830311900822
33.119	-10.31	-2.9906	1.01075493420538
37.307	-6.0201	-1.5607	-1.0010297102615
37.918	-7.0786	-3.0856	0.616020066990072
35.14	-0.37334	-2.7565	1.07129905594319
37.485	-6.3438	-1.5371	-0.728210045073179
37.664	-2.5775	-2.7475	-0.23161605051201
36.1	-5.7452	-0.9397	-0.676277620063442
37.467	-3.1874	-2.2578	-0.306139229211673
36.695	-8.3244	-3.4796	-0.78948377038662
36.12	-6.4143	-1.0835	1.13938869875436
34.271	-9.6149	-3.6763	-0.866985822745132
29.318	-10.906	-4.083	-0.959036055938235
36.733	-2.908	-4.739	-1.00625687632943
37.031	-6.9763	-1.0374	-1.23001579367762
36.825	-5.2081	-2.5948	-0.806105911001567
37.307	-3.9139	-4.5918	-0.538546778450147
20.494	-12.103	-3.3423	-0.201466787857662
29.561	-2.1923	-0.92529	1.645
37.283	-5.6156	0.019012	-1.04129856524782
27.877	-10.224	-4.2064	0.375137912174946
33.209	-1.3065	0.58739	-0.85839834866471
35.249	-6.5454	-5.549	1.645
28.452	-0.64826	-6.6807	-0.502691608762911
28.257	-0.68969	-6.8239	0.863355669196665
36.663	-3.1631	-0.3802	0.0919713537690178
34.841	-1.1825	-5.6789	-0.762464096418617
37.28	-2.8613	-4.4514	0.93153862108199
31.074	0.26967	-6.3372	-0.12851313973329
27.089	-11.553	-3.8875	0.909156533113958
36.934	-7.1197	-1.3898	-0.598731291766026
29.138	-11.188	-3.8476	-0.0304399909763641
29.648	-0.84476	0.71673	-0.32255264743153
32.829	-2.2829	-5.3286	1.19192948407424
34.05	-7.3166	-5.0561	0.228363156798365
36.673	-7.7313	-1.7312	-0.820383377962548
31.65	0.84958	-1.5053	-0.389929164015413
35.679	-7.0002	-1.2115	0.236397299067634
36.115	-2.5821	-0.79798	-0.468699019479466
36.06	-7.5642	-0.4854	-1.21147027559161
36.105	-7.5793	-1.0388	0.872318633434655
36.602	-7.2462	-0.74841	-0.396628284059698
34.469	-3.1586	0.16337	1.18230619071797
35.879	-1.4706	-5.0897	-1.29760122162646
37.034	-2.7736	-2.7544	-0.485697415263366
36.676	-4.9225	-0.54227	0.728859432802064
38.099	-4.1749	-2.0066	0.119301229388205
33.366	-9.9976	-3.4617	-0.952650466005484
37.579	-7.1001	-2.0947	-0.802341189730484
35.622	-2.128	-5.639	-1.15815261302038
26.305	2.5123	-0.34699	-0.728087241581082
29.628	1.4832	-0.091737	-1.07020491193181
34.944	-1.8333	-5.6746	1.54229616421649
29.473	-0.48085	-6.5681	0.325162100511706
22.178	3.5218	0.97528	1.645
36.13	-2.8164	-5.1146	-1.06687158267077
36.716	-1.7406	-3.0904	0.285613655102432
28.577	-1.9917	0.59004	-0.733970438532442
33.946	0.48495	-2.0193	-0.646342727809593
34.85	-8.5722	-4.0191	-0.12469108103932
36.835	-3.5596	-0.94827	-0.928658982729773
30.542	-6.0829	-5.3952	1.645
37.247	-6.3258	-0.74275	-0.232923736761641
37.832	-5.746	-1.2789	-0.330680207786543
36.059	-5.4499	-1.2052	1.22075803627634
29.127	1.8274	-0.60295	0.237651976787958
37.835	-4.0336	-3.727	0.348140565440501
36.561	-8.08	-2.507	-0.993186794787982
35.835	-5.3318	-5.5868	-0.693183738136034
36.54	-2.6445	-3.9797	0.209038383889919
37.872	-5.7018	-1.026	-0.882109771363504
37.485	-6.1472	-1.8209	0.994042950940695
30.909	-10.532	-3.6165	1.04465804306481
36.399	-7.0935	-1.8265	0.906215285940398
37.657	-5.2865	-0.77623	-0.0983790437910378
36.378	-8.7082	-2.2334	-1.0321046571442
31.478	0.98321	-0.87069	0.25246337932447
36.16	-6.2388	-4.6065	-0.771609440838022
37.406	-4.0066	-3.9598	-0.508286143606354
27.416	-11.642	-3.608	0.193051110895569
36.301	-1.469	-4.8456	-0.781705244647119
28.168	-0.41404	-6.7192	0.500079787701452
33.537	-8.6364	-4.1537	1.645
29.803	-10.77	-3.5859	-0.974444249064838
20.474	-12.495	-3.206	-0.68081207490717
31.359	1.2267	-0.79001	0.175776852921704
36.361	-7.4636	-0.51885	-1.4486944378153
35.12	-1.2742	-2.8903	0.742478866950663
34.523	-6.4037	-5.2684	0.394082566470432
38.11	-4.4154	-1.7878	-1.31427862064141
35.365	-1.0409	-4.4356	-0.00346002697157119
34.816	-1.9829	-0.24815	-0.386029084999201
37.498	-3.5547	-4.4466	0.646446165076451
37.029	-6.5279	-1.0449	-0.656312604950375
36.039	-7.5015	-0.37316	1.01513398745299
36.883	-3.2841	-4.7561	-1.25904293074462
28.421	-10.501	-3.8962	-0.296641332396684
36.476	-7.382	-1.0621	-0.182386561899412
29.477	-10.678	-4.2809	-1.42099930408663
35.139	-7.3104	-0.6746	0.541246021351739
32.421	-9.9028	-3.8736	-0.685257504079943
37.221	-6.2661	-0.70586	-0.0249543319887667
37.745	-6.0125	-2.6235	-1.16106434031018
36.947	-7.3373	-1.2444	0.294863698221653
36.415	-2.8229	-5.3315	1.645
30.821	-10.162	-3.2975	-0.299669568402159
34.672	-9.018	-2.7887	0.942526293705652
38.155	-4.6891	-2.4946	1.16996666566246
35.653	-7.9359	-0.91161	-0.189403259566931
35.114	-8.5241	-4.0748	-0.360270891737013
29.101	1.8205	-1.2912	-1.03696746452335
36.233	-7.5856	-0.90686	0.44242728693645
34.858	-0.90232	-5.1763	0.869788109107645
31.845	1.0033	-1.1008	-0.366708807061553
34.364	-0.084456	-4.3062	1.645
38.29	-5.6387	-2.4153	1.645
34.545	-0.57259	-5.36	-1.17188168066437
36.946	-7.765	-1.2246	-0.820863769677181
36.291	-3.2826	-5.4975	-1.08568242708097
36.493	-3.2037	-1.737	0.0607861227188873
24.948	-1.1145	1.1193	-1.06849278661235
34.954	-8.59	-1.2637	-0.28642845159742
36.841	-6.0594	-5.141	1.41163172891359
37.331	-2.3602	-3.1346	-1.38374983852999
29.985	-11.016	-3.6217	1.02128257073681
36.281	-7.2612	-1.4428	-0.776232152961212
27.815	-0.57083	-6.707	-0.159428430416596
35.681	-7.0142	0.034118	-1.00366793500812
36.105	-7.3621	-0.27467	-0.911232131357945
35.171	-6.1369	-1.2886	-0.967372504185481
34.347	-0.98887	-5.2431	-0.271068844613722
35.615	-2.2489	-4.7724	-0.33804160938054
35.502	-5.9782	-1.6541	-0.256244745943159
37.55	-2.3992	-4.0514	-0.624375578827663
27.737	-11.284	-3.2202	-1.05389108095134
37.46	-4.4038	-1.0835	0.0106377148880244
36.329	-1.779	-4.8389	-1.21327061316051
32.516	-10.186	-4.2238	0.587934874705908
36.757	-4.3829	-1.9128	0.753779770791969
33.627	-10.262	-3.7998	-0.727225498931552
36.545	-7.0306	-0.54223	0.544807324731296
36.43	-6.2279	-0.72841	0.696545461347196
36.289	-2.5821	-5.4333	1.603529813497
27.464	-11.751	-2.8039	-0.942763589336747
34.572	-0.91389	-5.3163	-0.75808820126544
36.496	-7.1131	-0.84695	-0.788098795025579
29.891	1.399	-0.59674	-1.01644622267156
33.965	0.34185	-2.8306	-1.12703741670781
26.906	2.3831	-0.26394	-1.2284916489755
30.806	-9.287	-3.5933	0.125931611202736
34.108	-1.3907	0.43458	-0.601576649205818
35.409	-7.9537	-0.78786	-0.348265516007284
33.853	-7.9412	-4.2012	-0.343674545716104
31.846	-3.3065	-0.63738	-0.708346390641712
35.372	-7.55	0.094466	0.42546820851458
37.269	-6.594	-4.1428	1.48559330794119
37.902	-5.9908	-2.0936	-0.819625176874783
34.234	-9.0501	-4.1876	-0.901454856663793
29.196	-10.899	-4.0629	0.116500254538224
35.517	-6.5056	-0.50915	0.637113599507598
37.27	-6.2276	-1.1357	-0.438995175474846
36.92	-3.6492	-4.6394	-1.14550157352053
33.298	0.35184	-3.695	-0.991279346708401
28.23	-0.50422	-6.5389	0.458067139784787
27.025	-1.1452	0.8769	-0.497736626528766
35.452	-7.5059	-1.1164	0.47063625924469
26.865	-11.889	-3.6093	-0.609658529862309
26.909	2.6637	0.026832	1.64193795870483
33.231	0.16905	-5.6528	-0.632724136451018
36.084	-6.9266	-1.1155	1.00691352312406
36.229	-7.0194	-0.57746	-0.850071909107331
37.71	-3.7762	-3.6003	-0.869668840395083
29.642	-1.2463	-6.7948	1.645
36.944	-6.5048	0.15745	-0.526089013648924
28.861	-2.2487	0.5869	-1.14665980044456
36.237	-7.9567	-0.56517	-0.327792275768679
36.394	-7.593	-0.62675	-1.00882274786192
35.954	-7.1833	-0.97152	-0.159839463315563
16.859	-12.177	-3.2421	-1.18055654832675
36.054	-8.1439	-2.2738	1.0623628440477
37.188	-3.3266	-4.129	-0.804696050761274
36.593	-5.8661	-0.6886	-0.667670314353513
34.583	-9.2741	-3.2361	-0.638781503939484
30.852	1.7849	-1.8279	-0.693850428761449
38.171	-4.4907	-2.327	-0.0225725610534053
36.989	-2.1522	-4.4694	1.07599014878445
36.627	-2.2565	-4.6513	0.185412112811159
35.901	-7.5783	-1.5121	0.240528460144572
37.809	-7.1081	-3.5919	1.47249321927027
27.944	-0.12737	-6.92	0.0479228994693529
36.223	-7.4272	-1.0084	-0.357501960508995
37.652	-4.4151	-4.0434	0.904319184418517
34.351	-9.3416	-4.3517	-0.120059330158711
35.461	-6.7856	0.21	0.498306494499844
35.992	-6.343	-0.027214	-0.622242142769011
36.616	-6.8313	-0.47681	1.645
36.937	-6.6664	-1.0888	-0.544513495609387
37.393	-6.592	-1.4972	-0.73289641564601
34.952	-6.4194	-5.1862	0.872081576875634
37.184	-1.7013	-2.732	-0.685928748417699
31.457	-0.30158	-6.5963	-0.922291570886976
34.387	-0.70831	-5.5504	-0.468534198572841
36.613	-7.1136	-0.79163	-0.85724706918532
35.228	-8.4952	-3.2171	0.320820091603458
35.179	-4.4275	-0.35156	0.784494258095741
32.785	0.6827	-1.7577	-0.41966866606233
35.886	-6.8034	-0.66589	-1.23355025422599
35.136	-0.6424	-1.0237	-1.18916711417175
29.467	-10.775	-3.9691	0.357728660809451
37.161	-6.9458	-4.105	-0.536436656002891
20.626	-11.99	-3.1838	1.645
35.959	-8.016	-1.3819	-0.535852892819396
36.778	-6.6332	-1.1096	-0.455387007695504
31.452	-9.1478	-3.2273	1.645
29.893	-1.3723	-6.5831	0.901495618107643
33.506	-8.587	-3.743	-0.00955743220067405
36.807	-2.7145	-1.7884	-0.0978243072256571
32.73	-10.178	-2.8586	-0.501131197966197
36.022	-5.6927	-0.69924	-0.0139001931180324
34.055	0.053927	-3.4849	-0.893273061318956
27.673	-11.413	-4.0307	-0.664573630489804
30.682	1.0168	-1.2092	0.369839428241149
37.642	-6.2693	-1.2363	-0.957645118595702
33.597	-0.56617	-5.3621	-1.26987262469933
36.57	-1.9504	-4.6956	0.500410268709407
33.235	-10.72	-2.9872	1.645
27.103	-1.7895	0.51807	0.855759651718455
23.422	-0.66444	0.89025	-0.5527002939113
37.784	-3.0457	-3.1938	1.645
37.742	-5.3859	-2.9074	-0.776581132205366
13.152	-11.939	-3.2046	-0.869105272353693
34.392	-0.67005	-5.3893	0.0633098890509732
33.259	-0.86748	-5.1327	-0.532517531586516
34.409	-9.3628	-3.4874	-0.328451130676597
27.563	-1.7829	0.9933	-0.456857406443842
34.875	-7.5634	-0.67985	1.46786557940737
35.258	-5.3219	-5.4431	0.780183604697362
36.73	-2.8421	-4.3338	-0.212290633512838
35.444	-3.6749	-0.45329	0.380015727280309
21.085	3.772	0.79139	-0.576228421154815
35.295	-7.3557	-2.6164	1.645
32.301	0.83282	-1.4899	-0.730954415515426
29.468	1.8323	-1.3242	-1.14439704747116
37.707	-3.9647	-4.055	0.1108380963863
33.023	-9.9253	-4.2566	-0.783293318854668
37.704	-6.9036	-3.5007	-0.0564946256157756
24.476	-1.1701	0.93116	0.918482067883498
37.587	-7.0356	-2.9008	0.123511971316825
36.479	-2.3034	-4.7111	0.230389820795405
37.407	-3.279	-1.2402	-0.88295105561189
38.637	-6.5948	-1.8103	-0.432725375074201
37.028	-3.37	-4.176	1.645
36.478	-7.7756	-0.57777	0.649164513119203
33.057	0.84632	-2.7147	0.0468801869323666
36.996	-7.5551	-2.6668	-1.645
36.125	-7.0592	-0.43751	-1.04833101966823
37.872	-6.6212	-3.506	0.673603547403116
36.501	-6.4825	-0.69156	-1.33671898397504
33.954	-0.85081	-5.874	-0.867008765048065
36.083	-8.5847	-3.8822	-0.774259435353452
36.409	-6.576	-1.957	-0.864874044267855
33.734	-9.5652	-3.4776	-0.0507320921797613
38.32	-4.8525	-3.1108	1.06336517876883
36.16	-3.0067	-5.1595	-0.545068719752957
31.384	-10.126	-3.673	-0.0287879741388476
35.78	-6.7263	-1.6317	-0.237910859969538
35.407	-6.9301	-1.0617	-0.836278230297753
37.809	-4.4404	-2.6843	-0.132445430715545
34.7	-1.2137	-5.6412	-0.22174541351291
34.494	-0.21675	-1.9609	-0.191644954974897
35.328	-8.9384	-1.7754	-0.00344947328905382
31.206	-10.908	-3.2517	-0.562746432833263
36.865	-7.6925	-1.6333	0.0267676276742503
37.122	-3.4666	-4.8168	1.645
27.619	-11.723	-3.0238	0.147011574057132
32.373	0.99622	-2.1654	1.19059513910172
36.113	-7.5229	-1.1566	0.837343913295152
31.208	-10.341	-3.9103	-1.15369282253443
36.965	-4.6772	-4.0313	1.645
33.454	-0.75361	-5.856	-0.600011882569887
35.951	-1.7764	-5.2628	-0.825290057695458
35.196	-7.2738	-0.20346	1.0161797685903
35.927	-2.6184	-5.194	-0.312817783276892
38.182	-4.7359	-4.0348	0.0931165979147186
37.367	-3.737	-1.2535	-1.15794599733136
35.408	-1.3801	-5.2085	-0.417909987208248
35.856	-6.2175	-4.9262	-0.622168421996796
36.82	-6.8749	-0.3813	-0.817293682950863
36.678	-7.6703	-1.4146	-0.476452922554982
35.127	-9.5065	-3.6642	1.24814792594878
37.136	-6.9179	-0.88602	-0.782063496089753
29.049	2.1374	-1.2587	-1.04544305730335
37.709	-3.5095	-2.5169	-0.962118937541329
36.514	-8.5327	-2.2652	-1.02147234978748
36.421	-8.4179	-2.0881	-1.02194890645884
37.294	-1.9809	-3.4145	1.22987632046473
29.076	-11.036	-4.0158	-1.44676085231004
35.74	-1.5646	-5.2828	0.170090845284807
32.922	-10.36	-3.0592	-0.282788921685983
33.204	0.41913	-3.6203	-0.551456409298613
36.625	-3.1859	-5.035	1.05073318751499
35.742	-8.0212	-3.8443	-0.774118366687102
34.219	-0.7002	-5.219	-0.502532170477823
32.65	-0.74971	-6.2361	-0.116755145141507
31.616	-10.133	-3.0478	1.53918120004058
34.046	-7.7115	-0.99998	0.273775577946029
35.493	-9.2462	-3.3582	0.559073404467866
37.264	-6.0234	-0.95589	-0.591436549593879
38.169	-4.0381	-2.3338	1.22553431697917
36.058	-0.71232	-3.8443	-1.3430685683971
34.192	-8.3314	-3.5638	-0.685901629847063
35.662	-6.8765	-0.14067	-0.696185728667212
31.827	0.24387	-1.1057	0.32158735823637
35.963	-2.9456	-4.6888	-0.441508239587959
37.105	-3.6061	-4.5524	-0.676975877200572
36.747	-2.8716	-4.7368	-1.02510476538087
37.149	-6.3657	-1.3475	-0.91455957308537
35.484	-8.9282	-1.9391	0.955163811505565
36.976	-6.7599	-1.9741	-0.428608472594155
37.185	-5.435	-1.2468	-0.593535744097247
35.2	-1.6433	-5.5416	-0.850132257928562
35.282	-0.54191	-4.5888	0.572764415258638
30.247	-10.532	-3.9948	1.23341016284769
35.669	-5.378	-5.4118	0.139631984062196
36.201	-2.0957	-4.461	-0.163808211345367
37.379	-3.6702	-0.92475	-0.0820289493407824
38.43	-6.1105	-2.4777	-1.20364232647561
37.788	-4.174	-1.7582	0.566522401869052
35.301	-7.1362	-0.87532	1.31134097922512
35.769	-1.1302	-4.9338	-0.143362146821852
23.685	-0.6064	0.95115	1.645
38.043	-4.5569	-3.3936	0.209808643750692
37.368	-6.4768	-2.9922	-0.649592605007565
36.212	-4.2356	-0.11937	0.58944257810634
36.38	-6.6055	-0.06572	-0.784982521385646
20.084	-12.312	-3.48	-0.613258814318724
38.583	-5.346	-2.3082	0.38964623446883
37.011	-5.9559	-0.4383	-1.36843988237658
34.091	-7.9047	-4.067	0.933917698397492
36.66	-6.6386	-0.37036	0.00340255039771503
37.21	-4.2579	-4.7383	1.645
36.331	-7.1059	-0.41523	-0.555176098119853
37.702	-3.2554	-2.2478	0.630210111945159
25.224	-11.867	-3.7074	-0.0521820389457955
32	-9.0904	-4.758	0.453121121631491
37.393	-5.8686	-0.98026	0.968824238712934
36.863	-4.6665	-0.57369	-0.472399809627802
36.786	-8.3038	-2.0017	-0.290586360413494
28.051	-11.463	-3.9954	0.713978811696333
35.983	-6.7157	-0.25748	0.212325579837875
27.402	2.3625	-0.79184	-0.244456585723769
28.835	-0.9672	-6.622	-1.09697118828663
37.937	-4.7004	-4.0766	1.645
33.897	-9.3231	-3.4479	1.645
34.658	-0.62976	-5.3143	-0.648420752981278
34.92	-2.181	-0.95545	-0.829879351601078
28.566	2.1575	-0.46418	-0.624018626798121
36.562	-7.8558	-2.4601	0.835567058746455
36.049	-2.8343	-0.31658	0.747902845308442
36.997	-2.8596	-4.6194	0.0155903175459595
37.322	-7.6218	-1.4826	-0.656547350173783
28.058	-0.40419	-6.5521	-0.220995209926307
33.106	-8.9881	-4.6548	0.143494263342174
37.488	-4.8809	-1.9614	1.27362035668554
36.993	-4.0546	-1.8566	-0.345840154576315
36.719	-7.5573	-3.667	-0.30902609777736
34.005	-0.32428	-5.4688	-0.305609696319245
37.923	-3.705	-3.5402	-0.292787007854668
32.951	-2.1329	0.73755	0.16210737537536
37.076	-4.767	-1.1442	-0.633227638151052
33.548	-1.5978	0.067007	-0.649985380165974
37.195	-6.8729	-0.94274	-0.827850067134354
37.13	-3.482	-3.5833	-0.66017623697981
35.609	-7.1077	-0.68315	-0.73416870844737
35.711	-7.1492	-0.48083	1.645
35.769	-6.9619	-0.47515	-0.480104826635648
36.362	-7.0014	-1.1047	-0.323459776297804
36.558	-3.477	-0.7264	-0.970665740974333
29.709	-10.969	-3.9119	1.645
37.961	-6.4367	-2.1714	1.645
36.292	-7.3381	-2.103	-0.378540975715664
38.242	-5.918	-2.1091	0.235022949417754
37.573	-3.3045	-2.1576	-1.31099662972605
29.454	-1.0348	-6.7118	0.248655618618273
37.964	-6.7002	-1.5893	-0.698963114051597
36.961	-6.9266	-1.1732	-0.917057612694877
33.998	-7.9864	-0.16569	1.08678570677532
27.802	-0.52154	-6.6001	1.645
37.161	-2.9571	-4.3767	-0.803769658981844
37.069	-7.3037	-1.1191	0.796744377590728
38.014	-5.9577	-1.8809	-0.696841986603276
36.177	-1.3727	-4.7834	-0.242152784645868
34.467	-0.7789	-5.5486	-0.127005581596693
35.127	-8.9068	-3.2601	1.10348221965855
37.879	-3.3745	-3.9897	-1.32327072255803
35.936	-1.5523	-5.1143	1.645
33.715	-9.6432	-2.123	-0.675726404942179
29.6	-10.915	-3.8914	1.645
31.224	0.17342	-5.7504	0.0447262592247356
37.858	-5.3791	-3.9756	0.950271846112208
35.342	-0.84757	-4.9727	-0.0757158019257783
36.754	-3.0007	-4.6999	1.21735376477824
34.746	-0.83355	-5.3832	-0.89485950755902
32.942	-10.187	-3.8424	0.324281931491605
38.515	-5.1784	-2.2231	1.645
27.04	-0.27364	-6.8262	1.645
38.056	-6.0844	-2.1369	-0.564496945093224
27.045	2.3681	0.63953	-0.544527402291378
27.088	0.10397	-6.6888	1.645
35.112	-8.381	-1.5627	-0.596103643981597
37.838	-3.7151	-3.567	-0.862518625314243
33.688	-2.6749	1.0381	0.553597815249825
36.998	-6.8792	-0.55387	-0.134445821228784
36.149	-3.6882	-0.088772	-0.375840499534385
28.133	-11.456	-3.6026	0.402052156005313
20.617	-0.3175	1.6639	-0.344416829903514
37.079	-6.2808	-0.77346	-0.0156542153243437
37.112	-7.4161	-1.9881	-1.645
29.81	-10.35	-3.8864	-0.0411224267837427
24.961	-12.173	-3.2356	-0.953863097214906
36.187	-1.3059	-1.2429	0.189658861409574
34.549	-0.84299	-5.6394	1.645
17.095	-12.321	-2.8753	1.645
36.949	-4.5689	-2.2549	-0.16621562197229
35.675	-7.1694	-0.86933	-0.299635224391284
38.043	-6.8756	-1.8666	0.427918847089088
37.597	-4.7139	-4.268	1.46109975141737
34.867	-2.1455	-5.957	0.238014498685287
36.532	-2.2219	-4.9142	-0.616888122469952
36.53	-7.222	-1.5122	-0.0807373704603973
29.769	-1.6298	0.65782	0.168836256430133
33.756	0.78472	-3.7174	0.802685664229701
32.963	-0.82231	0.13576	1.645
34.324	-1.491	-0.028499	-0.756735711528622
38.006	-4.5622	-1.6132	0.616442835892444
36.889	-6.3605	-0.64418	-1.08950017821755
14.2	-12.25	-2.7913	0.0333905434675966
37.265	-6.8089	-1.3866	-0.778724119075246
36.905	-4.2578	-0.4808	1.34589916548053
37.14	-3.9296	-2.3872	1.59605195963302
37.605	-6.5111	-0.87244	0.880295555889963
35.702	-1.5553	-5.3066	-0.18509320379719
37.211	-6.4572	-0.88182	-1.1974059995639
25.063	2.6942	0.50611	1.645
24.282	-11.844	-3.4144	-0.309680325632901
35.592	-6.7005	-0.93449	-0.30559303711935
33.407	-9.7397	-3.9947	0.745645279127364
28.143	-0.79826	-6.7107	1.645
34.537	-0.89781	-0.21511	0.877364275052487
36.261	-2.6379	-4.6789	0.483858728860097
35.045	-8.4451	-3.0206	-0.617817985632972
