35.679	-7.0002	-1.2115	-0.868538508801509
35.815	-7.8946	-0.37288	0.129748842276553
28.68	-0.5989	-6.5866	-1.26861551424547
36.196	-2.2167	-5.2777	-1.30554483945858
35.257	-2.0901	-4.006	0.503089194451577
35.452	-7.5059	-1.1164	0.96398920839641
27.399	1.8644	0.060854	-1.00781467978632
37.502	-6.2755	-1.1577	-0.160123344719202
35.689	-6.7757	-2.8578	-0.415724818036441
36.408	-7.0685	-0.74929	-0.273642536499875
35.169	-9.4052	-2.0994	0.342109277131921
36.561	-8.08	-2.507	-0.768089265445313
35.855	-8.5351	-4.1011	-0.0921118396586022
36.221	-7.3412	-4.4751	-0.48725928144017
35.365	-1.0409	-4.4356	0.013073999110367
37.095	-3.2146	-1.7715	-1.3391394861736
37.362	-2.3661	-4.0574	-0.569692236390061
34.858	-0.90232	-5.1763	-0.551691681071181
27.421	-11.915	-3.1716	-0.0960509633315876
38.056	-5.1676	-2.5888	0.751475470892924
30.906	-10.083	-3.4443	1.645
36.531	-6.2769	-0.45093	-0.137289222743176
37.151	-6.3028	-0.5405	0.0822032284704799
37.393	-6.592	-1.4972	-0.0450262039280366
37.55	-2.3992	-4.0514	-1.1539659489047
36.442	-8.308	-1.1302	0.506504689545811
34.348	-1.5875	-5.124	0.46230367753339
35.022	-2.2931	-0.30106	-0.962826710827928
32.521	-10.366	-3.3013	-0.305058032851445
37.878	-4.0903	-2.2179	-0.593962452711566
34.882	-7.8087	-4.7386	1.19336377142584
37.998	-6.5588	-1.1578	-0.205700875860551
33.177	-9.7487	-2.9992	0.643499676527146
36.713	-2.7918	-3.6785	0.462217989909282
36.72	-6.1892	-0.64828	1.58588514385518
34.821	-6.2335	-5.3327	0.189820997858733
26.632	-11.363	-3.9523	1.31209611321972
24.368	3.7988	0.25655	-0.920102854756324
37.103	-6.8195	-0.88503	-0.361287656976527
35.14	-0.37334	-2.7565	0.332978547628715
27.944	-0.12737	-6.92	-0.846896384482702
29.891	1.399	-0.59674	0.175257395971928
34.7	-1.2137	-5.6412	0.890820406308403
36.693	-3.4679	-1.3316	-1.30546633669683
28.019	-0.25125	-6.6692	-1.645
28.133	-11.456	-3.6026	-0.594896936351489
36.673	-7.7313	-1.7312	0.896841909643464
34.026	-9.7903	-3.2879	1.14421781066483
36.495	-7.6701	-0.95526	-0.946158781661631
33.203	-10.02	-3.7952	-0.958483134749044
37.261	-2.7718	-4.19	-0.0220419838584077
35.769	-6.9619	-0.47515	1.645
36.522	-7.3306	-1.1206	-0.265684360833082
38.435	-6.2835	-2.839	0.833675099664099
27.673	-11.413	-4.0307	1.645
38.176	-3.9397	-2.3623	0.484049254442124
30.162	1.0924	-0.59141	-0.0721998302660891
37.997	-4.8692	-1.9471	-0.653243072943187
19.144	-11.629	-3.5846	1.645
33.291	0.40457	-1.8331	1.13892133712371
37.804	-3.758	-2.5106	-0.206530027399627
34.751	-2.076	-4.7894	-0.782886798768501
37.745	-6.0125	-2.6235	-1.07217030757116
36.697	-2.4607	-4.6981	-0.856342791389121
27.847	-1.0006	-6.7591	-1.645
37.587	-7.0356	-2.9008	0.970605135203576
28.835	-0.9672	-6.622	-1.40540702823613
34.462	-9.6263	-2.7398	1.27753985405125
36.034	-7.7111	-0.66814	1.58041973405614
27.536	2.4938	-0.31686	-0.878425999415209
26.959	-11.641	-3.4896	0.411410174024845
36.032	-2.4254	-5.2954	-0.0902214236287901
28.91	-10.416	-4.3339	-1.25873764817669
36.026	-6.626	-0.1023	1.645
37.166	-4.2299	-4.5378	-1.07157295070867
37.809	-4.4404	-2.6843	-0.783326474647564
32.789	-9.4975	-3.0511	1.63094492068393
35.186	-7.3743	-0.73991	0.868847717814856
27.955	2.3396	-0.87238	1.14665820432856
36.133	-7.4211	-1.9201	-0.319938130885032
34.568	-8.0682	-4.3868	0.954331483382684
36.144	-2.2189	-1.1147	-0.51354510649698
35.88	-8.2388	-4.4135	1.212177236115
35.668	-7.5501	-1.0858	-0.187670521397743
36.295	-7.3641	-1.1927	1.645
36.681	-7.6883	-1.3233	1.45089414611835
38.099	-4.1749	-2.0066	-1.645
36.613	-7.1136	-0.79163	-0.144700018891666
36.966	-5.8746	-2.2644	-0.642874242140607
20.474	-12.495	-3.206	-0.381424181596885
37.294	-1.9809	-3.4145	-0.415452188225735
31.148	1.1191	-1.7657	-1.61286264853389
36.761	-4.0431	-2.5386	0.00873488415001089
35.239	-3.0074	-0.11223	-1.25234015020832
29.101	1.8205	-1.2912	-1.00199540463187
36.949	-4.5689	-2.2549	0.813371804892284
35.676	-1.5634	-5.343	-0.0218754362820548
34.925	-1.4506	-5.7603	0.575649725944842
34.958	-1.4558	-5.6443	-1.28253315736272
25.296	-0.72466	1.6146	-0.162421784203357
35.35	-9.2134	-2.9742	-0.0614130598596244
37.028	-3.37	-4.176	-0.359604646467559
35.563	-0.78294	-4.4159	0.470408072481852
31.618	-10.13	-4.2517	0.831820061021169
31.309	1.3203	-2.1248	-1.645
38.411	-5.9434	-2.5654	-1.40761201303556
33.259	-0.86748	-5.1327	-0.693574916521081
34.574	-3.6874	0.49795	0.258547635531487
37.586	-5.8647	-1.1041	-0.761262958610653
28.31	-11.059	-4.4058	0.773254485815177
35.702	-1.5553	-5.3066	-0.803297095329817
33.279	-10.124	-3.4263	-0.216433178151828
29.477	-10.678	-4.2809	1.645
36.806	-7.1946	-1.9069	1.05770500739261
37.813	-3.2192	-2.0258	1.01327161413424
36.629	-7.321	-0.79914	-1.07899578585087
36.177	-1.8567	-5.0243	0.548168008053442
36.584	-3.2355	-4.7375	-1.37721419399895
36.379	-3.7123	-1.4074	0.105324699164402
32.664	-10.854	-2.59	-0.99863331493911
37.224	-5.958	-1.089	-0.138691676430318
36.272	-2.8487	-4.1937	-0.339411093229059
36.388	-6.8777	-0.40505	-0.521787394236704
37.034	-2.7736	-2.7544	1.04903909281495
36.04	-8.1498	-3.5092	1.61590449281831
33.778	0.11392	-0.5513	-0.962543134417022
37.023	-7.7618	-3.0738	-1.2990454562036
26.621	-0.41676	-6.7491	0.501664812681567
32.13	-10.432	-3.3767	0.822126342577747
35.653	-8.8056	-2.0148	0.66709516238565
36.811	-6.4165	0.35144	0.531079522137275
36.808	-7.1617	-1.0805	-0.514973200363862
38.276	-3.9029	-2.2387	-0.926186571017176
37.246	-2.3567	-4.2847	-1.51229975015457
31.478	0.98321	-0.87069	-0.811963018914288
25.634	-1.2253	0.94194	-0.728607515320562
31.827	0.24387	-1.1057	0.180248819479097
37.221	-6.042	-1.2144	-0.587431631482126
36.642	-7.6993	-2.0698	-0.763838446089087
36.345	-3.4584	-0.40195	-0.521767124695865
28.79	-0.60836	-6.4231	-1.55537757927422
35.623	-7.3392	-1.1323	-1.49244695141126
29.377	1.7668	-0.97623	-0.406319926898165
23.219	-11.625	-3.7246	-0.120015350464247
35.222	-7.552	-0.12993	1.645
36.409	-6.576	-1.957	-0.147493632768607
35.599	-6.7579	-0.15719	-1.645
36.902	-7.0363	-0.65284	-0.0955433296747567
36.432	-2.9785	-1.8557	-1.1207973668863
35.735	-6.692	-0.29731	-0.713416728821138
37.58	-4.0989	-3.3811	1.61673981408369
36.478	-7.7756	-0.57777	1.645
34.285	-0.88002	-5.7289	0.131805790192671
36.307	-6.6518	-5.0565	1.06546664566447
36.978	-1.6567	-1.9199	-1.27283660130695
34.108	-1.3907	0.43458	-1.11201569158535
35.477	-1.5291	-5.0441	-0.880949857204724
36.452	-2.8956	-0.53636	-1.12105440547102
36.431	-1.4634	-3.8262	-1.17073481055652
35.308	-9.5027	-2.4343	1.645
33.845	-9.7813	-3.7695	0.158770016429256
37.056	-2.086	-4.1943	-0.686152511824741
34.486	-9.5717	-3.7802	0.777348696837662
36.92	-3.6492	-4.6394	-0.50979979314662
32.785	0.6827	-1.7577	-0.770263155946642
31.857	1.6245	-3.1076	0.762890242369084
20.084	-12.312	-3.48	0.953670170917407
36.96	-6.9343	-1.0159	1.0211648604442
36.745	-7.1831	-2.3689	-1.01567065783374
36.294	-2.8729	-4.9081	-0.471159780651369
33.156	0.051677	-0.95287	-1.645
36.237	-7.9567	-0.56517	1.645
35.311	-1.2939	-5.3454	1.16866643113913
29.473	-0.48085	-6.5681	-0.695076376765674
34.659	-0.55942	-4.4261	-0.919060259654865
35.686	-6.1698	-4.8122	0.493655145837225
36.261	-2.6379	-4.6789	-1.53892692746082
38.018	-6.5426	-1.8973	1.0617910339009
35.188	-7.5203	-0.50527	0.0227203472229947
35.487	-7.1229	-0.32773	-0.537476812081487
37.029	-6.5279	-1.0449	-0.698366543642582
37.103	-6.7509	-1.4273	-0.352892813790138
35.014	-8.2377	-0.58041	1.45130460992228
38.043	-4.5569	-3.3936	1.645
33.04	0.80558	-4.2231	-1.38473767931137
33.057	0.84632	-2.7147	0.932733931541407
36.721	-7.1728	-1.6014	1.645
29.373	-1.8565	0.38733	0.187001166071439
35.852	-6.3953	-0.66102	-0.866366087149796
36.204	-0.51726	-2.602	-0.554343253156483
29.989	-1.4419	-6.6104	-1.645
34.878	-7.421	-4.5206	1.645
28.656	-0.89458	-6.9293	-0.373680259566657
24.761	3.1961	0.59405	-1.2020271363172
36.03	-6.7396	-2.2656	-0.283800247568937
37.244	-6.5933	-1.2809	1.645
31.428	1.6486	-2.2588	-0.310787307043562
30.72	1.4517	-0.34053	-1.645
35.425	-1.3523	-5.359	1.02956226173904
34.224	-1.4421	-5.2872	-0.222624366928333
32.73	-10.178	-2.8586	0.129749714877972
29.408	-0.87213	-6.5897	-0.61151117247559
29.667	-0.36181	-6.2471	0.305050166074346
27.695	2.5926	-0.75992	-0.149044625192007
36.627	-2.2565	-4.6513	-0.381474587256514
28.343	-11.733	-3.5872	0.310800932541556
34.832	-7.3907	0.24362	0.173707178726406
34.271	-9.6149	-3.6763	-0.488125640403795
29.63	-0.92416	-6.7941	-1.06165096946485
27.558	-11.495	-3.2371	1.42064433025004
36.102	-3.0749	-5.1304	1.46917911748647
38.1	-4.3733	-2.6288	-0.801594535671344
28.725	1.7036	-0.72164	-0.470351682282524
29.606	1.5715	-0.54431	-0.415604146680394
35.991	-7.1105	-0.27884	0.00982466333751632
35.68	-4.0853	-5.459	-0.480985603478187
35.812	-5.4805	-0.52955	-1.04841904535749
34.237	-0.72906	-5.5845	-0.287524603303772
35.493	-9.2462	-3.3582	-0.643044516164248
32.987	0.16537	-5.4076	0.111729456826404
34.343	-1.6947	-5.9695	1.54481762296522
34.119	-1.5572	-3.3554	-0.884551647166203
35.681	-8.7417	-2.8366	0.365679086783564
37.162	-5.5491	-4.7764	-0.972299308696529
35.769	-1.0613	-4.7791	-0.188028378874818
36.177	-1.3727	-4.7834	-0.817540308176666
37.754	-3.583	-4.2792	1.645
33.853	-7.9412	-4.2012	-0.757019249454353
27.447	-11.476	-3.9333	-0.423180981345168
34.572	-0.91389	-5.3163	0.264244486925063
35.913	-2.1991	-5.1813	-1.16208421049423
35.951	-1.7764	-5.2628	-1.645
33.256	-0.209	-5.6186	-0.566010348833579
27.664	-10.9	-3.9195	1.25781120368339
36.537	-6.8783	-1.0337	-1.645
32.044	-10.644	-3.7583	1.55713768437188
37.547	-3.1049	-3.4645	-0.0224271265229247
37.648	-2.9954	-2.6871	-0.277770775849748
35.822	-6.391	-2.1782	-0.359362682239526
33.946	0.48495	-2.0193	1.57269634356796
31.074	0.26967	-6.3372	-0.408977626271619
29.359	-1.6151	0.50232	-0.888716368744622
33.119	-10.31	-2.9906	1.645
36.663	-8.0185	-1.3392	0.815785623641975
34.349	-1.3018	-5.8695	-1.645
37.548	-3.7864	-2.5541	0.381389485917201
36.092	-3.3609	-0.37577	-1.645
37.088	-2.7651	-4.3048	-1.49939393619246
37.919	-4.1884	-3.3612	1.19861674145768
34.893	-8.2576	-0.2879	-1.15558707317799
27.377	2.5778	-0.06166	0.429037175236832
37.265	-6.8089	-1.3866	0.709559014104841
30.378	-9.9318	-4.0164	0.821117923914292
31.683	-1.2044	1.0754	-1.20764582934818
36.99	-7.0988	-1.0916	1.47679327437329
22.178	3.5218	0.97528	-0.439262005804022
35.212	-2.5121	-5.7232	-0.90009013356684
36.903	-6.0825	-1.1782	-0.375697084766387
31.554	1.5166	-0.70294	-0.0739602467443451
37.105	-2.5589	-3.5756	-0.15417610314263
33.778	-8.1256	-0.58235	1.645
36.835	-3.5596	-0.94827	-0.928084456688282
35.856	-6.2175	-4.9262	-0.376457229252625
34.886	-6.2481	-5.5571	0.557649206693662
38.313	-5.8634	-3.2643	1.57046988230253
38.182	-4.7359	-4.0348	0.454634095532586
36.131	-6.7703	-0.6249	-0.552327511510133
36.623	-2.2417	-4.4946	0.242721744931407
33.753	-9.4761	-3.5559	1.17641522525252
37.161	-6.9458	-4.105	0.0835325680948864
37.543	-6.6177	-3.9242	-1.645
36.059	-6.6724	0.099282	1.645
36.296	-3.9297	-1.4904	-0.0422319979907481
38.056	-6.0844	-2.1369	-0.10254240090657
36.421	-8.4179	-2.0881	-0.190260080684243
36.757	-4.3829	-1.9128	1.645
25.345	2.9604	0.81839	0.09800954664978
33.892	-0.68384	-5.8885	-1.01260162302982
36.557	-6.012	0.058335	0.163969466944057
36.414	-2.6558	-5.1461	1.645
36.981	-6.4968	-1.3048	-0.838663380478803
28.415	-1.9853	0.6287	-0.982192972756163
36.328	-7.1272	-0.93379	0.670732849142739
37.001	-2.4226	-2.9225	-1.38623594063789
29.53	-11.489	-3.1516	-0.967302031998222
28.693	1.9418	-0.84665	-1.17592625283565
38.453	-6.2205	-2.5167	-0.823663946567521
25.499	-1.9116	0.89186	-0.854919488482748
35.546	-8.9878	-2.0374	1.645
37.164	-3.1932	-4.4762	-0.518584167362868
30.43	-10.246	-3.9492	-0.291218554874875
31.239	-10.563	-3.4322	0.968389888557812
28.368	-0.59665	-6.7559	-0.820057841711863
26.475	2.8001	-0.13414	-1.27160172595477
26.736	2.6919	-0.6298	-0.176028305566729
37.405	-2.8884	-4.2719	-0.616182478110894
34.688	-1.4445	-4.5017	-1.39186379468706
33.349	-0.35116	-2.0425	-0.969654380427013
35.983	-8.1255	-2.4158	0.166018824963251
37.241	-6.6798	-1.5083	0.331107169359743
36.212	-2.8864	-4.4424	0.0788036614174029
32.123	0.60269	-0.86491	-0.610600954791249
36.383	-6.8969	0.11651	-0.599792162027422
38.398	-5.8134	-1.1318	-0.76742096375766
37.444	-6.7964	-3.6172	-0.817157807525654
36.083	-2.6015	-0.39972	-0.783546514996999
36.332	-6.6978	-0.47076	-1.08655995885915
31.698	-1.481	-6.3148	-0.676071496734631
35.456	-3.3218	0.088323	-0.727294641176298
36.998	-6.6701	-0.68066	0.184409094535545
24.884	-12.03	-3.7199	1.12521889537498
29.947	-10.855	-3.69	0.216743847544977
29.42	-11.225	-3.3753	1.645
37.907	-5.6622	-1.514	0.500392329569243
35.884	-6.3224	-0.51641	-0.403704011096035
37.434	-3.8318	-1.858	-0.479136705965713
35.082	-1.3413	-5.5522	-0.744318410345282
36.206	-7.2978	-1.6692	1.645
35.221	-1.4667	-5.6054	-1.02663586752713
37.425	-4.7946	-3.5831	0.202275700075592
34.05	-7.3166	-5.0561	0.706538387987921
38.276	-5.2348	-2.0977	0.502193298039318
36.07	-7.6448	-1.1824	1.30693421127971
36.671	-6.1766	-4.2952	0.3688535921793
33.103	-10.306	-3.7632	-0.624419696450478
27.474	-0.29098	-6.7196	1.26788098144047
25.402	-11.378	-4.1255	0.0138426567456464
36.163	-7.092	-0.771	-0.923604804066133
37.505	-3.3844	-3.665	0.12999270673972
34.46	-9.1908	-4.2253	-0.319896612575215
37.832	-5.746	-1.2789	1.05352084790441
24.281	-0.95431	1.6062	-0.657841580125266
27.763	-0.19828	-6.7383	-1.32193417149081
35.228	-2.001	-3.9949	-0.83231513140295
36.89	-7.2192	-1.1222	0.0756360888717485
37.484	-2.9589	-2.2054	-1.18926719225161
29.138	-11.188	-3.8476	-0.992037956917737
36.297	-6.6218	-1.3064	0.251282076087257
37.149	-6.3657	-1.3475	-1.21751957925629
36.291	-3.2826	-5.4975	-0.466818714523341
26.988	-0.92323	0.91876	-1.17288116859721
36.875	-6.5702	-0.73131	0.73337830034841
35.876	-2.8084	-4.9303	-0.835205912090616
36.233	-7.5856	-0.90686	-0.339357461574493
36.752	-3.5477	-2.6273	0.0976229214942377
30.639	-1.4277	-6.4224	1.33055096927007
37.259	-3.0075	-4.4835	-0.152015304693226
36.205	-2.6511	-0.80731	0.0406460881956811
36.099	-2.2894	-4.5739	1.645
27.546	2.3168	-0.11179	-1.645
33.298	0.35184	-3.695	-1.3296033147878
18.681	-11.853	-3.5342	0.286498337102388
28.421	-10.501	-3.8962	-0.219914779911423
26.937	-11.434	-4.0353	0.415402755457146
38.3	-5.7317	-1.6831	1.26840912847352
27.989	0.13398	0.8053	0.367919246711002
35.72	-8.5251	-3.5035	1.645
36.04	-7.8278	-3.3901	-0.0388123084614906
29.985	-11.016	-3.6217	-0.584163939807452
33.366	-9.9976	-3.4617	1.645
36.039	-7.5015	-0.37316	-0.908641821994339
35.158	-7.4175	-0.57039	1.645
37.077	-7.9142	-1.4075	0.544054066020562
37.269	-6.594	-4.1428	-0.631215140240098
16.546	-12.122	-3.0507	1.645
36.787	-5.5935	-0.20183	-0.993541980817345
35.883	-6.8386	-4.8344	-0.143062229669339
37.255	-6.7602	-0.97143	1.645
37.974	-3.6555	-3.1281	-0.883146973957212
36.952	-8.0395	-3.7747	-0.951264811702768
36.587	-6.9588	-0.9185	-0.726364272760018
35.832	-1.7551	-5.3572	0.38714346544732
27.04	-0.27364	-6.8262	-0.37593796646704
36.387	-2.0945	-4.6511	-0.701450423222339
33.552	-9.7298	-1.7604	0.212459684148078
35.22	-1.6653	-1.0212	-0.603573647044449
36.682	-6.2436	-0.22291	-0.123617375480973
33.832	-9.4165	-3.2844	-0.372104983104302
34.288	-1.2429	-5.9811	-1.37999603434619
35.874	-8.6177	-1.8043	-0.493862419914688
34.055	0.053927	-3.4849	-0.789761764559636
35.052	-2.3438	-0.25459	-0.374324396434163
36.693	-6.5135	-1.0092	1.645
37.493	-3.1652	-4.0554	-0.673191590802574
35.784	-2.114	-0.96068	-0.829741980499733
37.28	-2.8613	-4.4514	-0.584657188450599
37.883	-3.842	-3.38	-0.390619462530725
36.997	-2.8596	-4.6194	1.30614430837736
33.674	-1.1195	0.1615	-0.457617149042641
36.825	-5.2081	-2.5948	-0.683465225126665
35.587	-2.51	-0.4416	-0.593550252075882
26.865	-11.889	-3.6093	0.606135347208262
37.127	-7.6054	-3.972	-0.229131759110993
35.285	-8.2893	-0.64382	-0.461659120983103
24.924	3.2424	0.63254	0.424159092896299
37.587	-5.2175	-1.004	-0.232011706912005
36.854	-3.5895	-4.6313	-1.11023536090543
28.783	-1.1034	-6.5278	-0.752971209399782
36.38	-6.6055	-0.06572	1.44454818438477
26.795	-1.38	0.76789	-0.850412070064769
34.079	-9.9018	-3.0968	-0.796861485109432
38.11	-4.4154	-1.7878	0.0386515621259202
31.935	-9.6442	-3.1092	1.49952072080109
36.427	-6.7942	-0.72939	-1.23236034100945
21.515	-0.27706	1.74	-0.873171967681038
36.861	-1.5517	-4.234	-1.59769988670274
36.965	-3.0487	-1.9398	1.645
36.191	-1.9754	-1.1911	-0.297525825218587
35.114	-8.5241	-4.0748	0.0583046296049781
37.964	-6.7002	-1.5893	0.646373016553973
37.498	-3.5547	-4.4466	0.519898966000499
29.485	-11.04	-4.0291	1.645
37.974	-3.5713	-2.2629	-0.149186711766435
37.42	-3.8425	-1.2864	-1.01256990412581
34.187	-1.4715	-5.6999	0.25147406979007
36.22	-7.0306	-1.8249	0.695502932178738
36.258	-3.1272	-2.1291	0.0691440007408386
36.281	-2.7152	-5.341	-1.20041998138116
36.42	-7.2465	-0.79641	0.685683347847397
35.502	-5.9782	-1.6541	1.645
27.815	-0.57083	-6.707	0.699026682923262
29.318	-10.906	-4.083	1.645
33.362	0.38835	-1.7634	0.163668867190584
38.366	-5.4234	-2.4492	1.56390314726811
34.689	-0.28268	-3.6521	-0.265316574166849
36.473	-1.6404	-4.767	-0.76845123635859
30.384	-1.1125	-6.3906	-1.08205414525362
30.715	1.0071	-0.9415	0.179486695601847
26.877	2.3493	0.26303	0.850167353703871
27.619	-11.723	-3.0238	1.645
34.872	-9.2335	-3.1798	-0.31973769195187
36.842	-7.1254	-1.1484	1.645
28.704	-1.2358	0.73461	-0.105451988611122
30.361	0.79431	-0.83387	-0.636257799677338
36.965	-4.6772	-4.0313	0.214173949941805
37.013	-1.3675	-2.5758	-0.768463931514136
36.564	-7.3469	-0.8169	-0.613637175865442
28.577	-1.9917	0.59004	0.875984096228874
37.809	-7.1081	-3.5919	0.369373116673503
29.461	-1.419	0.7187	-0.980095803981775
35.863	-2.4069	-2.5622	-0.281490820128008
35.22	-2.8647	-5.4605	-0.348968161303485
35.681	-7.0142	0.034118	-0.554581389716757
33.965	0.34185	-2.8306	-0.901716992384507
36.261	-5.9674	-0.39885	-0.768236221489265
34.92	-2.181	-0.95545	0.131446343726511
37.001	-3.1956	-1.9825	-1.19082608594545
38.19	-5.2303	-3.4668	-0.206561841760336
32.924	-0.29634	0.38633	-0.929816890254605
37.105	-2.5879	-1.2599	-0.766042604044947
30.47	-9.6622	-4.3325	1.15650591332375
35.866	-8.262	-4.0059	-0.266499396682492
37.449	-6.7361	-1.3597	-0.572882843021588
37.573	-6.2663	-0.94834	-0.411495644805119
28.845	-0.3391	-6.3215	-0.958688813745766
36.112	-7.3194	-0.71772	1.53071690496618
35.826	-8.9178	-2.6398	-1.06810076622585
35.969	-7.2747	-0.90899	0.129099260700897
32.105	-1.7627	-0.10838	-0.87959227914838
36.841	-6.0594	-5.141	0.00188012621546441
38.176	-5.8106	-2.8118	1.4860672080251
36.696	-3.7296	-4.7045	-0.669905858593504
38.29	-5.6387	-2.4153	0.898251208113496
36.107	-8.3833	-3.8955	-1.59093357573521
34.933	-9.2861	-1.8374	-0.271126413941754
37.16	-6.5484	-1.2193	0.227992990298703
36.496	-7.1131	-0.84695	-0.73381036202313
36.301	-1.469	-4.8456	-0.00157145334586204
36.759	-3.5836	-0.81804	0.245899771906544
35.228	-8.4952	-3.2171	-1.20010167844264
36.772	-2.0808	-3.8427	-0.764744630743365
33.033	0.14127	-0.89016	-0.196287885873444
37.654	-2.3191	-2.4915	-1.15522949628486
36.624	-2.5872	-4.7152	-0.47874672749697
36.819	-2.209	-4.6629	-0.480143931834408
37.853	-6.0901	-2.2477	1.19693440888434
33.145	0.72644	-3.0346	1.645
35.513	-9.1151	-3.2543	1.645
36.993	-4.0546	-1.8566	-0.999369769657961
37.769	-5.0176	-1.871	-0.80367410082874
36.923	-2.6406	-4.693	0.107559374702903
38.051	-7.0224	-2.7249	-0.560365482135233
21.515	-0.82075	1.3352	0.973835531091594
28.861	-2.2487	0.5869	-1.645
37.638	-2.9456	-1.7393	-1.645
31.258	-10.897	-3.3516	1.11228619455912
35.835	-5.3318	-5.5868	-1.22666411127972
36.787	-3.2912	-4.7881	1.645
28.187	-2.0153	0.64751	0.182147725193155
37.406	-4.8724	-2.8986	-1.53370821434377
37.569	-6.5148	-1.4642	-0.860099814056117
34.572	-9.5317	-2.8881	-1.02473568223521
20.626	-11.99	-3.1838	0.0148015288147289
36.829	-3.054	-4.6771	0.871759514509249
13.152	-11.939	-3.2046	-0.00717669867212429
37.684	-3.9188	-3.9944	-0.5500776130889
28.812	1.5111	-0.18542	-0.645386331858423
37.018	-2.1404	-3.4635	0.0100843901429005
36.889	-6.3605	-0.64418	1.645
34.744	-7.6455	-4.2175	-1.645
36.513	-6.807	-1.1852	-0.566231815143503
32.421	-9.9028	-3.8736	-0.706970981080828
33.908	-0.57427	-1.1263	-1.42875442156379
28.89	2.0927	-0.92713	-1.08793814881349
36.729	-7.5145	-3.1312	-0.193244071560191
36.834	-6.7319	-1.2722	1.13849346634653
36.927	-2.4784	-4.6331	-1.40237319011212
36.023	-3.1128	-0.9772	-1.08211108178266
36.996	-7.5551	-2.6668	1.07339378587761
34.351	-9.3416	-4.3517	0.585113376619119
29.473	-2.0004	1.2233	-0.311694586615963
14.631	-11.506	-3.6427	1.40250200352148
30.252	-10.709	-4.2735	-0.65399530557766
33.339	-3.0923	-1.8954	-0.980407842369132
33.231	0.16905	-5.6528	-0.824074092593985
33.506	-8.587	-3.743	0.605234696455225
37.069	-7.3037	-1.1191	-0.95735572144591
34.17	-1.3725	0.13005	-0.252618565325044
35.622	-3.6657	-1.0615	-1.07773170277008
27.767	2.2237	-0.43318	0.472241550609354
34.93	-7.4385	0.28604	1.64167629371733
36.038	-5.389	-5.311	1.645
35.948	-1.8128	-5.129	-0.392983065294415
36.04	-6.7814	-0.20054	0.292530447200144
37.603	-3.5366	-2.3554	-0.131020999522634
31.038	-10.399	-3.8462	1.645
37.27	-6.4269	-1.0324	-0.701469636100549
28.566	2.1575	-0.46418	-0.686901290862533
37.311	-7.1319	-2.484	1.50625311902574
35.748	-1.2876	-4.9432	-0.353213085161764
37.554	-2.4907	-3.7862	-0.825017082008549
28.476	2.3052	-0.21928	0.218861212691021
37.718	-6.2576	-0.89144	-1.645
34.864	-0.4048	-2.0771	1.05788640387884
37.117	-7.0294	-1.3152	-0.369140410989461
29.454	-1.0348	-6.7118	0.00432053353217017
27.416	-11.642	-3.608	1.645
24.003	0.13853	1.4663	0.759115662938762
32.883	-8.6579	-4.8132	1.01019308909488
34.392	-0.67005	-5.3893	-0.132133733179536
35.97	-1.7404	-1.3486	-0.527663505013658
29.704	-11.031	-4.1478	1.645
38.216	-4.6273	-2.5373	1.01510188116364
35.664	-1.6218	-5.105	-1.01581017837424
31.917	-9.7447	-4.6294	-0.630040015195843
37.144	-2.5994	-2.8073	0.917178789430681
35.264	-7.1588	-0.50919	0.629291651260974
34.944	-1.8333	-5.6746	-1.35472968727977
37.644	-6.4692	-2.6675	-1.02217186474757
36.212	-4.2356	-0.11937	-0.39953197278507
36.905	-4.2578	-0.4808	-0.496271356561243
35.304	-0.72865	-1.7241	-0.385219420427577
36.415	-2.8229	-5.3315	0.888180732231056
34.494	-0.21675	-1.9609	-1.14422246429623
35.006	-5.2704	-0.66318	-0.871299414293301
37.379	-3.6702	-0.92475	-0.440199301614368
36.735	-2.0513	-4.5974	-0.904249215128514
36.309	-1.0166	-2.6914	-1.645
36.883	-3.2841	-4.7561	-0.860753426330323
33.189	-2.0783	0.76822	-0.622462387061089
28.639	-1.7463	0.11451	-0.695224740990528
34.55	-8.264	-2.9045	0.50099262164576
27.947	-11.622	-3.3485	-0.850779884282802
34.481	-0.83471	-4.8208	-0.897625050097391
36.626	-6.7312	-0.7282	-0.456709967965858
25.356	-12.145	-2.9767	1.645
36.944	-6.5048	0.15745	-1.00395880760768
23.9	3.4724	0.17699	-0.591151296930701
36.911	-4.0324	-0.88935	-0.818496263800608
27.676	-0.63697	-6.9622	0.0256402285108724
35.745	-6.4161	-0.72233	-0.381528968596549
28.46	2.2846	-2.1237	0.603756208749002
32.75	-10.422	-2.8005	1.645
19.894	-12.408	-3.0023	0.542149775912704
33.449	-0.70302	-0.86649	-1.50937304685966
27.258	0.22043	-6.3336	-1.06287839220314
22.905	-1.2773	1.3333	-0.748216120016603
33.831	-0.82131	-5.9073	-1.06415043314994
34.954	-8.59	-1.2637	0.568096262117341
30.435	-2.0178	-5.0573	-1.30700204051743
26.075	-11.349	-3.6326	1.35127562744082
24.603	3.0977	0.72789	-0.102389164877639
31.294	-7.8077	-4.7166	-0.798242595277497
37.496	-2.3662	-2.2257	-0.689744103308915
37.759	-5.8941	-2.4694	1.645
29.538	-10.738	-4.0519	-0.570252971025121
37.505	-6.6685	-2.6847	0.64905859930691
33.966	-0.18969	-0.95979	-0.654201762847715
37.918	-7.0786	-3.0856	0.280597790214192
36.937	-6.6664	-1.0888	-0.110699975930876
33.597	-0.56617	-5.3621	1.24527676472403
37.54	-3.8517	-4.3804	-0.409810457617439
36.103	-2.9353	-0.50444	-0.997292923002594
29.352	-10.501	-3.6657	0.61807165898389
32.301	0.83282	-1.4899	-1.13539622481974
33.331	-0.8698	-4.6621	-1.15661372315772
35.563	-2.7773	-0.24283	0.0279829522821945
36.754	-3.0007	-4.6999	-0.301192558336832
37.914	-4.9455	-1.6546	-0.524455218258336
28.168	-0.41404	-6.7192	0.714213728160746
34.324	-1.491	-0.028499	-0.916134357510192
35.342	-0.84757	-4.9727	-0.71773299686722
23.069	-0.86413	1.3787	-0.987218302587837
35.146	-6.8688	-1.1453	1.645
32.801	-10.494	-2.9191	1.645
35.136	-0.6424	-1.0237	0.546186081524669
25.232	-11.836	-3.4376	1.18753292983981
36.851	-6.8	-1.1773	-0.0691713129755135
36.013	-5.2962	-5.2194	-0.70739172899512
37.295	-3.7665	-1.2328	-0.471289273938211
38.043	-6.8756	-1.8666	-0.843710440126147
36.43	-6.2279	-0.72841	-0.321176261047446
34.883	-4.4287	-1.5223	-0.0761634528271284
30.923	-10.273	-3.951	-0.266165120307098
36.747	-2.8716	-4.7368	-1.3788462973172
37.692	-3.8642	-3.9815	0.667120046070621
35.542	-6.5946	-1.1652	1.645
37.488	-6.6095	-1.1444	0.594296717403588
37.675	-7.2641	-2.5191	0.984209995264282
36.404	-0.77396	-3.045	0.259700342499975
34.005	-0.32428	-5.4688	-0.773348995704398
31.505	-10.677	-3.5357	0.687935502733617
31.329	-9.8618	-4.0712	-0.111208680576783
36.35	-1.06	-3.5694	0.228239569802279
35.73	-7.9709	-0.66978	-0.487967812188774
28.246	-11.364	-3.9274	0.180460934809079
32.677	-8.7274	-4.1685	-1.22240531135704
37.005	-7.4155	-1.2923	1.54132564028133
31.26	-1.5383	-6.2118	-0.415870089621902
31.621	1.471	-2.1952	-1.645
37.702	-3.2554	-2.2478	-0.506877318543741
37.474	-3.0541	-2.0965	-0.024689586814156
37.788	-4.174	-1.7582	-0.674439444685568
37.161	-2.9571	-4.3767	-0.558117810177957
36.744	-6.6862	-0.47204	-0.583370892413607
35.742	-8.0212	-3.8443	1.59048804787834
20.821	-12.156	-3.2601	-0.787515168185433
27.895	2.1727	-0.70999	0.118107821146422
34.205	-9.6351	-2.6179	0.0742527883329809
37.795	-6.7263	-1.3088	-0.0767397764914175
36.786	-8.3038	-2.0017	1.54973651580777
37.167	-6.6659	-1.13	-0.0976476977626408
33.492	-9.8817	-3.9009	-1.34876070870404
37.007	-3.2381	-4.6457	-0.719268397667687
34.803	-1.1978	-5.5854	-1.09489683722951
36.57	-1.9504	-4.6956	0.160132478343667
36.394	-6.1789	-1.2919	-0.24216903128234
31.972	-10.291	-4.3015	-0.404661068550706
33.099	0.055081	-5.2592	-1.32441608499694
35.221	-8.5458	-1.1697	-0.463142862357689
35.375	-5.2242	-0.81239	0.525245457457291
35.577	-1.6453	-5.4049	1.645
35.405	-0.70375	-4.8046	-0.946446498310093
36.054	-7.6498	-0.76852	-1.13880959807351
36.599	-6.6278	-0.62335	-0.423351652442799
36.115	-2.5821	-0.79798	0.470350193743781
35.958	-2.3821	-5.0615	-0.145091147721176
37.326	-5.6839	-4.4112	1.645
38.124	-5.9004	-1.833	-0.396755423010486
36.284	-1.8405	-5.0251	-1.46183347249681
36.113	-7.5229	-1.1566	0.790112398679812
34.523	-6.4037	-5.2684	1.49998300132548
36.093	-8.6628	-3.2445	-0.0176566273249669
35.818	-1.2328	-4.9674	-0.652449695869523
35.617	-3.9137	0.42156	0.595924743158697
37.858	-5.3791	-3.9756	1.645
36.636	-8.1869	-3.6598	1.645
38.197	-3.1683	-2.8039	0.410497820781357
37.16	-7.4515	-1.5202	1.645
38.32	-4.8525	-3.1108	-1.03381228275319
35.94	-8.616	-2.4003	-0.592427251444853
36.915	-7.9132	-1.4713	0.0425899244669641
36.627	-6.1571	-0.69163	-1.51957567111377
33.85	-8.5339	-4.1833	1.01754911495622
34.808	-9.1052	-3.57	1.645
33.037	0.75239	-2.4438	-0.708517551373555
29.467	-10.775	-3.9691	0.325443353122092
29.893	-1.3723	-6.5831	-1.645
27.088	0.10397	-6.6888	0.305710968742292
36.584	-6.9242	-0.77023	-0.438277475084209
27.877	-10.224	-4.2064	-1.40422886694253
31.359	1.133	-1.4757	-1.04718131367178
28.632	2.1882	-0.58482	-0.720441029439469
37.81	-6.0972	-2.6215	0.812317220981662
35.366	-1.8119	-5.5672	-0.935700134871268
36.796	-7.0838	-1.2456	0.22373544921719
36.175	-7.537	-1.5303	-0.0382689187475255
35.983	-6.7157	-0.25748	-0.25547415794832
36.415	-3.3798	-0.64911	-1.13077324346371
37.75	-6.5893	-1.4592	-0.94012353786984
25.823	2.7506	-0.30933	-0.860058852060804
29.047	-11.285	-3.5116	1.36000380309317
36.044	-8.7182	-2.4083	0.00827356434638763
35.209	-0.0088546	-1.6024	0.308964111586052
36.139	-7.2369	-0.64364	-1.16617331528928
21.996	-12.117	-3.2949	-0.946982072352567
35.802	-9.2502	-3.1529	1.645
37.076	-2.1343	-2.4981	-0.934087275172531
37.195	-6.8729	-0.94274	1.30965692991843
37.083	-6.3311	-0.76982	1.32873448106239
27.737	-11.284	-3.2202	-0.655694963647927
36.783	-8.0664	-2.712	-0.617268629404249
37.283	-5.6156	0.019012	-0.616058425903744
37.827	-3.3669	-2.5679	-0.296839372827184
36.444	-7.3508	-0.80357	-0.782459828914574
36.932	-2.2441	-4.676	-1.12314656985233
36.371	-1.3748	-4.149	0.298193687532318
36.459	-2.2777	-4.9212	-0.758417757917808
36.767	-7.3284	-1.2693	-0.732064989154167
31.782	-10.612	-2.5976	-0.0205340828033449
36.1	-5.7452	-0.9397	-1.10013993869526
35.873	-6.1718	0.076158	-1.645
36.613	-7.0288	-0.34779	-0.538364379667179
37.27	-6.2276	-1.1357	-0.490683640471666
37.299	-4.6356	-4.2258	-0.360670440664795
34.806	-6.9562	-0.62806	-0.943786588376422
35.04	-7.5716	-1.0808	1.645
32.65	-0.74971	-6.2361	-1.1675427668729
35.028	-7.1752	-0.66195	-1.13820687516183
37.491	-6.0219	-1.2997	0.0409719762550193
36.492	-7.1408	-1.0361	0.456512950130527
37.578	-6.9156	-1.9975	-0.291091078425279
37.001	-1.8216	-3.9956	-0.98769065159548
36.711	-5.4696	-0.059321	-1.09878365223835
36.904	-6.9214	-1.6942	-1.29725226054696
26.716	-11.636	-3.9302	-0.750334521969364
37.331	-2.3602	-3.1346	-0.346187351437288
37.112	-7.3561	-1.2594	0.21516791109626
38.26	-5.4613	-2.6107	0.752826642166872
30.989	1.3364	-1.2695	1.42003416481211
37.236	-5.8353	-2.0778	-1.645
36.872	-7.3054	-1.1125	-0.714094959924705
35.877	-8.4213	-3.4308	1.24190549493803
37.184	-1.7013	-2.732	-1.24483677734487
35.209	-2.4738	-5.3197	0.29186864735541
36.345	-2.7504	-1.3676	-0.521194272892202
37.316	-6.1483	-0.43037	1.645
36.324	-7.7981	-3.4379	-0.728998035730357
24.995	-12.011	-3.4335	-0.0650390326511086
36.13	-2.8164	-5.1146	-0.584570723279873
36.12	-6.8519	-0.23334	-1.32767470057564
37.674	-6.0117	-3.9316	-1.54247724338959
37.496	-2.7345	-3.0657	-0.917744242125058
34.867	-2.1455	-5.957	-0.310734947807963
36.325	-6.6188	-4.8643	-0.0597000536337882
34.882	-6.9392	-0.59267	1.28063096124661
24.91	-11.954	-3.5912	1.13223766473443
26.97	-0.27744	-6.7405	-0.93042141079195
37.437	-6.1818	-4.1612	1.60020903510106
34.364	-0.084456	-4.3062	0.816543733285614
36.022	-5.6927	-0.69924	-0.913342748288638
28.418	-11.12	-3.9506	-0.247289698498932
36.349	-7.4662	-1.0629	-0.866095580833445
37.254	-3.0555	-4.385	1.44353466523767
35.517	-6.5056	-0.50915	-0.754145206706681
36.861	-6.3361	-0.60656	-0.217898482955692
27.534	-0.34665	-6.4868	-1.34125566448373
37.285	-3.4399	-4.4883	0.979789724794445
37.38	-3.0814	-1.6637	-0.581871401005646
29.6	-10.915	-3.8914	1.645
20.317	-12.541	-3.2969	1.645
36.596	-8.2474	-2.108	-1.06891532386058
33.643	-1.3637	-2.5897	-0.9957630828227
36.383	-1.4084	-1.6501	-0.504729954064728
38.041	-6.1191	-1.0396	-0.714925257900847
33.106	-8.9881	-4.6548	0.675876585745111
37.022	-7.8526	-1.9066	0.92775992800124
29.141	-10.738	-4.3405	1.645
37.411	-6.3305	-1.4893	1.4275237728772
35.249	-6.5454	-5.549	-0.215113899389905
26.345	-1.1055	0.5634	-0.863497687750311
37.16	-6.6232	-0.7396	-0.85107053933771
33.652	-9.6058	-2.9365	0.846932188724945
36.989	-2.1522	-4.4694	0.426206657424492
38.149	-5.5533	-1.2842	-0.333872997102314
28.402	1.6858	-0.84161	0.866566100869208
37.033	-2.5461	-1.0928	0.289793509063619
35.259	-0.56743	-3.8436	-0.273203481585461
29.196	-10.899	-4.0629	0.498208860100848
33.526	-9.8154	-3.646	1.645
37.172	-5.7699	-2.3884	1.63066376062093
31.865	0.77388	-1.3397	-0.754344091126347
28.036	-0.32208	-6.6729	-0.654454864398971
37.97	-6.9158	-1.8538	0.747056335101364
36.426	-7.9875	-4.213	0.517349202351818
33.537	-8.6364	-4.1537	-0.547232320953751
36.939	-3.7073	-4.6069	-0.0126773395621077
37.485	-6.3438	-1.5371	1.24973256967354
31.206	-10.908	-3.2517	1.645
37.104	-7.4099	-0.84084	1.645
27.841	-0.46924	-6.7153	-1.645
34.545	-0.57259	-5.36	-0.16592293414414
25.93	-1.2025	0.87789	-1.50540418019698
34.081	-0.19025	-0.19369	-0.416420240206648
37.055	-7.808	-1.365	0.890714485318191
33.454	-0.75361	-5.856	0.568842697427444
29.977	-11.456	-3.3584	-0.180963964807027
35.282	-0.54191	-4.5888	-0.523832182531993
37.434	-4.6484	-2.4277	-1.31660122323151
37.412	-6.2447	-2.696	0.172036880656523
35.763	-0.51963	-3.4807	-1.645
36.135	-7.0239	-0.50614	-0.288389360484371
30.4	-10.876	-4.4696	-0.0175418713820518
38.1	-6.0953	-1.2467	-1.29308847232853
28.015	-11.269	-3.5031	0.20539099102623
37.732	-3.9914	-1.8724	-0.208370763241967
38.042	-4.4673	-2.5642	-0.443918582053965
36.79	-1.1179	-1.9369	0.168698079744848
26.936	-1.6129	1.3973	-0.807368583846541
34.234	-9.0501	-4.1876	-0.0715007767596348
22.571	-0.57713	1.5151	1.44842257462585
35.773	-3.3263	-5.1052	-1.01652346884793
36.582	-3.2051	-5.0006	-1.04380586705813
37.501	-3.63	-3.2459	-1.07379654701562
36.329	-1.779	-4.8389	-1.645
27.788	-0.7983	-6.5807	0.714039053305078
35.391	-7.7354	-2.7639	0.240898772877844
30.852	1.7849	-1.8279	0.580841012718779
37.264	-6.0234	-0.95589	1.42402076988686
31.359	1.2267	-0.79001	0.333362121307023
35.498	-8.087	-2.6598	0.360327569216509
29.747	1.7848	-0.64182	0.477117445006522
32.946	-10.118	-3.8613	-1.06516519180963
33.365	0.518	-1.5642	1.18342614084684
35.796	-7.3764	-0.93857	1.645
37.406	-4.0066	-3.9598	0.227122010455832
37.208	-4.7836	-0.79393	-0.0575963520917096
35.586	-6.7863	-0.30952	0.253261040636965
34.309	-1.5814	-3.0886	-0.539772159334988
35.129	-7.3311	-0.43908	-1.26459544280004
35.629	-9.285	-3.1762	-0.825101757390589
34.541	-2.8555	-1.6681	-0.806586310232517
36.026	-2.1342	-5.1439	-0.288652757340177
36.896	-1.6696	-2.1151	-0.913001892360179
37.215	-2.1692	-3.2804	-0.427085990536817
37.31	-7.5264	-2.6178	0.465954562997795
31.307	-10.824	-3.7747	1.645
35.372	-7.55	0.094466	1.645
33.715	-9.6432	-2.123	-0.134511127722278
37.216	-7.7869	-1.3901	-1.25676214326962
31.846	-3.3065	-0.63738	-0.891550122245287
36.872	-6.6326	-0.5159	0.256048202356489
33.647	-9.5361	-2.9473	-0.447158985682938
37.359	-2.1066	-3.8716	-0.220931333787553
36.73	-2.8421	-4.3338	-1.26766808479121
36.838	-3.1052	-0.58324	0.267429222248366
33.532	-9.5404	-3.8361	1.645
30.821	-10.162	-3.2975	-1.19689205142675
28.657	-0.49517	-6.6234	0.406610941684802
24.178	-11.704	-3.6301	-0.906119616458746
32.761	-10.279	-3.5803	1.645
36.223	-7.7271	-1.0545	0.582425109566365
33.708	-6.1344	-5.2625	0.30590740782163
36.602	-7.2462	-0.74841	1.34475241907688
37.038	-4.3294	-1.0892	0.728473448106063
33.209	-1.3065	0.58739	-1.32888873412847
37.969	-4.1044	-3.9668	-0.427712723134362
37.946	-3.4073	-2.4633	-1.044570875706
30.542	1.6715	-0.25718	-1.10717453215287
28.914	1.9943	-0.15523	1.14073492749814
36.684	-6.916	-0.54257	-0.664051265328039
35.771	-6.6465	-1.0204	-0.0488126869298701
36.394	-7.593	-0.62675	-0.25785679675358
31.151	-10.386	-3.707	1.645
29.878	1.9333	-3.6835	-0.29344128970999
25.658	-11.743	-4.0632	0.346599797404103
35.261	-1.5128	-5.0484	0.697703189944689
35.716	-8.4489	-2.1184	0.0434311784379751
36.327	-3.639	-5.216	-1.51471108291135
37.46	-4.4038	-1.0835	-1.645
36.519	-6.8297	-1.8835	-1.645
36.625	-3.1859	-5.035	-0.607482996244513
35.54	-1.4891	-4.931	-0.584608863308052
35.843	-6.6108	-1.5401	-0.378195006058412
38.028	-3.372	-3.8422	-0.84737466619925
33.679	-0.86234	-0.17042	-0.806371466629356
32.294	1.3388	-1.5872	-0.195686649409421
35.636	-9.2272	-3.3149	1.645
29.979	-11.824	-2.9049	-0.895936554777094
37.342	-6.7824	-1.0638	0.419971768215079
34.246	-1.9271	-6.1455	0.0471752853105136
37.128	-7.3771	-0.91807	0.451064648574276
36.537	-6.301	-1.1695	-1.04899857845747
36.017	-3.9337	-0.15164	-0.443547369091377
37.667	-3.3869	-1.5302	-1.11001442619204
29.769	-1.6298	0.65782	0.160126942182496
36.534	-2.8847	-3.859	-0.670515358914139
20.185	-12.42	-3.592	-0.019613850169681
26.104	2.9775	0.38525	-1.01799342494614
37.294	-5.8666	-0.45628	0.302622430442213
37.658	-4.6228	-3.5033	-1.06400280900961
31.882	0.099737	0.85538	0.000260598252337648
37.132	-6.4566	-0.84542	0.416502968550755
31.828	1.1086	-2.2523	-0.427510393393
27.089	-11.553	-3.8875	-0.136581422411952
33.859	-9.2605	-2.5721	0.888913782412165
34.81	-1.815	-0.71735	0.279928449439183
36.261	-6.8152	-1.5389	0.372685464991002
31.452	-9.1478	-3.2273	-0.766426398910421
32.373	0.99622	-2.1654	-0.320436941264236
32.89	0.72047	-2.1587	-1.06332671352489
38.074	-4.3028	-2.4632	0.594882970348475
36.358	-3.1915	-4.9347	-1.31011798912431
36.759	-7.1446	-0.57465	-0.103211350441663
36.334	-6.388	-0.29077	-0.665189066140403
37.393	-5.8686	-0.98026	0.554407984728136
37.53	-4.251	-3.1865	-0.719366651726317
35.013	-1.0942	-0.74452	0.404286040167121
36.234	-7.6629	-0.97961	0.431036334876284
36.605	-7.0821	-2.621	0.0986043956648995
38.082	-5.3314	-2.1137	-0.51929831032436
25.14	-11.017	-4.1427	-0.498674124474084
35.475	-6.9959	-0.76676	0.671870240215101
30.558	0.84485	-0.90212	-1.32387707365567
32.506	-10.224	-2.3987	0.705858985453363
35.503	-6.2815	0.51715	0.978425335677748
35.946	-6.5489	-1.2203	-1.34241981181158
33.524	-0.99915	-6.1235	0.210020088709365
33.424	-10.084	-3.4669	-0.690640367270465
24.626	2.8702	0.65734	0.423260265226653
38.014	-3.428	-3.3169	-0.282556334789661
35.143	-3.4181	-0.3143	-0.287914654885832
36.532	-2.2219	-4.9142	-0.48551682585146
36.769	-3.844	-5.1959	-0.0820323235567844
35.954	-7.1833	-0.97152	1.645
33.114	-0.44001	-5.9828	-0.629282432827345
36.339	-7.668	-3.0652	1.645
38.1	-3.8544	-2.0497	-1.05357390459318
36.451	-2.0925	-4.9467	-0.391641474242709
30.771	-10.607	-3.8479	-0.801536818911928
36.853	-6.3522	-2.1496	-0.397580272977972
37.231	-3.9099	-4.7721	0.475596683433337
33.728	-7.5046	-4.2941	0.161527688248404
35.481	-2.2084	-0.77026	1.645
36.058	-0.71232	-3.8443	-0.889271828322944
35.107	-0.70271	-4.7009	-1.17924879239975
33.074	-10.314	-3.0415	1.3879521414697
35.262	-6.5396	-0.11959	-1.2849451078313
34.347	-0.98887	-5.2431	-0.0620141991704961
35.726	-3.108	-0.29894	-0.871343593169272
37.784	-3.0457	-3.1938	-0.755911289273449
32.388	-10.109	-3.1943	-0.458870918623918
27.857	-1.7479	0.28644	1.16196557723357
35.993	-7.0808	-1.3785	0.782545612389584
37.024	-6.2246	-3.3113	-0.429038155466182
38.418	-4.7373	-1.7362	-1.29265605051584
36.663	-3.1631	-0.3802	-0.761696981534353
37.307	-3.9139	-4.5918	-0.590455775592602
36.185	-8.2947	-3.287	-0.948701047283624
37.011	-5.9559	-0.4383	-1.645
31.809	-9.8667	-4.0254	-0.859790586484419
37.131	-4.5617	-0.87893	-1.44548955706032
34.547	-9.2514	-3.6529	0.785438387636825
36.12	-6.4143	-1.0835	0.0445798606243658
32.325	-6.7771	-5.2843	1.61950428036168
34.492	-7.3364	0.24994	-0.259950261574507
28.049	-10.987	-4.007	0.884838422766565
33.721	-9.813	-3.1666	1.10587209881737
35.408	-1.3801	-5.2085	0.392033736626297
21.749	-12.082	-3.1072	0.117701798177823
36.105	-7.3621	-0.27467	-0.861331756891473
34.134	-10.156	-2.7773	0.0958446100471975
36.36	-2.2355	-0.98092	-0.589271111377456
37.809	-6.3381	-1.42	0.481415242012995
35.127	-9.5065	-3.6642	-0.855994075468221
35.171	-6.1369	-1.2886	-0.941595277467339
36.613	-3.0796	-0.94265	1.645
33.919	-7.0507	-5.0645	0.0508405721892413
38.576	-4.8825	-2.3728	-1.59524973017887
34.039	-8.7942	-4.1058	-0.432416147246058
26.628	-11.465	-3.5706	0.635208901769025
37.03	-6.9054	-0.89318	0.31145691991674
34.084	-5.1555	-0.37926	-1.06612554965673
28.11	-1.8263	0.47221	-1.645
38.171	-4.4907	-2.327	1.44323016093214
37.799	-3.4383	-3.9197	1.14765487068032
26.728	-2.4993	0.37058	0.281745174371115
37.709	-3.5095	-2.5169	-0.487459959482524
35.637	-6.7245	-0.37612	-0.57881211749731
35.361	-7.6139	-0.68234	-0.0182659648373074
38.018	-4.0021	-3.4175	-1.02773707089233
36.358	-1.9963	-3.3979	0.37600655317234
36.414	-6.6305	-0.54073	0.0334034686041723
24.282	-11.844	-3.4144	-0.234177270198384
28.167	2.2203	-0.26485	-0.293497511475171
38.241	-4.5629	-4.0563	-0.0770504086730553
37.13	-3.482	-3.5833	0.84116495808501
36.195	-3.0407	-2.149	0.672147544917092
36.91	-3.242	-1.1441	-0.322943063301671
32.922	-10.36	-3.0592	1.645
35.669	-5.378	-5.4118	1.645
22.237	-11.81	-3.5527	-0.737918988752447
37.028	-8.0319	-2.3737	1.645
35.141	-7.3093	-1.8385	-1.55760780751653
36.099	-7.3386	-0.73775	0.779452268530193
36.67	-6.252	-0.26205	0.520953179389132
36.007	-6.7848	-4.2244	-1.36576313855371
36.24	-2.3286	-1.4169	-0.664330909675331
36.573	-8.3132	-1.1099	-1.34479487675325
35.989	-1.6761	-5.1643	-0.676216503237849
37.317	-6.8573	-3.3818	1.645
35.92	-6.9901	-0.49628	-0.29980223842453
37.219	-2.0424	-2.5208	-0.625796155853071
24.961	-12.173	-3.2356	0.875134734518455
28.05	2.1178	-0.84351	-1.12238792374396
36.318	-6.8931	-3.2431	-0.728511105417066
33.099	0.48603	-1.4884	0.232903227017252
34.624	-9.1756	-3.8766	0.476770331349897
33.453	-9.9212	-3.2833	1.645
36.378	-8.7082	-2.2334	0.800805706373191
34.899	-8.9036	-2.1978	1.36323840683418
24.495	-0.80438	1.506	-1.29177103894936
29.629	-10.882	-3.5421	1.43375338258427
37.717	-5.9636	-3.8253	-0.875845194397845
24.401	-1.0807	0.94528	-0.514593094924911
24.667	-11.97	-3.4268	1.13858403601236
37.664	-3.9756	-1.3644	-0.0602260051795011
30.821	-10.653	-3.8519	-0.351167574166872
34.705	-0.88028	-5.109	0.477107009081915
37.012	-7.3768	-2.6185	-0.225957780422312
38.09	-4.6696	-3.7878	0.502055405701599
29.81	-10.35	-3.8864	-0.68678696818627
31.65	0.84958	-1.5053	-0.526388155306589
32.498	-1.6331	0.075498	-1.24840416551565
36.82	-6.8749	-0.3813	0.242412827134254
34.92	-2.2908	-0.34357	-1.38916901341305
36.439	-2.5243	-2.1194	-0.485155896267786
35.484	-8.9282	-1.9391	1.645
28.874	-11.12	-4.0281	0.479971042450343
25.809	-11.625	-3.7767	-0.322763975961111
19.483	-12.108	-3.7965	1.645
36.008	-4.144	0.37998	-0.936176015009098
37.129	-4.2692	-2.0975	-1.24950161294785
36.282	-1.236	-3.9953	-0.364435601520511
37.109	-7.0105	-0.90472	0.461504330121551
38.205	-3.7763	-2.7418	0.163194523289225
35.527	-1.6899	-5.4983	-1.24284652015222
37.445	-4.4388	-3.7318	-0.0441097760754846
36.981	-6.59	-0.49138	-1.645
35.879	-1.4706	-5.0897	-1.645
37.359	-3.4721	-4.3656	-0.60345961553212
33.57	-8.7984	-2.8098	1.645
36.21	-7.1793	-0.91817	1.645
33.627	-10.262	-3.7998	1.645
34.469	-3.1586	0.16337	-0.577856258982018
17.095	-12.321	-2.8753	0.846132284429161
32.829	-2.2829	-5.3286	-1.54896215972569
20.617	-0.3175	1.6639	1.15925367184403
36.574	-8.6753	-3.4189	1.645
35.2	-1.6433	-5.5416	-1.08979301547924
36.719	-7.5573	-3.667	-0.628177379129109
35.963	-2.9456	-4.6888	-0.659129622319859
36.879	-7.3031	-1.1171	-0.469144066649184
23.052	-12.064	-3.317	-0.402984937934006
34.061	-9.7107	-2.6267	1.645
12.655	-12.024	-3.1062	1.645
29.038	-11.463	-3.3336	-0.5346355171778
37.436	-2.0099	-3.387	-1.57161588904828
37.267	-6.9481	-1.9059	1.645
34.623	-7.9058	-0.21977	-0.769954134228886
36.839	-2.8458	-4.6107	-0.975379862681284
35.269	-8.6907	-0.96378	-0.538009076008455
35.929	-8.1243	-1.4357	1.645
34.944	-8.9841	-4.1297	0.413867994021938
32.857	-1.747	1.0811	-1.13726110317481
36.103	-2.9022	-4.7952	-0.684412226233883
35.461	-6.7856	0.21	0.662059370943822
25.224	-11.867	-3.7074	0.48732768470868
36.301	-7.5684	-2.2311	-0.275046408803029
37.568	-3.1113	-4.1591	-0.791133544872263
37.016	-2.6871	-3.6991	0.145135844105143
35.571	-0.535	-3.7779	-0.546494995733298
29.674	1.9213	-1.1953	-0.918861453831689
38.137	-5.8416	-1.5113	0.113995281475415
36.001	-6.2461	-0.9769	-0.732184077220832
37.095	-4.2397	-4.9509	0.359129243320028
27.931	-0.28496	-6.5634	-0.112011483654726
36.27	-3.1772	-4.7845	1.645
28.016	2.2856	-0.45016	-0.798590643917213
35.965	-2.0548	-5.2201	0.0184196279948322
37.993	-6.6047	-0.58157	-1.55300345007616
35.239	-7.2057	-0.80222	-0.724013474408311
24.371	-1.4143	1.2245	-0.988407088493801
36.436	-7.5013	-0.96146	1.645
37.332	-7.2515	-3.8961	0.170424440972138
36.54	-2.6445	-3.9797	0.428893154172065
37.247	-6.3258	-0.74275	1.06789536134549
33.485	-9.167	-3.831	1.645
35.444	-3.6749	-0.45329	-1.07115090338655
29.713	-1.3836	0.57155	-0.304332010588238
36.863	-4.6665	-0.57369	-0.0419705040229888
28.143	-0.79826	-6.7107	-1.645
36.361	-7.4636	-0.51885	-0.14638738777847
36.676	-4.9225	-0.54227	-1.26913221175233
32.059	1.3109	-2.4168	-1.33083504624
34.721	-8.3715	-4.579	1.645
35.754	-8.7903	-3.0805	0.114494581112064
28.562	-11.373	-3.9338	-0.293966181803418
28.452	-0.64826	-6.6807	-0.378782657942251
34.789	-7.3388	-0.54573	-0.863728964132071
35.608	-8.7425	-3.6319	1.23652272986604
36.928	-3.1836	-4.6119	0.768968875454114
33.343	-10.105	-3.3928	1.645
30.909	-10.532	-3.6165	1.645
14.2	-12.25	-2.7913	1.645
38.169	-4.0381	-2.3338	-0.250430562144171
30.447	1.4981	0.012136	0.422971138508409
37.293	-2.0806	-4.0461	0.678525958982295
31.672	-6.1599	-5.747	1.15843647191363
34.549	-0.84299	-5.6394	0.573508980028578
37.307	-6.0201	-1.5607	0.642401383722413
37.192	-7.2199	-0.97104	-0.921295839951875
23.754	-11.761	-3.3614	0.484223759716604
36.479	-2.3034	-4.7111	-0.789530099261344
35.011	-9.3326	-3.6961	1.19097715398909
28.257	-0.68969	-6.8239	0.211191340438885
34.669	-0.46744	-3.1166	-1.645
36.064	-7.1385	-1.2273	-0.834944616649336
34.219	-0.7002	-5.219	0.136140642226832
27.177	-2.3797	0.14023	1.62799147805075
29.455	1.4441	-0.33154	-1.53710375435294
36.16	-6.4134	-0.87063	0.860338637858342
30.092	-11.065	-3.1338	-0.460744020416457
36.568	-6.7341	-0.43936	-0.406185916001435
37.295	-4.7406	-4.9434	-0.689276427114056
38.079	-6.2421	-1.3115	0.92767562572965
34.865	-8.7229	-3.4379	-0.87495436215877
35.417	-9.3933	-3.2228	1.645
35.78	-6.7263	-1.6317	0.758331556826539
33.377	-10.479	-2.644	0.515010431456077
37.188	-3.3266	-4.129	-0.662592148360714
35.592	-6.7005	-0.93449	-1.00948884064439
32	-9.0904	-4.758	0.567728309619769
36.492	-7.4624	-0.46387	0.17521576448131
37.046	-6.6266	-1.4054	1.37015766528692
34.849	-9.695	-3.414	0.158743797963584
33.204	0.41913	-3.6203	-0.467866681057863
37.798	-6.4612	-2.1662	0.54527191492208
25.941	-0.49807	1.7601	-0.814999944811536
36.164	-7.808	-2.0116	-0.462087014551515
36.517	-7.0275	-0.29672	-1.24655414594574
35.933	-6.8829	-0.44488	-1.12016249762974
36.674	-2.2954	-4.338	0.420660645506022
29.049	2.1374	-1.2587	-1.21537900867419
35.811	-7.1054	-0.26252	0.257161050049775
35.947	-3.498	-4.6138	-0.669706930771188
38.014	-5.9577	-1.8809	0.380304693292173
38.39	-4.8164	-3.1837	1.60158451002201
26.577	2.4753	-0.54886	-0.627885674267217
37.439	-7.1052	-1.3532	-1.56521985064747
37.163	-4.0055	-1.8496	-0.257139484748153
35.576	-2.7145	-1.1661	1.25814738734824
36.478	-7.1979	-2.0881	-0.0475506464325765
38.105	-6.1144	-1.8308	-1.645
38.541	-5.8464	-3.3132	1.645
36.254	-2.536	-4.605	0.177551704249463
33.401	-1.0653	-5.7202	-1.05602736035835
36.636	-1.8449	-4.6217	-1.06379064566427
35.409	-7.9537	-0.78786	-0.403754566478226
31.616	-10.133	-3.0478	-0.769370711677716
38.086	-4.8205	-3.8928	0.22277854056761
34.387	-0.70831	-5.5504	0.531720942346815
35.511	-1.8353	-5.3157	-1.27399224728115
29.945	-1.3699	-6.7296	-0.033422393395579
35.733	-1.9219	-0.14499	-1.07522741211232
31.845	1.0033	-1.1008	-1.05660351816315
24.869	-11.715	-3.337	-0.162363696756319
33.751	-10.254	-2.9882	-0.786672654929406
36.195	-4.2493	-5.2274	-0.61381110306433
36.382	-2.1964	-0.9519	-0.572544421949026
37.574	-2.8168	-1.8882	-1.51633816542804
37.198	-6.5255	-1.0386	-0.0327640125982409
37.23	-3.1353	-2.1204	-0.509390549923899
36.616	-6.8313	-0.47681	0.347724070277755
31.012	0.82625	-1.0063	-0.150709338907501
36.844	-2.8627	-4.1771	1.645
30.193	1.1488	-0.66419	-1.40470802457993
35.196	-7.2738	-0.20346	-0.513546788932531
37.07	-3.5895	-4.5398	-0.992131005735962
37.776	-3.2527	-3.708	-0.767263748124339
30.214	-10.125	-4.3742	1.645
36.503	-3.0435	-4.7703	-0.998594634990509
26.909	2.6637	0.026832	-0.666120073462833
36.828	-7.5118	-1.7764	0.034674288007926
26.252	2.4373	0.2568	-1.04871201639066
36.732	-7.2218	-0.73825	1.5006093503488
36.085	-8.2433	-1.0166	-0.302642911252176
36.383	-2.5713	-5.1106	0.417702197443878
34.672	-9.018	-2.7887	-0.0814690530319677
36.229	-7.0194	-0.57746	-0.934531161549809
32.942	-10.187	-3.8424	1.3640228899048
18.117	-12.427	-2.7497	0.377849409124694
34.361	-1.276	-5.9627	-1.02178168061106
37.175	-3.326	-4.0231	-0.371039252368266
22.216	-0.28528	1.8218	-1.02527291416447
28.051	-11.463	-3.9954	1.52654660882404
34.29	-0.70505	-5.4116	-0.740631887792948
36.785	-1.4031	-3.5604	-0.198032925221597
26.188	-1.2389	0.73822	-0.348690329233375
32.612	-9.982	-3.3678	0.834845972786711
36.339	-6.8364	-0.98471	-0.218082807597046
33.897	-9.3231	-3.4479	0.370164241075383
37.961	-4.5137	-3.6152	1.645
36.331	-7.1059	-0.41523	1.02194766471351
35.866	-3.3966	-1.9231	0.243490109516619
27.025	-1.1452	0.8769	-0.76371368456905
37.348	-6.549	-3.1685	-0.100325204813053
35.626	-7.5125	-0.57968	-0.855709910370876
35.615	-2.2489	-4.7724	-0.673193261230498
35.805	-0.27107	-3.7675	0.0364452262241293
34.092	-8.9227	-4.1576	1.645
36.607	-2.9684	-1.1872	-0.226754591432612
35.848	-8.0086	-0.74692	-1.03086566488077
36.349	-7.9935	-1.5244	0.616348005057
35.711	-7.1492	-0.48083	0.224491995332265
37.241	-3.7254	-1.2785	-0.519814204056335
35.352	-7.529	-3.7597	1.645
30.903	0.73487	-0.78254	-1.32404012218475
35.599	-6.05	-5.0311	-1.645
38.43	-6.1105	-2.4777	-0.631298711637891
35.301	-7.1362	-0.87532	1.645
35.927	-7.6408	-0.39627	1.53182934486704
37.923	-3.705	-3.5402	-0.571164136283726
29.143	-1.0016	-6.5471	-1.645
37.768	-2.7583	-2.6984	0.51724362778654
36.105	-7.5793	-1.0388	-0.432502599869294
37.664	-2.5775	-2.7475	-1.00982483638934
35.111	-2.7285	-5.6907	-0.455039657133752
36	-9.0717	-3.5695	0.300172936147094
35.521	-7.0953	-0.81215	1.645
27.274	2.4161	-0.10539	-0.716748851353643
27.805	2.13	0.2655	0.943781758150186
35.043	-1.2339	-5.4064	-0.581215279913281
36.16	-6.2388	-4.6065	1.645
29.133	0.029435	-6.8166	-1.14784053920771
36.702	-4.5632	-0.72328	-1.0762867712677
37.126	-1.7498	-4.0023	0.951149670782285
34.409	-9.3628	-3.4874	1.06168899687928
35.769	-1.7993	-5.2612	-0.130690795927563
37.289	-5.8562	-1.1742	-1.23088830644109
25.215	3.2448	-0.1568	-0.132183502802262
35.59	-2.7801	-5.4654	-0.259044368681969
32.963	-0.82231	0.13576	0.85130797269348
30.283	-1.7556	-6.5862	-0.242203077398046
34.196	-9.5363	-3.2052	0.851398243442858
36.399	-7.0935	-1.8265	0.446064275231779
36.281	-7.2612	-1.4428	-1.14679300437864
38.637	-6.5948	-1.8103	0.24755236294991
34.051	-7.057	-4.9855	-0.850134258860162
36.321	-3.9637	-0.27042	-0.707797924153058
27.563	-1.7829	0.9933	0.514677718808237
36.437	-3.6993	-4.3082	0.0768675958883372
35.638	-1.1759	-3.9446	-0.590137738366752
34.114	-0.95412	-5.5611	0.1143816202478
29.683	2.3099	-1.5653	0.789770015231227
35.349	-1.7696	-4.8635	-1.33481955036432
32.441	-8.4786	-4.6004	0.850441047243775
37.138	-4.5323	-4.5154	0.0404577567717305
36.778	-6.6332	-1.1096	1.02586572959921
37.352	-7.3788	-1.6396	-0.17885050790544
22.98	3.3486	0.063496	-0.90905917924823
34.719	-9.8405	-3.3063	0.0433134089647789
37.973	-4.0567	-3.8317	1.07396236363041
37.721	-2.718	-3.5393	-0.448397337228783
37.348	-4.3808	-3.4643	1.645
36.626	-3.6918	-0.73483	-1.56538215239881
37.096	-3.0514	-4.6541	0.140581509899828
33.716	-7.4941	-2.944	0.530869360266977
37.885	-6.1483	-4.0581	1.645
36.577	-3.213	-5.146	-1.645
35.914	-2.1429	-5.1293	0.442893547395647
27.224	-11.557	-2.9923	-1.53702179235869
34.473	-6.0424	-5.0366	-0.939807599644256
33.756	0.78472	-3.7174	-1.07251000789195
37.418	-2.9354	-2.5082	-1.1898402220971
37.609	-6.1563	-1.2378	-0.24300755084498
37.838	-3.7151	-3.567	-1.27549119471485
36.231	-6.2373	-5.1256	1.15866764829303
34.85	-8.5722	-4.0191	1.645
37.279	-7.3662	-1.4602	-1.2479387201062
37.367	-3.737	-1.2535	-0.865108924627286
28.796	2.6423	-1.0447	-1.45265122781325
35.965	-1.3746	-5.0021	0.0182227034066423
37.772	-3.5059	-3.3861	-0.715829028567899
36.06	-7.5642	-0.4854	-0.241227184459709
36.655	-3.0677	-4.4207	-0.558552065702514
37.961	-6.4367	-2.1714	-0.0652147911310327
33.546	-0.34527	-5.445	-0.991397501434102
33.998	-7.9864	-0.16569	0.299467636266886
37.356	-5.2576	-1.0494	1.0262724164398
28.058	-0.40419	-6.5521	-0.521452259536314
31.82	-1.1205	-6.6025	-0.0485360542129209
35.042	-7.5012	-4.9165	0.338973843702938
37.14	-4.964	-4.1295	0.204341369201072
34.929	-9.3154	-3.3453	0.00155051788134125
32.465	0.75286	-1.4389	0.049280548421451
29.185	-1.0694	-6.7569	0.109403419621778
37.407	-3.279	-1.2402	-1.04522767785888
32.167	-10.434	-3.3169	-0.378353312017254
36.147	-2.2079	-4.9607	0.245301119923191
35.791	-7.0583	-0.31701	-0.554932740008368
31.848	-10.514	-3.7276	0.761844747699058
32.896	-9.6574	-3.1526	0.917436044068739
34.169	-2.2291	-0.29475	1.27357633962409
37.487	-6.2291	-1.7669	-0.800343576567923
34.65	-7.5723	-2.293	0.998107991960951
36.37	-2.9592	-4.9675	-1.13647295850765
36.733	-2.908	-4.739	0.77780753460602
24.838	-11.328	-3.8629	0.615003571762043
33.447	-0.099584	0.24688	0.470392833038301
34.415	-6.8325	0.075148	1.36020530903089
32.516	-0.5129	-6.2823	0.0977288823599752
37.032	-6.1426	-0.88556	-1.48845570364811
36.601	-7.2495	-1.0362	0.358008985662246
25.277	-1.3055	1.488	-1.14131989824499
33.734	-9.5652	-3.4776	-0.00105276202986748
32.516	-10.186	-4.2238	-0.0799410538029243
34.344	-1.2254	-5.6987	0.735364292804141
34.806	-8.8901	-2.973	1.61378545389127
26.615	-11.683	-3.4185	1.60467481726514
38.242	-5.918	-2.1091	-0.066247991496592
35.898	-7.0416	-0.93679	0.372048875465064
35.765	-2.3939	-5.2168	0.909345524155628
36.194	-6.8002	-1.6144	-0.482736499281743
36.651	-7.5829	-1.2475	-1.645
36.84	-7.9578	-3.3052	-1.02843031308031
24.271	-12.112	-3.4109	-0.0547469745268018
37.101	-2.5892	-4.5559	-1.53768747579036
32.833	-9.925	-3.8629	1.12424750999204
31.516	-1.6663	-1.0651	-0.827176765259221
36.617	-3.1258	-4.9507	1.645
36.51	-8.369	-3.6788	0.875072335430642
36.385	-6.6891	-0.91737	-0.784186257917917
36.588	-2.8971	-0.65573	-0.0237180761007876
37.432	-2.5769	-3.2596	-0.547472734099283
35.901	-7.5783	-1.5121	1.22477920600081
36.177	-2.5183	-1.6875	-0.865890345534712
35.53	-1.198	-4.9193	-0.773263982364885
36.836	-2.003	-4.5542	-0.624795104119179
31.457	-0.30158	-6.5963	-1.01941738383198
24.502	-11.889	-4.0808	1.3709149237035
36.969	-6.9389	-2.1567	-0.128617812845361
29.572	-9.596	-4.4341	-0.028016144666949
30.474	-10.434	-3.6727	0.768705897740495
36.037	-8.4397	-2.6454	0.279585041191063
37.136	-6.9179	-0.88602	-1.23318725659747
35.258	-5.3219	-5.4431	-0.012272141267159
36.968	-3.0594	-1.5917	-1.29392561619948
36.243	-3.5794	-0.21717	-1.645
35.665	-1.1446	-3.4708	0.513163801476662
37.957	-5.771	-1.0749	-0.951456396380872
35.407	-6.9301	-1.0617	1.51435522328802
34.733	-2.7372	-1.1845	-1.15176286133001
35.607	-1.8209	-5.5017	-1.645
33.353	-0.15211	-5.6436	-0.616895935559561
29.468	1.8323	-1.3242	-0.313881514381806
21.085	3.772	0.79139	0.187314916826002
37.508	-3.0489	-2.1855	-1.08798942553499
36.415	-1.8489	-3.4901	0.592836252550261
34.952	-6.4194	-5.1862	1.645
34.516	-1.442	0.39769	-0.00348299239632211
36.307	-7.1819	-0.72469	-0.640846838613742
38.228	-5.9979	-2.4075	1.24758688737058
21.132	-1.0722	1.3773	-1.07732629464737
35.692	-8.8069	-1.7571	0.944653871539324
35.112	-8.381	-1.5627	-0.882267331750345
38.155	-4.6891	-2.4946	-1.01965552743538
37.488	-4.8809	-1.9614	1.50821101140848
27.938	-0.14693	-6.4389	-1.31947744218509
37.469	-3.1858	-2.9957	1.645
36.11	-7.4497	-1.499	0.815435637088377
35.609	-7.1077	-0.68315	-1.36944433174956
36.454	-6.533	0.32032	-0.883575010052437
36.885	-8.2585	-1.4113	1.645
36.474	-2.0151	-4.8982	-0.338864077762548
36.922	-6.114	-0.78434	-0.760642225901629
34.963	-0.91573	-4.2992	-0.826864530169397
36.627	-4.0545	-5.0559	0.0241183367837456
35.913	-3.5353	-0.26692	-0.719793831212509
32.196	-1.6907	0.61627	-1.12462579506121
36.973	-4.4217	-0.99545	0.865692332582914
35.622	-2.128	-5.639	0.285193969607028
28.401	-0.6673	-6.6758	1.02383774555702
28.959	-10.732	-3.9835	-0.846015429986827
36.901	-2.8551	-4.7309	-0.942140833744941
27.045	2.3681	0.63953	-1.02885419770923
36.546	-7.4554	-1.1895	1.645
31.983	-8.192	0.43924	-0.109624529548016
36.758	-6.2914	-0.49534	-0.541108224984678
33.301	-0.8584	-6.2191	-1.0337234065525
36.022	-6.828	-0.57731	-1.08356429435526
34.532	-1.6199	-5.9276	-1.645
34.807	-9.2413	-0.70097	-0.135609428288999
36.003	-7.4847	-0.98669	-0.401233073035739
37.343	-6.62	-3.3463	-0.227973395440272
28.024	-11.618	-3.2678	1.645
28.696	-0.68077	-6.8741	0.381397668490779
37.061	-7.7577	-3.156	1.645
36.834	-7.6649	-2.6837	-0.194883081585024
26.47	-1.2093	0.66759	-0.677732513875222
36.488	-6.1858	-3.8549	-0.340647047097151
35.633	-2.7754	-0.42644	-0.365563883961949
37.012	-7.5666	-2.4787	0.388454522719557
34.278	-8.7974	-3.7387	-1.31404935129076
37.93	-4.6532	-1.5629	1.58314832193057
36.185	-1.9151	-5.1717	-0.196248083523708
33.954	-0.85081	-5.874	-0.784992174632183
22.655	-11.631	-3.7513	1.40754085558091
36.038	-0.75241	-2.4819	-1.19386017670344
37.07	-2.1273	-3.4271	0.8970774064062
38.371	-4.863	-2.051	-0.262644319090236
37.657	-5.2865	-0.77623	-0.425830884194093
37.059	-7.1464	-0.47755	-0.307680073799447
37.734	-5.9544	-4.0513	-0.545504830825765
34.45	-0.82641	-5.3395	-0.513334035546511
31.72	-0.96702	0.3544	-0.624143941694352
37.065	-2.8718	-1.9238	0.109806248299063
36.367	-7.0131	-1.7098	-1.05535053406681
37.929	-6.679	-1.6821	0.0499663555790649
36.741	-6.3389	-1.159	0.0603345929428602
37.268	-4.9914	-0.25184	1.50275433718907
37.948	-6.3604	-1.6608	-1.645
36.121	-2.9466	-5.1363	0.391407284468162
38.305	-4.7921	-2.3396	-1.645
35.451	-2.0421	-5.2604	-1.3046572160216
24.997	-0.66669	1.1359	-0.958622989043256
35.868	-5.9551	-0.76246	-0.603783027924338
37.597	-4.7139	-4.268	0.169563382157268
22.994	0.17768	1.5887	-0.640714917437382
35.606	-2.0846	-5.5897	-0.00650239976863695
36.241	-3.1487	-1.2023	0.200764707010507
33.407	-9.7397	-3.9947	1.645
36.946	-7.1431	-0.98937	-0.195203936110826
22.106	0.18732	1.8667	-1.04814778255251
36.791	-7.3313	-1.4707	-0.13496751397824
33.708	-1.6614	0.33322	0.151862759913657
27.282	1.8772	0.36123	-0.159077306232743
37.469	-3.0494	-4.2007	0.273537228299566
18.476	-11.922	-3.6567	1.26858095239665
38.329	-4.7319	-3.6869	-0.483536627803926
37.578	-3.8494	-4.4812	-0.0784587163995822
38.032	-3.8433	-2.5224	1.645
37.127	-6.706	-1.4274	-1.35024463373267
27.991	-1.7102	0.46544	-0.737379211055163
36.593	-5.8661	-0.6886	-0.0285481477954131
30.827	-10.451	-4.0079	1.645
35.137	-7.474	-0.47603	-0.846432083973385
31.588	-10.845	-3.7152	0.351854498145625
34.832	-1.3266	-5.3939	1.43199939270922
33.007	0.29962	-0.29684	0.492137897081392
36.68	-3.1089	-0.80076	0.100757587916082
33.046	-8.5364	-0.65937	0.366636311438371
24.948	-1.1145	1.1193	-1.645
36.344	-2.7243	-5.0541	-1.03846608867202
35.74	-1.5646	-5.2828	1.645
37.422	-3.4628	-2.3274	-1.06844931938537
37.485	-7.2194	-1.5734	0.626996905241652
29.642	-1.2463	-6.7948	-1.645
35.886	-6.8034	-0.66589	-1.35903995007615
28.764	-0.51537	-6.6424	-1.11262461322556
30.247	-10.532	-3.9948	0.350561149549238
25.316	0.0397	0.96357	-0.961737261985321
35.687	-2.4359	-5.3201	1.645
35.159	-5.0452	-1.1061	0.0530091755713588
29.068	1.9082	-0.13313	0.359578646072009
26.151	2.5267	-0.32816	-1.35140244358864
37.946	-3.3618	-3.7233	-1.19107032685465
25.063	2.6942	0.50611	-0.730308287573229
27.032	-11.414	-3.9168	-0.540018967653712
38.008	-3.2008	-3.5752	0.408189182291041
26.332	2.8248	-0.26543	-0.857797528517365
28.21	-11.078	-3.6007	0.443627140224461
36.438	-5.6209	-1.0791	-0.877319380325465
35.868	-8.013	-3.1225	-0.62476851000583
33.996	-0.50546	-3.2843	1.645
36.935	-5.5179	-1.3782	0.0716049658128922
30.867	-10.809	-3.5384	-0.0932051903891385
36.601	-3.3263	-0.83788	0.0277777908058228
35.139	-7.3104	-0.6746	-1.09355148713815
37.785	-3.759	-1.4766	-0.764211040485225
36.934	-7.1197	-1.3898	-1.645
37.883	-2.6633	-2.9858	-0.931082303977376
37.029	-4.7412	-3.0954	1.645
37.899	-7.3266	-2.9614	1.645
36.466	-7.3544	-0.70317	-0.0241318740952276
26.788	-1.3344	0.7076	0.366017782906023
37.08	-2.6979	-1.4846	-1.56545282934463
34.537	-0.89781	-0.21511	-0.848087754055687
29.628	1.4832	-0.091737	-1.645
36.433	-4.7672	-1.4114	-0.319975344939346
38.211	-6.7695	-2.7243	0.953688675581976
35.861	-2.605	-5.277	0.847279864550348
37.652	-4.4151	-4.0434	0.957265661361696
37.522	-6.8014	-1.605	-0.422635442505917
37.709	-3.0288	-3.4199	-0.376635638310515
24.476	-1.1701	0.93116	-1.34024273681855
38.23	-4.9132	-3.4835	-0.711761805951025
30.193	1.2549	-0.92182	-1.30556128495691
35.184	-9.2901	-3.1965	1.645
35.34	-2.5809	-4.242	-0.961879368333272
38.328	-5.5245	-1.6957	1.0687304727442
37.737	-6.611	-1.2513	1.12826170623025
36.514	-8.5327	-2.2652	0.725737218259678
37.031	-6.9763	-1.0374	-0.0630873312196901
28.865	1.751	-0.48839	-0.719034318873586
37.168	-2.8936	-4.4433	-0.217116752997354
38.053	-4.9272	-3.8114	0.463420359736303
35.394	-6.7244	-4.8998	-0.756605947825733
38.36	-5.3256	-2.9136	-0.689275475534216
35.233	-8.8871	-3.1131	0.542863873766609
35.937	-7.7764	-1.2843	1.645
38.382	-5.4187	-2.2298	1.60591616012988
34.803	-7.3818	-0.18694	0.856128201040075
28.289	2.0839	-1.1024	-0.885508553466048
27.103	-1.7895	0.51807	-1.05078229709586
37.196	-2.9731	-1.8959	-0.890249476758878
36.018	-6.3323	-1.1371	0.153913357074875
36.927	-6.6277	-0.54409	1.15037147797241
37.14	-3.0531	-2.5682	1.645
29.139	-10.899	-4.2139	0.216096584722012
32.739	0.91199	-2.6954	0.0410777370194781
34.579	-9.3204	-3.3467	1.645
31.902	-10.188	-3.1425	1.645
33.226	-8.1007	-3.0252	0.896658893810891
33.871	-0.68123	-5.6772	-1.51991675899609
30.682	1.0168	-1.2092	0.786100917199341
37.508	-7.0244	-1.8393	-1.16321383231979
36.805	-6.8704	-0.46855	-0.078277993167915
37.672	-6.7785	-0.78609	0.218153152181569
37.448	-6.4351	-3.4083	-0.685023737195203
37.693	-6.9362	-2.1968	-0.582814836640256
38.285	-6.068	-1.6478	-0.422390833998724
27.568	-0.41487	-6.818	-0.826692044431541
37.729	-4.9993	-4.3855	0.770708353818483
35.436	-6.7361	-0.95815	-0.199715840937081
29.648	-0.84476	0.71673	1.1911182352206
37.252	-3.2123	-4.5515	0.0392301203987139
29.205	-1.0063	-6.6398	0.336793041944943
33.383	-10.034	-3.4276	1.48839548790426
35.881	-1.4853	-5.1216	-0.0372064707985796
36.292	-2.6554	-4.4174	-0.512239124355425
33.288	-0.28058	-5.9272	0.21122422523676
36.311	-6.2684	-0.71261	-0.129786299690898
37.185	-5.435	-1.2468	-0.0699848478710236
35.304	-6.792	-4.5462	-0.692193913191967
33.373	-6.1595	-5.613	0.0460463249747701
36.998	-6.8792	-0.55387	0.149252129675475
37.377	-6.8635	-1.8859	-0.159402866795611
29.709	-1.2098	-6.7267	-1.57401152110176
36.78	-7.3321	-1.024	-1.30296975870763
27.506	2.6504	-0.70193	-1.41624568663077
37.368	-6.4768	-2.9922	-0.96925784879846
27.402	2.3625	-0.79184	0.781387806547881
29.6	1.593	-1.8446	1.03445597289902
24.668	-11.654	-3.2159	1.05993000161307
35.172	-5.0249	-0.59907	-0.726039106025954
37.26	-1.8777	-3.7953	-1.00284291900513
28.461	0.98628	0.17033	0.944924626786478
37.305	-7.1596	-1.4898	0.611544520137856
35.773	-7.8802	-0.81617	0.329308301504843
29.113	-0.98121	-6.9442	-0.0588305427471381
37.135	-6.6056	-1.2216	-0.198825287238382
37.519	-7.3869	-2.6661	-1.645
34.157	-1.6204	0.0068926	-0.652098945756271
27.802	-0.52154	-6.6001	0.90007798161801
36.668	-5.7643	-0.36006	-1.15606562687238
37.344	-5.4244	-3.918	1.12193991913375
37.887	-5.396	-1.5637	1.25619569292228
38.365	-5.7093	-3.163	-1.09732801531751
24.144	-11.871	-4.1725	-0.899049186119469
35.897	-8.9728	-2.3728	-0.452574584115899
34.719	-0.76652	-0.38087	-0.580780511899422
37.89	-3.3009	-2.8666	-0.358986684493117
36.947	-7.3373	-1.2444	1.45670265965587
37.262	-7.6743	-2.5575	0.372312865728613
33.764	-0.71277	-5.7633	0.225995682132755
37.447	-2.7711	-3.2962	-1.08374812811198
37.137	-3.3898	-4.8805	-0.961589812618241
27.184	-1.4529	0.40133	-1.13494067229362
33.48	-0.64767	-5.7709	-0.210670237984235
37.13	-6.6506	-0.87502	-0.648552894617067
35.949	-7.0988	0.036498	0.0679962269060711
36.432	-7.4201	-0.80639	1.01890906494651
36.647	-7.5774	-0.80506	-0.61774541084028
32.159	-10.433	-3.0039	-1.04627540366226
36.926	-6.1455	-1.226	-0.820451860070499
24.255	-1.0753	1.209	-1.18090957949927
34.273	-0.69818	-5.6839	-1.18996724430544
30.396	1.5929	-2.7118	0.499373465998656
37.412	-4.5111	-2.4789	-1.13511227087924
36.707	-6.8401	-1.3848	-0.235228086446213
35.473	-9.362	-2.7353	1.645
35.541	-0.99494	-3.919	-0.357557286705029
35.647	-8.0758	-4.3618	-0.79693098172765
35.031	-0.73919	-5.3013	0.62714526115625
37.779	-6.3044	-1.8107	0.966831131021559
37.4	-6.6576	-3.761	-0.212810801751269
37.22	-6.5674	-1.1292	0.579967902992112
28.144	-11.285	-3.6351	1.00596164031885
29.076	-11.036	-4.0158	-1.32877732447348
18.772	-12.196	-3.1299	-0.92122152091706
32.99	-8.9546	-0.21807	0.634305488392409
36.961	-6.9266	-1.1732	1.08906954958414
36.523	-6.9224	-0.55317	1.25474809219423
37.71	-3.7762	-3.6003	-0.404853172900034
36.406	-3.0178	-1.5552	0.411167598274483
20.57	-11.951	-3.571	1.645
28.759	-11.084	-4.2342	0.789232918037527
26.305	2.5123	-0.34699	-0.163313302220351
36.904	-2.4271	-4.0264	-1.25169315334818
33.384	-0.71081	-6.05	1.645
37.579	-7.1001	-2.0947	0.604630313002414
23.422	-0.66444	0.89025	-0.71845103040646
28.06	-11.31	-4.1272	0.257447010499436
30.623	-10.628	-2.3359	-0.324219840253735
35.285	-7.5377	0.066807	-1.31397550361467
24.414	-12.142	-3.2013	-0.617409677249299
35.131	-9.2436	-3.3567	1.645
37.897	-4.8967	-1.5729	1.645
35.936	-1.5523	-5.1143	-1.08807055935132
36.751	-6.7733	-0.83624	0.772341088048449
34.045	-9.3825	-2.7884	0.155290754133503
32.053	1.3059	-1.5197	-1.25481560954885
22.195	-0.52443	1.9394	-0.942684046103526
29.757	-0.67542	-6.5392	-1.0013055313778
33.832	-8.7472	-3.3011	0.949624456872131
33.493	-0.10664	-5.5756	-0.0660103972996948
37.835	-4.0336	-3.727	1.27904648339538
37.948	-3.335	-3.8358	-1.27231840880441
35.992	-6.343	-0.027214	0.803267849873755
37.221	-6.2661	-0.70586	0.794917128025131
34.702	-1.6396	-3.8829	-0.861081334996999
36.699	-4.6467	0.089536	0.210223958731329
36.716	-1.7406	-3.0904	-0.137746042652323
37.937	-4.7004	-4.0766	0.615773154435906
35.643	-1.0173	-4.7475	-0.0312962317131683
36.441	-7.3309	-1.0821	-0.437915455079475
36.187	-1.3059	-1.2429	-0.868534886104932
38.201	-3.9247	-2.182	0.690134528407367
37.101	-6.2474	-1.5272	-0.0718522920051507
34.095	-9.7839	-3.228	0.185288596851076
34.74	-1.4122	-5.6472	-0.17483261845034
35.769	-1.1302	-4.9338	1.21423846091339
22.352	3.0673	1.2586	-1.03012226929226
37.269	-6.4643	-1.3187	-1.57524275693379
33.974	-0.2086	-5.4289	-0.849761827071357
36.678	-7.6703	-1.4146	-1.08701740347654
26.612	-11.577	-3.6266	0.983343197616495
32.564	-8.7826	-4.3392	-0.813421725458361
36.986	-3.4192	-4.8641	1.645
37.3	-4.165	-1.6175	-0.503295772600749
36.848	-6.5595	-2.1398	-1.03804036486504
35.997	-3.0534	-4.6892	-0.657958094662244
37.105	-3.6061	-4.5524	0.273338991133585
36.304	-5.6636	-0.46282	0.314102048699298
36.51	-6.2637	-0.54518	-0.560810590266264
36.426	-6.7145	-0.56541	1.17439266316327
35.933	-8.4365	-1.8553	1.49443067213244
36.424	-7.281	-0.91605	0.205365869268991
35.675	-7.1694	-0.86933	0.477917324238451
34.45	-9.2067	-3.1109	0.121343871765184
36.528	-6.7207	-0.3798	1.645
35.577	-2.1617	-5.7207	-1.1042033432701
36.187	-7.133	-0.64214	-0.629769759336813
37.267	-2.9412	-1.1413	0.323965579352822
35.556	-2.9167	-0.96308	-1.17505204500334
36.293	-1.505	-4.5643	1.02355911843709
36.66	-6.6386	-0.37036	1.00618497119339
37.18	-7.2877	-2.0295	-0.921877213369357
30.382	1.5907	-0.49021	-0.803900208731596
29.504	-10.993	-3.853	-0.0199365688718189
35.954	-7.1988	-1.5628	-0.793413389844988
36.732	-2.5374	-4.5019	-1.49292039940406
36.996	-7.5969	-1.0678	-1.10173555791054
26.906	2.3831	-0.26394	-0.578902047150429
36.618	-7.6655	-0.98104	1.09531011379839
37.401	-2.788	-4.0256	-0.973843258275026
37.663	-3.1052	-2.6371	0.184777388999451
27.649	-11.462	-3.5438	-1.22822705082418
34.236	-10.016	-2.8261	1.22469662737646
28.23	-0.50422	-6.5389	-1.0769647183921
37.336	-4.2892	-1.3951	-1.5184969469294
36.67	-6.0862	-0.60603	1.63347225669469
37.75	-4.869	-1.3026	-0.448341666856108
34.046	-7.7115	-0.99998	-0.0268721697328481
32.649	-1.5728	0.16861	-1.43988442435779
26.384	-11.718	-3.1602	0.0496305529195903
37.988	-3.183	-3.7179	-0.150011122434905
37.024	-5.0281	-5.0016	-1.2880346131174
32.07	1.4293	-2.3833	0.500535478325404
35.762	-2.4738	-4.9674	-1.44342939121345
29.441	-2.4441	0.42788	0.753839495315214
36.316	-4.3292	-0.2157	-0.901323624092551
36.172	-0.92643	-4.2247	-0.356155568926633
24.148	-11.976	-3.5319	0.89949659830732
37.298	-5.8161	-0.65225	0.502079628719262
38.583	-5.346	-2.3082	-0.897053670184089
35.159	-1.6508	-5.7185	0.852348346845832
36.409	-6.4671	-0.54685	-0.0868793951807733
36.963	-3.5361	-2.5995	-1.27464410581307
35.913	-7.6121	-0.87189	-0.417017145226325
28.048	-11.488	-4.1721	1.01860375594497
38.35	-4.2938	-3.138	-1.31314539925027
29.127	1.8274	-0.60295	-1.645
37.112	-7.4161	-1.9881	0.315432657747624
35.967	-2.729	-0.69909	-0.212995210053389
25.808	2.4843	0.20229	-0.0355273971189924
37.718	-6.805	-2.3753	-0.814763406094603
36.049	-2.8343	-0.31658	0.992847101859668
37.736	-7.0645	-2.0451	-0.553215464281171
31.849	-10.422	-3.1593	0.685194611529355
37.711	-5.9719	-3.357	-0.491356095388573
37.264	-6.7331	-1.3042	-0.658589952555977
37.211	-6.4572	-0.88182	0.215135344783191
36.077	-2.6253	-4.9514	1.32663494720486
36.508	-6.9874	-0.76697	-0.548766506650584
35.464	-9.2253	-3.2972	0.058933667419974
36.086	-7.7136	-1.5338	-0.024112752634913
37.02	-3.3083	-1.0167	-1.39995187714082
36.358	-0.97953	-2.8211	-0.904795026155154
35.662	-6.8765	-0.14067	-1.01460197979551
37.731	-4.9146	-1.0312	-0.716013924110351
37.36	-1.9229	-3.4248	-0.712982429102123
16.859	-12.177	-3.2421	1.645
36.501	-6.4825	-0.69156	-1.1837658233057
33.436	-1.2899	-6.2745	0.62840761727378
36.918	-7.5758	-1.5006	0.343417326173446
36.482	-1.3979	-3.6565	-0.845294361791306
38.175	-6.4615	-2.3743	0.984039215043506
34.412	-0.72442	-5.3799	-1.38614735525612
35.233	-1.7225	-5.4094	-0.277008919363034
36.092	-7.0394	-3.7643	0.789933233377225
36.817	-3.992	-1.0023	-1.35452942233565
37.755	-3.5724	-3.9847	-0.316064574433289
37.32	-2.9559	-2.0473	-1.20077416454917
36.558	-3.477	-0.7264	-0.479777119281355
36.922	-5.6457	-4.9601	-0.624905657179038
36.807	-6.8513	-1.4331	-1.49477981903231
31.208	-10.341	-3.9103	-0.803620573719922
33.624	-9.7678	-3.2114	1.57337265037531
38.277	-5.7043	-2.5148	0.203400169109783
37.41	-6.4188	-0.83121	0.690798329278231
37.859	-5.8203	-2.0456	-0.819495372558302
31.076	-10.596	-3.1788	0.472070956122348
37.33	-2.1802	-2.9054	-0.584893220750962
35.237	-0.69076	-4.8874	0.362322432728646
37.766	-3.2181	-1.9562	-1.15685410233063
36.362	-7.0014	-1.1047	0.360186462440359
37.275	-3.0113	-4.2995	-1.31249952863651
36.488	-7.3251	-2.3262	-0.612967270435261
35.131	-7.9391	-1.5386	-0.188528525894845
35.328	-8.9384	-1.7754	-0.50861536054886
37.298	-6.2867	-4.72	0.862782491658855
35.975	-7.482	-0.79263	-0.129960355615297
37.872	-6.6212	-3.506	1.48891956561914
35.159	-8.7272	-4.1003	0.304730845721445
36.92	-5.8143	-0.62305	-0.617514632081128
27.83	-11.511	-3.6894	0.691283960834269
38.515	-5.1784	-2.2231	1.645
35.201	-6.4466	-4.6978	0.540408822523477
31.034	2.13	-1.503	-0.774480342188938
36.491	-1.3732	-4.2775	1.25483034063597
35.332	-3.4379	0.25797	-1.19053153082955
33.235	-10.72	-2.9872	0.358365728700428
34.746	-0.83355	-5.3832	-0.252002197764206
35.295	-7.3557	-2.6164	-0.404947186348012
37.642	-6.2693	-1.2363	0.337665495441762
36.98	-3.2319	-1.217	-0.608100544928569
37.707	-3.9647	-4.055	-0.0625368922913419
35.947	-7.6318	-0.92707	0.773455253615447
29.772	1.7553	-0.20628	-0.893294806261504
34.889	-7.5416	-4.5362	0.239864053511201
37.756	-7.1614	-3.4233	0.762523720014007
30.135	-9.1454	-4.2499	0.783070922630848
36.52	-7.3394	-3.0192	-0.916170930587908
31.384	-10.126	-3.673	0.382408928203525
35.927	-2.6184	-5.194	-1.44752076731341
36.545	-7.0306	-0.54223	0.206733832282166
36.695	-8.3244	-3.4796	-0.786839417274073
33.688	-2.6749	1.0381	-0.874341187475862
37.485	-6.1472	-1.8209	-1.07254087706726
35.735	-6.5504	-5.0381	-1.10126712425056
33.073	-10.383	-3.0347	1.645
29.712	-0.9678	-6.7499	0.99603378321643
37.21	-4.2579	-4.7383	0.520712202135599
31.873	1.1603	-1.4668	-0.785996936868373
28.169	-10.539	-4.4468	-0.0693348275739103
26.259	-0.18253	-7.0548	0.830787203636446
34.583	-9.2741	-3.2361	1.645
35.642	-2.2581	-5.5624	0.167126448608059
34.357	-6.5455	-4.6842	-0.905349654247047
36.201	-2.0957	-4.461	-0.378494473149568
29.493	-2.0896	-0.37662	-1.21660927329312
36.667	-6.7386	-0.78268	-0.554262704485653
36.875	-2.9204	-4.2667	-0.849755973259356
37.496	-3.2443	-4.1554	0.849891248901774
36.763	-2.5223	-2.4664	-1.44827489146227
36.419	-6.6899	-0.5559	0.240031518274835
37.925	-7.2268	-2.1791	1.645
34.961	-9.0902	-2.5955	1.24887926551688
34.192	-8.3314	-3.5638	0.443983733425498
34.875	-7.5634	-0.67985	-0.185199327425444
37.872	-5.7018	-1.026	-0.0534582106641302
36.493	-3.2037	-1.737	-1.645
36.476	-7.382	-1.0621	1.16399128379411
38.265	-6.0586	-2.7998	1.54730710273728
33.378	-9.128	-3.986	-0.799038055149464
36.292	-7.3381	-2.103	0.402832938260539
23.685	-0.6064	0.95115	-1.1647157444533
37.59	-3.4846	-3.6459	-1.14642709714141
36.056	-7.7506	-4.4819	1.645
35.595	-7.1083	-1.4836	-1.21800709300519
38.095	-4.4114	-3.0289	-1.07028446215225
36.422	-2.8263	-5.0446	0.431472915952121
36.125	-7.0592	-0.43751	1.12606060744815
36.775	-7.7189	-0.67347	-0.392628111915597
35.9	-7.2416	-0.67509	1.645
37.251	-3.3098	-4.4526	-0.960424782238801
35.672	-1.7917	-5.3377	1.08311856889027
37.348	-6.6439	-1.5268	0.729450249264449
34.09	-1.9336	-5.9096	-0.791187649634548
36.734	-4.8522	-4.9762	-0.551766297443389
36.12	-6.1442	-0.35725	-0.909977669160761
36.152	-7.3342	-0.95071	1.19943727757385
37.21	-7.0648	-0.9211	-0.649646056770262
24.712	2.8802	0.58317	-0.0662275696452444
22.13	-12.369	-2.9595	-0.850303251251454
37.742	-3.366	-3.0438	-1.35143138801856
35.83	-8.0329	-0.94709	-0.16917229302495
37.836	-4.3579	-3.3202	-0.298251929156019
33.381	-2.7503	-0.92077	-1.56780222463021
36.802	-7.1285	-0.91854	1.645
29.561	-2.1923	-0.92529	1.20663111587508
35.127	-8.9068	-3.2601	0.36386890216211
35.071	-9.1648	-1.7033	1.10332182001643
34.201	-6.8832	-5.1613	0.456084633670734
29.457	-8.1844	-4.6495	0.86405292771157
30.542	-6.0829	-5.3952	1.645
36.737	-5.862	-0.77037	-0.0791594593516715
25.703	0.22142	-6.7138	-0.712230544339528
34.186	-2.9176	0.81454	-0.315264042853749
36.289	-2.5821	-5.4333	-0.976267674122452
26.98	-11.301	-3.1408	0.953915005002527
34.25	-0.42419	-5.4538	-1.645
36.429	-1.94	-1.5444	-1.30842515415711
26.933	2.2884	0.38868	-1.22741398167413
36.807	-2.7145	-1.7884	-1.58319695908697
30.671	-0.85242	-6.8893	-0.7921184963982
36.881	-6.9741	-1.2878	-0.629402937037515
37.081	-2.2684	-3.7777	1.645
37.247	-5.6924	-4.4819	-0.718797752020116
35.99	-2.0913	-5.2288	-0.981161616936071
37.301	-2.9975	-4.1287	-0.0496446272984031
24.068	-11.949	-3.7635	1.22996542683369
36.741	-6.2321	-0.25214	1.645
35.878	-8.1252	-1.6888	1.33768353428273
36.956	-3.2025	-4.4751	-0.574750753216023
20.494	-12.103	-3.3423	0.961089515045556
35.596	-0.68966	-4.4515	-0.704699125164409
34.398	-1.8175	-6.1834	0.137345360403389
27.464	-11.751	-2.8039	0.936682798194689
33.607	-1.7542	0.66326	-0.268339232996586
33.459	-6.2113	-5.0877	1.645
37.523	-5.7548	-4.5898	-0.993587387754857
37.393	-3.4946	-4.3244	-1.05535680356429
33.741	-1.9733	-5.4226	1.2538549639326
37.173	-2.6245	-3.9132	-0.847988220612526
36.084	-6.9266	-1.1155	1.01066879131082
36.034	-7.4432	-0.97491	0.237644713845691
36.39	-6.9544	-0.46647	0.545461905891963
38.265	-5.2641	-1.6418	0.296472174268729
37.364	-6.6113	-2.4395	1.58524754002224
37.902	-5.9908	-2.0936	-1.07029691405977
29.035	1.6447	-0.066406	0.193846144428639
37.4	-5.3887	-1.203	-0.32570905634277
38.006	-4.5622	-1.6132	-0.111912260467758
36.17	-7.445	-0.85062	1.645
35.119	-8.7121	-3.9509	0.55792582898621
37.122	-3.4666	-4.8168	-0.339776393143659
37.69	-2.9721	-2.3396	-1.08174497296887
36.947	-6.3535	-1.4057	-0.549112011388967
34.571	-8.8569	-2.5749	1.47206611191637
35.12	-1.2742	-2.8903	1.62630857377744
36.514	-2.8311	-4.6458	0.402844062312313
36.53	-7.222	-1.5122	1.645
37.076	-4.767	-1.1442	-0.281870967562891
36.083	-8.5847	-3.8822	1.14589411622679
27.162	-11.286	-4.1317	-0.282379474246242
37.573	-3.3045	-2.1576	-1.26876411487902
33.548	-1.5978	0.067007	-0.915470747251735
33.884	-9.4559	-2.2002	-0.325252340791169
29.685	-10.994	-2.7076	1.645
35	-8.9277	-3.0689	1.05989583354053
36.221	-2.9564	-0.61513	0.680432618815246
36.271	-7.3453	-1.3238	0.300001136379947
30.806	-9.287	-3.5933	0.733554229079573
32.197	1.205	-4.1368	-0.221731922984322
31.819	0.77723	-1.5751	0.414482819676578
27.479	-1.1421	0.8687	0.593713887517982
37.819	-3.8939	-4.081	-0.728782693575413
37.704	-6.9036	-3.5007	1.52948185765236
36.956	-7.4289	-1.0991	-0.770448686920408
35.298	-7.0473	-0.77197	-1.61669003006511
35.732	-7.4659	-0.892	-0.184168347904584
31.882	-0.57295	-5.8092	-0.928710893009075
33.758	0.38343	-3.2386	-1.15401344854551
35.653	-7.9359	-0.91161	1.02797679459836
28.667	1.635	-0.37636	-1.11515297514763
37.322	-7.6218	-1.4826	-1.08066847591575
36.513	-7.4862	-2.793	0.170028611074666
37.128	-7.3755	-1.516	0.0722742620836981
37.605	-6.5111	-0.87244	1.58232063725816
33.448	-0.77411	0.15523	-0.795364926061406
32.161	0.91575	-1.7862	-0.103321020559864
36.865	-7.6925	-1.6333	0.136268369939128
33.449	-0.6842	-5.706	-0.537134830457776
35.179	-4.4275	-0.35156	1.645
28.13	-0.42296	-6.6429	-1.19319651030148
36.619	-3.3442	-5.008	0.980140549510206
34.659	-1.9863	-5.9829	-0.790691271630877
37.494	-5.8069	-1.0089	-0.458030379833103
29.737	-10.997	-3.7093	-0.690017123391559
36.381	-6.3235	-0.97449	-1.50850507798124
30.035	-10.734	-3.8263	0.158752039864616
37.14	-3.9296	-2.3872	0.338476709895987
35.467	-1.2018	-5.1814	-0.354698378375936
37.404	-5.4861	-1.3972	1.645
33.207	-10.28	-2.8261	-0.362483359489612
37.199	-1.6237	-2.4917	0.201215817556329
35.944	-7.7459	-1.3209	-0.711689373176362
35.045	-8.4451	-3.0206	0.748834327649152
36.446	-6.3734	-4.8093	0.397886180365138
33.824	-9.9319	-3.7705	1.645
33.092	-2.3509	-0.10809	-0.309756088574676
35.801	-6.039	-0.10692	-0.656763925212457
37.741	-3.5231	-1.6764	1.55168106759526
37.201	-7.6178	-1.6684	0.324577591398139
37.079	-6.2808	-0.77346	-1.08124240419049
30.178	1.4558	-0.55411	-0.799651020209253
34.237	-8.2289	-3.8283	-0.595917777185573
36.16	-3.0067	-5.1595	1.645
35.549	-6.4596	-0.15332	0.122568672987454
35.937	-7.577	-0.66075	1.645
29.524	1.8227	-0.21233	-1.55636551392278
35.376	-7.6203	-0.86273	-0.865912276212842
37.421	-4.2265	-4.3602	-0.10191065615535
37.467	-3.1874	-2.2578	0.270777288339595
34.467	-0.7789	-5.5486	-0.904838812185283
37.29	-3.1505	-4.2486	0.985995977860571
36.562	-7.8558	-2.4601	-0.472685705991776
37.662	-2.5526	-3.9957	-0.0586057204695466
22.895	-11.764	-3.655	-0.316622465628699
36.366	-7.7739	-1.273	-0.180582199429968
33.424	-10.297	-2.9498	0.789726933695223
37.373	-6.9962	-0.69014	-0.150735930943896
37.272	-6.8375	-1.1314	-1.645
36.19	-1.7172	-3.5639	1.645
37.742	-5.3859	-2.9074	1.645
36.054	-8.1439	-2.2738	1.19316947541131
37.744	-4.8284	-2.8158	0.806035460343803
37.108	-2.6266	-1.3105	-1.22089661232322
34.091	-7.9047	-4.067	0.942610144755961
36.539	-6.8839	-1.4043	0.390991306932698
36.955	-6.6936	-0.62468	0.388652958935182
36.359	-7.4549	-1.0004	1.03995014393314
36.646	-6.9621	-4.4572	0.198617140510038
36.088	-6.6977	-0.52185	-0.59611283710171
33.023	-9.9253	-4.2566	1.645
28.339	-11.288	-3.7747	0.5471304638822
30.026	1.6761	-1.1057	-0.237749645290939
36.868	-7.3659	-3.4925	0.336380170741967
36.38	-3.1166	-4.3906	0.800341633200443
37.049	-6.6954	-1.5441	-1.43410851763545
33.331	-10.091	-3.2853	0.645590013250401
36.942	-6.4637	-0.66239	0.496496373784184
34.658	-0.62976	-5.3143	-1.58256684211431
37.879	-3.3745	-3.9897	-0.139761589896197
36.626	-5.7911	-1.2278	0.012335584754581
31.224	0.17342	-5.7504	-0.923421077624761
30.886	-9.9839	-3.954	0.0654345195370403
32.951	-2.1329	0.73755	-0.054288718695324
36.718	-6.6751	-0.98773	-0.331673119121394
30.039	-10.6	-3.9322	0.907571970617769
37.034	-3.681	-5.0419	-0.468320972012426
35.219	-2.1202	-1.3575	-1.11338063391003
37.148	-5.3387	-0.68234	-1.39406313004269
36.946	-7.765	-1.2246	1.645
34.816	-1.9829	-0.24815	-1.09979997102416
36.277	-7.249	-0.71106	0.0843301957573915
36.223	-7.4272	-1.0084	0.59933521857911
35.959	-8.016	-1.3819	0.0513487662868225
37.68	-3.1829	-3.9933	-1.16345664252718
29.709	-10.969	-3.9119	1.38226757834154
38.141	-4.2786	-2.7783	-0.0947962383240222
34.078	-0.040589	-5.3448	-1.26900144991116
37.061	-6.5184	-1.2337	-0.977040502827598
36.115	-6.9508	-0.31193	-1.02233053946444
36.304	-3.0943	-4.7781	-1.13509849706828
29.803	-10.77	-3.5859	-0.313053131317506
23.875	-11.581	-3.7265	-0.0413454119041588
36.149	-3.6882	-0.088772	-0.70766286352997
37.262	-3.681	-4.3805	-0.282165945254682
34.483	-1.1037	-5.7561	-0.995660607813423
35.336	-1.5855	-5.3664	-0.660948519150967
37.271	-6.6982	-1.6293	1.645
37.58	-5.6603	-2.0723	-0.206017150439976
36.765	-2.6537	-0.90358	-0.726593167936308
35.984	-1.9774	-4.2136	-0.691018614468137
34.619	-5.6944	-5.4814	-0.831414802335832
36.197	-2.5887	-0.88178	-1.22940456648122
22.184	-12.39	-2.6067	1.645
36.059	-5.4499	-1.2052	0.0584148839591114
36.976	-6.7599	-1.9741	-0.692197098190623
37.82	-7.0502	-1.9993	-0.691207240462111
37.905	-5.2701	-3.6581	1.645
34.952	-1.4921	-5.7799	-1.21879481305862
28.073	-11.668	-3.1194	0.0509589787515699
27.474	2.3031	-0.87242	-1.22218675536015
17.539	-12.176	-3.6076	1.645
38.275	-5.2304	-2.3682	-0.924446079970413
36.897	-3.6054	-4.7352	-0.0330809757879199
37.645	-3.0373	-2.7639	-1.26103779917931
35.727	-1.6297	-5.1851	-1.35212712970781
36.425	-0.63911	-3.5397	-0.102116403031449
37.908	-5.4849	-2.8675	0.177765137545786
34.841	-1.1825	-5.6789	0.0432340755670156
27.77	-11.555	-3.6482	1.645
33.42	-1.847	-0.09335	-0.500079733944162
37.065	-7.2034	-1.1197	-0.16688807700735
33.895	-8.0079	0.42918	0.442589968523381
36.981	-7.338	-4.1057	-0.684356206246938
36.89	-5.1349	-4.9182	1.18128714767362
37.157	-2.2965	-4.1908	0.71084472112764
36.82	-6.9642	-1.231	-0.351928522218312
