38.09	-4.6696	-3.7878	1.645
38.042	-4.4673	-2.5642	-0.0482430249077096
35.954	-7.1833	-0.97152	1.645
29.127	1.8274	-0.60295	-0.549779408411637
37.262	-7.6743	-2.5575	-0.415717784687276
33.037	0.75239	-2.4438	-0.544628847541626
35.763	-0.51963	-3.4807	1.645
37.14	-3.9296	-2.3872	0.966428453925532
22.195	-0.52443	1.9394	-0.626006505611322
24.281	-0.95431	1.6062	-0.342455774162127
27.947	-11.622	-3.3485	0.669460440316133
37.421	-4.2265	-4.3602	0.0371165104186588
35.308	-9.5027	-2.4343	-0.80943079297207
34.789	-7.3388	-0.54573	0.575291435147823
34.733	-2.7372	-1.1845	0.542829991449128
35.129	-7.3311	-0.43908	-1.02573639074004
37.574	-2.8168	-1.8882	-0.374009603737373
28.257	-0.68969	-6.8239	-0.0975274214513269
37.016	-2.6871	-3.6991	0.814157913755621
34.952	-1.4921	-5.7799	0.260204816576966
27.546	2.3168	-0.11179	-0.579052503502749
29.709	-1.2098	-6.7267	-0.145639287547563
37.742	-3.366	-3.0438	-0.830223421509374
37.897	-4.8967	-1.5729	-0.939353903595738
33.607	-1.7542	0.66326	-0.84544341682136
36.928	-3.1836	-4.6119	0.759784951058205
36.201	-2.0957	-4.461	1.645
35.927	-7.6408	-0.39627	1.645
35.444	-3.6749	-0.45329	1.645
35.127	-9.5065	-3.6642	1.645
37.247	-6.3258	-0.74275	-0.505257659871606
35.92	-6.9901	-0.49628	-0.719607385861591
37.663	-3.1052	-2.6371	-0.387680825638133
37.362	-2.3661	-4.0574	0.476428587331699
38.39	-4.8164	-3.1837	-0.707259400408365
34.549	-0.84299	-5.6394	-0.597106899027301
38.1	-3.8544	-2.0497	-1.31634674667976
28.246	-11.364	-3.9274	1.24034998880273
37.406	-4.0066	-3.9598	0.011438220575933
26.151	2.5267	-0.32816	0.740558045092202
35.022	-2.2931	-0.30106	0.874958739238453
36.083	-2.6015	-0.39972	-1.645
27.088	0.10397	-6.6888	-0.758773508745152
28.036	-0.32208	-6.6729	-0.676633013858455
37.469	-3.0494	-4.2007	-0.954919346554062
36.836	-2.003	-4.5542	-0.854545834174384
36.058	-0.71232	-3.8443	-0.514616828786564
31.828	1.1086	-2.2523	1.03926754825482
37.059	-7.1464	-0.47755	-1.58870870264566
37.488	-6.6095	-1.1444	0.382472766383091
37.648	-2.9954	-2.6871	0.966208464468743
32.857	-1.747	1.0811	-0.637389371416794
37.961	-4.5137	-3.6152	-0.456583568328454
38.1	-4.3733	-2.6288	0.0388656972482433
36.307	-7.1819	-0.72469	-0.946109177875191
33.343	-10.105	-3.3928	-0.797746479414747
37.307	-3.9139	-4.5918	-1.16890432103907
35.944	-7.7459	-1.3209	-1.6157544177161
27.032	-11.414	-3.9168	-0.613081653086272
30.671	-0.85242	-6.8893	1.16046028847423
31.208	-10.341	-3.9103	1.645
37.126	-1.7498	-4.0023	0.253280599983163
36.996	-7.5551	-2.6668	1.645
35.107	-0.70271	-4.7009	0.541184602333283
34.933	-9.2861	-1.8374	0.444773837680193
37.012	-7.5666	-2.4787	1.645
33.897	-9.3231	-3.4479	-0.779871139944348
29.113	-0.98121	-6.9442	-0.77573708657542
30.542	-6.0829	-5.3952	-0.179872826781062
28.168	-0.41404	-6.7192	-0.817694930503114
35.071	-9.1648	-1.7033	1.06111317557344
32.325	-6.7771	-5.2843	0.200341425271188
36.956	-7.4289	-1.0991	-0.349982655404165
29.185	-1.0694	-6.7569	-0.193810492803722
29.977	-11.456	-3.3584	0.218866555663263
36.67	-6.252	-0.26205	-0.499376172035365
36.321	-3.9637	-0.27042	1.28154090682224
36.328	-7.1272	-0.93379	0.169343100561642
35.629	-9.285	-3.1762	1.0815754103151
35.886	-6.8034	-0.66589	-0.786454225674724
37.348	-4.3808	-3.4643	1.59772990927051
32.829	-2.2829	-5.3286	-1.00913525628708
35.257	-2.0901	-4.006	-0.378939412666645
28.11	-1.8263	0.47221	1.645
36.969	-6.9389	-2.1567	0.777850644926967
35.391	-7.7354	-2.7639	-0.568482351889921
26.259	-0.18253	-7.0548	-0.167871924861383
36.441	-7.3309	-1.0821	0.0159994464241735
33.506	-8.587	-3.743	-1.22445699623922
36.195	-3.0407	-2.149	1.23321652798307
33.291	0.40457	-1.8331	1.645
35.97	-1.7404	-1.3486	-0.178738134722065
33.871	-0.68123	-5.6772	-0.406238972517122
34.469	-3.1586	0.16337	-0.0391664820020951
32.73	-10.178	-2.8586	0.24640810193352
37.658	-4.6228	-3.5033	1.645
34.878	-7.421	-4.5206	1.645
36.834	-6.7319	-1.2722	-0.459120879261903
35.983	-8.1255	-2.4158	1.645
28.415	-1.9853	0.6287	0.313428174554587
37.662	-2.5526	-3.9957	-1.59096904313285
34.744	-7.6455	-4.2175	-0.530630055374908
38.006	-4.5622	-1.6132	-0.995130396932312
36.388	-6.8777	-0.40505	-0.646497383744402
37.013	-1.3675	-2.5758	-0.0624567050891899
35.043	-1.2339	-5.4064	-0.165949928327997
37.342	-6.7824	-1.0638	1.44244588584718
27.274	2.4161	-0.10539	-0.0092608728392854
34.532	-1.6199	-5.9276	-0.54060017525486
31.917	-9.7447	-4.6294	0.322368393680237
36.944	-6.5048	0.15745	-0.692869529116406
36.508	-6.9874	-0.76697	1.645
36.304	-5.6636	-0.46282	-0.86150084975585
36.699	-4.6467	0.089536	1.4713164917176
29.42	-11.225	-3.3753	1.645
36.415	-2.8229	-5.3315	-0.663774476403727
28.577	-1.9917	0.59004	-0.7708203054721
35.596	-0.68966	-4.4515	-1.17686826380333
38.176	-3.9397	-2.3623	1.17602173768386
38.398	-5.8134	-1.1318	-0.701616299601409
36.623	-2.2417	-4.4946	0.42326158294057
35.595	-7.1083	-1.4836	-0.87306768376309
37.138	-4.5323	-4.5154	-0.845334027076706
37.756	-7.1614	-3.4233	-1.3960604368618
34.061	-9.7107	-2.6267	-0.558918799222509
38.29	-5.6387	-2.4153	0.400897544548862
37.485	-6.1472	-1.8209	-1.11317851514309
36.584	-6.9242	-0.77023	-1.38252530878419
36.491	-1.3732	-4.2775	-1.645
37.554	-2.4907	-3.7862	-0.918511397900521
37.264	-6.0234	-0.95589	-0.441035084939556
25.93	-1.2025	0.87789	-0.907474320727188
34.889	-7.5416	-4.5362	0.177733213395968
33.114	-0.44001	-5.9828	-0.132918954207613
34.473	-6.0424	-5.0366	1.52080286236907
38.182	-4.7359	-4.0348	0.581549796396864
37.028	-8.0319	-2.3737	-1.32419432794458
35.571	-0.535	-3.7779	1.04456315649988
36.57	-1.9504	-4.6956	0.167200973847663
36.522	-7.3306	-1.1206	-1.30074399239218
31.554	1.5166	-0.70294	1.645
35.295	-7.3557	-2.6164	0.229178747744891
37.969	-4.1044	-3.9668	-0.355228689391585
29.648	-0.84476	0.71673	-0.552991664845555
38.276	-5.2348	-2.0977	0.345776501373967
36.27	-3.1772	-4.7845	-1.05514964133878
37.261	-2.7718	-4.19	-0.223512695907751
35.209	-0.0088546	-1.6024	-0.848834987687243
29.891	1.399	-0.59674	-0.615699926300279
20.185	-12.42	-3.592	0.613039628656042
36.636	-1.8449	-4.6217	1.645
28.783	-1.1034	-6.5278	-0.985582746602834
22.178	3.5218	0.97528	-0.379887227421761
34.81	-1.815	-0.71735	1.01166854921938
32.13	-10.432	-3.3767	-1.24237805978241
30.378	-9.9318	-4.0164	0.575984092094597
34.201	-6.8832	-5.1613	1.645
34.624	-9.1756	-3.8766	1.645
35.577	-2.1617	-5.7207	-1.02939063366478
35.769	-1.7993	-5.2612	-1.16606575715963
37.652	-4.4151	-4.0434	-0.595130892466601
35.233	-1.7225	-5.4094	0.399595488975686
38.171	-4.4907	-2.327	0.229143886207381
36.503	-3.0435	-4.7703	-0.207528426828049
37.311	-7.1319	-2.484	0.214858551914489
35.53	-1.198	-4.9193	1.645
37.832	-5.746	-1.2789	0.386864976184528
34.954	-8.59	-1.2637	-0.237213166237969
26.988	-0.92323	0.91876	-1.14416385914587
33.074	-10.314	-3.0415	-0.842139851330891
33.365	0.518	-1.5642	-0.595931624606619
27.841	-0.46924	-6.7153	-0.0687988860657076
36.379	-3.7123	-1.4074	0.245252367692724
36.707	-6.8401	-1.3848	-0.923123649017313
34.944	-1.8333	-5.6746	-1.15716974379635
36.492	-7.4624	-0.46387	-0.53902398206061
28.656	-0.89458	-6.9293	-0.903825057329727
37.964	-6.7002	-1.5893	0.566413807512903
36.421	-8.4179	-2.0881	-0.662394493158999
37.148	-5.3387	-0.68234	0.302696364294424
37.487	-6.2291	-1.7669	-0.919990390574266
35.606	-2.0846	-5.5897	1.06376528401196
35.879	-1.4706	-5.0897	-1.13351097610225
35.196	-7.2738	-0.20346	-0.666216248808801
37.241	-6.6798	-1.5083	0.363389277504184
38.175	-6.4615	-2.3743	-1.58911763387335
31.329	-9.8618	-4.0712	-0.456112383549148
36.444	-7.3508	-0.80357	0.104916070376482
38.277	-5.7043	-2.5148	-0.696145289600763
37.885	-6.1483	-4.0581	-0.31335122364421
35.394	-6.7244	-4.8998	0.293027542688035
34.537	-0.89781	-0.21511	0.651799263256433
29.101	1.8205	-1.2912	-0.173363615235309
35.352	-7.529	-3.7597	-0.0638687761382697
26.252	2.4373	0.2568	-0.993015724768745
36.362	-7.0014	-1.1047	0.312733964448284
35.269	-8.6907	-0.96378	0.838615071535301
34.807	-9.2413	-0.70097	-1.28717459929185
36.923	-2.6406	-4.693	-1.23109141233713
37.268	-4.9914	-0.25184	-0.997405862910773
28.657	-0.49517	-6.6234	-1.53346368056005
33.448	-0.77411	0.15523	-0.291379291407993
37.937	-4.7004	-4.0766	1.09680981117245
31.935	-9.6442	-3.1092	1.645
37.957	-5.771	-1.0749	0.433011860924615
34.29	-0.70505	-5.4116	-0.0686645158255551
24.948	-1.1145	1.1193	-0.665050788874313
33.279	-10.124	-3.4263	-0.597035109831435
27.83	-11.511	-3.6894	1.15944475502299
38.3	-5.7317	-1.6831	-0.741346887643201
26.795	-1.38	0.76789	-0.993921778504116
37.946	-3.4073	-2.4633	0.201964029931655
37.709	-3.5095	-2.5169	-0.964689351291207
38.176	-5.8106	-2.8118	0.936090432799497
27.558	-11.495	-3.2371	0.766593798538089
35.143	-3.4181	-0.3143	-0.892086904205521
35.848	-8.0086	-0.74692	-0.735293215979247
37.096	-3.0514	-4.6541	0.149910668699849
30.821	-10.162	-3.2975	-0.868643536600234
37.185	-5.435	-1.2468	0.472182148731323
36.807	-6.8513	-1.4331	-1.21025327795931
36.72	-6.1892	-0.64828	0.431549632709827
28.693	1.9418	-0.84665	1.42672710081904
36.06	-7.5642	-0.4854	0.766422521891985
35.285	-8.2893	-0.64382	-1.19515185324788
25.703	0.22142	-6.7138	1.645
35.372	-7.55	0.094466	-1.38939390453683
34.09	-1.9336	-5.9096	0.309208801003935
29.473	-0.48085	-6.5681	1.39993709454711
34.659	-1.9863	-5.9829	-0.720599650782154
34.347	-0.98887	-5.2431	0.551178052111641
37.505	-3.3844	-3.665	-1.44975456624446
34.963	-0.91573	-4.2992	-0.196427960530515
28.796	2.6423	-1.0447	0.0688591642967883
29.143	-1.0016	-6.5471	-0.365477460061144
35.664	-1.6218	-5.105	1.1478477390055
37.128	-7.3755	-1.516	0.603339472284169
25.634	-1.2253	0.94194	1.25218784462278
37.269	-6.594	-4.1428	0.320949251801782
38.079	-6.2421	-1.3115	-0.679411810823184
36.879	-7.3031	-1.1171	1.57332749125962
36.52	-7.3394	-3.0192	0.269595629824932
36.446	-6.3734	-4.8093	-1.33485678882346
37.127	-7.6054	-3.972	-1.16366109482254
33.04	0.80558	-4.2231	-0.562705865980134
37.188	-3.3266	-4.129	-0.750827053153941
37.988	-3.183	-3.7179	0.0350020051371963
25.499	-1.9116	0.89186	-0.726940070894548
33.853	-7.9412	-4.2012	-0.775242358862879
37.367	-3.737	-1.2535	-0.387288693987604
37.151	-6.3028	-0.5405	-1.55029897699803
36.37	-2.9592	-4.9675	-0.551461007376985
35.513	-9.1151	-3.2543	0.0816915094002777
25.808	2.4843	0.20229	-1.38874485941101
27.399	1.8644	0.060854	-0.91750235612363
33.203	-10.02	-3.7952	0.803082109988868
20.494	-12.103	-3.3423	1.27673786644704
33.524	-0.99915	-6.1235	-0.591848775033297
34.412	-0.72442	-5.3799	-1.26150399145259
35.733	-1.9219	-0.14499	-0.829611459624726
37.101	-2.5892	-4.5559	-0.187975626706987
35.726	-3.108	-0.29894	0.164250124590461
31.865	0.77388	-1.3397	-1.23861334478751
28.632	2.1882	-0.58482	0.451450797904806
36.561	-8.08	-2.507	-0.204321852384746
35.139	-7.3104	-0.6746	-0.402176228566786
33.057	0.84632	-2.7147	0.859814721170567
29.049	2.1374	-1.2587	-1.03139516827005
36.932	-2.2441	-4.676	-1.645
36.001	-6.2461	-0.9769	-0.987636057478312
36.387	-2.0945	-4.6511	-0.547361998538767
36.358	-1.9963	-3.3979	-1.2316326350866
37.129	-4.2692	-2.0975	1.645
32.301	0.83282	-1.4899	0.764186257445941
36.84	-7.9578	-3.3052	-0.48855829871377
34.398	-1.8175	-6.1834	-0.922011108208249
32.07	1.4293	-2.3833	0.171209257670577
29.53	-11.489	-3.1516	0.470905170871553
36.04	-8.1498	-3.5092	0.582812391594192
35.475	-6.9959	-0.76676	-0.292558212332865
31.26	-1.5383	-6.2118	0.266204373689791
26.475	2.8001	-0.13414	-0.833458686873152
28.402	1.6858	-0.84161	-0.828435347097634
34.392	-0.67005	-5.3893	0.393736646842157
37.393	-6.592	-1.4972	0.603563607229638
35.237	-0.69076	-4.8874	-0.243882188366393
20.084	-12.312	-3.48	1.645
26.577	2.4753	-0.54886	-1.01486398559696
36.054	-8.1439	-2.2738	1.62319377797222
34.119	-1.5572	-3.3554	-0.993498120657983
20.626	-11.99	-3.1838	0.403142336247611
27.536	2.4938	-0.31686	-0.801514960234658
36.978	-1.6567	-1.9199	0.0436922177887756
19.894	-12.408	-3.0023	1.35220290912697
27.815	-0.57083	-6.707	0.900724318571237
36.476	-7.382	-1.0621	-0.48959278316477
34.808	-9.1052	-3.57	0.768150502769217
27.402	2.3625	-0.79184	-1.1206938136818
32.801	-10.494	-2.9191	1.04241444845848
33.832	-9.4165	-3.2844	-0.750335357343927
37.161	-6.9458	-4.105	-1.10778659611665
35.04	-7.5716	-1.0808	-1.32346721505137
36.828	-7.5118	-1.7764	-1.48707370802187
36.786	-8.3038	-2.0017	0.825018744732022
26.332	2.8248	-0.26543	-0.195244957995351
34.055	0.053927	-3.4849	-0.985358259995501
36.018	-6.3323	-1.1371	0.382491923472463
32.942	-10.187	-3.8424	1.645
34.541	-2.8555	-1.6681	-1.21159230457233
34.349	-1.3018	-5.8695	-1.16741006450529
36.981	-6.4968	-1.3048	-0.788761337507344
25.345	2.9604	0.81839	1.4243087420541
35.735	-6.5504	-5.0381	0.833317478580323
33.331	-0.8698	-4.6621	-1.10142473522268
37.491	-6.0219	-1.2997	0.26183841834182
36.185	-1.9151	-5.1717	-1.31865816092549
37.579	-7.1001	-2.0947	-0.624421856161143
36.022	-5.6927	-0.69924	1.645
35.866	-3.3966	-1.9231	0.345916041224043
30.989	1.3364	-1.2695	0.334037047146795
21.132	-1.0722	1.3773	-0.172351223213739
24.712	2.8802	0.58317	1.39902053749297
34.619	-5.6944	-5.4814	0.631738012462524
35.136	-0.6424	-1.0237	1.35632539696519
36.115	-6.9508	-0.31193	0.0126654492715769
35.898	-7.0416	-0.93679	1.645
27.416	-11.642	-3.608	0.147737054774096
36.092	-7.0394	-3.7643	0.75138386768256
36.466	-7.3544	-0.70317	-0.685678022396971
36.271	-7.3453	-1.3238	-0.790463669289739
36.54	-2.6445	-3.9797	-0.52642394316673
27.258	0.22043	-6.3336	-0.736030347100686
36.406	-3.0178	-1.5552	0.442853000848539
35.304	-6.792	-4.5462	1.645
36.304	-3.0943	-4.7781	-0.688938722028034
31.849	-10.422	-3.1593	-1.01466418471337
37.469	-3.1858	-2.9957	-1.30089431572637
36.922	-6.114	-0.78434	-0.331776020172683
35.158	-7.4175	-0.57039	-0.915644924526636
28.169	-10.539	-4.4468	1.645
34.93	-7.4385	0.28604	-0.524402804440928
35.2	-1.6433	-5.5416	-0.53640808481552
37.294	-1.9809	-3.4145	0.812551421722467
36.904	-6.9214	-1.6942	-0.238842193547256
37.809	-7.1081	-3.5919	1.645
35.818	-1.2328	-4.9674	0.25780324534131
36.35	-1.06	-3.5694	-0.650911366918478
37.279	-7.3662	-1.4602	-1.16521998144984
34.486	-9.5717	-3.7802	-1.42208755406552
20.474	-12.495	-3.206	0.707939690877085
37.97	-6.9158	-1.8538	0.704972592738155
34.051	-7.057	-4.9855	-0.162050417310482
37.961	-6.4367	-2.1714	0.670197583445516
38.285	-6.068	-1.6478	-0.0252204078161077
31.038	-10.399	-3.8462	-0.128523544109714
36.996	-7.5969	-1.0678	-0.623147385221067
37.436	-2.0099	-3.387	0.49932083787037
36.426	-7.9875	-4.213	0.365096940473302
37.784	-3.0457	-3.1938	1.645
36.149	-3.6882	-0.088772	1.07437049194185
37.597	-4.7139	-4.268	-0.138201672480962
31.384	-10.126	-3.673	1.4817495523897
36.513	-6.807	-1.1852	-1.07737696736715
37.012	-7.3768	-2.6185	-0.813574624902624
36.044	-8.7182	-2.4083	-1.2117477947487
31.848	-10.514	-3.7276	1.645
33.349	-0.35116	-2.0425	-0.984655279425687
37.586	-5.8647	-1.1041	-1.21480607109883
36.872	-7.3054	-1.1125	0.542400191413837
38.19	-5.2303	-3.4668	-0.690825717604779
28.639	-1.7463	0.11451	0.126073742114422
37.907	-5.6622	-1.514	-1.23198184540412
37.149	-6.3657	-1.3475	-1.645
36.67	-6.0862	-0.60603	0.098085370604738
36.383	-2.5713	-5.1106	-0.225401280538671
37.444	-6.7964	-3.6172	1.47162112742843
34.219	-0.7002	-5.219	0.21614680746054
34.186	-2.9176	0.81454	0.142032919748045
28.049	-10.987	-4.007	0.571088613632658
34.658	-0.62976	-5.3143	-0.636909130410773
37.083	-6.3311	-0.76982	0.987536178311455
35.171	-6.1369	-1.2886	-0.628899089287477
24.626	2.8702	0.65734	-0.814180227328226
31.65	0.84958	-1.5053	-1.14199121706553
35.228	-2.001	-3.9949	1.645
35.94	-8.616	-2.4003	-1.20957538243382
33.366	-9.9976	-3.4617	-0.571010772318487
37.578	-6.9156	-1.9975	-0.808031931715877
36.741	-6.3389	-1.159	-0.497505861294255
34.65	-7.5723	-2.293	-0.00148652408557803
34.872	-9.2335	-3.1798	0.805126178737649
35.487	-7.1229	-0.32773	-0.94226161199136
33.288	-0.28058	-5.9272	-0.335984738007587
36.099	-7.3386	-0.73775	-0.57831094259038
36.627	-4.0545	-5.0559	0.570089594099694
24.178	-11.704	-3.6301	1.645
29.461	-1.419	0.7187	-0.942343520623228
28.704	-1.2358	0.73461	-0.892133791345776
37.33	-2.1802	-2.9054	-0.942482939956716
36.42	-7.2465	-0.79641	-0.972569381128426
26.906	2.3831	-0.26394	-1.30540040972419
37.295	-3.7665	-1.2328	-1.18489838709368
37.519	-7.3869	-2.6661	1.10513921579918
25.658	-11.743	-4.0632	0.0620514088250923
26.959	-11.641	-3.4896	-0.534563317402535
29.524	1.8227	-0.21233	-1.22561065059547
30.558	0.84485	-0.90212	-0.858889176610673
37.307	-6.0201	-1.5607	-0.537309292547042
25.14	-11.017	-4.1427	0.0188467033340239
31.616	-10.133	-3.0478	1.645
33.373	-6.1595	-5.613	-0.739760237502507
29.878	1.9333	-3.6835	-0.696073037579841
36.107	-8.3833	-3.8955	0.984452763637331
18.772	-12.196	-3.1299	0.198447043882765
38.056	-5.1676	-2.5888	1.645
33.552	-9.7298	-1.7604	-0.0471768866733373
35.668	-7.5501	-1.0858	0.674735006796956
38.371	-4.863	-2.051	-0.756912767870425
33.177	-9.7487	-2.9992	0.131435380858252
37.838	-3.7151	-3.567	-1.16627673998665
38.074	-4.3028	-2.4632	0.671816316994095
29.685	-10.994	-2.7076	-0.797799945976411
36.102	-3.0749	-5.1304	-0.141958029993876
37.343	-6.62	-3.3463	0.964531779456497
32.987	0.16537	-5.4076	0.770538960547609
27.177	-2.3797	0.14023	0.00620318251605837
35.727	-1.6297	-5.1851	0.098321609780925
37.007	-3.2381	-4.6457	-0.390002658149043
31.478	0.98321	-0.87069	-0.684873228132165
37.38	-3.0814	-1.6637	0.146952392659356
36.96	-6.9343	-1.0159	0.173792498193988
31.618	-10.13	-4.2517	1.645
25.809	-11.625	-3.7767	1.37280825847149
36.205	-2.6511	-0.80731	-1.46863954720569
35.376	-7.6203	-0.86273	1.645
36.175	-7.537	-1.5303	-0.0539807717444363
35.361	-7.6139	-0.68234	-1.2427190303005
36.735	-2.0513	-4.5974	-0.221730984004206
36.593	-5.8661	-0.6886	-0.549860468640172
37.103	-6.7509	-1.4273	1.645
37.293	-2.0806	-4.0461	0.112328312071812
37.578	-3.8494	-4.4812	-0.943761604027864
36.38	-3.1166	-4.3906	-0.498992583319316
36.564	-7.3469	-0.8169	-0.269341167958283
36.187	-1.3059	-1.2429	0.180506245931534
35.773	-3.3263	-5.1052	-0.770402300013634
32.896	-9.6574	-3.1526	0.172113293016012
16.859	-12.177	-3.2421	1.19414792125745
34.516	-1.442	0.39769	-0.751744478498474
29.561	-2.1923	-0.92529	-1.36467447024376
37.379	-3.6702	-0.92475	-0.336952540363849
31.857	1.6245	-3.1076	-1.62914756583996
35.901	-7.5783	-1.5121	-0.157945917984271
30.092	-11.065	-3.1338	1.58382113146027
36.301	-7.5684	-2.2311	-0.261771177608482
35.599	-6.05	-5.0311	1.04683290530505
30.435	-2.0178	-5.0573	1.6349124042712
36.172	-0.92643	-4.2247	-0.424611801011211
37.672	-6.7785	-0.78609	0.825705456130856
27.103	-1.7895	0.51807	-0.466483133133581
37.568	-3.1113	-4.1591	-0.810145587554044
36.733	-2.908	-4.739	0.633182021622853
31.672	-6.1599	-5.747	1.27917891950433
37.034	-2.7736	-2.7544	-0.564056910130106
34.92	-2.2908	-0.34357	0.483422968186934
36.949	-4.5689	-2.2549	-0.661410688080168
35.68	-4.0853	-5.459	-1.58932072347151
37.211	-6.4572	-0.88182	-0.40763124217941
37.496	-2.7345	-3.0657	0.150923344146916
34.05	-7.3166	-5.0561	1.645
37.445	-4.4388	-3.7318	-0.530051912191683
35.587	-2.51	-0.4416	-1.645
36.026	-6.626	-0.1023	1.58401597060807
35.861	-2.605	-5.277	0.555441022694989
37.262	-3.681	-4.3805	-1.20052894053849
36.716	-1.7406	-3.0904	0.578274051071767
33.85	-8.5339	-4.1833	-0.605606171393489
35.812	-5.4805	-0.52955	-0.808385267002378
37.032	-6.1426	-0.88556	-1.18732756455967
37.03	-6.9054	-0.89318	-0.129096198626003
33.778	-8.1256	-0.58235	-0.844396329093847
37.948	-3.335	-3.8358	-0.247618682465992
28.566	2.1575	-0.46418	-0.564688554074982
36.613	-3.0796	-0.94265	-0.498008134357588
36.956	-3.2025	-4.4751	-0.530601590911971
31.359	1.133	-1.4757	0.0507681773063808
36.883	-3.2841	-4.7561	0.115031910303228
34.246	-1.9271	-6.1455	0.967337652724151
25.277	-1.3055	1.488	0.287102134456494
36.729	-7.5145	-3.1312	-1.07278917425294
36.825	-5.2081	-2.5948	-1.08338363036382
35.913	-3.5353	-0.26692	-0.542798829807756
37.132	-6.4566	-0.84542	-0.417867652337675
37.295	-4.7406	-4.9434	-0.962367682549083
37.741	-3.5231	-1.6764	-0.450568793659574
27.676	-0.63697	-6.9622	-0.153952734711753
37.776	-3.2527	-3.708	-0.652903259796063
36.582	-3.2051	-5.0006	-0.853975860961991
37.998	-6.5588	-1.1578	-0.977890293809094
30.47	-9.6622	-4.3325	1.645
36.806	-7.1946	-1.9069	1.645
28.46	2.2846	-2.1237	-1.30348073944434
35.186	-7.3743	-0.73991	-0.222640339871635
37.788	-4.174	-1.7582	1.645
32.612	-9.982	-3.3678	-1.33966253131751
36.817	-3.992	-1.0023	-0.757077366256308
38.435	-6.2835	-2.839	-1.05834495724851
36.177	-1.8567	-5.0243	-0.510222509057806
36.785	-1.4031	-3.5604	-0.53491439663834
22.655	-11.631	-3.7513	-1.08347115983872
35.261	-1.5128	-5.0484	-0.357060165429031
36.415	-1.8489	-3.4901	0.0317541131299133
37.244	-6.5933	-1.2809	-1.17522055173772
36.037	-8.4397	-2.6454	0.0590225544544841
36.429	-1.94	-1.5444	0.28126745011532
35.517	-6.5056	-0.50915	0.648561486660832
26.865	-11.889	-3.6093	0.587786224628058
30.247	-10.532	-3.9948	0.474523693592734
30.193	1.1488	-0.66419	-0.111887761425087
36.68	-3.1089	-0.80076	-1.10689801304652
37.543	-6.6177	-3.9242	-1.30535597797872
36.234	-7.6629	-0.97961	-0.85914065545184
36.663	-8.0185	-1.3392	0.746338202701527
37.359	-2.1066	-3.8716	-0.942910278207966
37.246	-2.3567	-4.2847	0.164634959583448
35.042	-7.5012	-4.9165	0.119149755910221
35.702	-1.5553	-5.3066	-0.524907453295808
32.498	-1.6331	0.075498	-0.761804122505594
36.12	-6.8519	-0.23334	1.35747339230457
35.913	-2.1991	-5.1813	-1.11616464603957
37.93	-4.6532	-1.5629	-1.645
37.352	-7.3788	-1.6396	-1.04889407715261
35.409	-7.9537	-0.78786	0.992345928245956
33.301	-0.8584	-6.2191	1.48562051592414
28.016	2.2856	-0.45016	-0.585304426227964
36.409	-6.576	-1.957	-0.792895527199197
34.045	-9.3825	-2.7884	-0.562559901578632
37.166	-4.2299	-4.5378	0.334737428289163
36.82	-6.9642	-1.231	1.30521527459352
33.033	0.14127	-0.89016	0.473090140275152
31.72	-0.96702	0.3544	-0.734964183116881
36.221	-7.3412	-4.4751	-0.0945833380971641
27.025	-1.1452	0.8769	0.480987055014538
37.289	-5.8562	-1.1742	0.270656240875458
37.448	-6.4351	-3.4083	-0.953466896190754
38.275	-5.2304	-2.3682	-1.3708766150893
36.191	-1.9754	-1.1911	1.19325258298934
34.961	-9.0902	-2.5955	-0.494655693512633
37.813	-3.2192	-2.0258	0.0392864815115092
36.624	-2.5872	-4.7152	-0.353348618202562
36.966	-5.8746	-2.2644	-0.262493145552328
37.501	-3.63	-3.2459	-0.812094459514563
33.674	-1.1195	0.1615	-0.50795652513569
34.039	-8.7942	-4.1058	1.645
33.643	-1.3637	-2.5897	-0.648916929892793
34.309	-1.5814	-3.0886	-0.671515288268036
28.339	-11.288	-3.7747	1.09276998716838
35.172	-5.0249	-0.59907	-0.815782354750911
37.076	-2.1343	-2.4981	-0.562454445573168
37.157	-2.2965	-4.1908	-0.905815808214758
35.636	-9.2272	-3.3149	1.645
26.98	-11.301	-3.1408	0.653318483432864
35.769	-1.0613	-4.7791	-0.0579996522012041
36.89	-5.1349	-4.9182	0.108349040200682
23.754	-11.761	-3.3614	1.645
36.741	-6.2321	-0.25214	-0.306691874501477
36.695	-8.3244	-3.4796	-0.14558232356554
37.692	-3.8642	-3.9815	1.645
36.986	-3.4192	-4.8641	-0.0809703753848375
37.364	-6.6113	-2.4395	-0.477072774349877
36.98	-3.2319	-1.217	-0.827937572359183
36.963	-3.5361	-2.5995	0.168866504582406
36.07	-7.6448	-1.1824	-0.877643456475087
34.669	-0.46744	-3.1166	0.494986441686139
34.351	-9.3416	-4.3517	-0.13590812026284
35.607	-1.8209	-5.5017	-1.14739028438154
38.105	-6.1144	-1.8308	-0.664400441519568
35.855	-8.5351	-4.1011	0.686165342209901
27.77	-11.555	-3.6482	1.01775310010703
34.234	-9.0501	-4.1876	-0.718989641790739
36.754	-3.0007	-4.6999	-1.28163917820091
33.708	-6.1344	-5.2625	-1.11778857721969
35.948	-1.8128	-5.129	0.350396873248599
36.103	-2.9353	-0.50444	-0.519081818876048
24.282	-11.844	-3.4144	1.545585848055
36.78	-7.3321	-1.024	-1.31616341091544
21.749	-12.082	-3.1072	-0.257689243207494
22.184	-12.39	-2.6067	1.645
24.476	-1.1701	0.93116	1.32911587554587
38.141	-4.2786	-2.7783	-0.773679323661722
26.075	-11.349	-3.6326	-0.557253692475053
36.573	-8.3132	-1.1099	-0.779184893573107
37.879	-3.3745	-3.9897	-1.30387390295193
29.473	-2.0004	1.2233	1.645
37.135	-6.6056	-1.2216	-0.227061690801852
34.841	-1.1825	-5.6789	0.622040684614717
32.89	0.72047	-2.1587	-0.0873064853760429
36.059	-5.4499	-1.2052	1.645
37.68	-3.1829	-3.9933	-0.880421568189429
37.75	-4.869	-1.3026	-0.628456540450512
34.925	-1.4506	-5.7603	0.470118689229926
38.205	-3.7763	-2.7418	-0.908258579243894
27.377	2.5778	-0.06166	-0.32689574630696
37.605	-6.5111	-0.87244	-0.967352876540545
35.405	-0.70375	-4.8046	-1.41933173913052
36.371	-1.3748	-4.149	-1.03553251791995
30.283	-1.7556	-6.5862	-0.266350238163299
35.983	-6.7157	-0.25748	-0.0846023384126459
36.414	-6.6305	-0.54073	-0.901351067904114
29.477	-10.678	-4.2809	1.56725375407208
37.198	-6.5255	-1.0386	-0.598554804576676
22.994	0.17768	1.5887	-0.620508921763371
34.864	-0.4048	-2.0771	1.645
34.467	-0.7789	-5.5486	-0.955701625076308
28.06	-11.31	-4.1272	-0.395170942682408
22.216	-0.28528	1.8218	-0.871685463444349
32.197	1.205	-4.1368	-1.16814859402867
37.675	-7.2641	-2.5191	0.86421072777789
36.791	-7.3313	-1.4707	1.36681832146712
34.271	-9.6149	-3.6763	-0.766613506888136
38.265	-5.2641	-1.6418	-1.01836623638713
32.044	-10.644	-3.7583	1.645
37.404	-5.4861	-1.3972	-1.17633151962864
35.609	-7.1077	-0.68315	0.452649353130647
37.407	-3.279	-1.2402	-1.2408983561306
33.449	-0.70302	-0.86649	-0.0569479979300036
35.228	-8.4952	-3.2171	-0.100820335134756
27.877	-10.224	-4.2064	0.175815798343891
37.488	-4.8809	-1.9614	-1.14470797428846
37.22	-6.5674	-1.1292	-0.179190116149665
36.292	-2.6554	-4.4174	-0.652452559818224
26.632	-11.363	-3.9523	1.645
34.343	-1.6947	-5.9695	0.189893959079806
36.038	-5.389	-5.311	-0.00990141470347584
36.339	-6.8364	-0.98471	-1.00860923988566
35.665	-1.1446	-3.4708	-0.87104792851762
36.546	-7.4554	-1.1895	-1.05301129442095
34.719	-0.76652	-0.38087	-1.13073560561158
24.414	-12.142	-3.2013	0.884095721937052
37.27	-6.4269	-1.0324	-1.03457214888028
30.035	-10.734	-3.8263	0.019057594087862
24.603	3.0977	0.72789	0.330942161681016
28.073	-11.668	-3.1194	0.106615155391453
35.969	-7.2747	-0.90899	-0.0437910365240507
37.14	-3.0531	-2.5682	-1.04372392448422
36.626	-3.6918	-0.73483	-0.256393031262414
30.162	1.0924	-0.59141	-0.134031715702253
36.842	-7.1254	-1.1484	-0.0132878810351396
37.301	-2.9975	-4.1287	-1.645
33.728	-7.5046	-4.2941	1.645
37.736	-7.0645	-2.0451	-1.42040938017496
37.449	-6.7361	-1.3597	-1.11117384258502
37.16	-6.5484	-1.2193	0.150668110250625
35.742	-8.0212	-3.8443	1.645
38.265	-6.0586	-2.7998	-0.605535399518475
28.144	-11.285	-3.6351	-0.363280735277533
35.947	-7.6318	-0.92707	-0.620492116682448
37.13	-6.6506	-0.87502	0.46870953357587
36.528	-6.7207	-0.3798	-1.06930365726638
26.188	-1.2389	0.73822	0.937244482629744
33.007	0.29962	-0.29684	-0.568325477998071
35.22	-1.6653	-1.0212	0.31210041606927
31.819	0.77723	-1.5751	0.167502741382682
36.523	-6.9224	-0.55317	-1.56844774617726
36.212	-4.2356	-0.11937	-0.0995116809104157
36.99	-7.0988	-1.0916	0.0220903590768434
37.065	-7.2034	-1.1197	0.661117569087004
34.867	-2.1455	-5.957	1.645
37.122	-3.4666	-4.8168	0.132502268323738
33.647	-9.5361	-2.9473	1.645
25.063	2.6942	0.50611	-1.15699307200438
30.542	1.6715	-0.25718	-0.750225919112983
36.674	-2.2954	-4.338	-1.46693250228792
34.746	-0.83355	-5.3832	-1.25685056704861
37.496	-2.3662	-2.2257	-0.519702499211645
34.196	-9.5363	-3.2052	-0.712100713564402
29.81	-10.35	-3.8864	1.645
34.091	-7.9047	-4.067	0.153984982336741
35.259	-0.56743	-3.8436	0.523561661274556
37.609	-6.1563	-1.2378	-0.50413093750174
36.587	-6.9588	-0.9185	-0.210916338927036
30.72	1.4517	-0.34053	-1.20310879590403
31.782	-10.612	-2.5976	-0.681932178062598
35.643	-1.0173	-4.7475	1.11293095178978
35.662	-6.8765	-0.14067	-0.289067160848997
37.136	-6.9179	-0.88602	-0.952763444669651
28.89	2.0927	-0.92713	0.395725743513514
37.272	-6.8375	-1.1314	-0.781843648074469
38.637	-6.5948	-1.8103	1.645
36.439	-2.5243	-2.1194	0.131372496137221
35.637	-6.7245	-0.37612	-0.816948675639781
31.972	-10.291	-4.3015	0.44063870837864
30.474	-10.434	-3.6727	-0.960188191038941
36.378	-8.7082	-2.2334	0.724997477733478
28.812	1.5111	-0.18542	0.638199723436497
26.104	2.9775	0.38525	-0.52353077465048
37.684	-3.9188	-3.9944	-0.947170445795953
32.421	-9.9028	-3.8736	-0.649405004391982
36.993	-4.0546	-1.8566	-1.42632842734411
36.702	-4.5632	-0.72328	-1.14500052844097
37.58	-5.6603	-2.0723	1.645
36.12	-6.4143	-1.0835	-1.26693323522045
37.432	-2.5769	-3.2596	-0.668435103611393
36.309	-1.0166	-2.6914	-1.15264174077421
31.294	-7.8077	-4.7166	-0.231734967251448
35.301	-7.1362	-0.87532	-0.605810040545376
33.377	-10.479	-2.644	-0.335726497186737
30.361	0.79431	-0.83387	1.645
35.262	-6.5396	-0.11959	-0.716739289324901
36.442	-8.308	-1.1302	-1.49104754153586
37.046	-6.6266	-1.4054	-0.568404597321998
28.167	2.2203	-0.26485	-0.890457948519438
35.676	-1.5634	-5.343	0.838646666406837
31.074	0.26967	-6.3372	0.514426467500485
33.895	-8.0079	0.42918	1.60328209841439
36.897	-3.6054	-4.7352	1.04217413380172
35.082	-1.3413	-5.5522	-0.310391746880658
33.946	0.48495	-2.0193	-0.708967637782427
36.682	-6.2436	-0.22291	-0.93152002809275
30.909	-10.532	-3.6165	-0.187041899056837
35.141	-7.3093	-1.8385	-0.628623261979002
29.035	1.6447	-0.066406	-0.461266067321301
34.192	-8.3314	-3.5638	-0.700987419588301
14.2	-12.25	-2.7913	0.811574286201183
32.123	0.60269	-0.86491	-0.433399695295614
33.298	0.35184	-3.695	-0.0418775535103164
37.254	-3.0555	-4.385	-0.329475465350977
37.523	-5.7548	-4.5898	-0.532163135633987
37.294	-5.8666	-0.45628	-1.04646996550927
29.572	-9.596	-4.4341	0.316266661300795
36.316	-4.3292	-0.2157	-0.403809514305219
37.642	-6.2693	-1.2363	1.645
33.023	-9.9253	-4.2566	-0.801077109821162
37.768	-2.7583	-2.6984	-0.526210026665743
37.657	-5.2865	-0.77623	-1.46164494452214
29.985	-11.016	-3.6217	-1.23363579475868
36.293	-1.505	-4.5643	-0.756392030386433
36.383	-6.8969	0.11651	-0.770206477599604
37.494	-5.8069	-1.0089	-0.958660283896623
37.117	-7.0294	-1.3152	-0.84630160550199
37.412	-6.2447	-2.696	0.258737610004466
36.426	-6.7145	-0.56541	-1.11021378393459
35.949	-7.0988	0.036498	-0.79007524568536
29.757	-0.67542	-6.5392	-0.74882834969796
36.324	-7.7981	-3.4379	0.312382558394832
35.332	-3.4379	0.25797	-0.887113998179448
36.617	-3.1258	-4.9507	0.992531518201888
34.45	-9.2067	-3.1109	1.645
36.451	-2.0925	-4.9467	-0.876665768387919
14.631	-11.506	-3.6427	-0.252105096029288
35.754	-8.7903	-3.0805	1.645
37.298	-5.8161	-0.65225	1.21040029582641
36.261	-2.6379	-4.6789	-0.344012051159332
36.093	-8.6628	-3.2445	1.645
35.35	-9.2134	-2.9742	1.645
35.365	-1.0409	-4.4356	-0.328063810143842
27.534	-0.34665	-6.4868	0.311735811850773
35.311	-1.2939	-5.3454	-1.08085059104717
36.626	-6.7312	-0.7282	-0.913280950940735
34.92	-2.181	-0.95545	-1.02995209914288
36.282	-1.236	-3.9953	-1.2761251712183
35.586	-6.7863	-0.30952	-0.610525534757915
29.63	-0.92416	-6.7941	-0.0624502234030452
36.627	-2.2565	-4.6513	0.161173815774939
34.659	-0.55942	-4.4261	-0.775029099623577
20.57	-11.951	-3.571	0.547775686307443
33.353	-0.15211	-5.6436	-1.29928031749673
36.718	-6.6751	-0.98773	1.645
36.452	-2.8956	-0.53636	-0.872042346607076
37.502	-6.2755	-1.1577	-0.949951165115795
33.48	-0.64767	-5.7709	1.645
35.622	-3.6657	-1.0615	-0.179908029781803
33.046	-8.5364	-0.65937	1.3448532913691
33.449	-0.6842	-5.706	1.51380426671114
36.721	-7.1728	-1.6014	0.40718517656822
28.91	-10.416	-4.3339	1.645
35.511	-1.8353	-5.3157	-0.0546779185606675
34.046	-7.7115	-0.99998	-1.16762559323091
31.983	-8.192	0.43924	-0.623127557803456
36.787	-5.5935	-0.20183	-0.815514117285063
35.592	-6.7005	-0.93449	1.645
37.356	-5.2576	-1.0494	0.415040856386388
37.221	-6.042	-1.2144	-1.22060777146353
34.108	-1.3907	0.43458	-0.83950062713157
36.301	-1.469	-4.8456	0.904868218370671
37.07	-2.1273	-3.4271	-0.495588989736799
37.001	-2.4226	-2.9225	-1.04963798684193
26.47	-1.2093	0.66759	-0.481491400956099
36.233	-7.5856	-0.90686	-0.166633807001032
26.728	-2.4993	0.37058	-0.740401273691579
36.13	-2.8164	-5.1146	-1.1979239263967
26.612	-11.577	-3.6266	-0.381094820838763
33.099	0.055081	-5.2592	0.161827059470627
29.133	0.029435	-6.8166	-1.20530417837192
27.464	-11.751	-2.8039	-1.16829932081561
37.299	-4.6356	-4.2258	1.01838751642377
36.625	-3.1859	-5.035	-0.758801332389846
37.737	-6.611	-1.2513	-0.0989755119654637
37.27	-6.2276	-1.1357	0.881482371537901
37.265	-6.8089	-1.3866	-0.802139904103396
36.419	-6.6899	-0.5559	1.011232479419
36.91	-3.242	-1.1441	-1.16827247971345
37.164	-3.1932	-4.4762	0.00370017230914043
35.791	-7.0583	-0.31701	-0.654339131259606
37.929	-6.679	-1.6821	-0.823703318349372
37.573	-3.3045	-2.1576	0.484277405292452
36.519	-6.8297	-1.8835	1.51857660517566
38.305	-4.7921	-2.3396	0.0862437238663713
37.997	-4.8692	-1.9471	-0.26520275049362
38.23	-4.9132	-3.4835	0.590755958165715
33.256	-0.209	-5.6186	1.22593443400572
36.297	-6.6218	-1.3064	1.645
21.085	3.772	0.79139	-0.453885784783687
35.407	-6.9301	-1.0617	0.526937938190999
26.97	-0.27744	-6.7405	-0.442798595506413
36.532	-2.2219	-4.9142	1.23657685592152
36.684	-6.916	-0.54257	-0.248074721649563
37.271	-6.6982	-1.6293	1.12612592487529
34.572	-9.5317	-2.8881	-0.63284260973614
36.331	-7.1059	-0.41523	1.645
37.496	-3.2443	-4.1554	0.964812402617907
31.206	-10.908	-3.2517	-1.11198340999304
38.35	-4.2938	-3.138	0.188659897322032
36.935	-5.5179	-1.3782	-1.04678945114157
36.212	-2.8864	-4.4424	-0.666025068951515
35.452	-7.5059	-1.1164	-0.597289059011896
35.9	-7.2416	-0.67509	-0.333229904940302
37.105	-2.5589	-3.5756	-0.552857133316731
36.133	-7.4211	-1.9201	0.292774390833574
33.485	-9.167	-3.831	0.232467834391848
36.425	-0.63911	-3.5397	-0.9644244964535
35.868	-8.013	-3.1225	-0.0155525913492712
33.537	-8.6364	-4.1537	-0.84503910569888
34.882	-6.9392	-0.59267	-0.476404826060257
36.19	-1.7172	-3.5639	-1.05144734011999
34.273	-0.69818	-5.6839	-0.282833949749423
35.989	-1.6761	-5.1643	-0.549207983612354
31.621	1.471	-2.1952	-0.455439291761608
36.185	-8.2947	-3.287	-1.27371834403159
36.164	-7.808	-2.0116	-0.0127112327687095
37.16	-7.4515	-1.5202	-0.687063587334677
37.638	-2.9456	-1.7393	-0.709512163598849
37.744	-4.8284	-2.8158	1.386817556988
36.946	-7.1431	-0.98937	-0.64433889661887
25.215	3.2448	-0.1568	0.455207381065656
36.599	-6.6278	-0.62335	-0.219831822764498
36.493	-3.2037	-1.737	-0.311735340252441
37.434	-4.6484	-2.4277	0.919282480513432
36.295	-7.3641	-1.1927	-0.469451858565704
35.477	-1.5291	-5.0441	-0.493223644466689
27.04	-0.27364	-6.8262	-0.213539604436504
37.32	-2.9559	-2.0473	1.645
36.861	-1.5517	-4.234	0.611708752087099
37.029	-6.5279	-1.0449	0.503757637088947
38.018	-6.5426	-1.8973	-0.963504241527907
35.451	-2.0421	-5.2604	-0.606769270371546
37.208	-4.7836	-0.79393	-0.114218686878523
35.638	-1.1759	-3.9446	0.658105489322718
37.131	-4.5617	-0.87893	0.76170698248508
26.305	2.5123	-0.34699	0.935371434792141
33.57	-8.7984	-2.8098	0.0364328410047052
35.883	-6.8386	-4.8344	1.645
32.521	-10.366	-3.3013	-1.42611547418156
37.061	-7.7577	-3.156	-0.451253836912125
37.872	-5.7018	-1.026	0.887216753210316
33.103	-10.306	-3.7632	0.763032283543183
33.106	-8.9881	-4.6548	0.070167067383736
29.538	-10.738	-4.0519	1.645
37.348	-6.549	-3.1685	1.22401745734567
37.795	-6.7263	-1.3088	-0.27172705125823
35.832	-1.7551	-5.3572	0.0874674841700827
30.382	1.5907	-0.49021	-0.50930077123291
35.946	-6.5489	-1.2203	-0.628471728593988
35.622	-2.128	-5.639	-0.670852590221521
36.937	-6.6664	-1.0888	1.18455056280669
37.418	-2.9354	-2.5082	-0.520583338015963
27.847	-1.0006	-6.7591	0.273991952154012
35.159	-1.6508	-5.7185	-1.37333670330414
32.65	-0.74971	-6.2361	-1.3819353885382
36.981	-7.338	-4.1057	-0.249532852340401
27.421	-11.915	-3.1716	-0.318033203631881
33.753	-9.4761	-3.5559	1.645
28.418	-11.12	-3.9506	1.645
33.996	-0.50546	-3.2843	1.645
35.556	-2.9167	-0.96308	-0.483068970434239
33.965	0.34185	-2.8306	-0.630423044094427
36.787	-3.2912	-4.7881	0.365747285730602
37.779	-6.3044	-1.8107	1.25252575105753
37.36	-1.9229	-3.4248	-0.865600828120291
35.249	-6.5454	-5.549	-0.922835857503169
24.148	-11.976	-3.5319	0.354804661015904
33.884	-9.4559	-2.2002	-0.720242778407186
30.923	-10.273	-3.951	1.645
31.012	0.82625	-1.0063	0.493238612724197
36.531	-6.2769	-0.45093	0.473818777855794
36.427	-6.7942	-0.72939	-1.31568781354172
35.866	-8.262	-4.0059	-0.897419942222698
29.359	-1.6151	0.50232	0.33885150121155
35.22	-2.8647	-5.4605	1.14352748724001
37.905	-5.2701	-3.6581	1.4137839070008
33.447	-0.099584	0.24688	-0.799119752579665
37.28	-2.8613	-4.4514	1.645
37.137	-3.3898	-4.8805	1.645
37.26	-1.8777	-3.7953	1.2933935266847
36.478	-7.7756	-0.57777	-1.06268837207853
33.226	-8.1007	-3.0252	-0.914158694345242
37.412	-4.5111	-2.4789	-0.191213020493041
33.259	-0.86748	-5.1327	-0.328646211882314
27.857	-1.7479	0.28644	-0.807271825535407
27.162	-11.286	-4.1317	-0.504409848068408
37.785	-3.759	-1.4766	-0.240831206021354
34.157	-1.6204	0.0068926	-0.877201277562663
24.667	-11.97	-3.4268	-1.24790535042167
36.829	-3.054	-4.6771	-1.4081925573853
36.131	-6.7703	-0.6249	0.548645852267868
28.048	-11.488	-4.1721	-0.686334752939772
33.546	-0.34527	-5.445	-1.06347905013651
30.43	-10.246	-3.9492	0.74218277175019
35.784	-2.114	-0.96068	-0.797859589108959
28.401	-0.6673	-6.6758	-0.875097073562007
38.329	-4.7319	-3.6869	-0.452793526973118
33.42	-1.847	-0.09335	-0.926007975503218
37.667	-3.3869	-1.5302	1.27201859025236
36.693	-3.4679	-1.3316	-1.645
16.546	-12.122	-3.0507	1.08864857315963
38.313	-5.8634	-3.2643	-1.15974933895342
34.572	-0.91389	-5.3163	-0.791598044923062
32.196	-1.6907	0.61627	1.645
34.571	-8.8569	-2.5749	-0.258506617880994
36.92	-5.8143	-0.62305	-1.09685037354912
37.108	-2.6266	-1.3105	-0.326309652666719
29.629	-10.882	-3.5421	1.645
36.901	-2.8551	-4.7309	-1.07481939412121
33.688	-2.6749	1.0381	-0.96397873262796
23.685	-0.6064	0.95115	-0.101943872345411
30.906	-10.083	-3.4443	1.645
32.963	-0.82231	0.13576	-0.584276177858184
37.095	-3.2146	-1.7715	-1.30754371768257
23.052	-12.064	-3.317	0.31167195304142
35.647	-8.0758	-4.3618	-0.769894444958741
35.342	-0.84757	-4.9727	0.7179539836688
36.947	-6.3535	-1.4057	1.645
31.148	1.1191	-1.7657	0.0490287542173296
35.984	-1.9774	-4.2136	0.0447902271470981
36.841	-6.0594	-5.141	0.931854403875187
38.137	-5.8416	-1.5113	0.0262163066838541
36.834	-7.6649	-2.6837	1.645
27.767	2.2237	-0.43318	-1.04462910765509
33.721	-9.813	-3.1666	-1.44152567382022
34.25	-0.42419	-5.4538	-0.728818591355296
36.289	-2.5821	-5.4333	0.912100571800142
38.366	-5.4234	-2.4492	-0.93455148994617
29.772	1.7553	-0.20628	-0.379029335818388
27.045	2.3681	0.63953	1.645
27.479	-1.1421	0.8687	0.25987656178375
28.343	-11.733	-3.5872	1.13834448620744
22.895	-11.764	-3.655	0.2709994731051
34.46	-9.1908	-4.2253	1.645
38.169	-4.0381	-2.3338	-0.764061413558001
36.998	-6.8792	-0.55387	-1.17264342882781
31.882	0.099737	0.85538	-0.583122209227552
34.483	-1.1037	-5.7561	-1.06992814105252
35.687	-2.4359	-5.3201	-0.0513916980662449
34.886	-6.2481	-5.5571	-0.161020987676228
29.455	1.4441	-0.33154	0.847439040932703
27.563	-1.7829	0.9933	1.54075609264627
35.732	-7.4659	-0.892	0.950933286761305
29.318	-10.906	-4.083	0.684894941722489
38.382	-5.4187	-2.2298	0.0688938969455297
29.683	2.3099	-1.5653	-0.0898205945584416
30.886	-9.9839	-3.954	0.388058756700842
29.468	1.8323	-1.3242	-0.880432175127081
36.39	-6.9544	-0.46647	0.464606891072992
35.914	-2.1429	-5.1293	-0.447460295699478
35.796	-7.3764	-0.93857	0.514604367665168
33.954	-0.85081	-5.874	1.645
29.747	1.7848	-0.64182	-0.994033454501509
30.852	1.7849	-1.8279	-0.568439290228767
35.366	-1.8119	-5.5672	0.541497652178563
37.734	-5.9544	-4.0513	-1.14245305219273
33.424	-10.297	-2.9498	0.0049096329470791
34.944	-8.9841	-4.1297	-0.340716707357045
36.678	-7.6703	-1.4146	1.02080283664722
36.66	-6.6386	-0.37036	-1.20927789549928
35.34	-2.5809	-4.242	1.645
36.965	-4.6772	-4.0313	0.517666098225218
29.628	1.4832	-0.091737	-0.704846431002891
33.597	-0.56617	-5.3621	-1.48877098114862
35.74	-1.5646	-5.2828	-0.671195319644717
37.192	-7.2199	-0.97104	-0.700900556405493
22.571	-0.57713	1.5151	-0.762633483957946
37.993	-6.6047	-0.58157	-0.837467566420121
35.947	-3.498	-4.6138	-0.348702565611019
35.011	-9.3326	-3.6961	0.514385897642214
35.484	-8.9282	-1.9391	1.645
35.375	-5.2242	-0.81239	0.111942218057876
35	-8.9277	-3.0689	0.573527274733485
36.307	-6.6518	-5.0565	1.645
33.715	-9.6432	-2.123	0.672136608664291
29.196	-10.899	-4.0629	-0.6873221210994
28.143	-0.79826	-6.7107	-0.829748284847469
35.127	-8.9068	-3.2601	-0.235025155808251
37.195	-6.8729	-0.94274	0.853845372806395
35.111	-2.7285	-5.6907	-0.490390190058055
36.759	-3.5836	-0.81804	1.62085554759073
38.1	-6.0953	-1.2467	-0.459401647590575
18.681	-11.853	-3.5342	0.09006084186255
37.401	-2.788	-4.0256	1.645
37.707	-3.9647	-4.055	0.863848247598108
29.642	-1.2463	-6.7948	-1.13524113219241
36.344	-2.7243	-5.0541	1.645
37.883	-2.6633	-2.9858	-0.0614315977470858
35.498	-8.087	-2.6598	-0.45804618117267
38.043	-4.5569	-3.3936	1.645
36.835	-3.5596	-0.94827	0.76206205138759
36.697	-2.4607	-4.6981	-1.26830433964097
36.135	-7.0239	-0.50614	1.645
38.149	-5.5533	-1.2842	-1.52293572659483
35.577	-1.6453	-5.4049	-0.234356571305175
37.077	-7.9142	-1.4075	0.630231709914108
34.285	-0.88002	-5.7289	-0.0698980720154859
36.258	-3.1272	-2.1291	-0.724405984285524
36.772	-2.0808	-3.8427	1.59554987814929
26.877	2.3493	0.26303	-0.837668974341532
37.664	-3.9756	-1.3644	1.58101423860103
33.708	-1.6614	0.33322	-1.0756610123812
33.099	0.48603	-1.4884	1.56816117114366
35.349	-1.7696	-4.8635	-0.865847493387355
34.803	-1.1978	-5.5854	-0.296009127416185
36.744	-6.6862	-0.47204	-0.999702828158386
37.508	-3.0489	-2.1855	0.750024795025443
36.16	-6.4134	-0.87063	0.880386312456316
29.713	-1.3836	0.57155	0.0913399138195972
33.824	-9.9319	-3.7705	1.04394158109381
37.467	-3.1874	-2.2578	-0.704245167859725
38.541	-5.8464	-3.3132	-0.661077549814208
35.762	-2.4738	-4.9674	-0.357238089475683
37.569	-6.5148	-1.4642	-0.837724822742193
34.095	-9.7839	-3.228	-0.0722529284493266
37.53	-4.251	-3.1865	0.271152166143457
38.014	-3.428	-3.3169	-0.260220525932618
37.54	-3.8517	-4.3804	0.130447421593313
32.649	-1.5728	0.16861	-0.430139015986041
37.75	-6.5893	-1.4592	-0.81050995382006
30.178	1.4558	-0.55411	0.406681350604501
28.13	-0.42296	-6.6429	-0.707879319814725
37.718	-6.2576	-0.89144	1.01446455450733
35.933	-8.4365	-1.8553	-0.731007969616071
36.673	-7.7313	-1.7312	-0.891822056670426
36.802	-7.1285	-0.91854	-1.04214264243245
37.919	-4.1884	-3.3612	0.18413257445218
37.693	-6.9362	-2.1968	1.31842066695739
36.757	-4.3829	-1.9128	0.362889223061346
36.488	-7.3251	-2.3262	-1.20929788891653
37.505	-6.6685	-2.6847	0.403282085604458
34.415	-6.8325	0.075148	-0.7384074895568
35.328	-8.9384	-1.7754	1.03248182970431
35.527	-1.6899	-5.4983	-0.443537125514012
29.989	-1.4419	-6.6104	0.96026601061961
32.789	-9.4975	-3.0511	1.645
35.576	-2.7145	-1.1661	-0.766399885235617
37.316	-6.1483	-0.43037	-1.07300085217769
25.224	-11.867	-3.7074	1.645
33.627	-10.262	-3.7998	-0.697749211158158
37.21	-7.0648	-0.9211	-0.983436209913776
35.769	-6.9619	-0.47515	-0.917819340284713
36.206	-7.2978	-1.6692	-0.947058337523751
34.078	-0.040589	-5.3448	-1.27135946896809
27.568	-0.41487	-6.818	0.365659380345863
35.748	-1.2876	-4.9432	-1.47974238585031
36.237	-7.9567	-0.56517	-0.320748635630461
28.21	-11.078	-3.6007	1.07042246285107
37.018	-2.1404	-3.4635	0.303307473860939
36.103	-2.9022	-4.7952	-0.597805298859342
37.804	-3.758	-2.5106	1.645
37.128	-7.3771	-0.91807	-1.29637552823336
35.735	-6.692	-0.29731	-0.206127177756021
33.119	-10.31	-2.9906	-1.19809490694319
36.737	-5.862	-0.77037	-0.302146941460671
34.237	-8.2289	-3.8283	-0.277087803253246
36.619	-3.3442	-5.008	0.927084936062074
26.909	2.6637	0.026832	-0.51970963578904
35.425	-1.3523	-5.359	0.428081248522426
34.409	-9.3628	-3.4874	0.306518132829158
30.026	1.6761	-1.1057	-0.616438033390682
29.893	-1.3723	-6.5831	-0.771049510675622
36.955	-6.6936	-0.62468	0.628735999729093
35.493	-9.2462	-3.3582	1.05651334929738
36.281	-7.2612	-1.4428	-0.582833167765844
36.947	-7.3373	-1.2444	0.222868973826264
36.177	-1.3727	-4.7834	-1.50423718335042
36.642	-7.6993	-2.0698	0.278688932845407
38.014	-5.9577	-1.8809	-0.54777498264004
25.823	2.7506	-0.30933	-1.06381278331756
37.485	-7.2194	-1.5734	1.645
37.58	-4.0989	-3.3811	-0.43838192528529
35.114	-8.5241	-4.0748	-0.803368148185751
35.159	-8.7272	-4.1003	0.649304023910493
36.325	-6.6188	-4.8643	-1.25466829791903
35.689	-6.7757	-2.8578	0.948972755723974
29.504	-10.993	-3.853	-0.784177389323455
37.056	-2.086	-4.1943	0.853360918844166
37.745	-6.0125	-2.6235	1.645
36.796	-7.0838	-1.2456	-1.645
35.78	-6.7263	-1.6317	-0.536699945269927
35.835	-5.3318	-5.5868	0.473287356369275
32.664	-10.854	-2.59	0.932595633895479
37.908	-5.4849	-2.8675	1.645
33.741	-1.9733	-5.4226	1.51762631852026
35.052	-2.3438	-0.25459	-0.72712386100965
29.6	-10.915	-3.8914	1.25481951346202
36.003	-7.4847	-0.98669	0.312157440382219
37.377	-6.8635	-1.8859	-1.29765018247538
36.602	-7.2462	-0.74841	0.502113545952322
29.467	-10.775	-3.9691	0.751905656050888
36.819	-2.209	-4.6629	-0.559456616918497
22.237	-11.81	-3.5527	1.15107916302653
36.277	-7.249	-0.71106	-1.36454250542286
36.655	-3.0677	-4.4207	0.72667423989313
35.336	-1.5855	-5.3664	-0.438194233575489
37.127	-6.706	-1.4274	-1.18006234194963
37.332	-7.2515	-3.8961	0.106287253201702
33.424	-10.084	-3.4669	0.771217802074349
36.713	-2.7918	-3.6785	0.239421483904983
24.924	3.2424	0.63254	-0.902945913768238
38.453	-6.2205	-2.5167	-0.271339905542314
34.865	-8.7229	-3.4379	0.413524190800514
36.358	-0.97953	-2.8211	-0.507539881806113
38.583	-5.346	-2.3082	-1.40212542998176
37.216	-7.7869	-1.3901	-0.981446918236917
29.038	-11.463	-3.3336	0.576797130984728
35.802	-9.2502	-3.1529	0.0714330583338889
30.867	-10.809	-3.5384	1.28317927873352
33.526	-9.8154	-3.646	-0.19199267371962
36.36	-2.2355	-0.98092	-0.12160123950222
36.889	-6.3605	-0.64418	0.195619164075565
37.772	-3.5059	-3.3861	-0.387563108544307
35.811	-7.1054	-0.26252	-0.20024623571227
36.43	-6.2279	-0.72841	-1.09564367534639
28.79	-0.60836	-6.4231	-1.57161031629944
33.383	-10.034	-3.4276	0.747153806436462
35.826	-8.9178	-2.6398	-0.730408830149446
27.224	-11.557	-2.9923	-0.386670969442669
36.904	-2.4271	-4.0264	0.332794858833727
38.155	-4.6891	-2.4946	-0.430871394669184
35.028	-7.1752	-0.66195	-0.732921785003756
34.005	-0.32428	-5.4688	-1.18462635490071
29.769	-1.6298	0.65782	-1.46007386759734
37.221	-6.2661	-0.70586	-0.520494606946944
37.914	-4.9455	-1.6546	-1.50243610082163
37.29	-3.1505	-4.2486	-0.819867751613068
36.861	-6.3361	-0.60656	-0.911463741296085
37.175	-3.326	-4.0231	-0.610668176305519
30.039	-10.6	-3.9322	1.645
35.679	-7.0002	-1.2115	1.24098928599285
37.819	-3.8939	-4.081	0.965192779928836
28.861	-2.2487	0.5869	-0.908087482750783
28.019	-0.25125	-6.6692	-1.0396074102032
35.856	-6.2175	-4.9262	-0.752575421039013
37.079	-6.2808	-0.77346	1.645
33.362	0.38835	-1.7634	-0.906680272779796
37.055	-7.808	-1.365	-1.10411620465902
35.642	-2.2581	-5.5624	-0.563104892956126
35.805	-0.27107	-3.7675	0.320287352357996
37.883	-3.842	-3.38	-0.812103269872282
36.381	-6.3235	-0.97449	-0.912744560989433
29.704	-11.031	-4.1478	1.645
37.373	-6.9962	-0.69014	-1.23821198974673
34.236	-10.016	-2.8261	-0.787225713162627
37.23	-3.1353	-2.1204	-0.356596453755393
36.454	-6.533	0.32032	-0.407393699201591
27.989	0.13398	0.8053	0.0464866137747432
28.759	-11.084	-4.2342	1.645
36.732	-7.2218	-0.73825	0.54280946745456
35.991	-7.1105	-0.27884	-1.26756121336884
36.223	-7.7271	-1.0545	-0.435069766147024
37.732	-3.9914	-1.8724	-0.74311877179287
37.71	-3.7762	-3.6003	-0.124638193103374
36.04	-7.8278	-3.3901	-0.469054338880308
31.151	-10.386	-3.707	1.00914868898123
37.049	-6.6954	-1.5441	-1.4334998362402
35.617	-3.9137	0.42156	-0.783928538970701
36.863	-4.6665	-0.57369	-0.663090824135845
36.517	-7.0275	-0.29672	-1.19335961294461
36.667	-6.7386	-0.78268	-1.3810070937368
38.211	-6.7695	-2.7243	0.717740718696101
35.653	-7.9359	-0.91161	-1.645
33.832	-8.7472	-3.3011	0.650516573444089
36.663	-3.1631	-0.3802	-0.427116818567418
26.933	2.2884	0.38868	-0.670083151363019
36.394	-7.593	-0.62675	-0.656277887976155
36.349	-7.9935	-1.5244	0.129194800143413
34.583	-9.2741	-3.2361	1.645
35.873	-6.1718	0.076158	0.514127402059095
28.914	1.9943	-0.15523	0.284230000169927
35.159	-5.0452	-1.1061	-0.367846648037021
35.913	-7.6121	-0.87189	-0.370417615892238
31.683	-1.2044	1.0754	-1.01985244407377
30.384	-1.1125	-6.3906	-0.742647811396028
35.14	-0.37334	-2.7565	-1.07472350813699
30.682	1.0168	-1.2092	1.05384186567997
36.083	-8.5847	-3.8822	0.412077591411749
31.457	-0.30158	-6.5963	-0.869578990851493
36.077	-2.6253	-4.9514	-0.532395901225956
36.261	-5.9674	-0.39885	-0.437965328055556
37.742	-5.3859	-2.9074	0.0402755054940717
36.482	-1.3979	-3.6565	-0.346305154692673
34.719	-9.8405	-3.3063	0.37472959845511
30.4	-10.876	-4.4696	-0.323830882054239
36.034	-7.7111	-0.66814	-0.82872768534205
37.859	-5.8203	-2.0456	-0.378975173868255
38.086	-4.8205	-3.8928	-0.810510442983621
36.436	-7.5013	-0.96146	-0.337995006086064
36.115	-2.5821	-0.79798	0.0188771102930854
27.619	-11.723	-3.0238	1.645
36.775	-7.7189	-0.67347	-1.06103889951655
37.173	-2.6245	-3.9132	1.645
37.899	-7.3266	-2.9614	0.891725133677731
32.441	-8.4786	-4.6004	1.35919006856524
35.937	-7.7764	-1.2843	-0.686996698746942
37.755	-3.5724	-3.9847	1.45708820060786
37.322	-7.6218	-1.4826	0.39415685572058
38.43	-6.1105	-2.4777	-1.05429837406118
36.495	-7.6701	-0.95526	0.734905742736747
34.278	-8.7974	-3.7387	-0.764081221931084
35.233	-8.8871	-3.1131	0.527009597758503
36.998	-6.6701	-0.68066	-0.62240800234011
36.651	-7.5829	-1.2475	-0.990946082762141
24.271	-12.112	-3.4109	0.214511141193384
28.289	2.0839	-1.1024	0.265649810187674
35.876	-2.8084	-4.9303	-0.271807109812429
37.231	-3.9099	-4.7721	-0.982696421515954
29.139	-10.899	-4.2139	0.748072195139367
35.264	-7.1588	-0.50919	-1.09683669740422
37.215	-2.1692	-3.2804	-1.38229670841051
26.937	-11.434	-4.0353	1.645
29.047	-11.285	-3.5116	-1.00880669649456
37.759	-5.8941	-2.4694	-1.21968215909188
36.759	-7.1446	-0.57465	0.881719065104664
36.82	-6.8749	-0.3813	-1.19852958248319
21.515	-0.27706	1.74	-0.780556790095304
35.542	-6.5946	-1.1652	1.11324903743631
35.563	-0.78294	-4.4159	-0.360482851914317
31.359	1.2267	-0.79001	-0.48277978664741
37.799	-3.4383	-3.9197	-1.05766066137747
37.721	-2.718	-3.5393	-1.36760232664563
29.803	-10.77	-3.5859	-1.03179994695826
37.425	-4.7946	-3.5831	0.972032747940121
36.272	-2.8487	-4.1937	0.760064584395049
25.232	-11.836	-3.4376	-0.206249315731986
37.298	-6.2867	-4.72	0.852299339530073
36.221	-2.9564	-0.61513	-0.93197684335173
33.998	-7.9864	-0.16569	0.224358214067644
36.144	-2.2189	-1.1147	-0.739723572975055
37.167	-6.6659	-1.13	0.977574849686754
26.788	-1.3344	0.7076	-0.783644025666572
29.441	-2.4441	0.42788	-0.85803459805132
34.481	-0.83471	-4.8208	-0.721554059890002
37.603	-3.5366	-2.3554	-0.936844357189355
35.681	-8.7417	-2.8366	1.51144545882489
35.801	-6.039	-0.10692	-0.64237538115751
24.255	-1.0753	1.209	-0.239791738216239
37.393	-3.4946	-4.3244	-0.783652019305482
37.001	-1.8216	-3.9956	1.645
35.481	-2.2084	-0.77026	-0.881284012605436
36.261	-6.8152	-1.5389	1.14894273830964
36.039	-7.5015	-0.37316	-0.48175041452128
36.922	-5.6457	-4.9601	-0.158973743791222
24.368	3.7988	0.25655	-0.411598473622508
34.751	-2.076	-4.7894	1.54603248186618
31.902	-10.188	-3.1425	-0.0449047399527033
32.739	0.91199	-2.6954	-0.471115117557047
34.187	-1.4715	-5.6999	-0.370904665049898
29.947	-10.855	-3.69	-0.0887118744860197
36.848	-6.5595	-2.1398	0.300860553252763
37.199	-1.6237	-2.4917	-0.24968423796566
35.711	-7.1492	-0.48083	-0.982969743374528
35.72	-8.5251	-3.5035	-0.77410902912369
24.838	-11.328	-3.8629	-0.50465043097883
36.989	-2.1522	-4.4694	0.938142755703006
38.043	-6.8756	-1.8666	-0.489168141155448
35.954	-7.1988	-1.5628	0.632275623138462
37.485	-6.3438	-1.5371	0.734027369705221
28.562	-11.373	-3.9338	-1.04642376620835
26.936	-1.6129	1.3973	-0.0724129362762257
33.339	-3.0923	-1.8954	1.48019773230121
31.809	-9.8667	-4.0254	-1.12287489535067
37.42	-3.8425	-1.2864	1.57055360926723
33.189	-2.0783	0.76822	-1.00089848233772
36.311	-6.2684	-0.71261	-0.477835445651402
31.307	-10.824	-3.7747	1.29678853116281
36.574	-8.6753	-3.4189	1.645
36.099	-2.2894	-4.5739	0.217338536779609
36.778	-6.6332	-1.1096	0.31263706669841
36.105	-7.3621	-0.27467	-0.0683613950350294
38.228	-5.9979	-2.4075	-0.443902065371082
32.99	-8.9546	-0.21807	1.16535749714904
37.393	-5.8686	-0.98026	0.998907633271756
36.03	-6.7396	-2.2656	-0.646331098239714
30.821	-10.653	-3.8519	1.645
18.117	-12.427	-2.7497	0.616164794046361
37.59	-3.4846	-3.6459	-1.01537122674693
32.924	-0.29634	0.38633	1.32807614345081
32.373	0.99622	-2.1654	0.0731715434570952
31.505	-10.677	-3.5357	-0.867939267698633
32.294	1.3388	-1.5872	-0.870975440515612
36.196	-2.2167	-5.2777	-0.197931415290826
36.693	-6.5135	-1.0092	0.250104237429557
32.946	-10.118	-3.8613	1.645
29.076	-11.036	-4.0158	1.645
36.022	-6.828	-0.57731	0.548518036393617
35.852	-6.3953	-0.66102	-0.955877322128457
35.12	-1.2742	-2.8903	0.0669109815431985
27.895	2.1727	-0.70999	-0.642482134066651
35.993	-7.0808	-1.3785	-0.688299115882595
27.649	-11.462	-3.5438	0.50604522139092
34.929	-9.3154	-3.3453	0.718800752990344
36.918	-7.5758	-1.5006	-1.4283798310243
17.095	-12.321	-2.8753	1.645
36.383	-1.4084	-1.6501	-0.445038238933221
36.121	-2.9466	-5.1363	-1.15064805398571
33.092	-2.3509	-0.10809	-0.274760437928426
24.401	-1.0807	0.94528	-1.08600221680589
35.131	-9.2436	-3.3567	0.400302536073851
33.459	-6.2113	-5.0877	-0.678956777752822
36.231	-6.2373	-5.1256	-0.79978163316359
34.387	-0.70831	-5.5504	-1.1768776006838
37.104	-7.4099	-0.84084	-0.68851622870947
36.53	-7.222	-1.5122	-1.13167315893931
19.144	-11.629	-3.5846	0.0614986377661621
36.424	-7.281	-0.91605	-1.19363282257619
36.607	-2.9684	-1.1872	1.40826721143016
35.184	-9.2901	-3.1965	1.645
37.267	-6.9481	-1.9059	0.0164156711271866
32.761	-10.279	-3.5803	1.645
34.361	-1.276	-5.9627	1.645
36.349	-7.4662	-1.0629	0.153500750136784
21.996	-12.117	-3.2949	0.918076137679903
24.003	0.13853	1.4663	-0.139725981027882
37.336	-4.2892	-1.3951	-0.897439937077048
36.105	-7.5793	-1.0388	0.0134649833534683
32.465	0.75286	-1.4389	-0.55397561575264
36.942	-6.4637	-0.66239	-1.08309378184168
35.623	-7.3392	-1.1323	-0.19944552358733
27.695	2.5926	-0.75992	1.645
34.705	-0.88028	-5.109	-0.684661690611231
35.653	-8.8056	-2.0148	-0.689202471238388
36.085	-8.2433	-1.0166	1.07931446355679
13.152	-11.939	-3.2046	-0.413446432192674
36.366	-7.7739	-1.273	0.915059173538971
34.237	-0.72906	-5.5845	-0.310043726971011
35.878	-8.1252	-1.6888	-0.770719919222128
38.411	-5.9434	-2.5654	-0.844120468275195
35.83	-8.0329	-0.94709	-0.453702143380913
36.934	-7.1197	-1.3898	-1.24504860996831
35.884	-6.3224	-0.51641	-0.689470982765384
33.532	-9.5404	-3.8361	-1.11338623752297
36.16	-6.2388	-4.6065	1.44463730707659
37.061	-6.5184	-1.2337	-0.002993092897603
24.068	-11.949	-3.7635	-0.933970839088996
30.193	1.2549	-0.92182	-0.598700826434733
35.99	-2.0913	-5.2288	-0.773634966702749
36.088	-6.6977	-0.52185	-1.1823057055359
27.955	2.3396	-0.87238	-0.366207679113169
37.902	-5.9908	-2.0936	-0.567522896198352
31.258	-10.897	-3.3516	1.645
36.711	-5.4696	-0.059321	-0.999629481227558
37.285	-3.4399	-4.4883	-0.964128280417933
28.764	-0.51537	-6.6424	-1.33140540142426
37.105	-3.6061	-4.5524	-0.550268404324228
33.073	-10.383	-3.0347	0.386921009719035
34.579	-9.3204	-3.3467	-0.0776954534101882
36.761	-4.0431	-2.5386	0.573626686774348
31.076	-10.596	-3.1788	-0.428064252644589
24.371	-1.4143	1.2245	0.420020107893244
33.778	0.11392	-0.5513	-1.02430532655254
35.959	-8.016	-1.3819	1.37440759476727
37.731	-4.9146	-1.0312	-0.982267202812462
35.169	-9.4052	-2.0994	0.357965155761685
33.652	-9.6058	-2.9365	1.645
23.422	-0.66444	0.89025	-0.876275303978599
35.456	-3.3218	0.088323	1.00896888690013
36.032	-2.4254	-5.2954	-0.472468433983551
34.574	-3.6874	0.49795	-0.821704565178534
35.282	-0.54191	-4.5888	1.41937448182549
36.358	-3.1915	-4.9347	1.33101612074844
37.095	-4.2397	-4.9509	-0.494472051598307
34.7	-1.2137	-5.6412	-0.655857629582753
37.835	-4.0336	-3.727	-1.645
37.21	-4.2579	-4.7383	-0.719455424515627
36.284	-1.8405	-5.0251	-1.13413435882494
36.981	-6.59	-0.49138	-0.948249026717792
36.113	-7.5229	-1.1566	-1.16477458947779
33.966	-0.18969	-0.95979	0.940664123492698
26.384	-11.718	-3.1602	0.730997947543119
37.81	-6.0972	-2.6215	1.07721750779574
33.156	0.051677	-0.95287	-1.24708590236513
35.502	-5.9782	-1.6541	-0.76253710598462
35.672	-1.7917	-5.3377	-0.795610428450349
37.3	-4.165	-1.6175	-0.556017726445895
35.675	-7.1694	-0.86933	-0.515457893029101
35.877	-8.4213	-3.4308	-0.65815829409808
38.515	-5.1784	-2.2231	0.339565653894798
35.863	-2.4069	-2.5622	-0.0275638432450165
35.669	-5.378	-5.4118	-0.454131527281718
30.447	1.4981	0.012136	-0.189914766863751
29.454	-1.0348	-6.7118	-0.286385825336981
35.997	-3.0534	-4.6892	-0.0204636642171605
33.235	-10.72	-2.9872	-1.16598577599526
37.405	-2.8884	-4.2719	-0.764994223272111
32.883	-8.6579	-4.8132	0.691277026334203
36.229	-7.0194	-0.57746	-0.136745931629025
37.07	-3.5895	-4.5398	-0.147772372109741
36.719	-7.5573	-3.667	-0.516222104281417
25.941	-0.49807	1.7601	-0.845174947691037
37.69	-2.9721	-2.3396	-0.394779538519905
37.754	-3.583	-4.2792	1.645
37.547	-3.1049	-3.4645	-1.103431414561
36.976	-6.7599	-1.9741	-1.10070705704533
36.668	-5.7643	-0.36006	0.383883334759706
26.716	-11.636	-3.9302	1.645
28.015	-11.269	-3.5031	1.645
34.205	-9.6351	-2.6179	-0.615472555298102
37.709	-3.0288	-3.4199	0.514235222384083
36.241	-3.1487	-1.2023	1.17925426094433
27.991	-1.7102	0.46544	-0.291399999823566
33.454	-0.75361	-5.856	-0.599820633927067
27.938	-0.14693	-6.4389	-0.21288403147993
34.324	-1.491	-0.028499	-1.23614936721196
37.82	-7.0502	-1.9993	-0.852748547871863
35.031	-0.73919	-5.3013	0.629471128824327
37.022	-7.8526	-1.9066	-0.254965202183985
30.214	-10.125	-4.3742	-0.656603654783401
35.967	-2.729	-0.69909	-1.37716781616012
35.188	-7.5203	-0.50527	1.645
34.288	-1.2429	-5.9811	-1.58442296592669
36.605	-7.0821	-2.621	0.455094239057806
36.414	-2.6558	-5.1461	-0.17657245641194
36.915	-7.9132	-1.4713	-0.456144691136837
26.615	-11.683	-3.4185	-1.17932057956825
30.771	-10.607	-3.8479	1.64264002673837
37.974	-3.6555	-3.1281	-1.02558849861511
35.963	-2.9456	-4.6888	-0.930663874684848
36.747	-2.8716	-4.7368	0.183608852020675
29.352	-10.501	-3.6657	0.872395795403013
37.587	-7.0356	-2.9008	-0.811425523450451
31.82	-1.1205	-6.6025	-0.724686161944661
38.32	-4.8525	-3.1108	-1.3468380051541
26.345	-1.1055	0.5634	-0.81343376213067
36.51	-6.2637	-0.54518	-0.687228755022178
36.034	-7.4432	-0.97491	-0.919992300597406
37.974	-3.5713	-2.2629	1.2105586687819
28.133	-11.456	-3.6026	1.08542369195271
37.13	-3.482	-3.5833	-0.62840463326024
37.326	-5.6839	-4.4112	1.27502253886478
35.929	-8.1243	-1.4357	-0.24529845784626
36.752	-3.5477	-2.6273	-0.727465570783398
37.587	-5.2175	-1.004	0.759287460770668
36.139	-7.2369	-0.64364	-0.434313851631568
35.221	-1.4667	-5.6054	-0.575595201226748
36.438	-5.6209	-1.0791	0.0430299133178567
37.918	-7.0786	-3.0856	-0.497817735321479
37.168	-2.8936	-4.4433	-0.544044098881081
37.103	-6.8195	-0.88503	-0.337330506170108
19.483	-12.108	-3.7965	-1.09788466249406
29.667	-0.36181	-6.2471	-0.44754484153082
36.409	-6.4671	-0.54685	-0.425254469233586
38.051	-7.0224	-2.7249	0.111848273153282
37.858	-5.3791	-3.9756	1.50618520796859
37.41	-6.4188	-0.83121	0.680732302902568
27.944	-0.12737	-6.92	1.56815628220963
37.331	-2.3602	-3.1346	-0.102555475989571
36.1	-5.7452	-0.9397	1.645
37.069	-7.3037	-1.1191	0.554375475434259
20.617	-0.3175	1.6639	0.0668406907102751
37.264	-6.7331	-1.3042	-0.564913250352942
37.023	-7.7618	-3.0738	-0.579308857162461
33.908	-0.57427	-1.1263	-0.460173277077016
34.74	-1.4122	-5.6472	-0.0776733469445783
36.026	-2.1342	-5.1439	-0.0643523940404514
29.141	-10.738	-4.3405	-0.607995897155174
37.973	-4.0567	-3.8317	-0.0561278350627254
28.845	-0.3391	-6.3215	1.645
38.053	-4.9272	-3.8114	0.124618396755059
25.402	-11.378	-4.1255	-0.419900029407427
29.068	1.9082	-0.13313	0.286146235696851
36.636	-8.1869	-3.6598	1.645
24.869	-11.715	-3.337	0.65818166495819
36.671	-6.1766	-4.2952	-0.260524855215132
37.923	-3.705	-3.5402	-0.791922544217685
37.411	-6.3305	-1.4893	0.266705906325587
35.992	-6.343	-0.027214	-0.274393487476979
30.639	-1.4277	-6.4224	-0.94411532070221
12.655	-12.024	-3.1062	1.645
20.821	-12.156	-3.2601	-0.527832568890997
36.613	-7.1136	-0.79163	-1.645
37.46	-4.4038	-1.0835	-1.20155780582818
37.55	-2.3992	-4.0514	1.47980121245116
36.152	-7.3342	-0.95071	-0.736670012493495
24.761	3.1961	0.59405	0.748683847358412
34.893	-8.2576	-0.2879	-0.215016742711862
36.008	-4.144	0.37998	-0.470323593537386
36.732	-2.5374	-4.5019	0.60293118586642
35.933	-6.8829	-0.44488	-0.964354492974734
35.131	-7.9391	-1.5386	-0.915522705714762
34.85	-8.5722	-4.0191	-0.325846333455089
25.356	-12.145	-2.9767	0.823526139891725
38.576	-4.8825	-2.3728	-1.645
33.209	-1.3065	0.58739	-0.201406580708544
34.081	-0.19025	-0.19369	1.04362336198821
36.422	-2.8263	-5.0446	1.645
34.084	-5.1555	-0.37926	-0.201328528164922
37.344	-5.4244	-3.918	0.785154840322046
27.673	-11.413	-4.0307	1.645
36.557	-6.012	0.058335	-0.763609780360147
35.897	-8.9728	-2.3728	1.645
28.23	-0.50422	-6.5389	-1.24736182931409
30.806	-9.287	-3.5933	1.645
37.076	-4.767	-1.1442	-1.56772455317241
26.736	2.6919	-0.6298	-0.0487219935768384
27.474	2.3031	-0.87242	-0.952652768274724
38.008	-3.2008	-3.5752	-1.2352680811995
29.709	-10.969	-3.9119	-0.142513097964067
37.872	-6.6212	-3.506	0.791710227913661
34.547	-9.2514	-3.6529	0.980974061996351
35.408	-1.3801	-5.2085	-0.929662300120774
33.384	-0.71081	-6.05	-0.857438305511483
34.958	-1.4558	-5.6443	-0.528281108606777
37.4	-5.3887	-1.203	-1.12472391993191
29.138	-11.188	-3.8476	-0.783142182674192
36.696	-3.7296	-4.7045	0.0256582049313068
35.221	-8.5458	-1.1697	1.645
35.633	-2.7754	-0.42644	0.673745447385229
32.922	-10.36	-3.0592	0.742490506843171
34.17	-1.3725	0.13005	-1.20876184435081
36.04	-6.7814	-0.20054	-0.706565827399586
34.523	-6.4037	-5.2684	-1.03093547145176
37.283	-5.6156	0.019012	-0.898187658293646
34.803	-7.3818	-0.18694	0.850483741430384
31.428	1.6486	-2.2588	-1.62569253377932
36.11	-7.4497	-1.499	1.645
23.219	-11.625	-3.7246	-0.699961498219667
37.105	-2.5879	-1.2599	-0.4336935276574
35.765	-2.3939	-5.2168	-0.731155131573738
29.205	-1.0063	-6.6398	-0.850959312909232
36.513	-7.4862	-2.793	1.15546293786775
36.577	-3.213	-5.146	-0.600835891265449
29.493	-2.0896	-0.37662	-0.707137473853497
37.348	-6.6439	-1.5268	0.318748146753069
36.086	-7.7136	-1.5338	1.645
36.92	-3.6492	-4.6394	0.592444240128661
35.73	-7.9709	-0.66978	0.10635525539926
35.546	-8.9878	-2.0374	-0.821821555687787
22.905	-1.2773	1.3333	-0.373958604791502
23.875	-11.581	-3.7265	1.645
34.821	-6.2335	-5.3327	-0.742102541861832
36.952	-8.0395	-3.7747	1.37885262527935
36.254	-2.536	-4.605	-0.776338243400565
38.26	-5.4613	-2.6107	0.596008354833949
37.275	-3.0113	-4.2995	-0.0625662460754671
38.099	-4.1749	-2.0066	-1.00636320654164
34.816	-1.9829	-0.24815	-1.15632340221831
33.624	-9.7678	-3.2114	-0.135976262328559
37.08	-2.6979	-1.4846	-0.320075226661946
30.827	-10.451	-4.0079	-0.18956851599746
37.112	-7.4161	-1.9881	-1.08272661334266
23.069	-0.86413	1.3787	1.35850843743581
31.845	1.0033	-1.1008	-0.220424575693866
36.946	-7.765	-1.2246	-0.572986712878903
36.745	-7.1831	-2.3689	-1.09406745106371
24.997	-0.66669	1.1359	-0.295248725526968
36.613	-7.0288	-0.34779	-1.41030256165999
35.285	-7.5377	0.066807	-0.669980617997196
36.681	-7.6883	-1.3233	-1.30050805519427
24.495	-0.80438	1.506	0.76533376651053
29.457	-8.1844	-4.6495	1.645
36.177	-2.5183	-1.6875	0.751834713323462
17.539	-12.176	-3.6076	1.645
37.422	-3.4628	-2.3274	-0.0437567293507798
32.785	0.6827	-1.7577	0.328570316052147
37.809	-4.4404	-2.6843	-1.25317807285082
29.377	1.7668	-0.97623	-0.0454883542487018
37.809	-6.3381	-1.42	0.51667239018155
29.712	-0.9678	-6.7499	-0.255270437441354
34.134	-10.156	-2.7773	-0.875436396883733
37.674	-6.0117	-3.9316	-0.151333032969382
36.838	-3.1052	-0.58324	0.597662566796099
37.161	-2.9571	-4.3767	-1.02438457733835
36.588	-2.8971	-0.65573	-0.490535192374407
36.997	-2.8596	-4.6194	1.19930936589837
37.196	-2.9731	-1.8959	-0.429479848935474
36.394	-6.1789	-1.2919	0.431062930097632
32.516	-10.186	-4.2238	1.34031633998164
36.926	-6.1455	-1.226	-0.930994452404451
36.059	-6.6724	0.099282	-0.781756493571077
35.239	-3.0074	-0.11223	-1.03438481263263
35.179	-4.4275	-0.35156	0.106965061771303
36.601	-3.3263	-0.83788	0.719078690342257
33.492	-9.8817	-3.9009	1.53795788656272
38.242	-5.918	-2.1091	-0.350142583186336
36.007	-6.7848	-4.2244	-0.103325078565304
36.903	-6.0825	-1.1782	-0.846362864124265
37.493	-3.1652	-4.0554	1.06004545242308
38.197	-3.1683	-2.8039	-0.342233750496675
34.899	-8.9036	-2.1978	-0.397385361155919
36.758	-6.2914	-0.49534	1.12674310886138
37.172	-5.7699	-2.3884	-0.00473268577911542
34.832	-7.3907	0.24362	1.28017895551099
36.51	-8.369	-3.6788	0.580378370799165
37.878	-4.0903	-2.2179	0.831478010102624
34.092	-8.9227	-4.1576	1.645
35.503	-6.2815	0.51715	1.33864671038247
36.479	-2.3034	-4.7111	0.589792472993494
36.616	-6.8313	-0.47681	-0.895658838976555
36.197	-2.5887	-0.88178	-1.26192567663715
28.31	-11.059	-4.4058	1.645
27.664	-10.9	-3.9195	-0.273932255415742
33.331	-10.091	-3.2853	-1.645
35.681	-7.0142	0.034118	-0.834615680412906
25.296	-0.72466	1.6146	-0.204544915384335
34.688	-1.4445	-4.5017	0.451284098949723
35.59	-2.7801	-5.4654	-0.847525697912927
33.453	-9.9212	-3.2833	0.503270464391977
35.473	-9.362	-2.7353	-0.995803295792136
34.492	-7.3364	0.24994	-0.823327771634315
37.498	-3.5547	-4.4466	1.10549882641461
37.437	-6.1818	-4.1612	1.03733803540621
38.216	-4.6273	-2.5373	1.53063284405875
36.537	-6.8783	-1.0337	-1.13038613734032
37.024	-5.0281	-5.0016	-0.141853264892188
35.958	-2.3821	-5.0615	-0.475432388649625
33.231	0.16905	-5.6528	-0.471486772023015
37.644	-6.4692	-2.6675	0.788926753587913
36.844	-2.8627	-4.1771	0.168054949389573
27.805	2.13	0.2655	-1.63757285057089
35.212	-2.5121	-5.7232	-0.836078023083294
37.18	-7.2877	-2.0295	0.632116615821128
28.68	-0.5989	-6.5866	-1.25258697967318
31.516	-1.6663	-1.0651	-0.602528293049944
24.995	-12.011	-3.4335	-0.277600238620723
34.344	-1.2254	-5.6987	1.51033253597205
28.835	-0.9672	-6.622	-0.406494221333022
36.769	-3.844	-5.1959	-0.826473060238107
21.515	-0.82075	1.3352	-0.723242240005613
36.204	-0.51726	-2.602	-0.857701789848686
35.549	-6.4596	-0.15332	-0.573550841233983
34.875	-7.5634	-0.67985	-0.862562020123834
27.737	-11.284	-3.2202	-0.565483109852936
34.806	-8.8901	-2.973	0.88769765360721
27.447	-11.476	-3.9333	0.416200794028632
37.024	-6.2246	-3.3113	-0.562290727469991
36	-9.0717	-3.5695	-0.692055649179768
36.194	-6.8002	-1.6144	-0.880476135989244
27.474	-0.29098	-6.7196	-0.77237098071676
36.112	-7.3194	-0.71772	-0.743858950700547
37.219	-2.0424	-2.5208	-0.423588964585209
35.975	-7.482	-0.79263	0.38970191273452
36.501	-6.4825	-0.69156	-0.142723635524473
36.808	-7.1617	-1.0805	-1.26058088157179
37.702	-3.2554	-2.2478	1.45438465027465
32.167	-10.434	-3.3169	-0.189804274525548
33.734	-9.5652	-3.4776	0.724824680815497
33.831	-0.82131	-5.9073	0.289053807411916
32.833	-9.925	-3.8629	1.58059752893267
38.11	-4.4154	-1.7878	-0.677441438847466
36.562	-7.8558	-2.4601	-0.512062505339578
37.065	-2.8718	-1.9238	1.18893091114519
29.737	-10.997	-3.7093	1.645
32.506	-10.224	-2.3987	-0.583827260414361
34.462	-9.6263	-2.7398	1.645
37.247	-5.6924	-4.4819	-0.64636774439931
35.219	-2.1202	-1.3575	-0.237941232057173
28.187	-2.0153	0.64751	0.498695017237962
27.931	-0.28496	-6.5634	-0.424568387148985
34.721	-8.3715	-4.579	0.972747061156445
36.361	-7.4636	-0.51885	0.699595069347613
34.45	-0.82641	-5.3395	-0.619734306001268
36.339	-7.668	-3.0652	-0.925545469588045
34.026	-9.7903	-3.2879	0.550435254985959
35.298	-7.0473	-0.77197	-1.00091559930368
34.806	-6.9562	-0.62806	-0.518363102392766
37.645	-3.0373	-2.7639	0.871395318432308
25.316	0.0397	0.96357	0.830346616209918
36.17	-7.445	-0.85062	-0.940521510102518
37.729	-4.9993	-4.3855	1.27657726602149
37.033	-2.5461	-1.0928	0.545390971981664
35.239	-7.2057	-0.80222	-0.705261021863915
32.105	-1.7627	-0.10838	-0.781346837903031
36.147	-2.2079	-4.9607	-0.486109722373657
36.013	-5.2962	-5.2194	-0.170105041899696
24.884	-12.03	-3.7199	1.29601469466651
36.767	-7.3284	-1.2693	1.02719348740743
35.258	-5.3219	-5.4431	0.271063863194146
34.494	-0.21675	-1.9609	-1.56374509354484
35.771	-6.6465	-1.0204	1.645
34.224	-1.4421	-5.2872	1.42278182524741
35.965	-1.3746	-5.0021	0.853084511930139
31.698	-1.481	-6.3148	0.549977617611634
33.716	-7.4941	-2.944	-0.349106336995504
36.927	-6.6277	-0.54409	1.16713378412936
37.4	-6.6576	-3.761	-0.366806569019766
35.119	-8.7121	-3.9509	-0.0379028779761013
34.689	-0.28268	-3.6521	-0.338978309158127
37.267	-2.9412	-1.1413	-0.7716022730665
35.716	-8.4489	-2.1184	-0.585509869995677
35.874	-8.6177	-1.8043	1.18734728257666
37.766	-3.2181	-1.9562	-0.290108126790568
32.951	-2.1329	0.73755	-0.836413241073954
35.137	-7.474	-0.47603	-0.790793163723202
36.965	-3.0487	-1.9398	-1.05889147163717
32.677	-8.7274	-4.1685	1.11915016257949
35.563	-2.7773	-0.24283	-1.35181702180842
38.365	-5.7093	-3.163	1.17666883208137
36.064	-7.1385	-1.2273	-1.21074769123155
35.464	-9.2253	-3.2972	-1.06312232471281
38.276	-3.9029	-2.2387	0.577040021045084
36.473	-1.6404	-4.767	-0.987004616278402
36.534	-2.8847	-3.859	-0.587149233859552
36.839	-2.8458	-4.6107	-0.230500825520958
35.951	-1.7764	-5.2628	-0.794870821504486
36.807	-2.7145	-1.7884	0.990768300552895
38.201	-3.9247	-2.182	-0.584018215951652
36.474	-2.0151	-4.8982	1.62464807451697
35.222	-7.552	-0.12993	-1.27192377611139
27.282	1.8772	0.36123	-0.249283272047722
28.696	-0.68077	-6.8741	1.645
33.381	-2.7503	-0.92077	0.151032536369373
28.024	-11.618	-3.2678	0.434936885320485
28.667	1.635	-0.37636	-1.26950101966574
34.883	-4.4287	-1.5223	-1.26968941262062
36.939	-3.7073	-4.6069	-0.454661712568177
36.023	-3.1128	-0.9772	-1.11914665715232
35.615	-2.2489	-4.7724	-1.22270258433426
36.584	-3.2355	-4.7375	0.0420373467189907
37.827	-3.3669	-2.5679	-0.197323713045515
33.859	-9.2605	-2.5721	-0.34946090611515
28.452	-0.64826	-6.6807	-0.243245730576698
29.606	1.5715	-0.54431	-0.998312034271247
36.868	-7.3659	-3.4925	1.645
37.028	-3.37	-4.176	-0.100148162510519
35.815	-7.8946	-0.37288	-0.850087403926099
37.259	-3.0075	-4.4835	-0.833889122117307
33.407	-9.7397	-3.9947	-0.376524063858436
22.13	-12.369	-2.9595	-0.217870212317024
37.447	-2.7711	-3.2962	0.362969688730152
38.124	-5.9004	-1.833	-0.165264841050558
36.296	-3.9297	-1.4904	-0.215879561330935
24.668	-11.654	-3.2159	1.24042485142479
36.163	-7.092	-0.771	-0.956900000342608
32.75	-10.422	-2.8005	-0.040714595063943
32.161	0.91575	-1.7862	0.822851116910308
24.91	-11.954	-3.5912	1.34937101729033
37.31	-7.5264	-2.6178	0.0728109924087864
29.6	1.593	-1.8446	-0.0446461676787424
36.38	-6.6055	-0.06572	-0.949382705095498
30.715	1.0071	-0.9415	-0.856345908358565
36.399	-7.0935	-1.8265	0.795831687415066
38.241	-4.5629	-4.0563	0.759907620012729
29.485	-11.04	-4.0291	1.46685434394728
36.514	-8.5327	-2.2652	0.0523050561972837
35.146	-6.8688	-1.1453	-1.0589181892817
33.436	-1.2899	-6.2745	-0.908221143829354
37.654	-2.3191	-2.4915	-0.939800731106859
36.327	-3.639	-5.216	0.122409723534851
36.545	-7.0306	-0.54223	-1.19444609297834
38.032	-3.8433	-2.5224	-0.65308363003806
35.045	-8.4451	-3.0206	-0.345820547014852
37.718	-6.805	-2.3753	-0.08138239628697
36.017	-3.9337	-0.15164	-0.84662741281047
27.763	-0.19828	-6.7383	-0.298717919831264
36.537	-6.301	-1.1695	1.38219823547165
31.309	1.3203	-2.1248	-0.292264038076256
32.159	-10.433	-3.0039	1.645
36.21	-7.1793	-0.91817	-0.33092833295988
36.872	-6.6326	-0.5159	0.706520568274206
37.236	-5.8353	-2.0778	0.0419067681933577
36.853	-6.3522	-2.1496	1.16998433263069
34.545	-0.57259	-5.36	0.181435428510705
37.034	-3.681	-5.0419	0.957015143488019
36.478	-7.1979	-2.0881	-0.636267439719815
35.927	-2.6184	-5.194	0.945697760650776
36.16	-3.0067	-5.1595	-1.10207305882102
36.385	-6.6891	-0.91737	0.898557758431309
34.169	-2.2291	-0.29475	0.465864997071285
37.251	-3.3098	-4.4526	1.4584877518802
35.304	-0.72865	-1.7241	-0.797017845148259
33.401	-1.0653	-5.7202	-0.710061664426495
32.564	-8.7826	-4.3392	1.645
35.013	-1.0942	-0.74452	-0.40204771996986
37.474	-3.0541	-2.0965	-0.544614863340981
35.467	-1.2018	-5.1814	0.166944691003054
34.079	-9.9018	-3.0968	1.645
36.626	-5.7911	-1.2278	-0.813864999905775
37.241	-3.7254	-1.2785	-0.754170686968332
36.332	-6.6978	-0.47076	-0.457659132031818
36.73	-2.8421	-4.3338	-1.11484096566027
31.873	1.1603	-1.4668	-0.780892147953795
22.106	0.18732	1.8667	-0.83146929646905
37.081	-2.2684	-3.7777	-0.897759884107949
34.882	-7.8087	-4.7386	-0.016050674928564
31.239	-10.563	-3.4322	0.164861565495405
22.98	3.3486	0.063496	-0.722859351224341
36.049	-2.8343	-0.31658	-0.992406984351693
35.417	-9.3933	-3.2228	0.776383986903494
24.144	-11.871	-4.1725	1.38864547065054
36.875	-6.5702	-0.73131	-0.607336955791536
28.865	1.751	-0.48839	1.61006401643435
37.439	-7.1052	-1.3532	0.0538100125578903
37.029	-4.7412	-3.0954	0.564791443523133
36.318	-6.8931	-3.2431	0.492484118168902
29.674	1.9213	-1.1953	0.469102383054409
37.269	-6.4643	-1.3187	-0.414154999539603
37.508	-7.0244	-1.8393	0.95339484480629
37.112	-7.3561	-1.2594	1.645
36.496	-7.1131	-0.84695	-0.458432805336492
37.948	-6.3604	-1.6608	-0.377017141379129
33.845	-9.7813	-3.7695	0.420803205535266
30.252	-10.709	-4.2735	-0.0585638511004697
37.853	-6.0901	-2.2477	-0.559377249189754
37.001	-3.1956	-1.9825	-0.939692701625783
35.006	-5.2704	-0.66318	-0.718899142068266
28.959	-10.732	-3.9835	-0.703887057691343
36.404	-0.77396	-3.045	-0.714556750717738
36.905	-4.2578	-0.4808	-1.645
36.437	-3.6993	-4.3082	-0.831174708549101
33.548	-1.5978	0.067007	0.394044096119161
29.979	-11.824	-2.9049	-0.215497978918973
28.461	0.98628	0.17033	0.0665321189937476
37.769	-5.0176	-1.871	-0.754569816434163
36.881	-6.9741	-1.2878	1.35803050618625
38.028	-3.372	-3.8422	-0.275664542052385
33.751	-10.254	-2.9882	0.336011061479762
36.89	-7.2192	-1.1222	-1.37102306453829
36.459	-2.2777	-4.9212	-0.266092533646237
36.568	-6.7341	-0.43936	-1.0177501478097
35.936	-1.5523	-5.1143	-0.118317661212546
37.484	-2.9589	-2.2054	0.0712436852470982
37.798	-6.4612	-2.1662	-0.541756376819217
36.627	-6.1571	-0.69163	-0.304053341667533
33.204	0.41913	-3.6203	-0.694195391100094
27.802	-0.52154	-6.6001	1.28957781598656
28.051	-11.463	-3.9954	-0.748500867485308
32.516	-0.5129	-6.2823	-0.643668922132373
28.05	2.1178	-0.84351	-0.487559378424974
32.059	1.3109	-2.4168	-1.645
36.629	-7.321	-0.79914	-0.0173212642674385
34.114	-0.95412	-5.5611	0.671556927188548
37.836	-4.3579	-3.3202	-0.0931059648354855
34.858	-0.90232	-5.1763	-0.86964853905608
37.704	-6.9036	-3.5007	1.39452067980487
36.851	-6.8	-1.1773	-0.57547307727095
28.368	-0.59665	-6.7559	-0.458003986643064
33.892	-0.68384	-5.8885	1.10738009079001
36.433	-4.7672	-1.4114	-0.391639532117867
36.896	-1.6696	-2.1151	0.219107136836093
36.854	-3.5895	-4.6313	0.573749611077915
33.919	-7.0507	-5.0645	-0.543812218090105
37.305	-7.1596	-1.4898	1.49144035772619
36.084	-6.9266	-1.1155	-1.13856212247353
36.811	-6.4165	0.35144	-0.715515016185573
33.207	-10.28	-2.8261	-0.46875262478325
36.125	-7.0592	-0.43751	-0.603107609095171
36.783	-8.0664	-2.712	0.476904319382148
36.431	-1.4634	-3.8262	-0.0117750953293068
36.805	-6.8704	-0.46855	0.241619257896663
36.734	-4.8522	-4.9762	-0.59011846385221
33.764	-0.71277	-5.7633	0.469638735537539
30.135	-9.1454	-4.2499	-0.800897567833444
28.725	1.7036	-0.72164	-0.808558720021022
38.095	-4.4114	-3.0289	-0.77369505415948
36.408	-7.0685	-0.74929	-0.728565155750451
29.373	-1.8565	0.38733	0.344960354387683
20.317	-12.541	-3.2969	-1.00163440454312
36.539	-6.8839	-1.4043	0.858888000952919
24.961	-12.173	-3.2356	1.645
36.432	-2.9785	-1.8557	-1.0039689841777
37.359	-3.4721	-4.3656	-1.4224110069253
36.187	-7.133	-0.64214	0.627477331850136
38.056	-6.0844	-2.1369	-0.478929594386939
37.005	-7.4155	-1.2923	-0.449276692315794
31.588	-10.845	-3.7152	-0.640028759563487
35.745	-6.4161	-0.72233	-0.811279888264069
35.965	-2.0548	-5.2201	-0.348212937164906
29.945	-1.3699	-6.7296	-1.32691781762576
34.623	-7.9058	-0.21977	0.0535386688546889
36.243	-3.5794	-0.21717	-1.22602881789159
36.885	-8.2585	-1.4113	-0.798352733305293
36.359	-7.4549	-1.0004	-1.645
33.378	-9.128	-3.986	1.645
37.011	-5.9559	-0.4383	-0.507322567559266
33.758	0.38343	-3.2386	-0.153120865160836
28.874	-11.12	-4.0281	0.224982550707756
37.16	-6.6232	-0.7396	1.48621859084413
36.24	-2.3286	-1.4169	0.912333491592052
24.502	-11.889	-4.0808	1.645
33.756	0.78472	-3.7174	-0.475215075303281
36.292	-7.3381	-2.103	-1.06500839138384
31.882	-0.57295	-5.8092	1.645
28.058	-0.40419	-6.5521	-0.338586808225878
35.769	-1.1302	-4.9338	-0.678504183663678
37.711	-5.9719	-3.357	-0.740117042320838
36.281	-2.7152	-5.341	-0.660914716716224
35.692	-8.8069	-1.7571	1.40218689534849
35.773	-7.8802	-0.81617	0.163393097656048
36.329	-1.779	-4.8389	-0.772866505265428
37.664	-2.5775	-2.7475	-0.337803836884193
34.55	-8.264	-2.9045	-0.924355730638214
32.053	1.3059	-1.5197	0.0147674433929913
32	-9.0904	-4.758	0.602721659489397
37.887	-5.396	-1.5637	0.714929069261058
35.937	-7.577	-0.66075	-0.939733347685527
37.434	-3.8318	-1.858	-0.861391661406772
36.911	-4.0324	-0.88935	-0.726645235437422
36.927	-2.4784	-4.6331	1.645
35.014	-8.2377	-0.58041	0.34413349317246
37.925	-7.2268	-2.1791	0.0294880205849011
36.092	-3.3609	-0.37577	-1.03096182636863
36.367	-7.0131	-1.7098	1.645
34.364	-0.084456	-4.3062	-0.713732154502745
37.252	-3.2123	-4.5515	-0.215145482546399
35.599	-6.7579	-0.15719	-1.18841097152376
28.421	-10.501	-3.8962	-0.426221833831065
36.294	-2.8729	-4.9081	0.237048578063339
35.521	-7.0953	-0.81215	-0.348681614834474
27.089	-11.553	-3.8875	1.63328165155948
35.88	-8.2388	-4.4135	0.97663118309613
31.827	0.24387	-1.1057	-0.45176789696831
36.488	-6.1858	-3.8549	1.645
36.751	-6.7733	-0.83624	-1.34673502787544
38.082	-5.3314	-2.1137	-0.766464796790346
36.79	-1.1179	-1.9369	-0.748269774363775
36.558	-3.477	-0.7264	-1.23629858718937
36.514	-2.8311	-4.6458	-0.615124738797972
29.408	-0.87213	-6.5897	0.45725525763649
35.541	-0.99494	-3.919	-0.0512520774196195
36.902	-7.0363	-0.65284	-1.15125257483582
36.345	-3.4584	-0.40195	-0.0307729996658002
26.628	-11.465	-3.5706	1.645
36.056	-7.7506	-4.4819	1.645
27.184	-1.4529	0.40133	-0.866435218881965
36.492	-7.1408	-1.0361	-1.06435036524531
37.717	-5.9636	-3.8253	0.0938715889926017
35.112	-8.381	-1.5627	-0.731222504539487
36.432	-7.4201	-0.80639	-0.531772120015341
31.846	-3.3065	-0.63738	0.361523757022995
37.144	-2.5994	-2.8073	-0.368988712707012
35.209	-2.4738	-5.3197	1.00767978833046
36.345	-2.7504	-1.3676	-0.320680566995968
35.843	-6.6108	-1.5401	0.0710483717232713
36.601	-7.2495	-1.0362	-0.318579737041951
35.54	-1.4891	-4.931	0.575041299288254
38.018	-4.0021	-3.4175	-1.645
38.36	-5.3256	-2.9136	-0.595932441084267
33.679	-0.86234	-0.17042	-0.578517990704717
35.822	-6.391	-2.1782	-1.10125976466402
38.418	-4.7373	-1.7362	0.161961517929947
36.968	-3.0594	-1.5917	-0.598237806743456
30.396	1.5929	-2.7118	-0.661121826056188
37.201	-7.6178	-1.6684	-0.801319964239545
31.452	-9.1478	-3.2273	-0.617284998642945
23.9	3.4724	0.17699	-0.357919263674644
36.865	-7.6925	-1.6333	-0.2694268535566
27.506	2.6504	-0.70193	-1.30765224524776
36.765	-2.6537	-0.90358	-0.533678339330015
36.038	-0.75241	-2.4819	-0.353719774150272
36.223	-7.4272	-1.0084	-0.469530679034624
37.89	-3.3009	-2.8666	1.02384740734401
37.163	-4.0055	-1.8496	-1.32383592209581
34.832	-1.3266	-5.3939	-0.362586915510805
36.647	-7.5774	-0.80506	0.625025882899048
38.328	-5.5245	-1.6957	-1.11332961837454
35.881	-1.4853	-5.1216	-1.645
34.952	-6.4194	-5.1862	-0.936273134384286
36.596	-8.2474	-2.108	-0.616764799571428
36.291	-3.2826	-5.4975	-0.336474858749907
18.476	-11.922	-3.6567	1.645
22.352	3.0673	1.2586	-0.884906071930986
35.608	-8.7425	-3.6319	-0.571430864988368
33.493	-0.10664	-5.5756	-1.29390111060135
34.849	-9.695	-3.414	0.516072057256629
36.961	-6.9266	-1.1732	-1.20077302440025
37.224	-5.958	-1.089	0.35460514790825
36.676	-4.9225	-0.54227	-1.0562681354481
38.041	-6.1191	-1.0396	-0.577839768368758
37.406	-4.8724	-2.8986	-1.00313272732971
36.763	-2.5223	-2.4664	-0.107705974930163
37.317	-6.8573	-3.3818	1.13414271454007
37.255	-6.7602	-0.97143	-0.857731126673
26.621	-0.41676	-6.7491	-0.613881293491214
34.357	-6.5455	-4.6842	1.34164051300894
34.672	-9.018	-2.7887	0.041818111464441
37.548	-3.7864	-2.5541	0.234830062904458
37.02	-3.3083	-1.0167	-1.645
36.875	-2.9204	-4.2667	0.103090131366147
31.224	0.17342	-5.7504	0.499714325304563
37.038	-4.3294	-1.0892	-0.414889117429405
36.618	-7.6655	-0.98104	1.645
36.12	-6.1442	-0.35725	-0.138894460884458
37.522	-6.8014	-1.605	-0.777337793140584
36.054	-7.6498	-0.76852	0.811066752257687
28.476	2.3052	-0.21928	-0.907826253554876
37.088	-2.7651	-4.3048	-0.661238214963152
34.702	-1.6396	-3.8829	-0.219089069775102
37.162	-5.5491	-4.7764	-0.209069077102297
34.568	-8.0682	-4.3868	1.645
32.388	-10.109	-3.1943	-0.651567456335865
36.646	-6.9621	-4.4572	-0.576010594889846
37.946	-3.3618	-3.7233	-0.137852643210318
30.903	0.73487	-0.78254	-1.1830456931096
35.436	-6.7361	-0.95815	-1.11451979278191
34.348	-1.5875	-5.124	-0.947503886667347
36.334	-6.388	-0.29077	-0.827665807208696
33.974	-0.2086	-5.4289	0.0143658564909763
35.461	-6.7856	0.21	1.3721691845701
36.382	-2.1964	-0.9519	0.762798160336019
33.145	0.72644	-3.0346	0.673229322649034
37.14	-4.964	-4.1295	1.13803199583443
31.034	2.13	-1.503	1.6265487084804
35.868	-5.9551	-0.76246	0.297561502726221
36.22	-7.0306	-1.8249	-0.79670514591068
27.788	-0.7983	-6.5807	-1.19504530953398
37.101	-6.2474	-1.5272	-1.00727770608424
36.195	-4.2493	-5.2274	-0.546518780778093
37.368	-6.4768	-2.9922	-0.876361473785936
35.686	-6.1698	-4.8122	0.123967607598682
37.184	-1.7013	-2.732	-1.50005273129797
35.626	-7.5125	-0.57968	-0.527909538213947
35.201	-6.4466	-4.6978	1.15809031721556
37.109	-7.0105	-0.90472	-0.509444512366925
36.415	-3.3798	-0.64911	-1.20948143363329
37.031	-6.9763	-1.0374	-0.634457688589734
37.573	-6.2663	-0.94834	-0.860512612889386
36.973	-4.4217	-0.99545	-0.609256108020032
30.623	-10.628	-2.3359	1.2589644339579
