37.654	-2.3191	-2.4915	-1.25129468314645
36.91	-3.242	-1.1441	-0.817232064252612
36.27	-3.1772	-4.7845	-1.0008749731705
29.979	-11.824	-2.9049	-0.454132402833966
36.425	-0.63911	-3.5397	0.0976083383860521
38.3	-5.7317	-1.6831	0.136191667567211
35.461	-6.7856	0.21	-0.709950913568826
33.974	-0.2086	-5.4289	0.588490257931504
36.968	-3.0594	-1.5917	0.231601696591253
30.639	-1.4277	-6.4224	-0.0461715713519723
34.74	-1.4122	-5.6472	0.149367263666995
33.753	-9.4761	-3.5559	1.22723466959598
27.377	2.5778	-0.06166	-0.768408195212037
25.356	-12.145	-2.9767	-0.235497440616083
36.82	-6.9642	-1.231	1.55514011616535
24.869	-11.715	-3.337	0.182577286949925
35.754	-8.7903	-3.0805	-0.0625707432945242
28.704	-1.2358	0.73461	-0.755639487654806
35.196	-7.2738	-0.20346	-0.761461190777196
38.211	-6.7695	-2.7243	1.37053975633323
36.927	-2.4784	-4.6331	0.129916698865886
28.058	-0.40419	-6.5521	0.310022474835145
36.431	-1.4634	-3.8262	-0.856233886937988
35.111	-2.7285	-5.6907	-0.0505726660563051
38.285	-6.068	-1.6478	1.645
34.026	-9.7903	-3.2879	-1.43703388392613
30.542	1.6715	-0.25718	0.341877655030893
37.496	-2.3662	-2.2257	0.950066227062332
37.71	-3.7762	-3.6003	1.09611640012214
27.089	-11.553	-3.8875	0.870066726946865
37.261	-2.7718	-4.19	-1.34612039789955
33.708	-6.1344	-5.2625	-0.411530940002554
32.785	0.6827	-1.7577	-0.257721400668682
33.734	-9.5652	-3.4776	-0.713082438953438
34.055	0.053927	-3.4849	-1.20691459116194
37.168	-2.8936	-4.4433	-0.271239920471598
33.679	-0.86234	-0.17042	-0.77383973985294
36.582	-3.2051	-5.0006	-0.811215090117884
30.092	-11.065	-3.1338	0.456166345024599
36.711	-5.4696	-0.059321	-1.10013362497751
36.617	-3.1258	-4.9507	0.171376716674317
36.387	-2.0945	-4.6511	0.836584170351462
34.081	-0.19025	-0.19369	-0.870886755984983
37.289	-5.8562	-1.1742	-0.491762007221776
36.292	-2.6554	-4.4174	-0.513192960710755
36.564	-7.3469	-0.8169	-0.683628559054621
35.249	-6.5454	-5.549	0.0632186151259049
28.562	-11.373	-3.9338	-0.925337639431814
37.883	-2.6633	-2.9858	1.13439935352206
19.483	-12.108	-3.7965	0.955407524047795
37.109	-7.0105	-0.90472	-1.13111890061949
36.432	-2.9785	-1.8557	-1.02259383716946
33.449	-0.70302	-0.86649	-0.0869340033732524
27.673	-11.413	-4.0307	-0.209572434434154
36.836	-2.003	-4.5542	-1.40471510809671
33.057	0.84632	-2.7147	1.41131657749437
29.461	-1.419	0.7187	-0.670123040955892
35.112	-8.381	-1.5627	-0.754300568979371
35.502	-5.9782	-1.6541	-0.754232957224675
36.013	-5.2962	-5.2194	-0.854541327637492
29.667	-0.36181	-6.2471	0.466517073848001
37.046	-6.6266	-1.4054	-1.07479663528308
28.415	-1.9853	0.6287	0.772077781939781
38.36	-5.3256	-2.9136	0.200474365172991
36	-9.0717	-3.5695	-0.946058257010617
37.162	-5.5491	-4.7764	0.308898272697973
35.375	-5.2242	-0.81239	-0.339872722362902
35.328	-8.9384	-1.7754	-0.730919306429214
29.076	-11.036	-4.0158	-0.317144885530452
37.81	-6.0972	-2.6215	-0.123938537584809
28.048	-11.488	-4.1721	1.03157637432836
26.933	2.2884	0.38868	-1.20438262255918
33.203	-10.02	-3.7952	-0.589355970455541
22.216	-0.28528	1.8218	0.445138078642962
36.064	-7.1385	-1.2273	0.115499548109312
35.332	-3.4379	0.25797	-0.450101840623439
37.101	-2.5892	-4.5559	0.493326876110742
36.147	-2.2079	-4.9607	0.332777856231375
36.37	-2.9592	-4.9675	-0.423159578031609
32.441	-8.4786	-4.6004	-0.625669742027583
37.645	-3.0373	-2.7639	-0.2287105402884
37.997	-4.8692	-1.9471	-0.832716003077939
35.901	-7.5783	-1.5121	1.15585108967812
33.526	-9.8154	-3.646	0.965725651850868
36.139	-7.2369	-0.64364	-0.104675152885187
35.805	-0.27107	-3.7675	-1.20058764174971
36.759	-3.5836	-0.81804	-0.26517299763424
29.205	-1.0063	-6.6398	-1.28111889674839
36.757	-4.3829	-1.9128	1.45266391687128
32.649	-1.5728	0.16861	1.645
37.201	-7.6178	-1.6684	0.620184635339372
36.441	-7.3309	-1.0821	-0.290059171686509
37.28	-2.8613	-4.4514	-1.30038939692167
35.822	-6.391	-2.1782	0.106217961254596
34.572	-0.91389	-5.3163	-0.852267174859493
26.151	2.5267	-0.32816	-0.0561738291918844
35.913	-2.1991	-5.1813	0.0329252045941025
29.6	-10.915	-3.8914	0.137841223287887
29.683	2.3099	-1.5653	-0.71088275040121
24.068	-11.949	-3.7635	0.559768618887251
37.096	-3.0514	-4.6541	0.38603160722061
32.99	-8.9546	-0.21807	-0.619627660281671
38.228	-5.9979	-2.4075	-0.135302352720727
37.432	-2.5769	-3.2596	1.58147949659831
35.927	-2.6184	-5.194	1.645
36.195	-3.0407	-2.149	-0.734116430880459
36.473	-1.6404	-4.767	-1.61900813564499
38.541	-5.8464	-3.3132	-1.01278413664251
36.12	-6.4143	-1.0835	-0.175543392229523
31.972	-10.291	-4.3015	1.645
33.643	-1.3637	-2.5897	0.541722693401897
29.408	-0.87213	-6.5897	1.645
33.954	-0.85081	-5.874	-0.936360949118634
35.883	-6.8386	-4.8344	1.07763272799862
36.19	-1.7172	-3.5639	0.0677269739615092
29.468	1.8323	-1.3242	-0.931651038733305
36.946	-7.1431	-0.98937	0.574850441232757
37.362	-2.3661	-4.0574	1.07177131014728
33.919	-7.0507	-5.0645	-0.319890902082093
36.088	-6.6977	-0.52185	0.398942585243658
36.851	-6.8	-1.1773	-0.333696544368274
36.115	-6.9508	-0.31193	-0.237061979109432
29.977	-11.456	-3.3584	-1.23279114147935
36.454	-6.533	0.32032	1.56003095674527
37.076	-4.767	-1.1442	0.125890718101167
34.351	-9.3416	-4.3517	0.926379495268588
36.67	-6.0862	-0.60603	-1.18252331153706
36.783	-8.0664	-2.712	-0.967659398620396
36.751	-6.7733	-0.83624	-0.212516621944126
27.847	-1.0006	-6.7591	0.420621451391694
38.176	-5.8106	-2.8118	-0.150133769158517
36.311	-6.2684	-0.71261	-1.00797246675996
36.054	-8.1439	-2.2738	1.645
35.769	-1.0613	-4.7791	-0.544937286243342
36.996	-7.5551	-2.6668	0.182567523483847
36.889	-6.3605	-0.64418	0.553331302308032
31.865	0.77388	-1.3397	-0.426343883441152
36.125	-7.0592	-0.43751	-1.06431562723323
23.754	-11.761	-3.3614	0.274229692247432
32.373	0.99622	-2.1654	-0.4334679362126
31.329	-9.8618	-4.0712	-0.908326085162036
35.9	-7.2416	-0.67509	0.944242666731892
31.827	0.24387	-1.1057	1.03052098959758
31.074	0.26967	-6.3372	-1.14304193265052
35.94	-8.616	-2.4003	-0.591112276331441
36.362	-7.0014	-1.1047	-0.0157472479623937
37.832	-5.746	-1.2789	0.05816032178658
27.788	-0.7983	-6.5807	1.645
30.435	-2.0178	-5.0573	0.431523623859498
29.6	1.593	-1.8446	-0.568047205271116
36.557	-6.012	0.058335	-0.583704106420911
26.188	-1.2389	0.73822	-1.14779614153576
37.813	-3.2192	-2.0258	-0.216079145240764
36.17	-7.445	-0.85062	-0.660246989138274
36.854	-3.5895	-4.6313	-0.783924810728383
34.7	-1.2137	-5.6412	0.278743845613402
30.715	1.0071	-0.9415	-0.112350749976913
37.919	-4.1884	-3.3612	-0.360596842005925
36.307	-7.1819	-0.72469	1.15827226429002
24.495	-0.80438	1.506	-0.89831754974019
28.016	2.2856	-0.45016	0.00103668470582429
31.902	-10.188	-3.1425	1.645
36.332	-6.6978	-0.47076	-0.716542015030621
27.649	-11.462	-3.5438	-1.19830441787828
26.345	-1.1055	0.5634	0.975662104333243
37.961	-4.5137	-3.6152	-1.21856980730996
36.834	-6.7319	-1.2722	1.2155412746075
37.648	-2.9954	-2.6871	-1.15600243138862
21.996	-12.117	-3.2949	1.16072351237645
28.05	2.1178	-0.84351	-0.0237124855696935
33.688	-2.6749	1.0381	-0.716476088530212
36.321	-3.9637	-0.27042	-0.0583359895584759
24.282	-11.844	-3.4144	-0.0305735305336879
34.719	-9.8405	-3.3063	0.130911260546463
30.909	-10.532	-3.6165	0.525259443593805
31.819	0.77723	-1.5751	0.709240060980094
29.704	-11.031	-4.1478	-0.712813376290876
23.422	-0.66444	0.89025	-0.868972658015549
29.712	-0.9678	-6.7499	0.254403766243838
37.13	-3.482	-3.5833	-0.841977321664674
35.595	-7.1083	-1.4836	-0.678737202759247
35.361	-7.6139	-0.68234	0.250952981305341
25.277	-1.3055	1.488	-0.712937405880028
36.901	-2.8551	-4.7309	-0.244717324196947
35.043	-1.2339	-5.4064	-1.1040183447637
37.055	-7.808	-1.365	-0.438498275316202
37.348	-4.3808	-3.4643	-0.843159103909256
35.765	-2.3939	-5.2168	-0.662111638739487
37.82	-7.0502	-1.9993	-1.16943988651804
36.695	-8.3244	-3.4796	1.497117441781
33.892	-0.68384	-5.8885	0.371426477173914
36.383	-1.4084	-1.6501	0.148670869950765
30.378	-9.9318	-4.0164	-1.00112045214235
38.095	-4.4114	-3.0289	-1.09550825101194
38.329	-4.7319	-3.6869	1.21676018073384
35.78	-6.7263	-1.6317	-1.1309493722289
36.778	-6.6332	-1.1096	0.101951417290223
36.474	-2.0151	-4.8982	1.3763404444719
36.584	-3.2355	-4.7375	-0.0676301711682772
36.966	-5.8746	-2.2644	-1.1350521365675
36.034	-7.4432	-0.97491	-0.811284551873406
27.534	-0.34665	-6.4868	-1.46819191460461
35.914	-2.1429	-5.1293	1.00829543683213
34.899	-8.9036	-2.1978	-0.475193263400569
37.104	-7.4099	-0.84084	-1.02652188855076
34.462	-9.6263	-2.7398	0.56146519556799
36.732	-7.2218	-0.73825	-0.496945907768669
29.473	-2.0004	1.2233	0.810978529125023
33.492	-9.8817	-3.9009	1.645
35.771	-6.6465	-1.0204	-0.733642871544554
36.904	-6.9214	-1.6942	-1.06401339357003
37.406	-4.0066	-3.9598	-0.271115059387364
36.032	-2.4254	-5.2954	-0.722947527341397
24.884	-12.03	-3.7199	0.219452548804737
35.863	-2.4069	-2.5622	-0.00654359042726006
36.807	-6.8513	-1.4331	-0.0901225614854548
28.461	0.98628	0.17033	-1.645
36.744	-6.6862	-0.47204	0.327359679106278
36.001	-6.2461	-0.9769	0.45170611419003
28.764	-0.51537	-6.6424	-0.479163622091714
36.426	-7.9875	-4.213	-0.096505857876761
36.89	-7.2192	-1.1222	-0.299273847760734
35.963	-2.9456	-4.6888	-0.698847653744145
33.046	-8.5364	-0.65937	-0.995399624134827
25.703	0.22142	-6.7138	1.1433994339291
25.296	-0.72466	1.6146	-0.36478251511602
37.184	-1.7013	-2.732	-0.685866431318872
37.265	-6.8089	-1.3866	0.10210752880934
38.39	-4.8164	-3.1837	-0.75915481294888
37.077	-7.9142	-1.4075	0.0735816850809092
35.929	-8.1243	-1.4357	0.600528835095715
37.21	-7.0648	-0.9211	-0.0476455703110594
36.38	-3.1166	-4.3906	-0.643296735234663
33.378	-9.128	-3.986	-0.361250829627626
34.412	-0.72442	-5.3799	1.18300346706248
34.963	-0.91573	-4.2992	0.798711390668317
23.219	-11.625	-3.7246	0.965700850227293
37.137	-3.3898	-4.8805	-1.23087250900828
31.828	1.1086	-2.2523	-0.269707660012267
35.967	-2.729	-0.69909	-0.593502634582552
30.384	-1.1125	-6.3906	-0.835953696434447
38.018	-6.5426	-1.8973	0.900780798754569
38.028	-3.372	-3.8422	-0.649951562000647
38.32	-4.8525	-3.1108	-0.66705755905996
34.889	-7.5416	-4.5362	-0.215556102446364
35.587	-2.51	-0.4416	-0.284390338915451
37.166	-4.2299	-4.5378	-1.09867819840597
34.278	-8.7974	-3.7387	0.223116737280808
37.692	-3.8642	-3.9815	1.2268135164849
33.401	-1.0653	-5.7202	0.947062886919402
31.917	-9.7447	-4.6294	-0.177856788837384
37.788	-4.174	-1.7582	0.900784860274625
36.72	-6.1892	-0.64828	-0.0061153796180331
37.957	-5.771	-1.0749	-0.34995972169797
34.095	-9.7839	-3.228	1.28086777605446
37.034	-3.681	-5.0419	-0.620778352804028
35.405	-0.70375	-4.8046	0.159551022347159
35.336	-1.5855	-5.3664	0.468283316550769
37.269	-6.4643	-1.3187	-0.813635149960111
36.785	-1.4031	-3.5604	-1.09473449360982
36.327	-3.639	-5.216	-0.199146491596866
29.709	-1.2098	-6.7267	-0.88190440315953
22.98	3.3486	0.063496	-0.605725308896887
37.662	-2.5526	-3.9957	-1.22881937657228
31.26	-1.5383	-6.2118	1.19623984732433
37.586	-5.8647	-1.1041	0.581243423487498
33.57	-8.7984	-2.8098	-0.763956670064668
36.092	-3.3609	-0.37577	0.377249612379204
36.969	-6.9389	-2.1567	-1.08054267254896
31.457	-0.30158	-6.5963	1.07442098745866
22.895	-11.764	-3.655	-0.854344270838521
36.944	-6.5048	0.15745	0.670447031586659
31.208	-10.341	-3.9103	-0.56774283455963
32.159	-10.433	-3.0039	1.645
35.702	-1.5553	-5.3066	-0.942616593614508
36.023	-3.1128	-0.9772	-0.849197561902904
35.878	-8.1252	-1.6888	0.532474267319495
26.332	2.8248	-0.26543	-0.934376197641134
36.026	-2.1342	-5.1439	0.548685574428668
36.135	-7.0239	-0.50614	0.219980155932325
38.175	-6.4615	-2.3743	1.645
35.136	-0.6424	-1.0237	-0.97116323553522
22.237	-11.81	-3.5527	0.00165553812893462
36.624	-2.5872	-4.7152	-0.254287171108243
22.352	3.0673	1.2586	-0.51660869615099
37.405	-2.8884	-4.2719	0.304087479657769
33.099	0.055081	-5.2592	-0.0306975760616418
29.629	-10.882	-3.5421	0.146756963458863
27.737	-11.284	-3.2202	1.645
36.194	-6.8002	-1.6144	1.1177057230049
37.367	-3.737	-1.2535	-0.202923047821806
37.307	-3.9139	-4.5918	-0.142751645143487
36.144	-2.2189	-1.1147	-0.701579566589689
37.779	-6.3044	-1.8107	-0.913139430604117
37.244	-6.5933	-1.2809	0.315844940224871
36.981	-7.338	-4.1057	1.57622915568184
35.992	-6.343	-0.027214	1.08332838195289
37.702	-3.2554	-2.2478	0.798032219582861
35.143	-3.4181	-0.3143	-1.04745204266623
36.865	-7.6925	-1.6333	-0.111874515802811
36.961	-6.9266	-1.1732	0.586267910449879
36.427	-6.7942	-0.72939	-0.452162493828344
35.687	-2.4359	-5.3201	-1.10708824563352
36.539	-6.8839	-1.4043	-0.330152928489554
37.872	-5.7018	-1.026	-0.287190758672638
32.516	-0.5129	-6.2823	-1.48647678784308
28.144	-11.285	-3.6351	-0.289191287205934
37.011	-5.9559	-0.4383	-0.57379099390588
28.049	-10.987	-4.007	0.766227337597343
36.599	-6.6278	-0.62335	-0.983300031662071
26.909	2.6637	0.026832	-0.866692129578873
30.4	-10.876	-4.4696	1.14632607289855
37.31	-7.5264	-2.6178	-1.16110049618463
35.954	-7.1833	-0.97152	-0.945258653969181
37.718	-6.2576	-0.89144	-0.0705567306381374
24.414	-12.142	-3.2013	1.645
36.358	-1.9963	-3.3979	-0.308019231888261
36.68	-3.1089	-0.80076	-0.421050895046905
32.059	1.3109	-2.4168	0.81298400097136
36.339	-7.668	-3.0652	-0.758319507711257
28.015	-11.269	-3.5031	0.64426438383879
31.983	-8.192	0.43924	-0.575709382669864
34.808	-9.1052	-3.57	1.645
37.23	-3.1353	-2.1204	-0.353194546298132
36.358	-0.97953	-2.8211	0.0837396626070987
25.402	-11.378	-4.1255	-0.939415441216173
29.454	-1.0348	-6.7118	-0.398841871272872
36.049	-2.8343	-0.31658	-0.664066625592613
37.001	-3.1956	-1.9825	-0.90654101920532
31.384	-10.126	-3.673	0.426801913739156
32.07	1.4293	-2.3833	-0.596539942407349
35.045	-8.4451	-3.0206	-0.735474725671998
37.487	-6.2291	-1.7669	1.61723638523663
32.963	-0.82231	0.13576	-0.0290678348634735
36.099	-7.3386	-0.73775	-0.854358728475479
35.692	-8.8069	-1.7571	0.220508071097808
36.681	-7.6883	-1.3233	1.16503226595103
31.846	-3.3065	-0.63738	0.528576876348783
36.514	-2.8311	-4.6458	1.645
27.274	2.4161	-0.10539	0.563256775719779
36.513	-6.807	-1.1852	-0.253991953575657
26.716	-11.636	-3.9302	1.62276322315133
38.201	-3.9247	-2.182	-0.782171434844983
29.377	1.7668	-0.97623	-0.504099771517283
34.236	-10.016	-2.8261	-1.44394836035176
37.768	-2.7583	-2.6984	-0.12136425203641
34.039	-8.7942	-4.1058	0.458077210503138
24.502	-11.889	-4.0808	0.800363447949717
38.242	-5.918	-2.1091	-0.710883996202112
35.233	-8.8871	-3.1131	1.645
36.993	-4.0546	-1.8566	-0.0877296974557261
37.449	-6.7361	-1.3597	1.645
22.905	-1.2773	1.3333	-0.586430320361965
36.281	-7.2612	-1.4428	-0.663885827528085
24.961	-12.173	-3.2356	-0.982844110260516
33.226	-8.1007	-3.0252	0.368015410434317
30.906	-10.083	-3.4443	-0.235575125071824
31.239	-10.563	-3.4322	1.645
34.246	-1.9271	-6.1455	-0.443281437366744
31.478	0.98321	-0.87069	-1.30219462493868
33.279	-10.124	-3.4263	-0.0928186602175644
36.415	-1.8489	-3.4901	-1.2605496517418
36.43	-6.2279	-0.72841	-1.093525575803
37.742	-5.3859	-2.9074	0.474812214319626
37.93	-4.6532	-1.5629	-0.575123349113404
34.545	-0.57259	-5.36	-1.11952435562517
31.935	-9.6442	-3.1092	0.59652785966454
35.127	-8.9068	-3.2601	-0.0127170767722874
31.224	0.17342	-5.7504	-0.865549478428758
37.105	-2.5589	-3.5756	-0.614989493268441
34.192	-8.3314	-3.5638	-0.138389931284185
36.231	-6.2373	-5.1256	-0.468147820367375
29.477	-10.678	-4.2809	-1.06879880329681
36.149	-3.6882	-0.088772	1.645
37.163	-4.0055	-1.8496	-0.539233716785373
36.607	-2.9684	-1.1872	-0.961234977469016
31.82	-1.1205	-6.6025	-0.869117909269431
24.271	-12.112	-3.4109	1.645
36.885	-8.2585	-1.4113	1.36062653856569
37.899	-7.3266	-2.9614	0.757269201232249
36.841	-6.0594	-5.141	-0.398259211463938
35.944	-7.7459	-1.3209	-1.645
37.138	-4.5323	-4.5154	0.599880611905442
36.241	-3.1487	-1.2023	-0.591307714394856
35.228	-2.001	-3.9949	0.603813351427349
38.637	-6.5948	-1.8103	0.42092048013276
31.148	1.1191	-1.7657	-0.931415279612958
35.993	-7.0808	-1.3785	-0.645857687910188
35.643	-1.0173	-4.7475	-0.180515902314903
37.247	-6.3258	-0.74275	1.645
28.051	-11.463	-3.9954	0.424826731311745
36.359	-7.4549	-1.0004	-0.362793533988664
31.65	0.84958	-1.5053	-0.134874895704396
36.339	-6.8364	-0.98471	-1.05987422193425
35.513	-9.1151	-3.2543	0.225403012483339
35.503	-6.2815	0.51715	1.645
38.382	-5.4187	-2.2298	0.445872826474454
37.342	-6.7824	-1.0638	-1.28427926241337
36.636	-8.1869	-3.6598	1.05551616837241
32.89	0.72047	-2.1587	-0.815516948002307
37.024	-5.0281	-5.0016	-0.260649404342503
35.711	-7.1492	-0.48083	-0.705812829522612
35.517	-6.5056	-0.50915	0.485924944532522
33.871	-0.68123	-5.6772	1.645
37.13	-6.6506	-0.87502	-0.379540668070248
35.571	-0.535	-3.7779	0.713033709431345
37.07	-3.5895	-4.5398	0.50909967793611
34.473	-6.0424	-5.0366	-0.90583306691417
33.459	-6.2113	-5.0877	-0.681000902031996
32.161	0.91575	-1.7862	0.895268705664635
33.824	-9.9319	-3.7705	1.42770613622672
35.576	-2.7145	-1.1661	-0.20491699687628
36.772	-2.0808	-3.8427	-0.849945768530465
37.001	-2.4226	-2.9225	1.645
37.028	-8.0319	-2.3737	0.755671731536914
35.983	-6.7157	-0.25748	-0.850853318922421
27.877	-10.224	-4.2064	-0.632609212479257
37.14	-4.964	-4.1295	0.985212959695024
34.357	-6.5455	-4.6842	1.25618589484047
36.534	-2.8847	-3.859	-0.664475257061022
34.961	-9.0902	-2.5955	-0.513397656918939
36.379	-3.7123	-1.4074	-0.961231015022299
35.965	-2.0548	-5.2201	-1.3550219175889
24.924	3.2424	0.63254	-0.762859972437475
30.178	1.4558	-0.55411	-0.597310481198581
30.923	-10.273	-3.951	1.645
34.746	-0.83355	-5.3832	-1.60380189826726
35.672	-1.7917	-5.3377	-0.739862369382542
33.235	-10.72	-2.9872	-0.512794956634374
32.922	-10.36	-3.0592	-0.309436622714871
36.663	-8.0185	-1.3392	-0.503380756241594
36.223	-7.4272	-1.0084	-0.41696145451629
36.523	-6.9224	-0.55317	-1.43881558706054
25.499	-1.9116	0.89186	-0.778419965307658
38.328	-5.5245	-1.6957	-1.40983656147631
36.927	-6.6277	-0.54409	-1.18358456626742
36.163	-7.092	-0.771	-1.01229031149424
37.32	-2.9559	-2.0473	-0.802285028819952
37.745	-6.0125	-2.6235	-0.451570152576955
34.719	-0.76652	-0.38087	0.107834980484646
30.542	-6.0829	-5.3952	-1.04386101530016
37.412	-6.2447	-2.696	0.181304100152372
36.668	-5.7643	-0.36006	-0.00892884075517083
37.554	-2.4907	-3.7862	0.454114352275443
35.212	-2.5121	-5.7232	1.32143042844642
35.933	-8.4365	-1.8553	-1.00662513965294
33.996	-0.50546	-3.2843	0.428567457795564
37.344	-5.4244	-3.918	1.645
33.156	0.051677	-0.95287	-1.10828213924942
36.514	-8.5327	-2.2652	0.375522954505146
35.927	-7.6408	-0.39627	1.645
34.619	-5.6944	-5.4814	0.153917170488659
36.903	-6.0825	-1.1782	-0.761688092840355
36.261	-6.8152	-1.5389	-0.876802031387979
31.505	-10.677	-3.5357	0.12048940167219
30.193	1.1488	-0.66419	-0.416487757337859
36.965	-3.0487	-1.9398	-0.921404809498276
35.484	-8.9282	-1.9391	-1.14037174466322
36.92	-5.8143	-0.62305	-0.987835056290537
35.745	-6.4161	-0.72233	-0.719470998876947
34.574	-3.6874	0.49795	-0.0433760500635489
37.105	-2.5879	-1.2599	0.777164507720766
36.835	-3.5596	-0.94827	-0.396849389994601
35.22	-2.8647	-5.4605	-0.781622706767632
35.376	-7.6203	-0.86273	-0.77828043876572
35.141	-7.3093	-1.8385	0.244106474023532
37.16	-6.5484	-1.2193	1.645
22.13	-12.369	-2.9595	0.530513512205643
37.127	-7.6054	-3.972	-1.47766221393947
33.741	-1.9733	-5.4226	-0.48076412453989
34.658	-0.62976	-5.3143	1.645
36.905	-4.2578	-0.4808	-0.50635427811459
32.829	-2.2829	-5.3286	1.645
35.796	-7.3764	-0.93857	-0.097109715812007
34.864	-0.4048	-2.0771	0.952766403442314
29.769	-1.6298	0.65782	-0.991658818156911
38.006	-4.5622	-1.6132	0.571208942194323
27.947	-11.622	-3.3485	0.859747701108708
37.436	-2.0099	-3.387	0.28607674983417
24.995	-12.011	-3.4335	1.15110125637696
32.987	0.16537	-5.4076	-0.416239039399325
37.709	-3.0288	-3.4199	-1.10144483834689
25.14	-11.017	-4.1427	-0.624917425769944
36.295	-7.3641	-1.1927	-0.318860038266792
28.133	-11.456	-3.6026	-0.335149383444976
35.546	-8.9878	-2.0374	-0.956252780969764
37.974	-3.6555	-3.1281	-0.823736932092043
37.38	-3.0814	-1.6637	-0.876827476534062
37.105	-3.6061	-4.5524	-0.498084031406137
35.686	-6.1698	-4.8122	-1.03407871000903
35.959	-8.016	-1.3819	0.778419720575011
26.988	-0.92323	0.91876	1.46710838405519
26.632	-11.363	-3.9523	1.645
35.127	-9.5065	-3.6642	1.00060942590328
27.177	-2.3797	0.14023	-0.943652035269276
36.21	-7.1793	-0.91817	-0.0472643125412986
35.83	-8.0329	-0.94709	1.645
35.626	-7.5125	-0.57968	-1.50236542821469
32.506	-10.224	-2.3987	1.12621805112025
28.759	-11.084	-4.2342	-0.155678606144825
36.133	-7.4211	-1.9201	1.04985187114585
34.954	-8.59	-1.2637	1.10902285722446
30.886	-9.9839	-3.954	-0.546039398985341
36.696	-3.7296	-4.7045	-0.9107106708014
33.493	-0.10664	-5.5756	-1.21511407284675
34.85	-8.5722	-4.0191	0.203756227518022
33.708	-1.6614	0.33322	0.0837150268701564
30.852	1.7849	-1.8279	1.22980901135411
27.815	-0.57083	-6.707	-0.733912491409378
36.519	-6.8297	-1.8835	1.52100976430545
37.005	-7.4155	-1.2923	0.101974094834828
32.564	-8.7826	-4.3392	-0.530944806745074
37.128	-7.3755	-1.516	-0.29292454938879
36.965	-4.6772	-4.0313	0.50239202847032
34.005	-0.32428	-5.4688	-1.39031372246948
31.782	-10.612	-2.5976	-0.614676831916866
37.128	-7.3771	-0.91807	1.36456955672842
37.131	-4.5617	-0.87893	-0.912650830076925
31.72	-0.96702	0.3544	0.93585400869349
37.663	-3.1052	-2.6371	-0.630415323151339
28.339	-11.288	-3.7747	-0.462005856523547
35.832	-1.7551	-5.3572	0.819526654827849
35.563	-2.7773	-0.24283	0.42048654593391
33.073	-10.383	-3.0347	1.11926238897111
36.221	-2.9564	-0.61513	1.14821942478424
29.53	-11.489	-3.1516	-1.02305510791216
36.747	-2.8716	-4.7368	-0.664308882874725
36.947	-6.3535	-1.4057	-0.361379718224877
37.41	-6.4188	-0.83121	-0.164027200518549
24.476	-1.1701	0.93116	-1.48195094269641
37.264	-6.7331	-1.3042	0.353036397820381
35.73	-7.9709	-0.66978	0.339236193838337
30.821	-10.653	-3.8519	1.645
34.893	-8.2576	-0.2879	0.853797954073215
36.059	-5.4499	-1.2052	-0.671054856682133
37.961	-6.4367	-2.1714	-0.698269109817112
29.757	-0.67542	-6.5392	1.51912714454759
36.13	-2.8164	-5.1146	-0.375170262756227
37.101	-6.2474	-1.5272	-0.751801219749905
27.558	-11.495	-3.2371	1.01144374897993
35.664	-1.6218	-5.105	0.0112277374867831
30.827	-10.451	-4.0079	-1.645
37.474	-3.0541	-2.0965	-0.970702632412641
28.13	-0.42296	-6.6429	1.2035890380866
37.502	-6.2755	-1.1577	0.222519559482022
35.726	-3.108	-0.29894	-1.06981957505195
36.478	-7.1979	-2.0881	0.166537568709458
24.368	3.7988	0.25655	-0.435183367101876
27.025	-1.1452	0.8769	0.813586950323169
37.652	-4.4151	-4.0434	-0.576526249971957
32.761	-10.279	-3.5803	0.397820321159657
35.826	-8.9178	-2.6398	-1.25141551539894
27.282	1.8772	0.36123	-1.16822641779717
36.89	-5.1349	-4.9182	0.249744536612062
35.171	-6.1369	-1.2886	0.679376313060532
37.221	-6.042	-1.2144	0.349978716215056
38.275	-5.2304	-2.3682	0.00896594061313881
37.294	-5.8666	-0.45628	1.645
37.27	-6.2276	-1.1357	0.289433215223976
37.973	-4.0567	-3.8317	0.62479746564737
35.623	-7.3392	-1.1323	1.08764286795783
38.041	-6.1191	-1.0396	1.31184025117718
37.359	-2.1066	-3.8716	1.43735789284055
37.734	-5.9544	-4.0513	-0.165455352479366
33.301	-0.8584	-6.2191	0.67570921157426
37.493	-3.1652	-4.0554	0.933923929452385
34.061	-9.7107	-2.6267	-0.679560708089677
36.955	-6.6936	-0.62468	-0.336541240470384
37.07	-2.1273	-3.4271	0.665696255730751
35.34	-2.5809	-4.242	1.645
26.937	-11.434	-4.0353	-0.136446529417623
33.331	-0.8698	-4.6621	-0.954607127670267
38.366	-5.4234	-2.4492	-1.18735273779141
35.285	-7.5377	0.066807	-0.150031757550428
37.149	-6.3657	-1.3475	-1.37843811265471
36.759	-7.1446	-0.57465	1.645
36.932	-2.2441	-4.676	-0.973465214626513
38.313	-5.8634	-3.2643	-1.17433663240869
35.159	-1.6508	-5.7185	-0.102911284212294
29.524	1.8227	-0.21233	-0.951999318501827
32.951	-2.1329	0.73755	-0.367980433719568
36.593	-5.8661	-0.6886	-0.20946944293168
37.275	-3.0113	-4.2995	0.685241211153859
31.309	1.3203	-2.1248	-1.06723222199534
25.634	-1.2253	0.94194	-0.248155221991938
37.755	-3.5724	-3.9847	1.645
26.98	-11.301	-3.1408	1.645
26.628	-11.465	-3.5706	1.18021977456327
27.045	2.3681	0.63953	-0.321396717369646
36.385	-6.6891	-0.91737	-1.30582881912691
34.929	-9.3154	-3.3453	-0.478528548141007
33.524	-0.99915	-6.1235	0.25302955377198
37.36	-1.9229	-3.4248	-1.14918692151313
36.718	-6.6751	-0.98773	0.86588687310559
37.501	-3.63	-3.2459	-1.430089895916
33.831	-0.82131	-5.9073	-0.974629369283571
35.599	-6.05	-5.0311	-0.236715268629165
34.467	-0.7789	-5.5486	-0.668840303805415
36.613	-7.0288	-0.34779	0.72551642773217
28.23	-0.50422	-6.5389	-0.288922887806767
37.974	-3.5713	-2.2629	0.136839476724296
37.447	-2.7711	-3.2962	-0.724021711766624
33.647	-9.5361	-2.9473	-1.46044118030375
33.998	-7.9864	-0.16569	-0.627111178874987
37.059	-7.1464	-0.47755	-0.978031867535649
37.574	-2.8168	-1.8882	-1.04069290668942
37.083	-6.3311	-0.76982	1.02975443814896
26.728	-2.4993	0.37058	-0.709171263381908
36.409	-6.4671	-0.54685	0.238604773412074
36.152	-7.3342	-0.95071	-0.656919041959371
29.467	-10.775	-3.9691	1.07088877693494
34.45	-9.2067	-3.1109	-0.263727434893169
37.741	-3.5231	-1.6764	-0.768896478885744
18.476	-11.922	-3.6567	1.645
36.881	-6.9741	-1.2878	-1.54526038515437
35.04	-7.5716	-1.0808	1.52242333859135
37.437	-6.1818	-4.1612	-0.325122518132294
36.716	-1.7406	-3.0904	-1.2788613955726
37.14	-3.0531	-2.5682	0.209473780454874
37.254	-3.0555	-4.385	0.951367030500481
29.947	-10.855	-3.69	0.422765223518483
36.697	-2.4607	-4.6981	0.272338807492615
33.674	-1.1195	0.1615	1.1396057080527
37.675	-7.2641	-2.5191	-0.779658415411564
37.422	-3.4628	-2.3274	-0.808938578334856
31.809	-9.8667	-4.0254	0.742851895202862
37.785	-3.759	-1.4766	-1.645
36.647	-7.5774	-0.80506	-1.41520260782476
37.925	-7.2268	-2.1791	0.408072439287985
36.532	-2.2219	-4.9142	0.720625633113948
36.834	-7.6649	-2.6837	-0.000361744054523787
17.539	-12.176	-3.6076	1.645
30.193	1.2549	-0.92182	0.93351176311936
20.494	-12.103	-3.3423	1.26995808569343
37.112	-7.3561	-1.2594	0.499026148589471
36.492	-7.1408	-1.0361	-0.822341927912362
36.243	-3.5794	-0.21717	-0.401379470299278
36.947	-7.3373	-1.2444	-0.881597709140881
36.66	-6.6386	-0.37036	-0.987052565037859
34.841	-1.1825	-5.6789	-0.449774352617025
36.439	-2.5243	-2.1194	-0.941198570080717
36.394	-6.1789	-1.2919	1.08761774008391
37.034	-2.7736	-2.7544	1.645
36.741	-6.2321	-0.25214	0.0195916600451926
37.42	-3.8425	-1.2864	0.32183168291927
31.882	0.099737	0.85538	0.442483027296826
34.234	-9.0501	-4.1876	1.645
37.311	-7.1319	-2.484	0.0130529113435824
36.35	-1.06	-3.5694	-0.665684600102496
34.486	-9.5717	-3.7802	0.0824921027482068
37.126	-1.7498	-4.0023	-0.896424038081637
36.629	-7.321	-0.79914	-0.991967590397149
30.252	-10.709	-4.2735	-0.749785166025711
26.259	-0.18253	-7.0548	-0.801487694023196
36.537	-6.301	-1.1695	-0.837695600592079
36.112	-7.3194	-0.71772	1.01772086001165
36.863	-4.6665	-0.57369	1.645
36.54	-2.6445	-3.9797	0.431505184122125
29.196	-10.899	-4.0629	0.47318355046317
35.394	-6.7244	-4.8998	-0.69832196272965
37.59	-3.4846	-3.6459	1.58762792478387
25.224	-11.867	-3.7074	-0.0720001667734015
35.866	-3.3966	-1.9231	0.557354770253005
38.265	-5.2641	-1.6418	0.416759181895967
31.698	-1.481	-6.3148	-0.832345817268744
36.842	-7.1254	-1.1484	-0.310190550989925
35.815	-7.8946	-0.37288	0.292098455340501
33.607	-1.7542	0.66326	-0.652463218409235
38.515	-5.1784	-2.2231	0.418715159325721
35.114	-8.5241	-4.0748	-0.913519630961453
34.751	-2.076	-4.7894	-0.446578728838402
36.414	-2.6558	-5.1461	0.206317305638436
37.295	-3.7665	-1.2328	-1.22332911070676
35.456	-3.3218	0.088323	0.0337779278793339
35.665	-1.1446	-3.4708	1.645
35.617	-3.9137	0.42156	0.2948981856263
26.075	-11.349	-3.6326	1.645
37.742	-3.366	-3.0438	0.0628200782092341
32.521	-10.366	-3.3013	0.332634596650338
37.573	-6.2663	-0.94834	0.118192688553632
36.205	-2.6511	-0.80731	0.5161901148584
36.875	-2.9204	-4.2667	-0.179021821600336
35.629	-9.285	-3.1762	0.421512057839473
28.835	-0.9672	-6.622	0.118780552921301
36.175	-7.537	-1.5303	-0.308878609429567
28.865	1.751	-0.48839	0.0499926967102963
33.343	-10.105	-3.3928	-0.736053813822482
35.556	-2.9167	-0.96308	-1.09665168370946
26.936	-1.6129	1.3973	-0.366078894638104
38.053	-4.9272	-3.8114	-0.141711620165261
36.419	-6.6899	-0.5559	-0.715321233280678
36.085	-8.2433	-1.0166	0.639444648409555
35.733	-1.9219	-0.14499	-0.955725347456136
37.543	-6.6177	-3.9242	-0.523405944090307
37.445	-4.4388	-3.7318	-0.557369018911396
29.945	-1.3699	-6.7296	-0.63700164523
34.523	-6.4037	-5.2684	-1.64203414405877
36.113	-7.5229	-1.1566	-0.717863555559906
14.2	-12.25	-2.7913	0.538167842897905
36.82	-6.8749	-0.3813	-0.0341122418411398
36.329	-1.779	-4.8389	1.33015491164791
32.196	-1.6907	0.61627	0.0993975156640116
35.201	-6.4466	-4.6978	0.656727306692121
37.421	-4.2265	-4.3602	0.905015936334535
36.017	-3.9337	-0.15164	-0.052730157884342
36.289	-2.5821	-5.4333	-0.0182012513508917
24.255	-1.0753	1.209	-0.121238913205419
31.034	2.13	-1.503	-0.127793616020883
37.704	-6.9036	-3.5007	-0.288712909345175
24.371	-1.4143	1.2245	-0.695991262362495
36.737	-5.862	-0.77037	0.374317892143569
36.164	-7.808	-2.0116	-0.42960270127473
37.272	-6.8375	-1.1314	1.32443571061405
35.884	-6.3224	-0.51641	-0.661909846573684
37.469	-3.1858	-2.9957	-0.793444036794204
36.897	-3.6054	-4.7352	1.645
29.457	-8.1844	-4.6495	1.06839344706357
34.81	-1.815	-0.71735	0.764342602665977
29.737	-10.997	-3.7093	1.58474385136518
29.648	-0.84476	0.71673	-0.765470437158383
37.946	-3.4073	-2.4633	-0.69375416765799
21.515	-0.82075	1.3352	1.14883327354867
36.986	-3.4192	-4.8641	0.755713629968859
37.573	-3.3045	-2.1576	1.645
37.809	-4.4404	-2.6843	-0.0290969133744831
33.778	0.11392	-0.5513	-0.290912307663041
24.281	-0.95431	1.6062	-0.879696364352655
35.159	-5.0452	-1.1061	-1.14698090895789
33.362	0.38835	-1.7634	0.2856974121269
35.54	-1.4891	-4.931	1.645
36.619	-3.3442	-5.008	1.56524649488926
32.123	0.60269	-0.86491	1.54448676816595
35.791	-7.0583	-0.31701	1.3019444294965
36.358	-3.1915	-4.9347	-1.27063287129075
26.865	-11.889	-3.6093	-0.923461946737289
35.549	-6.4596	-0.15332	-0.375088719238104
36.436	-7.5013	-0.96146	1.645
35.464	-9.2253	-3.2972	-0.713919370104787
37.307	-6.0201	-1.5607	1.37361651650851
36.415	-2.8229	-5.3315	0.790441720697831
33.204	0.41913	-3.6203	-0.686594918819724
31.616	-10.133	-3.0478	0.183890212669379
34.45	-0.82641	-5.3395	0.709912066111945
37.088	-2.7651	-4.3048	-1.31893385301525
35.975	-7.482	-0.79263	1.42848789385435
29.985	-11.016	-3.6217	-0.500834526659729
35.444	-3.6749	-0.45329	-1.26780204550351
35.913	-7.6121	-0.87189	0.403288617239557
25.232	-11.836	-3.4376	1.645
33.331	-10.091	-3.2853	0.980264604915819
36.787	-5.5935	-0.20183	-0.980764547727348
36.105	-7.3621	-0.27467	-0.10436767491017
37.241	-6.6798	-1.5083	0.821899680762939
33.349	-0.35116	-2.0425	-0.765510897101008
25.658	-11.743	-4.0632	0.892941740600706
38.241	-4.5629	-4.0563	-0.119236239593587
35.897	-8.9728	-2.3728	1.25642727141942
33.485	-9.167	-3.831	0.725828254068782
34.958	-1.4558	-5.6443	0.0764555750251401
37.336	-4.2892	-1.3951	-0.223158855623461
29.561	-2.1923	-0.92529	-0.603560429030302
29.893	-1.3723	-6.5831	-1.19755004563325
37.776	-3.2527	-3.708	-1.22746396509395
36.546	-7.4554	-1.1895	-0.696134330129463
37.4	-5.3887	-1.203	-0.426210331952696
37.883	-3.842	-3.38	0.796563530272402
36.201	-2.0957	-4.461	-0.213930484950116
36.896	-1.6696	-2.1151	-0.16399675888263
35.606	-2.0846	-5.5897	-1.07834009341823
12.655	-12.024	-3.1062	0.043987787083308
36.802	-7.1285	-0.91854	1.14740179226511
37.196	-2.9731	-1.8959	1.645
37.211	-6.4572	-0.88182	-1.08744146831784
35.653	-7.9359	-0.91161	-0.550767847449781
22.195	-0.52443	1.9394	-0.964104432129867
37.132	-6.4566	-0.84542	-0.0977642058543475
26.959	-11.641	-3.4896	-0.177976533460599
36.304	-5.6636	-0.46282	-0.345246062190055
36.754	-3.0007	-4.6999	1.39598548015321
29.473	-0.48085	-6.5681	0.654480271983795
35.637	-6.7245	-0.37612	0.759987530547178
26.305	2.5123	-0.34699	-0.896498803916662
27.421	-11.915	-3.1716	-0.254608142712104
37.02	-3.3083	-1.0167	0.508739403461908
34.721	-8.3715	-4.579	-0.263270095446111
36.083	-8.5847	-3.8822	0.0800125874477562
35.802	-9.2502	-3.1529	0.777017409878063
17.095	-12.321	-2.8753	0.816049942628577
36.291	-3.2826	-5.4975	0.401641150459023
37.494	-5.8069	-1.0089	-0.588791518839647
37.061	-6.5184	-1.2337	-0.878996972378201
24.178	-11.704	-3.6301	1.645
34.392	-0.67005	-5.3893	0.290063520366805
26.906	2.3831	-0.26394	0.0741705105816955
27.895	2.1727	-0.70999	-0.373640440208819
36.331	-7.1059	-0.41523	1.4661814581749
37.809	-7.1081	-3.5919	0.223015093507633
33.721	-9.813	-3.1666	-0.500175202275873
30.623	-10.628	-2.3359	-1.39279302675975
35.295	-7.3557	-2.6164	1.645
35.071	-9.1648	-1.7033	-0.00646290112467862
35.668	-7.5501	-1.0858	0.0474959970861542
30.771	-10.607	-3.8479	0.196616214509137
35.596	-0.68966	-4.4515	0.310131006345763
27.991	-1.7102	0.46544	-1.43065981701601
37.799	-3.4383	-3.9197	0.625187615241417
37.332	-7.2515	-3.8961	0.278639338864823
37.029	-4.7412	-3.0954	0.963822815256156
35.304	-0.72865	-1.7241	-1.19119979829061
35.592	-6.7005	-0.93449	-0.756102540701086
37.007	-3.2381	-4.6457	-0.839167946215716
24.997	-0.66669	1.1359	-0.571316155680058
34.494	-0.21675	-1.9609	-0.542806269258803
35.784	-2.114	-0.96068	0.713554852024627
21.085	3.772	0.79139	0.2081263633303
36.761	-4.0431	-2.5386	-0.627114310867597
28.143	-0.79826	-6.7107	-0.600438884751388
29.352	-10.501	-3.6657	0.105184458811287
35.748	-1.2876	-4.9432	-1.55062016517935
36.04	-8.1498	-3.5092	1.645
37.68	-3.1829	-3.9933	-0.72392129610756
37.112	-7.4161	-1.9881	0.524532703057352
37.185	-5.435	-1.2468	1.13713508844647
37.485	-6.3438	-1.5371	-0.643010051438092
37.195	-6.8729	-0.94274	-0.946692069866068
36.879	-7.3031	-1.1171	0.108195225162945
36.883	-3.2841	-4.7561	-0.590308220472948
34.816	-1.9829	-0.24815	-0.225964044463727
28.79	-0.60836	-6.4231	0.384163400803413
36.11	-7.4497	-1.499	-0.956227834284554
37.264	-6.0234	-0.95589	-0.284212375594162
36.466	-7.3544	-0.70317	-0.977452262318193
36.787	-3.2912	-4.7881	-1.27096624574361
33.506	-8.587	-3.743	-0.659676953159222
36.642	-7.6993	-2.0698	0.875060647430981
33.42	-1.847	-0.09335	-1.18638148389652
30.867	-10.809	-3.5384	1.05644682249628
37.023	-7.7618	-3.0738	-0.295395972861524
38.19	-5.2303	-3.4668	-1.16990020481624
38.008	-3.2008	-3.5752	0.517271257296709
36.96	-6.9343	-1.0159	1.17313841439436
37.946	-3.3618	-3.7233	0.223359848483768
35.577	-1.6453	-5.4049	1.645
35.969	-7.2747	-0.90899	0.563558707478271
37.918	-7.0786	-3.0856	-1.48015855314463
25.345	2.9604	0.81839	-0.674837011978736
34.65	-7.5723	-2.293	-0.447162126301191
34.872	-9.2335	-3.1798	-1.0249466415836
34.944	-8.9841	-4.1297	0.38935058997206
37.293	-2.0806	-4.0461	-1.20928387411682
36.12	-6.8519	-0.23334	-0.539866901447315
34.882	-7.8087	-4.7386	0.494775030296831
36.084	-6.9266	-1.1155	-0.70489056308604
36.04	-7.8278	-3.3901	-1.17544619684823
35.011	-9.3326	-3.6961	-0.255555461870031
36.79	-1.1179	-1.9369	1.645
36.409	-6.576	-1.957	-0.016303260357595
27.416	-11.642	-3.608	-0.417962823257613
34.079	-9.9018	-3.0968	-0.503122222870424
37.766	-3.2181	-1.9562	-1.0122236692309
37.022	-7.8526	-1.9066	-0.730529046267039
37.175	-3.326	-4.0231	-1.1666336144841
28.06	-11.31	-4.1272	-0.0966561518777428
33.597	-0.56617	-5.3621	-1.40214943344372
36.956	-7.4289	-1.0991	0.365167053288446
36.605	-7.0821	-2.621	0.707979820824484
37.267	-6.9481	-1.9059	-1.28481527484277
37.411	-6.3305	-1.4893	-1.56780457402015
33.189	-2.0783	0.76822	-0.180166050772467
35.861	-2.605	-5.277	-0.68405774453142
35.638	-1.1759	-3.9446	-0.461309625633319
36.671	-6.1766	-4.2952	0.0100504392257207
38.169	-4.0381	-2.3338	-0.546293974887305
36.344	-2.7243	-5.0541	-0.146204544962945
35.169	-9.4052	-2.0994	0.190474778662696
36.424	-7.281	-0.91605	-0.67719314619044
36.78	-7.3321	-1.024	-0.206059812164236
37.135	-6.6056	-1.2216	1.645
36.807	-2.7145	-1.7884	-1.13591377069419
35.599	-6.7579	-0.15719	-0.990963203186922
36.949	-4.5689	-2.2549	-0.66691575279775
37.028	-3.37	-4.176	-0.560404694803917
35.352	-7.529	-3.7597	-0.859673794887891
36.187	-7.133	-0.64214	-0.429544462375741
35.308	-9.5027	-2.4343	-0.238943131539863
36.301	-7.5684	-2.2311	1.645
36.459	-2.2777	-4.9212	1.645
36.451	-2.0925	-4.9467	-0.805109411951048
37.076	-2.1343	-2.4981	-0.953919333739833
33.383	-10.034	-3.4276	-0.929931998667516
36.103	-2.9353	-0.50444	1.27349267679765
37.905	-5.2701	-3.6581	0.842022562092004
38.583	-5.346	-2.3082	0.14757506397207
34.806	-6.9562	-0.62806	1.645
37.597	-4.7139	-4.268	0.143192713851827
34.832	-7.3907	0.24362	0.112228667578657
36.587	-6.9588	-0.9185	-0.948836095757603
37.732	-3.9914	-1.8724	-0.187801399000527
36.16	-6.4134	-0.87063	-0.758014308689508
33.106	-8.9881	-4.6548	0.390475746384381
32.946	-10.118	-3.8613	-0.637894206781171
36.839	-2.8458	-4.6107	-0.927165573390238
36.187	-1.3059	-1.2429	0.639650518194901
38.155	-4.6891	-2.4946	-1.31969307627359
37.283	-5.6156	0.019012	0.553278560906115
27.184	-1.4529	0.40133	-0.653745940572485
36.022	-6.828	-0.57731	-0.811782056451728
36.433	-4.7672	-1.4114	-0.815137681441853
35.221	-8.5458	-1.1697	-0.435749668710566
36.446	-6.3734	-4.8093	1.645
36.625	-3.1859	-5.035	-1.44487386230153
27.989	0.13398	0.8053	-0.710205674178799
37.568	-3.1113	-4.1591	-0.838466561858145
29.068	1.9082	-0.13313	-0.524084797639766
37.359	-3.4721	-4.3656	1.645
34.25	-0.42419	-5.4538	0.900211263735807
26.104	2.9775	0.38525	0.290966093458126
37.024	-6.2246	-3.3113	-0.368638169383098
35.876	-2.8084	-4.9303	0.381552006186945
37.065	-7.2034	-1.1197	1.20012570932382
37.658	-4.6228	-3.5033	0.147920866558094
35.042	-7.5012	-4.9165	0.71025371251944
33.895	-8.0079	0.42918	-0.463632644594408
20.821	-12.156	-3.2601	0.983663876981581
35.481	-2.2084	-0.77026	-0.89725071614371
37.711	-5.9719	-3.357	-0.285843775154158
27.04	-0.27364	-6.8262	-1.14826100620934
36.092	-7.0394	-3.7643	1.645
37.161	-6.9458	-4.105	1.645
37.198	-6.5255	-1.0386	-0.236064629941683
36.432	-7.4201	-0.80639	-0.289333036962034
35.88	-8.2388	-4.4135	1.16792923414389
37.672	-6.7785	-0.78609	-0.719917295878824
33.728	-7.5046	-4.2941	0.938372165188513
37.444	-6.7964	-3.6172	1.645
37.657	-5.2865	-0.77623	-0.958443471504146
35.417	-9.3933	-3.2228	-1.24123063353512
36.805	-6.8704	-0.46855	-1.19330702390018
37.268	-4.9914	-0.25184	-0.288548311647918
37.356	-5.2576	-1.0494	-0.143562784511063
36.626	-3.6918	-0.73483	-1.3692072194657
36.172	-0.92643	-4.2247	-0.801309658311035
33.965	0.34185	-2.8306	1.645
36.381	-6.3235	-0.97449	-0.224421519533858
36.829	-3.054	-4.6771	-0.538959419521732
34.672	-9.018	-2.7887	-0.379501936622277
35.233	-1.7225	-5.4094	-0.288501530133178
36.729	-7.5145	-3.1312	-0.0856918167332276
36.825	-5.2081	-2.5948	-1.00967294890484
36.996	-7.5969	-1.0678	0.948216328618372
33.353	-0.15211	-5.6436	-1.08591065182083
29.113	-0.98121	-6.9442	0.0608989929209675
35.877	-8.4213	-3.4308	-0.155174429966973
34.702	-1.6396	-3.8829	-0.343764586392122
24.948	-1.1145	1.1193	-0.639832399724131
37.208	-4.7836	-0.79393	0.155494199456232
32.167	-10.434	-3.3169	-0.72535321817091
37.485	-6.1472	-1.8209	-1.01302829613781
25.823	2.7506	-0.30933	-0.819646416485294
31.428	1.6486	-2.2588	0.577778945136206
35.852	-6.3953	-0.66102	0.708506609199485
33.845	-9.7813	-3.7695	-0.780201605162924
29.143	-1.0016	-6.5471	1.645
37.642	-6.2693	-1.2363	0.915580022506259
36.325	-6.6188	-4.8643	0.463056717259034
29.628	1.4832	-0.091737	-1.06940187003662
34.858	-0.90232	-5.1763	-0.861060505228623
38.305	-4.7921	-2.3396	-1.28809322027183
36.304	-3.0943	-4.7781	1.645
34.875	-7.5634	-0.67985	-0.220835616028403
36.503	-3.0435	-4.7703	-0.549265985877955
35.958	-2.3821	-5.0615	0.116724809915727
36.261	-2.6379	-4.6789	-0.0599651906938482
37.737	-6.611	-1.2513	-1.44344964686223
32.801	-10.494	-2.9191	0.876641592793318
35.239	-3.0074	-0.11223	-1.60107293537942
36.574	-8.6753	-3.4189	1.645
32.612	-9.982	-3.3678	0.283949474676084
26.47	-1.2093	0.66759	-1.02159073659906
37.199	-1.6237	-2.4917	-0.601849044907191
20.474	-12.495	-3.206	-0.32920429738372
36.281	-2.7152	-5.341	-1.42378240217248
26.877	2.3493	0.26303	1.645
34.271	-9.6149	-3.6763	1.12565363028721
32.053	1.3059	-1.5197	0.618696040764078
36.769	-3.844	-5.1959	-1.26107155647611
28.693	1.9418	-0.84665	-1.07141756553045
30.039	-10.6	-3.9322	1.645
29.318	-10.906	-4.083	1.34845087856879
36.271	-7.3453	-1.3238	0.933688505026515
29.141	-10.738	-4.3405	0.660555144714624
37.012	-7.5666	-2.4787	-0.317749419738679
36.791	-7.3313	-1.4707	-1.33720361100172
36.261	-5.9674	-0.39885	-0.609791237133094
27.103	-1.7895	0.51807	-0.916853391250519
36.493	-3.2037	-1.737	1.60980639161894
32.516	-10.186	-4.2238	0.448620584246645
35.735	-6.5504	-5.0381	0.488522481562092
33.758	0.38343	-3.2386	-1.01446159731203
37.103	-6.7509	-1.4273	-0.632777681899469
35.773	-7.8802	-0.81617	-0.836647728196258
37.425	-4.7946	-3.5831	0.6892873251162
37.759	-5.8941	-2.4694	-0.691048693620812
35.511	-1.8353	-5.3157	1.645
34.705	-0.88028	-5.109	-0.821865417844483
37.267	-2.9412	-1.1413	-1.21645454457581
34.469	-3.1586	0.16337	-1.28642113840773
36.237	-7.9567	-0.56517	-0.722291150402713
33.897	-9.3231	-3.4479	1.56394929132767
36.537	-6.8783	-1.0337	-0.467712996642715
14.631	-11.506	-3.6427	1.645
29.42	-11.225	-3.3753	-0.690114780430776
37.439	-7.1052	-1.3532	0.568483878341428
36.421	-8.4179	-2.0881	-0.606266570624611
38.149	-5.5533	-1.2842	-1.4694264310763
37.838	-3.7151	-3.567	-1.32309518917882
36.775	-7.7189	-0.67347	-1.17135755762285
35.954	-7.1988	-1.5628	1.00683550986657
36.059	-6.6724	0.099282	-0.378375221102651
36.702	-4.5632	-0.72328	0.348313401670772
37.406	-4.8724	-2.8986	0.276145752328688
35.742	-8.0212	-3.8443	-1.30427831191167
35.586	-6.7863	-0.30952	-0.600472367307078
35.818	-1.2328	-4.9674	1.645
28.845	-0.3391	-6.3215	-1.10882897529053
37.578	-3.8494	-4.4812	0.48088121467196
37.294	-1.9809	-3.4145	-0.532402039644185
34.481	-0.83471	-4.8208	1.645
37.523	-5.7548	-4.5898	-0.628844350657632
37.948	-6.3604	-1.6608	0.781768783171953
35.947	-3.498	-4.6138	1.47745346659449
34.803	-7.3818	-0.18694	-0.479616808406337
37.55	-2.3992	-4.0514	-0.529222156149106
34.547	-9.2514	-3.6529	1.645
35.282	-0.54191	-4.5888	-0.0381472313401057
26.97	-0.27744	-6.7405	-0.605144163339375
38.099	-4.1749	-2.0066	0.894022897970109
29.049	2.1374	-1.2587	0.467204621130174
37.547	-3.1049	-3.4645	-1.17415621872111
28.418	-11.12	-3.9506	1.14731230418434
24.144	-11.871	-4.1725	-0.600104840066029
33.259	-0.86748	-5.1327	0.0988940494073485
37.095	-3.2146	-1.7715	0.349507620575895
37.879	-3.3745	-3.9897	-0.780606036788175
27.955	2.3396	-0.87238	-1.16754449682779
29.035	1.6447	-0.066406	1.645
29.709	-10.969	-3.9119	0.160808937197491
33.291	0.40457	-1.8331	-0.136578779863692
36.422	-2.8263	-5.0446	-0.293762829557139
34.157	-1.6204	0.0068926	-0.870688338990326
31.151	-10.386	-3.707	-0.315511339222393
35.74	-1.5646	-5.2828	-0.994823315395868
31.621	1.471	-2.1952	-1.39478955184958
33.447	-0.099584	0.24688	0.551953009906922
36.229	-7.0194	-0.57746	-0.203050258027052
37.836	-4.3579	-3.3202	-0.595221105462893
36.371	-1.3748	-4.149	-1.19716986647964
37.496	-3.2443	-4.1554	-0.135515409297665
24.603	3.0977	0.72789	-1.09001029058128
34.579	-9.3204	-3.3467	0.0382918135467404
34.398	-1.8175	-6.1834	-0.505688566049999
35.527	-1.6899	-5.4983	-1.645
37.491	-6.0219	-1.2997	1.06489087149725
33.424	-10.297	-2.9498	0.992231587668681
37.117	-7.0294	-1.3152	-1.05365503276654
32.833	-9.925	-3.8629	1.645
36.67	-6.252	-0.26205	1.38398571369799
36.277	-7.249	-0.71106	0.224891574751243
37.262	-7.6743	-2.5575	-0.54854417565768
28.657	-0.49517	-6.6234	1.0647618990191
37.21	-4.2579	-4.7383	-0.741665766978723
36.946	-7.765	-1.2246	1.05133432157917
38.276	-3.9029	-2.2387	-0.443517938818387
38.056	-5.1676	-2.5888	1.645
37.964	-6.7002	-1.5893	0.362248236095996
36.92	-3.6492	-4.6394	-1.10605037723328
37.948	-3.335	-3.8358	0.0529454289902759
35.014	-8.2377	-0.58041	1.645
34.17	-1.3725	0.13005	-0.87410275289224
35.732	-7.4659	-0.892	-0.343602867775962
27.83	-11.511	-3.6894	-0.416215874913328
29.891	1.399	-0.59674	-0.706994626382795
34.532	-1.6199	-5.9276	-0.930772835251538
38.018	-4.0021	-3.4175	-0.313178070748807
35.013	-1.0942	-0.74452	-0.730681585596444
26.795	-1.38	0.76789	-0.0206436743203397
34.541	-2.8555	-1.6681	-0.81022002365863
34.624	-9.1756	-3.8766	1.645
27.258	0.22043	-6.3336	0.726890192397294
37.316	-6.1483	-0.43037	-0.801557405249436
35.137	-7.474	-0.47603	-1.25100366866325
22.994	0.17768	1.5887	-0.528406648364953
36.577	-3.213	-5.146	-1.02566100530663
33.448	-0.77411	0.15523	-0.129058550097141
36.488	-7.3251	-2.3262	1.645
36.04	-6.7814	-0.20054	-0.0947622135408743
36.221	-7.3412	-4.4751	-0.0203105479862375
37.505	-6.6685	-2.6847	-0.326430595247703
37.033	-2.5461	-1.0928	-0.933754363234511
26.612	-11.577	-3.6266	1.645
37.469	-3.0494	-4.2007	0.620364290950054
38.371	-4.863	-2.051	-0.988228816285954
37.269	-6.594	-4.1428	-0.23688060201522
29.878	1.9333	-3.6835	-0.161699614543117
35.452	-7.5059	-1.1164	-1.0886124919005
37.301	-2.9975	-4.1287	0.290917061949076
18.117	-12.427	-2.7497	-0.00910496992289079
36.806	-7.1946	-1.9069	1.645
37.038	-4.3294	-1.0892	0.168829800746283
33.778	-8.1256	-0.58235	0.273675790403598
37.348	-6.549	-3.1685	-0.399043612450303
36.53	-7.222	-1.5122	-1.10624835241543
34.803	-1.1978	-5.5854	-1.01495958352306
37.784	-3.0457	-3.1938	0.269638063005944
35	-8.9277	-3.0689	-0.343544856261349
37.012	-7.3768	-2.6185	-0.241630681034539
36.103	-2.9022	-4.7952	-0.018297067829068
27.162	-11.286	-4.1317	1.645
35.172	-5.0249	-0.59907	-0.951361245787545
35.763	-0.51963	-3.4807	1.645
28.566	2.1575	-0.46418	0.908017426780598
37.22	-6.5674	-1.1292	1.49808752712589
35.342	-0.84757	-4.9727	0.853992471615524
37.885	-6.1483	-4.0581	0.949016796081594
38.1	-4.3733	-2.6288	-0.613360779012147
23.685	-0.6064	0.95115	-1.12299106737768
35.372	-7.55	0.094466	-0.576681010419584
37.317	-6.8573	-3.3818	0.19382874130312
36.613	-7.1136	-0.79163	-1.10374537641703
36.383	-6.8969	0.11651	-0.138611176920981
36.034	-7.7111	-0.66814	-0.417459764206367
27.464	-11.751	-2.8039	-0.960407871154847
33.453	-9.9212	-3.2833	0.912973170136515
36.616	-6.8313	-0.47681	-0.528217450327556
32.498	-1.6331	0.075498	-1.12277636719066
36.568	-6.7341	-0.43936	-1.09311749754682
37.061	-7.7577	-3.156	-1.11724530347917
35.158	-7.4175	-0.57039	0.817073719279888
34.623	-7.9058	-0.21977	-0.904433356327525
34.285	-0.88002	-5.7289	0.351458528366445
31.873	1.1603	-1.4668	-1.37133877215445
35.022	-2.2931	-0.30106	1.645
34.409	-9.3628	-3.4874	-0.188223326712355
37.434	-4.6484	-2.4277	-1.11642403594359
33.103	-10.306	-3.7632	1.23263336639329
37.192	-7.2199	-0.97104	-0.660621896756104
33.298	0.35184	-3.695	1.645
33.537	-8.6364	-4.1537	-0.473301794602694
35.881	-1.4853	-5.1216	-1.645
33.288	-0.28058	-5.9272	-0.99555149049274
37.804	-3.758	-2.5106	-0.810614174524302
38.453	-6.2205	-2.5167	-1.01331514620666
30.162	1.0924	-0.59141	1.60270338276882
36.911	-4.0324	-0.88935	-0.644362918077013
37.3	-4.165	-1.6175	-0.220872208628187
34.347	-0.98887	-5.2431	-0.428195449074623
31.588	-10.845	-3.7152	0.585505708184026
34.361	-1.276	-5.9627	1.645
36.282	-1.236	-3.9953	-1.43331691276769
34.196	-9.5363	-3.2052	0.257029999628302
37.173	-2.6245	-3.9132	0.406205515025262
35.642	-2.2581	-5.5624	1.47581724529346
37.923	-3.705	-3.5402	1.645
37.46	-4.4038	-1.0835	1.43238070850827
36.765	-2.6537	-0.90358	-0.848966874157904
35.209	-0.0088546	-1.6024	-0.203495110466621
36.998	-6.8792	-0.55387	-0.546608228930268
35.675	-7.1694	-0.86933	-0.665541373652624
36.294	-2.8729	-4.9081	1.03619078202489
38.082	-5.3314	-2.1137	-0.793130467438349
32.465	0.75286	-1.4389	-0.688782133989978
35.812	-5.4805	-0.52955	-0.932063772146964
33.751	-10.254	-2.9882	-0.661000322610948
30.989	1.3364	-1.2695	0.295170068387744
26.736	2.6919	-0.6298	-0.611001066461801
30.47	-9.6622	-4.3325	-0.0582993510345571
36.008	-4.144	0.37998	0.634907910405237
35.898	-7.0416	-0.93679	-0.945103686753876
33.756	0.78472	-3.7174	-0.404479471576178
28.656	-0.89458	-6.9293	-1.30400355821547
36.115	-2.5821	-0.79798	-1.07826409777082
34.46	-9.1908	-4.2253	0.117445649672159
36.099	-2.2894	-4.5739	0.165262857193769
37.262	-3.681	-4.3805	-1.31260293336499
22.184	-12.39	-2.6067	-0.839193299720213
36.185	-1.9151	-5.1717	1.645
36.602	-7.2462	-0.74841	-1.05011116915461
31.012	0.82625	-1.0063	-1.34863954452757
32.294	1.3388	-1.5872	-0.463646239522625
35.209	-2.4738	-5.3197	0.310416985844171
35.937	-7.7764	-1.2843	-0.685944972409267
35.473	-9.362	-2.7353	1.39121571872173
37.407	-3.279	-1.2402	-0.740641971509013
36.562	-7.8558	-2.4601	0.362431596851082
34.572	-9.5317	-2.8881	-1.14544282308809
27.563	-1.7829	0.9933	-0.520029284419747
20.626	-11.99	-3.1838	1.645
33.231	0.16905	-5.6528	1.54925088255055
29.485	-11.04	-4.0291	1.645
36.923	-2.6406	-4.693	-1.11767418366344
38.105	-6.1144	-1.8308	1.645
22.178	3.5218	0.97528	-0.720292162144732
34.886	-6.2481	-5.5571	0.358886467032777
35.662	-6.8765	-0.14067	1.645
37.467	-3.1874	-2.2578	-0.534087879222921
37.393	-3.4946	-4.3244	-1.41676546354297
36.732	-2.5374	-4.5019	0.365009162347925
37.769	-5.0176	-1.871	1.46685749125501
36.378	-8.7082	-2.2334	0.36182124782987
36.573	-8.3132	-1.1099	0.307764958782921
28.31	-11.059	-4.4058	1.645
36.741	-6.3389	-1.159	0.45600395120673
36.868	-7.3659	-3.4925	1.645
37.484	-2.9589	-2.2054	1.645
35.997	-3.0534	-4.6892	-0.641667531386373
36.584	-6.9242	-0.77023	-0.64731717530544
32.857	-1.747	1.0811	-0.480900877931115
32.421	-9.9028	-3.8736	-1.04695082548868
35.425	-1.3523	-5.359	-0.388379841456875
38.124	-5.9004	-1.833	1.59723476104759
30.821	-10.162	-3.2975	0.870831269845808
36.058	-0.71232	-3.8443	1.645
34.349	-1.3018	-5.8695	0.401469416342477
36.003	-7.4847	-0.98669	-0.661352877422968
20.084	-12.312	-3.48	0.339512938741506
36.627	-2.2565	-4.6513	-0.693308676418226
36.673	-7.7313	-1.7312	1.37882827042082
28.812	1.5111	-0.18542	0.0262906094963243
35.886	-6.8034	-0.66589	0.835608932274481
37.929	-6.679	-1.6821	-0.507376357171944
34.237	-8.2289	-3.8283	-0.511870142878698
28.46	2.2846	-2.1237	-0.820644857319811
36.963	-3.5361	-2.5995	-0.845694001002263
32.924	-0.29634	0.38633	0.538141881712952
24.148	-11.976	-3.5319	1.645
37.122	-3.4666	-4.8168	-0.662454203855431
35.773	-3.3263	-5.1052	-0.400669676913778
19.894	-12.408	-3.0023	1.645
35.933	-6.8829	-0.44488	0.429485500826202
37.937	-4.7004	-4.0766	1.645
37.393	-5.8686	-0.98026	-0.965700009488941
37.14	-3.9296	-2.3872	-0.660189232446506
35.951	-1.7764	-5.2628	-1.645
34.187	-1.4715	-5.6999	0.158196731005749
34.516	-1.442	0.39769	-0.670973009029544
35.609	-7.1077	-0.68315	-0.929152384639534
29.185	-1.0694	-6.7569	-1.203067330554
31.618	-10.13	-4.2517	1.55592917467489
34.05	-7.3166	-5.0561	-0.694679876141732
37.721	-2.718	-3.5393	-1.16100408105784
36.42	-7.2465	-0.79641	0.013909310453269
27.664	-10.9	-3.9195	-0.875666472573599
36.817	-3.992	-1.0023	-1.34333893924567
28.476	2.3052	-0.21928	1.1770278255262
28.577	-1.9917	0.59004	0.793598826456552
34.537	-0.89781	-0.21511	-1.19554921788851
36.872	-7.3054	-1.1125	-0.0407928369475756
37.522	-6.8014	-1.605	-1.19652171759062
35.436	-6.7361	-0.95815	0.524797191899196
34.344	-1.2254	-5.6987	-0.585361685484582
28.632	2.1882	-0.58482	0.067644644037414
25.809	-11.625	-3.7767	0.481575996121626
28.914	1.9943	-0.15523	-0.836301325427847
35.727	-1.6297	-5.1851	0.97881522960843
36.763	-2.5223	-2.4664	0.0818239275050179
23.875	-11.581	-3.7265	1.645
37.247	-5.6924	-4.4819	-0.372728359962431
35.366	-1.8119	-5.5672	1.645
20.617	-0.3175	1.6639	-0.741839942667528
37.603	-3.5366	-2.3554	-0.492848359888561
35.028	-7.1752	-0.66195	-0.008484546519722
36.292	-7.3381	-2.103	-0.975712249428082
37.136	-6.9179	-0.88602	0.728832962448582
33.908	-0.57427	-1.1263	-0.852941376135295
36.107	-8.3833	-3.8955	-0.254509891752194
36.767	-7.3284	-1.2693	0.596243577773135
34.045	-9.3825	-2.7884	1.10618721396344
34.108	-1.3907	0.43458	-1.11123326202097
35.866	-8.262	-4.0059	1.57259821087445
37.368	-6.4768	-2.9922	-0.739358973286533
27.399	1.8644	0.060854	-1.06680362928632
29.133	0.029435	-6.8166	0.836346305184178
35.879	-1.4706	-5.0897	-0.028670851770118
35.991	-7.1105	-0.27884	-1.13096487859284
38.365	-5.7093	-3.163	-0.415197509472409
27.546	2.3168	-0.11179	-1.22254484478208
36.345	-3.4584	-0.40195	1.34082472752889
38.277	-5.7043	-2.5148	-0.24636468119325
33.037	0.75239	-2.4438	0.462711274857703
28.024	-11.618	-3.2678	0.318067996101854
28.725	1.7036	-0.72164	-0.895626193170938
24.712	2.8802	0.58317	0.0824596834978478
23.9	3.4724	0.17699	0.329255864081207
36.438	-5.6209	-1.0791	1.645
36.828	-7.5118	-1.7764	0.2185607390522
28.11	-1.8263	0.47221	-0.498667874267153
36.195	-4.2493	-5.2274	-0.657349451991591
37.902	-5.9908	-2.0936	-0.816258070524464
31.452	-9.1478	-3.2273	-0.709505766178941
33.177	-9.7487	-2.9992	0.734761131405491
35.669	-5.378	-5.4118	0.528856371975923
30.382	1.5907	-0.49021	1.645
34.807	-9.2413	-0.70097	0.771856051940431
35.22	-1.6653	-1.0212	0.675994857174111
34.09	-1.9336	-5.9096	-0.511596024085481
33.099	0.48603	-1.4884	0.462552709106391
36.38	-6.6055	-0.06572	1.20822613037451
30.43	-10.246	-3.9492	0.282826806042531
37.103	-6.8195	-0.88503	0.718521882445174
29.685	-10.994	-2.7076	-1.06147034987248
30.283	-1.7556	-6.5862	-0.99863107800578
28.696	-0.68077	-6.8741	-0.237883540323683
32.677	-8.7274	-4.1685	0.896546939966692
36.22	-7.0306	-1.8249	1.64209735879431
31.849	-10.422	-3.1593	-0.972391859826239
34.492	-7.3364	0.24994	-0.290132218652338
35.188	-7.5203	-0.50527	-0.570103162185686
35.622	-2.128	-5.639	1.645
37.246	-2.3567	-4.2847	-0.630852640950076
37.58	-5.6603	-2.0723	1.25903119011188
32.739	0.91199	-2.6954	0.209038110255569
32.896	-9.6574	-3.1526	1.645
35.467	-1.2018	-5.1814	-1.2499754583034
37.488	-6.6095	-1.1444	-1.14952601379828
37.03	-6.9054	-0.89318	1.645
33.424	-10.084	-3.4669	-0.179413159509987
35.257	-2.0901	-4.006	-0.788495477338308
35.35	-9.2134	-2.9742	-0.422642524947187
34.688	-1.4445	-4.5017	-1.48734886692649
36.663	-3.1631	-0.3802	-0.565028659126831
37.343	-6.62	-3.3463	-0.551811581673433
35.159	-8.7272	-4.1003	-0.960090072471843
37.638	-2.9456	-1.7393	-0.77622155415345
36.922	-6.114	-0.78434	-0.769258355647292
36.185	-8.2947	-3.287	0.757559032615065
34.789	-7.3388	-0.54573	0.466555401323687
29.138	-11.188	-3.8476	1.645
35.843	-6.6108	-1.5401	0.235605921023258
31.857	1.6245	-3.1076	-0.0450790615043028
27.938	-0.14693	-6.4389	-0.973996190281651
35.131	-7.9391	-1.5386	-0.198686452638058
35.052	-2.3438	-0.25459	0.0493180948205517
27.841	-0.46924	-6.7153	-1.645
36.026	-6.626	-0.1023	-0.896595061792611
28.667	1.635	-0.37636	0.334173744678069
35.97	-1.7404	-1.3486	0.799264389716224
34.237	-0.72906	-5.5845	-1.10306897905748
28.246	-11.364	-3.9274	1.645
37.056	-2.086	-4.1943	-1.645
35.679	-7.0002	-1.2115	-0.604613266236279
36.044	-8.7182	-2.4083	-0.586985184937369
38.576	-4.8825	-2.3728	-1.12646191252467
38.176	-3.9397	-2.3623	0.515187955185023
36.383	-2.5713	-5.1106	-0.595114066780233
37.878	-4.0903	-2.2179	0.417623530941028
21.515	-0.27706	1.74	-0.673874705882375
28.874	-11.12	-4.0281	1.12248952102887
35.365	-1.0409	-4.4356	-0.304408940729999
31.848	-10.514	-3.7276	-0.658270973134589
29.803	-10.77	-3.5859	1.645
36.177	-2.5183	-1.6875	-0.934536519750937
36.819	-2.209	-4.6629	-0.68304250590652
33.373	-6.1595	-5.613	-0.55509732533014
34.806	-8.8901	-2.973	-0.576543276494635
36.077	-2.6253	-4.9514	0.214897793941988
36.039	-7.5015	-0.37316	-0.196985880098315
37.164	-3.1932	-4.4762	-0.0363451604472843
33.04	0.80558	-4.2231	-0.121591428662556
24.003	0.13853	1.4663	-0.430021993205863
20.317	-12.541	-3.2969	-0.910748505047382
37.587	-7.0356	-2.9008	0.371493211256537
36.316	-4.3292	-0.2157	-0.466960072006769
26.252	2.4373	0.2568	-1.49799300828736
37.496	-2.7345	-3.0657	-0.748270384205744
36.093	-8.6628	-3.2445	0.761265906000995
37.251	-3.3098	-4.4526	-1.645
32.325	-6.7771	-5.2843	1.645
37.231	-3.9099	-4.7721	0.546192883811973
28.639	-1.7463	0.11451	-0.551206037427586
33.377	-10.479	-2.644	0.332204651154353
36.693	-6.5135	-1.0092	-0.377330346543306
37.998	-6.5588	-1.1578	-0.6311295703707
35.2	-1.6433	-5.5416	-0.865977575755659
32.388	-10.109	-3.1943	-0.921044315890411
37.58	-4.0989	-3.3811	0.393904658079371
37.993	-6.6047	-0.58157	-0.825182040032431
35.636	-9.2272	-3.3149	1.645
34.343	-1.6947	-5.9695	-0.733725403618332
35.676	-1.5634	-5.343	-1.16968854096236
37.89	-3.3009	-2.8666	-0.09781224325159
33.449	-0.6842	-5.706	0.582897742334202
23.069	-0.86413	1.3787	-0.41862095447926
36.272	-2.8487	-4.1937	-1.07403865376191
21.132	-1.0722	1.3773	-1.07278714015347
16.546	-12.122	-3.0507	1.645
28.036	-0.32208	-6.6729	-0.757776909277702
34.55	-8.264	-2.9045	-1.24198133194239
36.394	-7.593	-0.62675	0.383606678294849
13.152	-11.939	-3.2046	1.645
37.809	-6.3381	-1.42	-0.675970676901823
35.848	-8.0086	-0.74692	0.841119974005078
36.482	-1.3979	-3.6565	-0.837294123704572
36.627	-6.1571	-0.69163	0.234292510531963
30.447	1.4981	0.012136	0.916194569144814
37.016	-2.6871	-3.6991	0.476898261417168
30.396	1.5929	-2.7118	-1.0779688399396
30.558	0.84485	-0.90212	0.732590913702119
37.858	-5.3791	-3.9756	-0.0812673696144003
25.215	3.2448	-0.1568	-0.885531895431969
36.613	-3.0796	-0.94265	-0.547000554973567
33.532	-9.5404	-3.8361	0.185760496897767
24.761	3.1961	0.59405	-0.696975657564408
37.032	-6.1426	-0.88556	-0.0322126163962369
38.205	-3.7763	-2.7418	-0.604568564867749
35.521	-7.0953	-0.81215	-0.236490908509645
36.488	-6.1858	-3.8549	-0.670291720532811
35.835	-5.3318	-5.5868	0.232409120561037
27.695	2.5926	-0.75992	-0.429057579483243
34.865	-8.7229	-3.4379	-0.386627640470455
36.293	-1.505	-4.5643	-0.148228865710697
38.29	-5.6387	-2.4153	-1.03404687849943
33.546	-0.34527	-5.445	-1.00424616476012
36.875	-6.5702	-0.73131	0.0975381765819072
29.359	-1.6151	0.50232	-0.814045130740754
32.73	-10.178	-2.8586	-0.46791783168419
31.294	-7.8077	-4.7166	-0.243311481523091
35.947	-7.6318	-0.92707	-0.951248930700477
37.148	-5.3387	-0.68234	-1.645
37.664	-2.5775	-2.7475	1.645
33.119	-10.31	-2.9906	-0.548377386241066
36.07	-7.6448	-1.1824	-0.300109611095664
31.554	1.5166	-0.70294	-0.586373887101592
32.197	1.205	-4.1368	-0.41511898484429
36.721	-7.1728	-1.6014	-1.1623749042367
37.97	-6.9158	-1.8538	0.558000165947105
36.349	-7.9935	-1.5244	-0.817349561850168
24.401	-1.0807	0.94528	-1.26024193303564
38.26	-5.4613	-2.6107	1.645
36.038	-0.75241	-2.4819	-1.14178164788135
28.401	-0.6673	-6.6758	-0.224163622137438
36.545	-7.0306	-0.54223	1.18264234010244
36.404	-0.77396	-3.045	0.101948552408634
36.233	-7.5856	-0.90686	-0.713784626735126
37.298	-5.8161	-0.65225	-0.379182268663497
36.655	-3.0677	-4.4207	0.167590945304723
33.074	-10.314	-3.0415	-1.17288959224506
35.222	-7.552	-0.12993	1.54775233697384
33.007	0.29962	-0.29684	0.294083589813263
34.659	-1.9863	-5.9829	0.466419778390076
35.622	-3.6657	-1.0615	-1.00299614783149
37.488	-4.8809	-1.9614	-1.12234881914705
35.53	-1.198	-4.9193	1.645
34.288	-1.2429	-5.9811	-0.442574537657487
31.206	-10.908	-3.2517	-0.974222360238669
38.11	-4.4154	-1.7878	-1.02962023776957
37.364	-6.6113	-2.4395	-1.06046838085178
38.137	-5.8416	-1.5113	-0.325757137042347
35.946	-6.5489	-1.2203	0.909082449946481
33.85	-8.5339	-4.1833	0.450638194125157
34.051	-7.057	-4.9855	-0.0359532058823962
33.548	-1.5978	0.067007	-0.742801104130978
36.918	-7.5758	-1.5006	-1.18560476334516
38.265	-6.0586	-2.7998	-0.375750756509402
33.339	-3.0923	-1.8954	0.0424606870965431
35.451	-2.0421	-5.2604	-0.967694976980504
27.506	2.6504	-0.70193	0.445478129857298
36.861	-6.3361	-0.60656	1.05644342812474
28.402	1.6858	-0.84161	0.49189017285115
32.105	-1.7627	-0.10838	-0.645424386507628
37.693	-6.9362	-2.1968	1.13106808727682
35.99	-2.0913	-5.2288	0.506673597849786
34.364	-0.084456	-4.3062	-0.572793643723302
27.568	-0.41487	-6.818	-0.319338125563596
37.373	-6.9962	-0.69014	-1.645
29.038	-11.463	-3.3336	1.04282286328194
35.913	-3.5353	-0.26692	0.293059949540882
36.735	-2.0513	-4.5974	-1.53819174043717
26.788	-1.3344	0.7076	-0.343793028066154
34.483	-1.1037	-5.7561	-0.609206091175559
37.322	-7.6218	-1.4826	-1.35795345877907
36.414	-6.6305	-0.54073	-0.776596888460983
35.577	-2.1617	-5.7207	1.04702413918276
38.074	-4.3028	-2.4632	1.645
34.583	-9.2741	-3.2361	0.240272576967624
37.16	-6.6232	-0.7396	-0.834577030532238
35.301	-7.1362	-0.87532	-0.451023590383012
30.682	1.0168	-1.2092	-0.906677927083934
33.652	-9.6058	-2.9365	-0.724919943077576
33.832	-8.7472	-3.3011	-1.24712348137314
20.57	-11.951	-3.571	1.645
36.301	-1.469	-4.8456	-0.754742782135678
38.1	-3.8544	-2.0497	-1.10824664791627
36.861	-1.5517	-4.234	0.428246372783589
34.091	-7.9047	-4.067	-1.12827935097367
36.366	-7.7739	-1.273	-0.826658825582888
36.618	-7.6655	-0.98104	-0.939876618075624
35.184	-9.2901	-3.1965	-0.54381590458086
37.401	-2.788	-4.0256	0.0729913591102923
36.492	-7.4624	-0.46387	-0.564115718687864
36.1	-5.7452	-0.9397	-0.866198858291314
33.832	-9.4165	-3.2844	-0.431842957360242
37.819	-3.8939	-4.081	0.737427443473707
37.259	-3.0075	-4.4835	0.0237818061431647
36.318	-6.8931	-3.2431	0.222593044779296
36.952	-8.0395	-3.7747	0.00195665873136672
33.207	-10.28	-2.8261	-0.266389652864648
37.393	-6.592	-1.4972	-0.155594950302806
35.264	-7.1588	-0.50919	-0.171510119170642
37.167	-6.6659	-1.13	-0.922609433930293
37.241	-3.7254	-1.2785	-1.17136515749405
29.101	1.8205	-1.2912	-0.263468133591931
28.168	-0.41404	-6.7192	-0.252844641803505
37.709	-3.5095	-2.5169	0.431435172818795
37.377	-6.8635	-1.8859	-0.372338152639363
35.653	-8.8056	-2.0148	1.645
36.922	-5.6457	-4.9601	1.26503345662946
36.508	-6.9874	-0.76697	0.0199491302685912
26.384	-11.718	-3.1602	-0.375602319857327
35.408	-1.3801	-5.2085	1.645
36.902	-7.0363	-0.65284	-0.238992796685905
36.558	-3.477	-0.7264	-0.758332393223945
36.018	-6.3323	-1.1371	0.116068780385861
37.835	-4.0336	-3.727	-0.0765668587820578
35.269	-8.6907	-0.96378	0.432594423975243
36.328	-7.1272	-0.93379	0.142905420364845
33.366	-9.9976	-3.4617	0.286503113585093
38.171	-4.4907	-2.327	-1.645
33.48	-0.64767	-5.7709	0.941763883227552
30.474	-10.434	-3.6727	-0.0629330900765978
33.145	0.72644	-3.0346	-0.948678536703697
37.75	-6.5893	-1.4592	1.645
35.811	-7.1054	-0.26252	1.645
27.77	-11.555	-3.6482	1.645
37.224	-5.958	-1.089	-0.303794829183595
35.542	-6.5946	-1.1652	0.398496116413733
36.51	-6.2637	-0.54518	1.07805729500058
35.608	-8.7425	-3.6319	-1.21954211226851
36.627	-4.0545	-5.0559	-0.884030217086275
35.936	-1.5523	-5.1143	-1.38386125014105
34.689	-0.28268	-3.6521	-0.596855941715659
38.411	-5.9434	-2.5654	-0.187636263086101
27.088	0.10397	-6.6888	0.829549300740355
34.92	-2.181	-0.95545	1.08420409615719
36.496	-7.1131	-0.84695	-0.794009646493678
36.99	-7.0988	-1.0916	-0.61617997186226
38.276	-5.2348	-2.0977	-0.604762770744796
36.796	-7.0838	-1.2456	-1.47590964152933
35.762	-2.4738	-4.9674	-1.17812321202807
38.35	-4.2938	-3.138	0.223484739508636
27.857	-1.7479	0.28644	1.04222261514086
37.215	-2.1692	-3.2804	1.26821740530645
36.838	-3.1052	-0.58324	-0.617059075052065
37.674	-6.0117	-3.9316	-0.548623708749012
26.615	-11.683	-3.4185	-0.405038615373795
36.16	-6.2388	-4.6065	-0.621923018586253
35.228	-8.4952	-3.2171	1.645
32.65	-0.74971	-6.2361	-1.34000523794373
36.935	-5.5179	-1.3782	-0.878350984473599
31.672	-6.1599	-5.747	-0.994388675205243
35.487	-7.1229	-0.32773	-1.10761028281767
37.299	-4.6356	-4.2258	1.38627870913161
27.474	2.3031	-0.87242	-0.993143086212159
21.749	-12.082	-3.1072	-0.221317369916313
38.197	-3.1683	-2.8039	0.384837158088432
36.926	-6.1455	-1.226	-0.660847595291996
29.572	-9.596	-4.4341	1.645
35.221	-1.4667	-5.6054	0.351916769276823
36.57	-1.9504	-4.6956	0.112276866892244
31.882	-0.57295	-5.8092	-0.757156455539311
37.644	-6.4692	-2.6675	0.380304889506637
33.436	-1.2899	-6.2745	-0.912549034753423
32.044	-10.644	-3.7583	0.742655025775094
36.501	-6.4825	-0.69156	0.170888357024517
37.587	-5.2175	-1.004	1.645
37.798	-6.4612	-2.1662	-0.459529459855215
38.141	-4.2786	-2.7783	-0.0937695173266487
27.479	-1.1421	0.8687	-0.122132359219651
35.615	-2.2489	-4.7724	-0.787947461127872
37.018	-2.1404	-3.4635	-0.808791355800984
35.285	-8.2893	-0.64382	-1.27968282217908
26.621	-0.41676	-6.7491	-0.902105725905776
37.887	-5.396	-1.5637	-1.22883059746991
35.031	-0.73919	-5.3013	1.645
37.16	-7.4515	-1.5202	0.0142707932378792
36.978	-1.6567	-1.9199	0.648789182159328
34.571	-8.8569	-2.5749	-0.146612492976136
36.349	-7.4662	-1.0629	-0.726177572949545
27.767	2.2237	-0.43318	0.811732427105649
36.745	-7.1831	-2.3689	-0.311077345981435
34.348	-1.5875	-5.124	-0.303320640198111
31.258	-10.897	-3.3516	0.876620911826743
37.519	-7.3869	-2.6661	-0.813172857315877
37.271	-6.6982	-1.6293	-0.686077357827742
18.772	-12.196	-3.1299	-0.104795743069637
36.105	-7.5793	-1.0388	-1.30767761743102
36.528	-6.7207	-0.3798	0.591429994855995
30.247	-10.532	-3.9948	1.32742349822212
34.201	-6.8832	-5.1613	-0.0881906958495596
36.973	-4.4217	-0.99545	-0.262037135315654
34.186	-2.9176	0.81454	-0.293305631032858
33.716	-7.4941	-2.944	1.645
36.056	-7.7506	-4.4819	-0.829554072916755
37.095	-4.2397	-4.9509	0.248087967546216
37.18	-7.2877	-2.0295	0.00293549497521418
37.75	-4.869	-1.3026	-0.532467524299264
38.042	-4.4673	-2.5642	1.32849715993192
29.538	-10.738	-4.0519	0.695414311719244
36.844	-2.8627	-4.1771	0.663362383551113
36.915	-7.9132	-1.4713	0.368736430639801
25.063	2.6942	0.50611	-0.169169361805538
36.086	-7.7136	-1.5338	-0.964147900838461
35.407	-6.9301	-1.0617	0.649206552230086
33.256	-0.209	-5.6186	-0.784138355168808
30.671	-0.85242	-6.8893	-0.719817522061884
29.81	-10.35	-3.8864	1.645
36.476	-7.382	-1.0621	0.275686303018537
35.186	-7.3743	-0.73991	-1.31402842439826
28.187	-2.0153	0.64751	-0.481621846702558
28.452	-0.64826	-6.6807	0.13499738563868
37.049	-6.6954	-1.5441	-0.759909265126294
37.404	-5.4861	-1.3972	-0.591572053282613
35.989	-1.6761	-5.1643	-0.69868752420756
37.069	-7.3037	-1.1191	-0.0638085859454168
35.769	-1.7993	-5.2612	-0.779134180954948
32.883	-8.6579	-4.8132	-0.475633062482044
34.933	-9.2861	-1.8374	-0.55849794727215
32.301	0.83282	-1.4899	-0.0768992331033534
36.561	-8.08	-2.507	1.12047443001514
32.13	-10.432	-3.3767	0.057452259538235
35.139	-7.3104	-0.6746	-0.228349171709862
36.16	-3.0067	-5.1595	0.249086200177041
34.744	-7.6455	-4.2175	-0.213419961458902
36.388	-6.8777	-0.40505	-0.553106153155971
36.956	-3.2025	-4.4751	1.645
24.668	-11.654	-3.2159	-0.910944269143071
30.035	-10.734	-3.8263	-0.153216224558556
36.223	-7.7271	-1.0545	-0.96398857493305
35.006	-5.2704	-0.66318	-0.65768392654281
28.21	-11.078	-3.6007	-0.655407114620466
35.965	-1.3746	-5.0021	1.15538108781539
37.031	-6.9763	-1.0374	-0.197076620778898
36.399	-7.0935	-1.8265	-0.328097773736476
35.179	-4.4275	-0.35156	-0.247677723112369
36.452	-2.8956	-0.53636	1.645
34.92	-2.2908	-0.34357	-1.17759471001913
36.206	-7.2978	-1.6692	-0.926421744196893
36.517	-7.0275	-0.29672	-1.30355516521743
36.197	-2.5887	-0.88178	-0.620103864158967
38.043	-4.5569	-3.3936	-1.28135071541123
37.609	-6.1563	-1.2378	-0.0167506759102101
37.326	-5.6839	-4.4112	-0.265578339617339
37.729	-4.9993	-4.3855	1.29397226034614
37.29	-3.1505	-4.2486	-1.05919258309834
37.144	-2.5994	-2.8073	-0.959260870836963
29.504	-10.993	-3.853	-0.576884541573423
28.019	-0.25125	-6.6692	1.645
30.135	-9.1454	-4.2499	-0.680277422137915
35.868	-8.013	-3.1225	0.910143918522779
37.26	-1.8777	-3.7953	1.645
37.216	-7.7869	-1.3901	-0.932463946766917
37.853	-6.0901	-2.2477	0.693050453114585
36.345	-2.7504	-1.3676	0.452353959095696
37.505	-3.3844	-3.665	0.890445514138821
37.548	-3.7864	-2.5541	-0.580444588607817
37.569	-6.5148	-1.4642	-0.453281996180399
35.949	-7.0988	0.036498	1.645
36.934	-7.1197	-1.3898	-0.665143540993
38.43	-6.1105	-2.4777	-0.590469089619757
35.131	-9.2436	-3.3567	-0.404627621081621
37.795	-6.7263	-1.3088	1.645
36.588	-2.8971	-0.65573	-1.645
26.577	2.4753	-0.54886	0.752213958785436
36.522	-7.3306	-1.1206	1.645
34.224	-1.4421	-5.2872	0.115501303729831
37.69	-2.9721	-2.3396	0.534969731884289
37.379	-3.6702	-0.92475	0.484972083239139
37.27	-6.4269	-1.0324	1.645
35.769	-1.1302	-4.9338	0.315343955501951
36.937	-6.6664	-1.0888	-1.12459408532401
36.636	-1.8449	-4.6217	0.594146015922989
25.808	2.4843	0.20229	-1.36218596010344
36.06	-7.5642	-0.4854	-0.593790064541881
33.384	-0.71081	-6.05	-1.05388870921252
36.51	-8.369	-3.6788	-0.99174388813924
37.756	-7.1614	-3.4233	0.466733137947409
33.209	-1.3065	0.58739	0.210088279911842
36.007	-6.7848	-4.2244	0.52481924230416
33.884	-9.4559	-2.2002	-0.955871991780764
37.013	-1.3675	-2.5758	0.770929858485478
36.102	-3.0749	-5.1304	-0.385133933331724
36.601	-7.2495	-1.0362	-0.480978939245381
30.361	0.79431	-0.83387	-0.492908076521261
34.925	-1.4506	-5.7603	-0.891136545402848
36.981	-6.4968	-1.3048	-0.939427759521345
35.769	-6.9619	-0.47515	-0.381026213627589
33.859	-9.2605	-2.5721	-0.587897909300501
36.531	-6.2769	-0.45093	0.231559148689165
37.348	-6.6439	-1.5268	0.392964285101063
30.026	1.6761	-1.1057	0.282361955171493
35.498	-8.087	-2.6598	-0.354624368532372
35.349	-1.7696	-4.8635	-0.831468754637907
36.03	-6.7396	-2.2656	1.645
36.177	-1.3727	-4.7834	-1.22757189999654
36.39	-6.9544	-0.46647	1.00034571796098
32	-9.0904	-4.758	1.645
37.33	-2.1802	-2.9054	1.58661178146156
33.365	0.518	-1.5642	-1.54470640327631
24.667	-11.97	-3.4268	0.0147577148125122
37.081	-2.2684	-3.7777	-0.174471536165853
36.719	-7.5573	-3.667	0.0322404822421001
36.752	-3.5477	-2.6273	-0.666651790721958
34.046	-7.7115	-0.99998	-1.03332535783597
31.038	-10.399	-3.8462	-1.05007707882629
37.4	-6.6576	-3.761	1.45711598796401
37.129	-4.2692	-2.0975	-0.449575033955617
37.579	-7.1001	-2.0947	0.44321046614775
35.633	-2.7754	-0.42644	0.300447289573912
36.651	-7.5829	-1.2475	1.39554987792107
36.495	-7.6701	-0.95526	-0.0768387532880739
37.485	-7.2194	-1.5734	0.441432969097629
35.72	-8.5251	-3.5035	1.645
28.68	-0.5989	-6.5866	-1.3185902983754
28.289	2.0839	-1.1024	-0.651766132224821
36.121	-2.9466	-5.1363	1.645
35.219	-2.1202	-1.3575	-0.721095863900993
36.234	-7.6629	-0.97961	-0.990375727803367
36.676	-4.9225	-0.54227	0.324871250072418
36.444	-7.3508	-0.80357	-1.21466483486833
36.307	-6.6518	-5.0565	1.645
36.083	-2.6015	-0.39972	0.890714678153194
30.214	-10.125	-4.3742	-0.299336885960895
28.257	-0.68969	-6.8239	-0.925152385871947
27.944	-0.12737	-6.92	-0.788823212985129
32.75	-10.422	-2.8005	0.541077097250694
35.129	-7.3311	-0.43908	-1.03674946606364
35.563	-0.78294	-4.4159	-0.71758600293024
33.454	-0.75361	-5.856	-0.256603431060327
37.754	-3.583	-4.2792	1.3903664879316
37.498	-3.5547	-4.4466	-0.443247347159121
33.381	-2.7503	-0.92077	-1.18782733593294
36.626	-5.7911	-1.2278	-0.515624987547745
37.731	-4.9146	-1.0312	-0.976553166269299
35.493	-9.2462	-3.3582	1.07341959653214
33.552	-9.7298	-1.7604	-0.696284727893208
34.078	-0.040589	-5.3448	-0.091288137856207
27.931	-0.28496	-6.5634	1.50257208100461
36.734	-4.8522	-4.9762	-0.605316036901002
34.952	-6.4194	-5.1862	0.156168310141676
37.412	-4.5111	-2.4789	-1.10264937016035
36.699	-4.6467	0.089536	0.270031199951059
31.683	-1.2044	1.0754	-0.978585143954365
37.255	-6.7602	-0.97143	-0.123205833863287
36.998	-6.6701	-0.68066	-0.95430106172209
36.022	-5.6927	-0.69924	-0.672226776594316
36.73	-2.8421	-4.3338	-0.32830781275526
35.304	-6.792	-4.5462	-0.877626001768463
37.151	-6.3028	-0.5405	-1.23385545157353
36.928	-3.1836	-4.6119	-1.06478932031065
37.872	-6.6212	-3.506	1.645
20.185	-12.42	-3.592	1.53271752572902
37.279	-7.3662	-1.4602	0.0100530555537129
38.435	-6.2835	-2.839	0.844004983785216
35.311	-1.2939	-5.3454	-0.324344862823163
36.361	-7.4636	-0.51885	1.01483340881934
36.191	-1.9754	-1.1911	0.195529172676252
24.626	2.8702	0.65734	0.810013037641213
36.478	-7.7756	-0.57777	-0.735104937283784
28.959	-10.732	-3.9835	1.31282347836552
35.937	-7.577	-0.66075	0.465141401864667
38.216	-4.6273	-2.5373	0.938324647190371
28.421	-10.501	-3.8962	0.271430077527986
34.882	-6.9392	-0.59267	0.888166832069457
34.273	-0.69818	-5.6839	1.645
36.284	-1.8405	-5.0251	0.1926582240058
32.664	-10.854	-2.59	-0.683192687683714
36.258	-3.1272	-2.1291	0.219276102616335
35.298	-7.0473	-0.77197	1.48885741856955
38.09	-4.6696	-3.7878	1.05839122221531
34.568	-8.0682	-4.3868	1.645
34.119	-1.5572	-3.3554	-0.764424754352722
36.426	-6.7145	-0.56541	-0.625488245701678
22.655	-11.631	-3.7513	-0.112744507885326
37.448	-6.4351	-3.4083	0.0553830636669514
33.764	-0.71277	-5.7633	0.0412670927299364
37.907	-5.6622	-1.514	-0.175071705671839
27.619	-11.723	-3.0238	1.645
34.669	-0.46744	-3.1166	0.778691723418447
31.359	1.133	-1.4757	-1.21611208214096
36.707	-6.8401	-1.3848	0.61334612020344
33.023	-9.9253	-4.2566	0.173763918676582
37.605	-6.5111	-0.87244	1.645
37.508	-7.0244	-1.8393	-0.509852653086015
37.717	-5.9636	-3.8253	1.27803484134872
29.047	-11.285	-3.5116	0.488512468854382
36.98	-3.2319	-1.217	-1.27348019568833
35.689	-6.7757	-2.8578	1.51446518138593
34.205	-9.6351	-2.6179	-0.300305372617499
29.441	-2.4441	0.42788	-0.67841458514047
36.297	-6.6218	-1.3064	-0.94192084724009
36.646	-6.9621	-4.4572	-0.108252427046869
36.479	-2.3034	-4.7111	1.645
36.254	-2.536	-4.605	0.488008535370098
38.051	-7.0224	-2.7249	0.531806804294975
29.674	1.9213	-1.1953	-1.645
29.713	-1.3836	0.57155	-0.078467612177785
36.204	-0.51726	-2.602	-0.796057376320761
35.856	-6.2175	-4.9262	-0.735206691445521
36.976	-6.7599	-1.9741	-0.769151379959085
35.681	-7.0142	0.034118	-1.08018290518345
37.188	-3.3266	-4.129	1.15112079159171
37.897	-4.8967	-1.5729	1.26222869790096
37.161	-2.9571	-4.3767	-0.612161716984322
36.84	-7.9578	-3.3052	-1.00186020886248
35.409	-7.9537	-0.78786	-0.503118962351257
35.475	-6.9959	-0.76676	-0.734791636598923
36.334	-6.388	-0.29077	1.31475310249401
37.53	-4.251	-3.1865	-0.868075764916057
29.373	-1.8565	0.38733	-0.815591425072884
38.014	-5.9577	-1.8809	0.743535079468982
37.285	-3.4399	-4.4883	-0.262089190650134
33.715	-9.6432	-2.123	-0.795026685734588
36.038	-5.389	-5.311	-0.534181875017001
37.744	-4.8284	-2.8158	0.611936712108181
29.606	1.5715	-0.54431	-0.910418633954469
35.59	-2.7801	-5.4654	-0.440033775054322
35.92	-6.9901	-0.49628	-0.415057043992484
28.91	-10.416	-4.3339	-0.824824641340013
34.219	-0.7002	-5.219	0.634276209097625
36.429	-1.94	-1.5444	-1.2457030784958
31.076	-10.596	-3.1788	1.48130106847677
34.849	-9.695	-3.414	0.947576682550964
36.037	-8.4397	-2.6454	-0.897429490465202
34.867	-2.1455	-5.957	-0.196047303629129
34.821	-6.2335	-5.3327	-0.112392986423621
35.237	-0.69076	-4.8874	0.521982799899596
31.307	-10.824	-3.7747	1.645
34.944	-1.8333	-5.6746	-0.0690469612319705
35.119	-8.7121	-3.9509	-0.971813384880408
34.309	-1.5814	-3.0886	-0.582921399177668
37.065	-2.8718	-1.9238	1.30112177150078
38.1	-6.0953	-1.2467	-1.38310718298655
37.827	-3.3669	-2.5679	-0.654498528140528
36.713	-2.7918	-3.6785	1.57035254235928
34.29	-0.70505	-5.4116	-0.664960588008085
26.475	2.8001	-0.13414	-0.694240475754009
35.868	-5.9551	-0.76246	-0.840505642399645
29.127	1.8274	-0.60295	0.425047308649853
29.139	-10.899	-4.2139	-0.696310782890012
35.855	-8.5351	-4.1011	0.946817830934565
35.983	-8.1255	-2.4158	-0.332492818597948
36.442	-8.308	-1.1302	-0.279492971865554
35.258	-5.3219	-5.4431	-0.790670075420366
38.079	-6.2421	-1.3115	-1.61634951347628
36.12	-6.1442	-0.35725	-0.722373264593856
33.407	-9.7397	-3.9947	-0.62259292179607
36.491	-1.3732	-4.2775	-0.671083511585461
36.811	-6.4165	0.35144	-0.768402220454186
36.682	-6.2436	-0.22291	0.34174224114104
25.316	0.0397	0.96357	-0.705007364147127
36.853	-6.3522	-2.1496	-0.786673120087225
35.801	-6.039	-0.10692	-0.70719018115704
37.219	-2.0424	-2.5208	-0.827217014034295
37.295	-4.7406	-4.9434	-1.29413364194826
37.969	-4.1044	-3.9668	0.109015496338613
37.252	-3.2123	-4.5515	-1.09492308894126
37.157	-2.2965	-4.1908	-0.42110429036736
35.261	-1.5128	-5.0484	-0.305053956764988
36.309	-1.0166	-2.6914	0.719713802584814
36.212	-2.8864	-4.4424	-0.31884614440539
36.786	-8.3038	-2.0017	-1.20704257558509
34.084	-5.1555	-0.37926	-0.699185490686958
36.177	-1.8567	-5.0243	-0.561122380472434
35.12	-1.2742	-2.8903	1.645
37.298	-6.2867	-4.72	-1.25699650355288
28.343	-11.733	-3.5872	1.31457429180126
37.221	-6.2661	-0.70586	1.14031265792114
29.772	1.7553	-0.20628	-0.45463915689497
37.707	-3.9647	-4.055	0.311744949214951
34.832	-1.3266	-5.3939	0.853732306252737
25.93	-1.2025	0.87789	-1.06567729878549
36.196	-2.2167	-5.2777	0.655106115629405
28.861	-2.2487	0.5869	1.645
28.796	2.6423	-1.0447	0.883496590003634
30.903	0.73487	-0.78254	-0.691156493500139
29.747	1.7848	-0.64182	-0.164991019657607
27.805	2.13	0.2655	-0.947779770859353
37.736	-7.0645	-2.0451	0.189317006928787
35.14	-0.37334	-2.7565	-1.08375461267936
34.878	-7.421	-4.5206	1.20912027267722
34.134	-10.156	-2.7773	-0.0545395002797732
36.939	-3.7073	-4.6069	1.645
28.89	2.0927	-0.92713	-0.388033943006
30.806	-9.287	-3.5933	1.645
36.054	-7.6498	-0.76852	-0.393764024269328
37.718	-6.805	-2.3753	1.645
37.859	-5.8203	-2.0456	1.30175163049502
36.415	-3.3798	-0.64911	0.0661729293926613
34.659	-0.55942	-4.4261	1.645
34.169	-2.2291	-0.29475	-0.526922353540067
37.667	-3.3869	-1.5302	0.72623195222617
29.455	1.4441	-0.33154	-0.0365720458427491
35.239	-7.2057	-0.80222	1.645
28.169	-10.539	-4.4468	-0.401254083340622
31.845	1.0033	-1.1008	-0.80641780716157
35.607	-1.8209	-5.5017	-1.27880001962997
36.408	-7.0685	-0.74929	1.53638098706978
29.989	-1.4419	-6.6104	-0.281440755125202
35.874	-8.6177	-1.8043	0.419676446031017
33.966	-0.18969	-0.95979	-0.891231020140829
16.859	-12.177	-3.2421	-0.380695159195339
27.032	-11.414	-3.9168	-0.189966693298274
38.014	-3.428	-3.3169	-1.645
37.001	-1.8216	-3.9956	-0.385484017871046
32.789	-9.4975	-3.0511	-0.649266011541618
37.079	-6.2808	-0.77346	0.0332565610178815
38.182	-4.7359	-4.0348	0.982560142662238
23.052	-12.064	-3.317	0.864564957271725
36.623	-2.2417	-4.4946	-1.28445449556587
38.23	-4.9132	-3.4835	-0.380631656305042
37.664	-3.9756	-1.3644	1.26857993188049
37.236	-5.8353	-2.0778	0.71857925167637
37.772	-3.5059	-3.3861	0.296194826526014
35.735	-6.692	-0.29731	0.537341976259034
28.783	-1.1034	-6.5278	-0.624328331852595
36.674	-2.2954	-4.338	1.28299525768952
36.212	-4.2356	-0.11937	-1.09092870770808
35.146	-6.8688	-1.1453	0.102416141107876
34.324	-1.491	-0.028499	0.957194931538343
35.082	-1.3413	-5.5522	0.0172397710424549
36.296	-3.9297	-1.4904	-0.208764420863435
36.684	-6.916	-0.54257	0.342218293929192
37.029	-6.5279	-1.0449	0.974328086208276
35.259	-0.56743	-3.8436	-0.397010968670991
35.647	-8.0758	-4.3618	0.682370390585801
36.513	-7.4862	-2.793	-0.541835584741989
35.948	-1.8128	-5.129	0.488805912654037
36.367	-7.0131	-1.7098	-0.476312082872944
37.108	-2.6266	-1.3105	0.654260623795069
38.418	-4.7373	-1.7362	-1.14391668341206
31.359	1.2267	-0.79001	-1.35614095098815
37.418	-2.9354	-2.5082	-1.645
35.873	-6.1718	0.076158	-0.661218112080054
35.68	-4.0853	-5.459	0.783240647098285
35.262	-6.5396	-0.11959	-0.837431625475845
35.477	-1.5291	-5.0441	-0.704330604450472
37.331	-2.3602	-3.1346	0.432029220813446
32.942	-10.187	-3.8424	0.738568163820604
30.72	1.4517	-0.34053	-0.364741142700797
37.434	-3.8318	-1.858	-1.16091860120051
34.415	-6.8325	0.075148	-0.885141210830442
24.838	-11.328	-3.8629	0.0839515264863869
27.447	-11.476	-3.9333	0.883870619942191
37.352	-7.3788	-1.6396	-0.963071939870914
36.437	-3.6993	-4.3082	-0.576254815633489
37.684	-3.9188	-3.9944	0.444595663232581
36.382	-2.1964	-0.9519	-0.0618166625650872
33.624	-9.7678	-3.2114	-1.24481346810203
36.942	-6.4637	-0.66239	-1.1891520785507
36.733	-2.908	-4.739	0.228226742658887
27.224	-11.557	-2.9923	0.209089497057173
27.402	2.3625	-0.79184	-1.42072053674988
36.808	-7.1617	-1.0805	-0.778547157243505
38.398	-5.8134	-1.1318	-0.284101399445578
35.716	-8.4489	-2.1184	-0.76523275719841
34.93	-7.4385	0.28604	-0.107599190902864
27.763	-0.19828	-6.7383	-1.08195923595436
36.131	-6.7703	-0.6249	-0.371522080109443
36.848	-6.5595	-2.1398	-0.816441594881247
36.904	-2.4271	-4.0264	-1.19330037136597
36.997	-2.8596	-4.6194	0.374665808729302
37.127	-6.706	-1.4274	-0.40946909209429
36.324	-7.7981	-3.4379	0.271670684468475
24.91	-11.954	-3.5912	0.293110272483081
34.952	-1.4921	-5.7799	0.399202312040568
36.24	-2.3286	-1.4169	-0.444783133067481
35.681	-8.7417	-2.8366	-0.236310905537736
19.144	-11.629	-3.5846	1.40672703301899
27.676	-0.63697	-6.9622	1.30018270237329
28.073	-11.668	-3.1194	-0.87530112643099
34.092	-8.9227	-4.1576	1.645
33.033	0.14127	-0.89016	0.405450127019597
37.305	-7.1596	-1.4898	0.49391000046486
36.678	-7.6703	-1.4146	1.0924657474866
35.541	-0.99494	-3.919	0.203055339356284
27.536	2.4938	-0.31686	1.645
37.54	-3.8517	-4.3804	-0.35672996772147
29.493	-2.0896	-0.37662	-0.113659575781218
33.853	-7.9412	-4.2012	-0.65477779282042
36.667	-6.7386	-0.78268	-0.225026673627341
37.914	-4.9455	-1.6546	-0.74217612118599
38.086	-4.8205	-3.8928	1.645
37.988	-3.183	-3.7179	-0.181078621829307
33.114	-0.44001	-5.9828	-0.0367205013043999
36.626	-6.7312	-0.7282	-1.645
38.056	-6.0844	-2.1369	1.645
36.981	-6.59	-0.49138	-0.509231561244372
35.107	-0.70271	-4.7009	-0.0788776308396128
36.601	-3.3263	-0.83788	0.496259066585311
36.758	-6.2914	-0.49534	-0.988388120038567
35.984	-1.9774	-4.2136	-1.03430038676034
38.043	-6.8756	-1.8666	-1.41806613019939
38.032	-3.8433	-2.5224	-0.712111986897282
37.578	-6.9156	-1.9975	-1.04742575426093
34.549	-0.84299	-5.6394	-0.964340514020708
33.092	-2.3509	-0.10809	-0.624331639041749
18.681	-11.853	-3.5342	1.17223926638555
29.63	-0.92416	-6.7941	-0.758530492452314
36.693	-3.4679	-1.3316	0.0414066334160579
36.52	-7.3394	-3.0192	-0.419774076132569
33.627	-10.262	-3.7998	-0.535197368460518
36.36	-2.2355	-0.98092	1.04340242267755
34.883	-4.4287	-1.5223	0.561918214847516
29.642	-1.2463	-6.7948	-1.32584813933799
31.516	-1.6663	-1.0651	-0.691949452342958
25.941	-0.49807	1.7601	0.437835362463345
35.391	-7.7354	-2.7639	0.44415519649043
34.387	-0.70831	-5.5504	-1.1865342481239
28.167	2.2203	-0.26485	-0.534827964348857
37.08	-2.6979	-1.4846	-1.32642825053586
22.571	-0.57713	1.5151	-0.529758376405465
28.368	-0.59665	-6.7559	0.966856259567444
34.114	-0.95412	-5.5611	0.89510880801919
27.802	-0.52154	-6.6001	-0.669935634732356
37.172	-5.7699	-2.3884	0.823641700783921
37.908	-5.4849	-2.8675	-0.521952785864761
34.733	-2.7372	-1.1845	1.052898804519
36.989	-2.1522	-4.4694	-1.54470786285085
22.106	0.18732	1.8667	-0.880481515638322
36.596	-8.2474	-2.108	0.757084142065918
36.406	-3.0178	-1.5552	-1.17864670368314
33.946	0.48495	-2.0193	-1.03568059237187
36.872	-6.6326	-0.5159	-0.238824593284707
27.474	-0.29098	-6.7196	-0.667404904657425
37.508	-3.0489	-2.1855	-1.52587120330681
