12.655	-12.024	-3.1062	0.484184715394284
31.972	-10.291	-4.3015	-1.04385281683837
35.754	-8.7903	-3.0805	-0.956443753071454
36.325	-6.6188	-4.8643	-1.31916587149003
37.732	-3.9914	-1.8724	1.19157628213216
22.895	-11.764	-3.655	0.480334311808079
37.795	-6.7263	-1.3088	-0.618157649474339
33.524	-0.99915	-6.1235	-1.20598958979146
27.282	1.8772	0.36123	0.693634849368307
36.561	-8.08	-2.507	-0.748951503648556
28.696	-0.68077	-6.8741	0.245164633006138
36.523	-6.9224	-0.55317	-0.344852915122475
35.129	-7.3311	-0.43908	-0.923818873345853
32.987	0.16537	-5.4076	-1.07333342189179
29.769	-1.6298	0.65782	-0.456077965268
37.267	-6.9481	-1.9059	0.315782715211025
27.04	-0.27364	-6.8262	1.55597070720745
33.758	0.38343	-3.2386	0.00513174003360907
36.678	-7.6703	-1.4146	-0.882450289340434
34.893	-8.2576	-0.2879	-0.638860335080615
35.366	-1.8119	-5.5672	0.019207880784352
38.041	-6.1191	-1.0396	1.57228607234916
36.668	-5.7643	-0.36006	-0.845173888786519
37.231	-3.9099	-4.7721	-0.696298380115886
37.198	-6.5255	-1.0386	0.381731918857682
34.789	-7.3388	-0.54573	-0.775276471101963
38.1	-3.8544	-2.0497	-1.645
37.359	-3.4721	-4.3656	-0.679128615646868
35.822	-6.391	-2.1782	-1.50840915607603
37.645	-3.0373	-2.7639	1.645
31.307	-10.824	-3.7747	0.484221769146137
35.937	-7.7764	-1.2843	0.66608241418645
23.069	-0.86413	1.3787	-0.858138076203152
34.867	-2.1455	-5.957	0.0599526973962296
33.48	-0.64767	-5.7709	-0.197988283375931
33.343	-10.105	-3.3928	-1.61511344057451
36.03	-6.7396	-2.2656	-0.649774360097355
37.007	-3.2381	-4.6457	0.584126264812719
33.037	0.75239	-2.4438	-1.52746011564466
37.4	-5.3887	-1.203	0.290813633097375
22.905	-1.2773	1.3333	-0.556401759412447
36.915	-7.9132	-1.4713	-1.10414094508597
29.076	-11.036	-4.0158	-1.43072310961073
36.961	-6.9266	-1.1732	-0.725218750248349
29.185	-1.0694	-6.7569	-0.644745464308942
32.196	-1.6907	0.61627	-0.934000957036466
31.782	-10.612	-2.5976	-0.901892930572436
33.526	-9.8154	-3.646	-0.881697299859211
36.034	-7.4432	-0.97491	-1.12730012358797
26.612	-11.577	-3.6266	0.175069617615234
38.175	-6.4615	-2.3743	1.58233531411924
36.054	-8.1439	-2.2738	0.395037786190121
33.291	0.40457	-1.8331	-0.7239326283341
32.942	-10.187	-3.8424	-0.0431271431145283
32.896	-9.6574	-3.1526	-0.038220238262545
35.662	-6.8765	-0.14067	-0.705926242432485
28.415	-1.9853	0.6287	-0.757971476821446
36.06	-7.5642	-0.4854	-1.43178803659478
33.85	-8.5339	-4.1833	-0.158633481633663
37.444	-6.7964	-3.6172	-0.230276117924101
34.669	-0.46744	-3.1166	1.645
36.381	-6.3235	-0.97449	-0.973918617908475
29.113	-0.98121	-6.9442	-1.32822059976667
35.298	-7.0473	-0.77197	-0.802407166304137
37.079	-6.2808	-0.77346	-0.740356723040678
34.808	-9.1052	-3.57	-1.11637247373632
29.709	-1.2098	-6.7267	0.611582117084405
36.732	-2.5374	-4.5019	-1.38191090823694
36.093	-8.6628	-3.2445	-0.430746218158905
33.448	-0.77411	0.15523	1.645
35.78	-6.7263	-1.6317	0.859084410129231
31.72	-0.96702	0.3544	1.09677525256463
36.197	-2.5887	-0.88178	-0.845737653929126
36.51	-8.369	-3.6788	0.498038784874782
18.681	-11.853	-3.5342	-0.0484977906036144
27.695	2.5926	-0.75992	-0.681392384380017
35.405	-0.70375	-4.8046	1.645
37.609	-6.1563	-1.2378	-0.0427015902533476
33.226	-8.1007	-3.0252	-0.11549310229429
35.484	-8.9282	-1.9391	0.977486571947511
29.196	-10.899	-4.0629	1.0176631727017
36.844	-2.8627	-4.1771	-0.240191644369531
37.255	-6.7602	-0.97143	-1.02691309766879
37.16	-6.5484	-1.2193	1.6117842997314
35.826	-8.9178	-2.6398	-0.0421958030207844
37.001	-3.1956	-1.9825	-0.927308445724492
36.861	-6.3361	-0.60656	-1.11440126964988
27.032	-11.414	-3.9168	-0.999338862964099
27.767	2.2237	-0.43318	-0.874932894039764
38.265	-5.2641	-1.6418	1.53876164886997
35.626	-7.5125	-0.57968	0.00585868290991308
34.65	-7.5723	-2.293	0.510966853605255
36.872	-6.6326	-0.5159	-0.949305057211099
33.546	-0.34527	-5.445	-0.842572542796442
29.139	-10.899	-4.2139	-0.319590605072584
35.914	-2.1429	-5.1293	-0.94678917532295
36.241	-3.1487	-1.2023	-0.960513293245919
33.832	-9.4165	-3.2844	0.365705645603498
29.685	-10.994	-2.7076	-0.822107931691076
34.219	-0.7002	-5.219	-0.933517634051943
36.759	-3.5836	-0.81804	-0.750053400451428
36.013	-5.2962	-5.2194	-1.08227102698107
27.224	-11.557	-2.9923	-1.04470574199881
37.642	-6.2693	-1.2363	-0.298294465758302
20.617	-0.3175	1.6639	1.07216337622617
32.761	-10.279	-3.5803	1.28014248650532
37.166	-4.2299	-4.5378	0.497860315350682
36.077	-2.6253	-4.9514	0.837168645341739
32.789	-9.4975	-3.0511	-0.742111206836594
37.112	-7.4161	-1.9881	-1.20036805400264
31.672	-6.1599	-5.747	-0.0646884228087198
38.006	-4.5622	-1.6132	1.31456722437312
36.613	-3.0796	-0.94265	1.645
33.189	-2.0783	0.76822	1.41109135294383
36.04	-6.7814	-0.20054	0.342937188554563
34.659	-0.55942	-4.4261	1.10539669118691
34.583	-9.2741	-3.2361	-0.136894972952564
32.516	-10.186	-4.2238	1.09970664201662
36.996	-7.5551	-2.6668	-1.645
31.329	-9.8618	-4.0712	-0.0860643170196462
35.141	-7.3093	-1.8385	-0.302420085355542
36.952	-8.0395	-3.7747	-0.590884464923057
34.25	-0.42419	-5.4538	1.13886188855885
38.371	-4.863	-2.051	0.402455437630675
27.77	-11.555	-3.6482	-0.892070447574711
33.627	-10.262	-3.7998	-0.735618727865047
37.13	-6.6506	-0.87502	-0.762413384210085
24.476	-1.1701	0.93116	1.645
33.871	-0.68123	-5.6772	-0.79107093970947
36.911	-4.0324	-0.88935	1.25149436292809
35.201	-6.4466	-4.6978	1.49684416878219
34.055	0.053927	-3.4849	-1.13245996390869
36.796	-7.0838	-1.2456	-0.810322709153687
34.061	-9.7107	-2.6267	-0.15398019223536
38.028	-3.372	-3.8422	0.775763836066229
20.626	-11.99	-3.1838	1.45043039385023
30.886	-9.9839	-3.954	0.323752636235398
35.188	-7.5203	-0.50527	-0.839598356846997
37.127	-6.706	-1.4274	1.645
36.851	-6.8	-1.1773	0.384289633849489
35.158	-7.4175	-0.57039	1.17357890368155
37.568	-3.1113	-4.1591	-1.03818885033384
36.388	-6.8777	-0.40505	1.645
34.481	-0.83471	-4.8208	-0.651327897429568
35.571	-0.535	-3.7779	1.5874470439116
28.257	-0.68969	-6.8239	-0.0845333271887069
37.21	-7.0648	-0.9211	-0.843278409910197
35.179	-4.4275	-0.35156	0.135215449938951
32.564	-8.7826	-4.3392	0.941410220990842
33.074	-10.314	-3.0415	0.550578756966545
37.294	-1.9809	-3.4145	1.51216149508631
33.145	0.72644	-3.0346	1.28472275540239
37.658	-4.6228	-3.5033	1.645
38.056	-6.0844	-2.1369	0.537089314300179
34.952	-6.4194	-5.1862	0.395666048377315
36.922	-6.114	-0.78434	-0.600143179870833
37.407	-3.279	-1.2402	-0.953630600863432
36.702	-4.5632	-0.72328	-0.0522590758573364
25.277	-1.3055	1.488	-0.181063478748564
38.176	-5.8106	-2.8118	-1.16921059939801
37.97	-6.9158	-1.8538	1.42615475007969
33.492	-9.8817	-3.9009	-0.231904136272633
37.271	-6.6982	-1.6293	-0.209806936091103
29.709	-10.969	-3.9119	0.951637130549551
27.931	-0.28496	-6.5634	1.645
37.41	-6.4188	-0.83121	0.282918959368964
37.498	-3.5547	-4.4466	0.815798173886868
36.327	-3.639	-5.216	-0.211530426715417
38.265	-6.0586	-2.7998	0.0717356120653649
35.901	-7.5783	-1.5121	-0.340009848895261
26.345	-1.1055	0.5634	-0.847832499973283
30.396	1.5929	-2.7118	-0.862723974456891
37.144	-2.5994	-2.8073	-0.242543577452352
36.307	-7.1819	-0.72469	-0.740052939882927
34.541	-2.8555	-1.6681	-0.193577705583403
24.144	-11.871	-4.1725	1.33954898703786
35.184	-9.2901	-3.1965	-0.793014664734509
33.298	0.35184	-3.695	-0.906332221175084
34.574	-3.6874	0.49795	-0.389706508978962
36.008	-4.144	0.37998	-0.428968370856382
35.665	-1.1446	-3.4708	-0.649797992051806
33.919	-7.0507	-5.0645	-0.891971930882132
35.733	-1.9219	-0.14499	-0.819405815699209
36.599	-6.6278	-0.62335	0.731902073362012
35.409	-7.9537	-0.78786	0.672081067676449
35.111	-2.7285	-5.6907	1.645
36.947	-7.3373	-1.2444	-0.148792829966926
37.27	-6.2276	-1.1357	-0.401880820657821
36.292	-2.6554	-4.4174	-0.648899350442369
26.988	-0.92323	0.91876	-0.0224411259301252
37.275	-3.0113	-4.2995	0.225415308034381
29.441	-2.4441	0.42788	0.340658225081981
36.24	-2.3286	-1.4169	-0.641252084637293
20.185	-12.42	-3.592	-0.320862250251726
27.676	-0.63697	-6.9622	-1.10551250481399
36.12	-6.8519	-0.23334	-0.151830285025995
34.492	-7.3364	0.24994	0.0786615913261845
35.456	-3.3218	0.088323	1.0009511977928
36.026	-2.1342	-5.1439	0.043395311082749
32.044	-10.644	-3.7583	-0.911300614971071
36.358	-1.9963	-3.3979	1.645
37.491	-6.0219	-1.2997	-0.858126417354717
33.734	-9.5652	-3.4776	0.041933511408366
31.819	0.77723	-1.5751	-0.70527102196523
37.885	-6.1483	-4.0581	-0.501261349424674
36.932	-2.2441	-4.676	1.645
36.671	-6.1766	-4.2952	0.279647120920793
36.194	-6.8002	-1.6144	0.163672527395145
37.919	-4.1884	-3.3612	1.645
36.996	-7.5969	-1.0678	1.645
37.644	-6.4692	-2.6675	-0.941958346289467
30.214	-10.125	-4.3742	-1.49553327157233
31.935	-9.6442	-3.1092	0.757532701067245
36.835	-3.5596	-0.94827	-1.18108457854823
37.16	-7.4515	-1.5202	1.38054244835809
36.19	-1.7172	-3.5639	1.53575403540818
36.301	-7.5684	-2.2311	0.444074164182871
37.835	-4.0336	-3.727	0.915096977437143
34.719	-0.76652	-0.38087	-0.988613960177227
36.125	-7.0592	-0.43751	-0.811746999311562
35.269	-8.6907	-0.96378	0.362696026229087
35.408	-1.3801	-5.2085	0.254874733797924
35.802	-9.2502	-3.1529	0.640363743533591
36.474	-2.0151	-4.8982	-1.645
37.012	-7.3768	-2.6185	-0.468922381538245
32.421	-9.9028	-3.8736	-0.878010447347661
35.261	-1.5128	-5.0484	-1.0892677688568
36	-9.0717	-3.5695	0.263293606555687
37.059	-7.1464	-0.47755	-1.21938340982704
36.099	-2.2894	-4.5739	-0.463459336072391
37.693	-6.9362	-2.1968	-0.520610817771936
36.896	-1.6696	-2.1151	-0.110386430239097
37.163	-4.0055	-1.8496	0.822193697226574
37.675	-7.2641	-2.5191	0.897700529590243
33.493	-0.10664	-5.5756	0.203554276856871
28.024	-11.618	-3.2678	-1.09341219615573
30.162	1.0924	-0.59141	1.42454042337167
37.356	-5.2576	-1.0494	1.645
29.6	1.593	-1.8446	-0.870768338666583
36.618	-7.6655	-0.98104	1.37211620698993
38.141	-4.2786	-2.7783	-0.179541324493186
24.924	3.2424	0.63254	-1.09357175499211
34.462	-9.6263	-2.7398	1.645
34.237	-8.2289	-3.8283	-0.36651962526661
37.432	-2.5769	-3.2596	-0.601459278969309
36.584	-3.2355	-4.7375	1.645
26.98	-11.301	-3.1408	-0.228045423870676
36.394	-6.1789	-1.2919	0.033522766758536
37.081	-2.2684	-3.7777	-0.536843331114186
34.878	-7.421	-4.5206	-0.829359301011438
34.875	-7.5634	-0.67985	0.960236013408218
35.071	-9.1648	-1.7033	-0.285430811602739
36.973	-4.4217	-0.99545	-0.895645624230755
37.251	-3.3098	-4.4526	-1.06687760355322
38.169	-4.0381	-2.3338	0.512429914488407
28.783	-1.1034	-6.5278	-1.19016439903894
31.428	1.6486	-2.2588	0.052710441935973
34.74	-1.4122	-5.6472	-0.624219511012091
32.294	1.3388	-1.5872	1.2245870272823
37.652	-4.4151	-4.0434	0.130631562704623
25.356	-12.145	-2.9767	-0.659324277604268
36.98	-3.2319	-1.217	-0.411521964691718
38.276	-3.9029	-2.2387	1.14135396493996
36.433	-4.7672	-1.4114	-0.806633611339708
34.882	-6.9392	-0.59267	-0.635234776230101
36.473	-1.6404	-4.767	-0.440657821634869
35.937	-7.577	-0.66075	1.34462714018343
35.647	-8.0758	-4.3618	-0.688136435558631
27.088	0.10397	-6.6888	1.645
34.134	-10.156	-2.7773	-0.28285438743973
32.053	1.3059	-1.5197	0.382759610557736
36.234	-7.6629	-0.97961	-0.894624129195204
36.718	-6.6751	-0.98773	-1.44277821925456
36.676	-4.9225	-0.54227	0.342075545517719
38.018	-6.5426	-1.8973	0.584436999805471
35.879	-1.4706	-5.0897	-0.955572477390693
36.437	-3.6993	-4.3082	0.871399228069197
25.634	-1.2253	0.94194	0.994159833142765
34.309	-1.5814	-3.0886	1.645
37.108	-2.6266	-1.3105	0.13331260800336
36.944	-6.5048	0.15745	-0.708364718064864
36.399	-7.0935	-1.8265	1.06240277452442
29.461	-1.419	0.7187	1.645
28.418	-11.12	-3.9506	-0.207523656220535
29.127	1.8274	-0.60295	1.47164259314891
37.195	-6.8729	-0.94274	-1.11484929316649
29.038	-11.463	-3.3336	-0.887730423763876
31.846	-3.3065	-0.63738	-0.729942481265959
38.137	-5.8416	-1.5113	-0.0328991515019546
33.449	-0.70302	-0.86649	-0.430533475558426
37.065	-2.8718	-1.9238	1.645
28.845	-0.3391	-6.3215	-0.852939701891748
30.035	-10.734	-3.8263	-1.02190455595882
37.519	-7.3869	-2.6661	-0.317849298565997
36.626	-3.6918	-0.73483	-0.700337104579003
36.07	-7.6448	-1.1824	1.645
34.081	-0.19025	-0.19369	-0.752268573883491
31.873	1.1603	-1.4668	-0.153833575223509
33.708	-1.6614	0.33322	1.25674325839033
37.657	-5.2865	-0.77623	1.07928892305215
29.977	-11.456	-3.3584	-0.905900147450857
35.689	-6.7757	-2.8578	0.439480438360514
36.763	-2.5223	-2.4664	0.159800355931685
38.1	-4.3733	-2.6288	-0.807189631126196
35.301	-7.1362	-0.87532	1.1373529773069
33.624	-9.7678	-3.2114	1.11522840012133
36.613	-7.0288	-0.34779	-0.0530745633813876
29.561	-2.1923	-0.92529	1.645
13.152	-11.939	-3.2046	-0.895802447733687
35.308	-9.5027	-2.4343	-0.965884361198085
32.963	-0.82231	0.13576	1.645
36.12	-6.4143	-1.0835	0.819991259293796
19.144	-11.629	-3.5846	0.959749369153707
36.291	-3.2826	-5.4975	1.44855915940509
37.137	-3.3898	-4.8805	-0.839630176471705
34.483	-1.1037	-5.7561	-0.233261902264671
35.375	-5.2242	-0.81239	-0.780520770511203
37.023	-7.7618	-3.0738	-0.577777073665396
34.882	-7.8087	-4.7386	-0.412766514713114
24.401	-1.0807	0.94528	-1.01490889174969
23.219	-11.625	-3.7246	-0.529391025760676
36.409	-6.4671	-0.54685	-1.15731702770448
36.147	-2.2079	-4.9607	0.433629026475284
31.827	0.24387	-1.1057	0.527486742819605
33.279	-10.124	-3.4263	-0.119341833647133
25.232	-11.836	-3.4376	-0.441122741581261
35.527	-1.6899	-5.4983	-0.0338769067570578
37.151	-6.3028	-0.5405	0.0299025000392203
35.196	-7.2738	-0.20346	0.86062635529625
29.473	-2.0004	1.2233	-0.636667397993073
27.184	-1.4529	0.40133	0.161628812266903
35.517	-6.5056	-0.50915	1.04273343412316
38.23	-4.9132	-3.4835	-1.38243463336037
36.185	-8.2947	-3.287	-1.13847348838501
30.435	-2.0178	-5.0573	0.633376953928035
30.771	-10.607	-3.8479	-1.645
26.075	-11.349	-3.6326	0.00939967961057013
34.81	-1.815	-0.71735	-0.705131161244303
37.654	-2.3191	-2.4915	0.244978696567247
36.624	-2.5872	-4.7152	-0.603680016651553
36.201	-2.0957	-4.461	-0.32819245981047
36.613	-7.1136	-0.79163	-0.583317786100774
34.537	-0.89781	-0.21511	0.778800549605856
37.264	-6.0234	-0.95589	0.779885874371334
38.018	-4.0021	-3.4175	-1.1685533216253
31.809	-9.8667	-4.0254	0.126717548241664
37.311	-7.1319	-2.484	-0.224525920542008
34.324	-1.491	-0.028499	-0.790148944622275
36.295	-7.3641	-1.1927	-0.80689839230493
36.379	-3.7123	-1.4074	0.676013771538005
37.279	-7.3662	-1.4602	-1.09391369099897
37.437	-6.1818	-4.1612	0.213454894378319
36.163	-7.092	-0.771	1.02333188584431
29.538	-10.738	-4.0519	-1.23543909815269
34.858	-0.90232	-5.1763	0.897374150626267
27.274	2.4161	-0.10539	-1.24070477274769
34.572	-0.91389	-5.3163	-0.71978219802388
37.709	-3.0288	-3.4199	1.645
36.431	-1.4634	-3.8262	-1.07442686487015
36.294	-2.8729	-4.9081	-1.16707373429523
25.296	-0.72466	1.6146	-0.675359787845225
37.809	-6.3381	-1.42	0.746174675160255
36.037	-8.4397	-2.6454	-0.385653031206245
35.549	-6.4596	-0.15332	-1.10746422496971
33.349	-0.35116	-2.0425	-1.02767995799733
37.061	-7.7577	-3.156	-1.39265793144817
37.754	-3.583	-4.2792	1.58747179766066
33.401	-1.0653	-5.7202	0.727898547396301
36.339	-7.668	-3.0652	-0.741194972308604
35.933	-8.4365	-1.8553	1.645
34.45	-0.82641	-5.3395	-0.11361172975194
36.682	-6.2436	-0.22291	0.0873611630076667
37.81	-6.0972	-2.6215	-0.592863907322122
32.465	0.75286	-1.4389	1.645
33.373	-6.1595	-5.613	-0.798200467748491
37.493	-3.1652	-4.0554	0.113098774527618
37.005	-7.4155	-1.2923	-0.766383141818802
36.261	-6.8152	-1.5389	-0.0474555569273069
35.361	-7.6139	-0.68234	-0.752412968015057
33.652	-9.6058	-2.9365	1.16154288471911
36.056	-7.7506	-4.4819	-0.720405094484058
37.185	-5.435	-1.2468	-0.987830971215232
36.206	-7.2978	-1.6692	-0.74696041377657
37.731	-4.9146	-1.0312	-1.21276723580449
36.425	-0.63911	-3.5397	1.59847008737453
35.97	-1.7404	-1.3486	1.645
27.506	2.6504	-0.70193	-0.771014013841795
33.114	-0.44001	-5.9828	1.17946233267862
35.169	-9.4052	-2.0994	0.295645434315379
37.188	-3.3266	-4.129	-0.855521529910428
29.485	-11.04	-4.0291	-1.49804934919771
37.161	-2.9571	-4.3767	0.163429747504742
34.237	-0.72906	-5.5845	0.41995254274982
35.372	-7.55	0.094466	1.563044796308
36.406	-3.0178	-1.5552	-0.0592897898855225
36.452	-2.8956	-0.53636	-0.372896245170971
37.122	-3.4666	-4.8168	1.645
36.113	-7.5229	-1.1566	0.843075104957857
29.985	-11.016	-3.6217	-0.358009924863711
37.998	-6.5588	-1.1578	-1.4550672039264
37.587	-7.0356	-2.9008	-0.394095645035026
35.577	-2.1617	-5.7207	-1.15826199454011
34.92	-2.181	-0.95545	-0.0594731809215801
35.805	-0.27107	-3.7675	0.303919805214482
28.421	-10.501	-3.8962	-0.939671394668154
36.107	-8.3833	-3.8955	-1.12935158235769
29.81	-10.35	-3.8864	-0.746016081237091
35.653	-7.9359	-0.91161	0.716709944260954
31.882	-0.57295	-5.8092	0.899954537317538
32.516	-0.5129	-6.2823	-0.385949225733642
36.741	-6.2321	-0.25214	0.76452960787602
37.247	-5.6924	-4.4819	-0.689180225315067
35.592	-6.7005	-0.93449	-0.346418559350806
36.503	-3.0435	-4.7703	-0.145806407670246
34.821	-6.2335	-5.3327	-0.262999482499136
36.787	-3.2912	-4.7881	-0.625139852679725
37.496	-3.2443	-4.1554	1.0109177873859
36.088	-6.6977	-0.52185	1.645
35.119	-8.7121	-3.9509	0.217891375025046
28.016	2.2856	-0.45016	-0.373406193000631
38.275	-5.2304	-2.3682	-0.0416787744301425
36.358	-3.1915	-4.9347	1.0174909921364
36.946	-7.1431	-0.98937	-0.529957261087574
36.488	-6.1858	-3.8549	-0.45241389768819
33.033	0.14127	-0.89016	0.74294284687311
32.159	-10.433	-3.0039	-0.750620363427908
27.377	2.5778	-0.06166	0.236870634978262
37.128	-7.3771	-0.91807	-1.10855117726292
37.422	-3.4628	-2.3274	-0.728252088698947
36.466	-7.3544	-0.70317	-0.966372671705303
27.546	2.3168	-0.11179	1.52111419579535
30.361	0.79431	-0.83387	-0.760796050788016
29.359	-1.6151	0.50232	0.43862556227183
27.421	-11.915	-3.1716	-0.040543204939644
38.19	-5.2303	-3.4668	-0.60980984615439
37.221	-6.2661	-0.70586	0.0795756746325996
31.516	-1.6663	-1.0651	-0.407015181328107
32.197	1.205	-4.1368	0.325393936149293
35.876	-2.8084	-4.9303	0.592413794358735
36.131	-6.7703	-0.6249	0.592042844439459
34.46	-9.1908	-4.2253	-1.39933246396853
36.429	-1.94	-1.5444	0.167445838856887
29.473	-0.48085	-6.5681	0.277008920921161
37.918	-7.0786	-3.0856	0.0866890531188567
37.993	-6.6047	-0.58157	-1.58072140145971
36.66	-6.6386	-0.37036	-0.793186646338452
37.208	-4.7836	-0.79393	0.320821281931553
34.157	-1.6204	0.0068926	-0.775331471753929
33.552	-9.7298	-1.7604	-0.772308106192177
33.092	-2.3509	-0.10809	1.44865412378724
34.963	-0.91573	-4.2992	-1.01947223973167
36.582	-3.2051	-5.0006	0.376042110389704
38.124	-5.9004	-1.833	0.657856840254225
29.205	-1.0063	-6.6398	-0.0942504963176649
36.362	-7.0014	-1.1047	-0.700237080802833
33.57	-8.7984	-2.8098	-0.781658190946571
36.367	-7.0131	-1.7098	1.0320483322481
37.289	-5.8562	-1.1742	-0.0897414617144683
24.495	-0.80438	1.506	-0.556105191595718
34.929	-9.3154	-3.3453	-0.210613121305459
34.659	-1.9863	-5.9829	1.08383548009261
37.362	-2.3661	-4.0574	-0.649211090465173
35.913	-2.1991	-5.1813	0.774030454406827
37.718	-6.2576	-0.89144	1.645
33.728	-7.5046	-4.2941	-1.450022729257
35.22	-2.8647	-5.4605	-0.644332427888769
26.906	2.3831	-0.26394	-1.37087517836095
35.653	-8.8056	-2.0148	-0.949949416572796
36.177	-1.8567	-5.0243	-1.19944408223324
27.944	-0.12737	-6.92	-0.751182516778981
36.693	-3.4679	-1.3316	-0.544044411305631
37.946	-3.4073	-2.4633	-0.22664928170552
33.753	-9.4761	-3.5559	-0.325208408809117
36.811	-6.4165	0.35144	-0.284857552372038
36.54	-2.6445	-3.9797	0.0398069597698665
31.554	1.5166	-0.70294	-1.52382585441454
35.139	-7.3104	-0.6746	0.0500243168497675
20.084	-12.312	-3.48	-0.0417111009460781
37.101	-2.5892	-4.5559	1.645
36.587	-6.9588	-0.9185	1.01364900175516
16.546	-12.122	-3.0507	-0.382116397124661
36.191	-1.9754	-1.1911	-1.00962421962937
29.712	-0.9678	-6.7499	-0.344753072981198
36.361	-7.4636	-0.51885	-1.34678272965983
24.414	-12.142	-3.2013	-1.645
28.133	-11.456	-3.6026	-0.696713476039245
36.258	-3.1272	-2.1291	0.738510758229331
38.099	-4.1749	-2.0066	0.290109481589186
33.908	-0.57427	-1.1263	1.645
30.43	-10.246	-3.9492	-1.11423075236422
34.55	-8.264	-2.9045	-0.124867053953818
34.409	-9.3628	-3.4874	-0.104702392760428
35.114	-8.5241	-4.0748	-0.670024719261569
37.259	-3.0075	-4.4835	-0.184358353804246
33.424	-10.084	-3.4669	0.434399421155679
35.886	-6.8034	-0.66589	-1.04201167999197
30.384	-1.1125	-6.3906	0.750869346814495
37.012	-7.5666	-2.4787	1.37598385546898
28.058	-0.40419	-6.5521	-0.0558113243423639
37.244	-6.5933	-1.2809	-0.712146714721496
37.046	-6.6266	-1.4054	-0.262050811221134
32.664	-10.854	-2.59	-0.407763388389597
38.014	-5.9577	-1.8809	-0.765763815804195
36.684	-6.916	-0.54257	0.280348113923352
36.997	-2.8596	-4.6194	0.878683117957667
34.944	-8.9841	-4.1297	-0.858717475858699
20.821	-12.156	-3.2601	-0.48217258262715
29.454	-1.0348	-6.7118	1.21434721919927
37.425	-4.7946	-3.5831	-0.628019135545502
37.322	-7.6218	-1.4826	-0.692140075407024
34.084	-5.1555	-0.37926	-0.675052157042088
30.474	-10.434	-3.6727	0.205096082079228
37.031	-6.9763	-1.0374	-1.16998466999576
35.735	-6.5504	-5.0381	-0.254624662719569
35.773	-3.3263	-5.1052	-0.238853367666055
37.024	-6.2246	-3.3113	1.645
38.171	-4.4907	-2.327	-0.946590415339809
38.276	-5.2348	-2.0977	-0.964152899516768
38.008	-3.2008	-3.5752	0.0299158710152521
36.546	-7.4554	-1.1895	1.48084396647102
36.963	-3.5361	-2.5995	1.645
37.105	-2.5589	-3.5756	-0.67292481032527
36.721	-7.1728	-1.6014	-1.1890104134101
36.901	-2.8551	-4.7309	-1.43240155155445
36.133	-7.4211	-1.9201	-0.661121057713262
35.933	-6.8829	-0.44488	-1.13500897612211
32.301	0.83282	-1.4899	-0.155913912236089
33.119	-10.31	-2.9906	-0.69667392087429
37.013	-1.3675	-2.5758	0.152430226223779
33.259	-0.86748	-5.1327	-0.634717971790788
27.991	-1.7102	0.46544	-1.50367429565522
34.623	-7.9058	-0.21977	-1.37813616728598
37.022	-7.8526	-1.9066	-0.292771429111175
37.883	-2.6633	-2.9858	-0.497670011327823
36.605	-7.0821	-2.621	-0.810213930804902
37.505	-6.6685	-2.6847	0.287838617007585
37.548	-3.7864	-2.5541	1.15383307777704
37.034	-3.681	-5.0419	-0.692715428520659
30.671	-0.85242	-6.8893	-0.453117513292118
37.029	-6.5279	-1.0449	-0.69459090333277
28.667	1.635	-0.37636	-1.16197854029821
37.215	-2.1692	-3.2804	0.658922192075278
37.485	-6.1472	-1.8209	0.131514726610615
37.969	-4.1044	-3.9668	-0.00967840487331691
33.424	-10.297	-2.9498	-0.989342548186312
34.571	-8.8569	-2.5749	-0.969175652791882
36.759	-7.1446	-0.57465	0.485728094392199
28.036	-0.32208	-6.6729	1.15501094201938
36.946	-7.765	-1.2246	-1.60758410283659
37.603	-3.5366	-2.3554	0.332221267557482
38.29	-5.6387	-2.4153	1.31929366018087
33.892	-0.68384	-5.8885	-0.0975652950753809
34.343	-1.6947	-5.9695	-1.24471708498945
27.947	-11.622	-3.3485	-0.787361280713729
36.493	-3.2037	-1.737	-0.507724538471776
36.35	-1.06	-3.5694	-0.64664018291015
37.68	-3.1829	-3.9933	0.694133843044355
28.289	2.0839	-1.1024	-0.710849996496928
31.865	0.77388	-1.3397	-0.832900184879212
37.974	-3.6555	-3.1281	0.353098691325435
36.769	-3.844	-5.1959	-0.200884732919094
35.745	-6.4161	-0.72233	-0.0845419247530245
34.351	-9.3416	-4.3517	-1.11291668738434
35.159	-8.7272	-4.1003	-1.05284772285438
28.21	-11.078	-3.6007	-0.174608758647577
36.284	-1.8405	-5.0251	0.580004958705351
33.643	-1.3637	-2.5897	1.645
36.289	-2.5821	-5.4333	1.03497774076513
37.586	-5.8647	-1.1041	0.868817354279123
37.638	-2.9456	-1.7393	1.10586661163018
29.737	-10.997	-3.7093	-0.385066883311006
35.643	-1.0173	-4.7475	-0.648510274044891
35.606	-2.0846	-5.5897	0.268419011921227
34.568	-8.0682	-4.3868	1.645
35.172	-5.0249	-0.59907	-0.657213543608271
38.182	-4.7359	-4.0348	0.380943554738354
36.737	-5.862	-0.77037	0.315580173795712
38.32	-4.8525	-3.1108	0.349997363938244
35.473	-9.362	-2.7353	1.19755536101632
36.92	-5.8143	-0.62305	-0.764730845376732
27.103	-1.7895	0.51807	0.382290935431609
36.956	-7.4289	-1.0991	-1.29746118174395
35.259	-0.56743	-3.8436	-0.972841261669457
37.71	-3.7762	-3.6003	-0.153106000842952
35.784	-2.114	-0.96068	1.645
30.558	0.84485	-0.90212	0.566787673316247
36.195	-3.0407	-2.149	-0.706373318070703
36.965	-3.0487	-1.9398	0.0655965292810641
35.228	-2.001	-3.9949	0.801572069503346
36.883	-3.2841	-4.7561	-0.497824686289084
35.796	-7.3764	-0.93857	-0.165624419084278
34.108	-1.3907	0.43458	0.204309653080239
36.545	-7.0306	-0.54223	0.369820935152461
36.854	-3.5895	-4.6313	0.0830904248694444
35.769	-1.0613	-4.7791	-1.16374764367396
29.683	2.3099	-1.5653	-0.364629696872786
36.881	-6.9741	-1.2878	-0.906603267128194
36.96	-6.9343	-1.0159	-1.07221525954121
38.056	-5.1676	-2.5888	-1.08024074325651
36.84	-7.9578	-3.3052	-0.475876779091001
37.899	-7.3266	-2.9614	-0.537328064127207
34.619	-5.6944	-5.4814	-0.822147599538432
29.803	-10.77	-3.5859	-1.22506572361352
22.13	-12.369	-2.9595	-0.584001024972852
37.709	-3.5095	-2.5169	0.499666683772911
36.243	-3.5794	-0.21717	0.0302129397418468
38.1	-6.0953	-1.2467	1.25225160645856
35.34	-2.5809	-4.242	0.63974254254816
32.161	0.91575	-1.7862	-0.250352537203487
37.718	-6.805	-2.3753	0.602840522796767
38.313	-5.8634	-3.2643	0.104045254408145
37.439	-7.1052	-1.3532	-0.251401849247742
32.373	0.99622	-2.1654	1.645
35.209	-0.0088546	-1.6024	-0.538919854412884
36.43	-6.2279	-0.72841	0.680707407527839
36.026	-6.626	-0.1023	1.62191692007004
31.983	-8.192	0.43924	-0.732483798505248
37.406	-4.8724	-2.8986	-0.122954508313137
23.9	3.4724	0.17699	-0.858207124515527
32.506	-10.224	-2.3987	-0.614969884460829
35.852	-6.3953	-0.66102	-0.184834221293564
29.674	1.9213	-1.1953	0.0677497085891714
35.425	-1.3523	-5.359	1.5329362240198
37.348	-6.6439	-1.5268	0.1361030557691
36.297	-6.6218	-1.3064	0.589423349340227
33.453	-9.9212	-3.2833	0.561454571677249
35.487	-7.1229	-0.32773	0.889875266276316
36.408	-7.0685	-0.74929	1.645
34.624	-9.1756	-3.8766	-0.606757477060739
25.941	-0.49807	1.7601	-0.407631771204297
34.883	-4.4287	-1.5223	1.645
38.328	-5.5245	-1.6957	0.795233191815111
34.952	-1.4921	-5.7799	-0.688095033237573
36.436	-7.5013	-0.96146	-1.28815062662514
37.664	-2.5775	-2.7475	-0.612966417276782
37.784	-3.0457	-3.1938	1.645
37.872	-6.6212	-3.506	0.261467296685989
37.216	-7.7869	-1.3901	0.830182815528511
34.349	-1.3018	-5.8695	-1.24189872309373
37.905	-5.2701	-3.6581	-0.282459927549894
36.711	-5.4696	-0.059321	-0.511955640133612
26.97	-0.27744	-6.7405	-0.901241777192756
35	-8.9277	-3.0689	-0.702344999011049
37.112	-7.3561	-1.2594	1.29492490090684
36.103	-2.9353	-0.50444	0.351506316258293
34.744	-7.6455	-4.2175	-0.936734842974037
26.615	-11.683	-3.4185	0.728953710807487
30.909	-10.532	-3.6165	0.771605006824871
37.667	-3.3869	-1.5302	1.645
36.562	-7.8558	-2.4601	0.624360852487269
34.392	-0.67005	-5.3893	-0.0430747293218976
37.352	-7.3788	-1.6396	-0.236157363039753
35.436	-6.7361	-0.95815	0.12816192758017
36.459	-2.2777	-4.9212	0.276981155708224
34.415	-6.8325	0.075148	-0.806205792596709
32.883	-8.6579	-4.8132	0.0575675984452779
37.522	-6.8014	-1.605	-0.308010019357129
38.176	-3.9397	-2.3623	-1.36768831304253
32.739	0.91199	-2.6954	-0.998236190596455
33.057	0.84632	-2.7147	0.131458402744402
36.904	-2.4271	-4.0264	0.354400069771708
35.92	-6.9901	-0.49628	-0.0615704183958134
31.309	1.3203	-2.1248	0.13550894464733
37.488	-4.8809	-1.9614	1.5412596772444
34.886	-6.2481	-5.5571	-0.991499111288505
35.54	-1.4891	-4.931	1.645
37.105	-2.5879	-1.2599	0.972322843329998
36.292	-7.3381	-2.103	-0.637704159842088
37.445	-4.4388	-3.7318	-0.689805986724396
26.795	-1.38	0.76789	0.594148068452105
37.788	-4.174	-1.7582	0.606456581902077
35.947	-7.6318	-0.92707	0.379077291709111
36.772	-2.0808	-3.8427	0.957441789216275
27.802	-0.52154	-6.6001	1.14723761233989
36.414	-2.6558	-5.1461	-0.199649782955525
36.426	-7.9875	-4.213	-1.18523383359543
36.791	-7.3313	-1.4707	0.149996779150374
37.168	-2.8936	-4.4433	0.226843965483072
38.39	-4.8164	-3.1837	1.645
35.011	-9.3326	-3.6961	-1.23640579593008
35.949	-7.0988	0.036498	-0.756929606370274
36.805	-6.8704	-0.46855	-0.948006752741614
29.572	-9.596	-4.4341	-1.31987520595838
32.89	0.72047	-2.1587	1.08594687649665
35.954	-7.1988	-1.5628	-0.664750273416929
34.954	-8.59	-1.2637	-0.500343878734796
31.206	-10.908	-3.2517	-1.25571093187032
36.204	-0.51726	-2.602	-0.616574656251756
38.043	-4.5569	-3.3936	-0.991176110399457
37.076	-2.1343	-2.4981	-0.987527821640639
35.72	-8.5251	-3.5035	-0.116653765192378
27.673	-11.413	-4.0307	-1.2812696061205
36.829	-3.054	-4.6771	-0.29307234386667
20.317	-12.541	-3.2969	-0.956506713650915
37.161	-6.9458	-4.105	-1.1106756769224
28.632	2.1882	-0.58482	-0.235233811717064
37.201	-7.6178	-1.6684	-0.787686964249162
28.639	-1.7463	0.11451	-0.541304687316607
32.441	-8.4786	-4.6004	0.666952091348155
26.736	2.6919	-0.6298	0.0838265495913115
38.3	-5.7317	-1.6831	-1.19105553841043
35.577	-1.6453	-5.4049	1.645
28.796	2.6423	-1.0447	-0.638767936905225
31.012	0.82625	-1.0063	0.669626235803609
36.324	-7.7981	-3.4379	1.645
33.996	-0.50546	-3.2843	-0.707752451687177
35.832	-1.7551	-5.3572	-0.931352893858274
26.384	-11.718	-3.1602	-0.489464085482728
31.65	0.84958	-1.5053	0.561226428740719
37.872	-5.7018	-1.026	-0.562424357835847
37.268	-4.9914	-0.25184	0.541732020582644
34.039	-8.7942	-4.1058	-0.306403593940285
36.479	-2.3034	-4.7111	0.398060905217886
37.404	-5.4861	-1.3972	-0.812387571595546
35.417	-9.3933	-3.2228	-0.209249668633488
36.528	-6.7207	-0.3798	-0.591994108229003
34.186	-2.9176	0.81454	0.855049568971241
38.043	-6.8756	-1.8666	0.301845653516838
37.961	-6.4367	-2.1714	1.30597810061179
35.622	-3.6657	-1.0615	0.303878696991597
16.859	-12.177	-3.2421	-1.31035313423339
36.531	-6.2769	-0.45093	-1.04003854915706
35.897	-8.9728	-2.3728	-0.175212190567414
35.812	-5.4805	-0.52955	-0.382185137363156
36.476	-7.382	-1.0621	-0.366002684867898
35.237	-0.69076	-4.8874	0.739950189282021
36.993	-4.0546	-1.8566	0.395566148372251
36.89	-5.1349	-4.9182	1.18459306884732
36.741	-6.3389	-1.159	-0.419083131272948
36.415	-1.8489	-3.4901	-1.38971020296353
32.498	-1.6331	0.075498	0.111934331016893
37.717	-5.9636	-3.8253	-1.27342159002191
30.682	1.0168	-1.2092	0.248042072724879
30.283	-1.7556	-6.5862	-0.353889253211588
35.884	-6.3224	-0.51641	-0.298854535702304
35.502	-5.9782	-1.6541	-0.932871106682707
33.42	-1.847	-0.09335	1.645
37.32	-2.9559	-2.0473	1.08064318986081
36.281	-7.2612	-1.4428	-0.83700745675873
34.486	-9.5717	-3.7802	-0.967087243933469
37.496	-2.3662	-2.2257	-1.16959457273971
26.305	2.5123	-0.34699	-1.02075351995277
37.364	-6.6113	-2.4395	-0.767397288207846
36.229	-7.0194	-0.57746	-0.023032861395898
34.364	-0.084456	-4.3062	1.46806146747319
37.348	-4.3808	-3.4643	0.655288250107234
29.467	-10.775	-3.9691	-0.00949118012898901
36.761	-4.0431	-2.5386	-1.63757302688998
24.271	-12.112	-3.4109	-0.445245104740785
36.998	-6.8792	-0.55387	-1.17532127476071
25.823	2.7506	-0.30933	-0.987649875526234
29.143	-1.0016	-6.5471	0.751780241269902
29.138	-11.188	-3.8476	0.362924854389452
37.267	-2.9412	-1.1413	1.09774818215036
36.79	-1.1179	-1.9369	-0.879962867019325
35.493	-9.2462	-3.3582	-0.757261938421486
35.997	-3.0534	-4.6892	-0.63649117370826
36.947	-6.3535	-1.4057	-0.873883642049335
35.681	-8.7417	-2.8366	-0.114502628100105
28.79	-0.60836	-6.4231	-0.0246753774127933
34.224	-1.4421	-5.2872	-1.37809107477357
27.649	-11.462	-3.5438	-0.110377670072246
36.593	-5.8661	-0.6886	-0.504616003575207
36.981	-7.338	-4.1057	0.377510805570921
28.657	-0.49517	-6.6234	1.0929738915676
36.53	-7.222	-1.5122	-0.801194149189931
29.979	-11.824	-2.9049	-0.47291622871282
36.695	-8.3244	-3.4796	-1.03227639122664
38.305	-4.7921	-2.3396	-0.2995174868766
38.576	-4.8825	-2.3728	-1.645
36.716	-1.7406	-3.0904	-0.278212664978785
27.534	-0.34665	-6.4868	-0.151895690453525
36.68	-3.1089	-0.80076	-1.45572754091466
34.746	-0.83355	-5.3832	-0.531414315813896
36.564	-7.3469	-0.8169	-0.710220926309683
37.18	-7.2877	-2.0295	-0.748774447536337
35.546	-8.9878	-2.0374	-0.670840938165233
37.883	-3.842	-3.38	0.317082327481604
33.099	0.055081	-5.2592	1.11544986164257
22.994	0.17768	1.5887	1.645
33.207	-10.28	-2.8261	0.80020619460088
27.788	-0.7983	-6.5807	1.34232954442381
37.076	-4.767	-1.1442	-0.804589218336271
37.219	-2.0424	-2.5208	1.58855816192129
37.326	-5.6839	-4.4112	0.0448228762479066
24.667	-11.97	-3.4268	1.2266053680382
36.904	-6.9214	-1.6942	1.44975009470292
37.162	-5.5491	-4.7764	-1.3410173278953
33.331	-10.091	-3.2853	-0.0711086337787292
37.436	-2.0099	-3.387	-0.61841458484449
37.03	-6.9054	-0.89318	-0.267897423649983
34.348	-1.5875	-5.124	-0.767824581385928
34.865	-8.7229	-3.4379	0.377990148297436
33.778	0.11392	-0.5513	-0.616252582671265
37.887	-5.396	-1.5637	0.0283954625655302
21.515	-0.82075	1.3352	1.645
22.216	-0.28528	1.8218	0.755189143764237
24.626	2.8702	0.65734	0.204683195579188
35.304	-0.72865	-1.7241	0.879876394822328
28.461	0.98628	0.17033	-1.21457380836888
36.491	-1.3732	-4.2775	-0.443254317641808
35.748	-1.2876	-4.9432	0.382815300467059
36.478	-7.1979	-2.0881	-0.986186988481155
37.28	-2.8613	-4.4514	-0.878124201522893
35.642	-2.2581	-5.5624	-1.56050059091441
37.742	-5.3859	-2.9074	-0.610634723745336
30.178	1.4558	-0.55411	0.121799666843007
36.625	-3.1859	-5.035	0.390795810587945
35.636	-9.2272	-3.3149	-0.630206048976579
36.655	-3.0677	-4.4207	1.645
35.221	-1.4667	-5.6054	0.769029006835521
36.309	-1.0166	-2.6914	-1.48468342572279
35.617	-3.9137	0.42156	-0.118556009388184
38.43	-6.1105	-2.4777	-1.09269721739648
36.304	-3.0943	-4.7781	0.00374543321506244
38.051	-7.0224	-2.7249	-1.16493381211577
28.073	-11.668	-3.1194	-0.273726344034613
37.779	-6.3044	-1.8107	-0.427630997484873
35.855	-8.5351	-4.1011	-1.14252137044341
37.103	-6.8195	-0.88503	-1.29687488068499
37.449	-6.7361	-1.3597	-0.783945548729434
36.328	-7.1272	-0.93379	0.307270040871146
37.221	-6.042	-1.2144	-1.645
36.601	-7.2495	-1.0362	-0.791208386023473
37.343	-6.62	-3.3463	-1.03409123460012
36.359	-7.4549	-1.0004	-0.0398522182672559
36.522	-7.3306	-1.1206	-1.02665883423107
37.58	-5.6603	-2.0723	-0.542933218722523
36.651	-7.5829	-1.2475	0.460376152453627
36.927	-6.6277	-0.54409	-0.149167383423631
36.636	-8.1869	-3.6598	-0.100423252995796
34.467	-0.7789	-5.5486	-0.22882243287864
36.596	-8.2474	-2.108	1.645
22.195	-0.52443	1.9394	-0.786568495268126
36.083	-8.5847	-3.8822	-0.290894934671092
37.411	-6.3305	-1.4893	0.540539949827565
36.828	-7.5118	-1.7764	0.524167556272904
36.508	-6.9874	-0.76697	1.31251063691098
37.096	-3.0514	-4.6541	-0.0552344832434029
35.638	-1.1759	-3.9446	-0.184865883345035
36.272	-2.8487	-4.1937	0.573289613717516
38.583	-5.346	-2.3082	0.0778580804629257
34.93	-7.4385	0.28604	-0.776956802602823
35.866	-8.262	-4.0059	1.17175266537209
35.04	-7.5716	-1.0808	1.16715241937043
37.467	-3.1874	-2.2578	-0.00951334899364706
38.155	-4.6891	-2.4946	-0.201529060051042
26.151	2.5267	-0.32816	1.3533100614857
37.241	-6.6798	-1.5083	0.846578932835283
35.107	-0.70271	-4.7009	0.880636246717586
36.865	-7.6925	-1.6333	-0.310146061234443
37.755	-3.5724	-3.9847	1.645
29.477	-10.678	-4.2809	-1.36550270076106
35.702	-1.5553	-5.3066	-0.329661991365308
37.494	-5.8069	-1.0089	-0.581312260109868
31.849	-10.422	-3.1593	-0.185857242629391
35.83	-8.0329	-0.94709	-0.846054443395641
28.402	1.6858	-0.84161	1.645
36.905	-4.2578	-0.4808	0.884686818547098
37.22	-6.5674	-1.1292	-1.13007829602377
36.105	-7.3621	-0.27467	-1.09161380462812
35.228	-8.4952	-3.2171	-0.091532159105973
35.127	-9.5065	-3.6642	1.645
36.438	-5.6209	-1.0791	-1.11559630602652
37.07	-3.5895	-4.5398	-1.18169017953421
36.719	-7.5573	-3.667	-0.37799192291956
36.316	-4.3292	-0.2157	-0.681571524534813
37.957	-5.771	-1.0749	-0.00434052269280859
27.841	-0.46924	-6.7153	-0.925098118199342
35.12	-1.2742	-2.8903	0.420497805002371
37.001	-1.8216	-3.9956	1.645
36.187	-1.3059	-1.2429	-0.133971533558175
37.42	-3.8425	-1.2864	0.0965005027487052
28.476	2.3052	-0.21928	-0.982360350171937
28.914	1.9943	-0.15523	-0.785500007156437
29.648	-0.84476	0.71673	-0.475437366944503
29.945	-1.3699	-6.7296	0.0279172431845257
33.366	-9.9976	-3.4617	-1.11220397481629
37.421	-4.2265	-4.3602	1.645
37.902	-5.9908	-2.0936	-0.337991342593
35.765	-2.3939	-5.2168	-0.680394220014257
36.713	-2.7918	-3.6785	1.645
38.11	-4.4154	-1.7878	-0.859852931624611
34.523	-6.4037	-5.2684	0.916779004368722
31.848	-10.514	-3.7276	1.36091584014025
36.12	-6.1442	-0.35725	-0.473826363473597
37.859	-5.8203	-2.0456	0.356794506581367
36.419	-6.6899	-0.5559	0.315991956749504
36.254	-2.536	-4.605	1.645
35.913	-7.6121	-0.87189	-0.597272272892672
36.121	-2.9466	-5.1363	-0.724721434361487
27.474	-0.29098	-6.7196	-0.309150130360435
30.639	-1.4277	-6.4224	1.645
34.192	-8.3314	-3.5638	-0.669930770905351
35.239	-7.2057	-0.80222	-0.62012126179967
36.003	-7.4847	-0.98669	-0.943577342780445
36.757	-4.3829	-1.9128	-0.144466140062498
26.475	2.8001	-0.13414	0.299835875761423
36.693	-6.5135	-1.0092	-1.06492408362546
29.629	-10.882	-3.5421	-0.85115631164261
34.051	-7.057	-4.9855	-0.798781812703135
36.584	-6.9242	-0.77023	0.640678745935457
25.658	-11.743	-4.0632	-0.955166067249275
30.193	1.2549	-0.92182	-1.07392761087456
35.726	-3.108	-0.29894	1.20351241319793
33.209	-1.3065	0.58739	-0.89332545355435
36.807	-2.7145	-1.7884	0.140545510719414
26.788	-1.3344	0.7076	0.829569456156686
24.995	-12.011	-3.4335	-0.838474541440607
37.148	-5.3387	-0.68234	-0.354747984586119
37.331	-2.3602	-3.1346	-1.645
38.418	-4.7373	-1.7362	0.140299428680437
36.454	-6.533	0.32032	0.0990080280492116
37.702	-3.2554	-2.2478	0.189752070224161
37.028	-8.0319	-2.3737	1.12030783384913
29.133	0.029435	-6.8166	-0.500144195640965
37.101	-6.2474	-1.5272	-0.957484748944966
22.98	3.3486	0.063496	1.645
32.857	-1.747	1.0811	0.162316453376567
35.022	-2.2931	-0.30106	-0.407421294349767
36.083	-2.6015	-0.39972	0.178240667465268
37.07	-2.1273	-3.4271	1.645
35.984	-1.9774	-4.2136	1.645
36.778	-6.6332	-1.1096	-0.586929687171485
36.965	-4.6772	-4.0313	1.645
37.768	-2.7583	-2.6984	-0.724599374204978
35.35	-9.2134	-2.9742	0.823821339855798
37.272	-6.8375	-1.1314	-0.591425769464526
35.947	-3.498	-4.6138	-0.654180975431721
37.508	-7.0244	-1.8393	0.378654725469592
33.824	-9.9319	-3.7705	0.565950387452481
29.42	-11.225	-3.3753	-0.0670105605614657
28.759	-11.084	-4.2342	0.748232546344104
36.21	-7.1793	-0.91817	-0.0637461016825861
37.89	-3.3009	-2.8666	-0.155004414800245
34.114	-0.95412	-5.5611	1.645
36.519	-6.8297	-1.8835	1.645
36.573	-8.3132	-1.1099	-0.967183241790001
37.736	-7.0645	-2.0451	-0.218910242563194
37.29	-3.1505	-4.2486	0.274527629990784
33.548	-1.5978	0.067007	-0.812144366321515
35.948	-1.8128	-5.129	-0.756617711713316
34.45	-9.2067	-3.1109	0.735118360679566
32.677	-8.7274	-4.1685	0.0302316860881113
37.285	-3.4399	-4.4883	-0.189830481338412
37.359	-2.1066	-3.8716	-1.645
36.923	-2.6406	-4.693	0.210588231546593
28.764	-0.51537	-6.6424	0.00241177746183451
34.344	-1.2254	-5.6987	0.79083952481715
33.454	-0.75361	-5.856	-0.918343672213975
37.785	-3.759	-1.4766	1.645
36.616	-6.8313	-0.47681	-0.130008865517134
35.043	-1.2339	-5.4064	1.16248816871863
37.799	-3.4383	-3.9197	-0.157934077591138
35.969	-7.2747	-0.90899	0.489965363725511
21.749	-12.082	-3.1072	-0.654202688942689
35.376	-7.6203	-0.86273	0.198584934344346
37.001	-2.4226	-2.9225	-0.977416767667316
24.961	-12.173	-3.2356	-1.01659382827852
36.424	-7.281	-0.91605	-0.9821534693791
36.349	-7.9935	-1.5244	-0.766879793362784
36.175	-7.537	-1.5303	1.19766843272086
36.663	-3.1631	-0.3802	0.0862463758626366
30.378	-9.9318	-4.0164	-0.408575126301257
35.596	-0.68966	-4.4515	0.484716861806657
37.196	-2.9731	-1.8959	1.27203589857681
29.068	1.9082	-0.13313	-0.829107051520686
37.088	-2.7651	-4.3048	-0.363828817612961
35.481	-2.2084	-0.77026	-0.632174969525312
37.265	-6.8089	-1.3866	0.00419898014274804
36.537	-6.8783	-1.0337	-1.57501056130669
34.958	-1.4558	-5.6443	-0.714338999735985
28.23	-0.50422	-6.5389	0.243268201752052
35.992	-6.343	-0.027214	-0.774154888010907
36.642	-7.6993	-2.0698	-0.257232856779705
35.954	-7.1833	-0.97152	-0.644855528686609
35.513	-9.1151	-3.2543	-1.25330227487482
28.048	-11.488	-4.1721	-0.480194314005226
36.422	-2.8263	-5.0446	-0.00737481363775829
36.838	-3.1052	-0.58324	-0.543785933832016
34.733	-2.7372	-1.1845	-0.618473454443328
33.688	-2.6749	1.0381	0.613737873405321
36.032	-2.4254	-5.2954	-1.1198154093394
32.13	-10.432	-3.3767	-0.0444682381248389
32.73	-10.178	-2.8586	-0.813576588161164
37.377	-6.8635	-1.8859	-1.61471509620892
36.558	-3.477	-0.7264	-0.325390650002513
32.105	-1.7627	-0.10838	-0.169018433773106
35.112	-8.381	-1.5627	-0.299500269695385
20.57	-11.951	-3.571	-0.64063117022192
36.36	-2.2355	-0.98092	-0.0963837684513885
35.22	-1.6653	-1.0212	-1.05560507645669
33.384	-0.71081	-6.05	-0.230101974151867
36.539	-6.8839	-1.4043	0.952590786503621
37.55	-2.3992	-4.0514	-0.463255864023729
37.448	-6.4351	-3.4083	-0.965376264340387
31.902	-10.188	-3.1425	1.645
36.754	-3.0007	-4.6999	0.60247866204051
38.366	-5.4234	-2.4492	-0.855770570447025
33.288	-0.28058	-5.9272	0.385376645931083
23.052	-12.064	-3.317	0.915022504113301
35.137	-7.474	-0.47603	-0.893624602829508
30.447	1.4981	0.012136	-0.625947477929013
33.407	-9.7397	-3.9947	0.39661251205896
38.197	-3.1683	-2.8039	0.312130340691388
29.318	-10.906	-4.083	-0.124384635033792
32.924	-0.29634	0.38633	1.645
30.4	-10.876	-4.4696	-0.956383206921319
37.554	-2.4907	-3.7862	0.18846651111181
27.045	2.3681	0.63953	-0.881922722037191
35.913	-3.5353	-0.26692	0.583935689122895
37.569	-6.5148	-1.4642	1.26175362380952
36.492	-7.1408	-1.0361	-0.923019629103358
36.981	-6.4968	-1.3048	-0.592171816042945
37.077	-7.9142	-1.4075	-0.83902101883995
33.741	-1.9733	-5.4226	-0.8441316634905
34.961	-9.0902	-2.5955	1.645
33.537	-8.6364	-4.1537	0.519580535110133
36.007	-6.7848	-4.2244	1.55171630300273
36.636	-1.8449	-4.6217	-0.412939380230546
36.513	-6.807	-1.1852	-0.784102535667945
36.989	-2.1522	-4.4694	1.30581659494612
37.294	-5.8666	-0.45628	-0.122988357538428
36.663	-8.0185	-1.3392	-0.573601806415752
38.216	-4.6273	-2.5373	1.645
34.412	-0.72442	-5.3799	0.522418164512377
36.834	-7.6649	-2.6837	-0.146367956788052
37.487	-6.2291	-1.7669	0.689475176808135
23.875	-11.581	-3.7265	-0.702541871447769
37.192	-7.2199	-0.97104	-0.00682825899458694
35.963	-2.9456	-4.6888	0.949083544775134
36.939	-3.7073	-4.6069	1.645
36.196	-2.2167	-5.2777	-0.911101150615897
37.605	-6.5111	-0.87244	0.430071669107626
36.42	-7.2465	-0.79641	0.98409775043679
36.177	-1.3727	-4.7834	0.74547550615351
36.135	-7.0239	-0.50614	-0.38346369097875
34.234	-9.0501	-4.1876	-1.46713560540967
37.011	-5.9559	-0.4383	-1.0268477665629
33.381	-2.7503	-0.92077	1.645
28.13	-0.42296	-6.6429	-0.170488859339499
34.201	-6.8832	-5.1613	1.01617993214252
32.059	1.3109	-2.4168	1.56117172080704
37.858	-5.3791	-3.9756	0.263172364596054
37.132	-6.4566	-0.84542	-0.435506632007838
35.285	-8.2893	-0.64382	-0.873993036259807
37.055	-7.808	-1.365	-1.645
28.835	-0.9672	-6.622	-1.16534099506144
35.676	-1.5634	-5.343	0.111642096417107
36.674	-2.2954	-4.338	-0.599889481182636
20.494	-12.103	-3.3423	-0.373929576275553
21.132	-1.0722	1.3773	1.39811444182764
30.923	-10.273	-3.951	1.2162618585437
36.16	-6.4134	-0.87063	1.4122266517877
29.141	-10.738	-4.3405	0.267723808706733
34.532	-1.6199	-5.9276	1.645
35.74	-1.5646	-5.2828	0.882992203794541
36.934	-7.1197	-1.3898	0.157151933149127
27.464	-11.751	-2.8039	-1.16391448237164
35.927	-7.6408	-0.39627	0.620143544336453
37.974	-3.5713	-2.2629	-0.88116145049453
35.186	-7.3743	-0.73991	-0.579681237430665
34.494	-0.21675	-1.9609	0.363445179691774
30.542	-6.0829	-5.3952	1.38549114122234
35.082	-1.3413	-5.5522	-0.480208492908756
37.316	-6.1483	-0.43037	-1.19629926376226
33.974	-0.2086	-5.4289	0.627701987929232
37.973	-4.0567	-3.8317	-0.127852942618649
30.903	0.73487	-0.78254	-1.21953412906894
35.461	-6.7856	0.21	0.914615580063557
36.044	-8.7182	-2.4083	0.473219474108215
36.872	-7.3054	-1.1125	0.198877243880521
29.667	-0.36181	-6.2471	1.645
33.756	0.78472	-3.7174	1.645
34.841	-1.1825	-5.6789	0.553568278059472
36.819	-2.209	-4.6629	-0.751723840829244
36.825	-5.2081	-2.5948	-0.846804252400167
35.716	-8.4489	-2.1184	-1.02385194874753
35.959	-8.016	-1.3819	-0.728927282839247
33.751	-10.254	-2.9882	-0.425915775315398
36.863	-4.6665	-0.57369	0.130967467313084
32.75	-10.422	-2.8005	-1.03139842624946
29.704	-11.031	-4.1478	-0.459044940912255
34.807	-9.2413	-0.70097	0.797691092867497
36.144	-2.2189	-1.1147	1.15238377909051
35.835	-5.3318	-5.5868	-0.809442065946364
35.221	-8.5458	-1.1697	-0.0245090510569666
37.103	-6.7509	-1.4273	-0.457937541974833
37.029	-4.7412	-3.0954	-0.686403948837
36.345	-2.7504	-1.3676	-1.645
34.246	-1.9271	-6.1455	-0.738656849380141
27.447	-11.476	-3.9333	0.763663698428203
36.38	-3.1166	-4.3906	0.86257412838537
34.169	-2.2291	-0.29475	-1.01300489953318
35.342	-0.84757	-4.9727	0.318829299744786
37.032	-6.1426	-0.88556	-1.645
19.894	-12.408	-3.0023	-0.984307327911075
33.447	-0.099584	0.24688	-0.666026345708157
36.99	-7.0988	-1.0916	1.645
28.566	2.1575	-0.46418	-0.573391033707444
37.083	-6.3311	-0.76982	1.34837223574475
36.426	-6.7145	-0.56541	-1.645
34.347	-0.98887	-5.2431	0.244591101427158
24.761	3.1961	0.59405	-0.556115445514956
35.881	-1.4853	-5.1216	-1.43666731435735
38.201	-3.9247	-2.182	-0.698746747656626
33.998	-7.9864	-0.16569	1.645
37.379	-3.6702	-0.92475	-0.526108086057025
34.579	-9.3204	-3.3467	0.968657429867035
38.082	-5.3314	-2.1137	-0.672228024703743
33.832	-8.7472	-3.3011	-1.19669561800102
36.969	-6.9389	-2.1567	-1.19163115606379
27.568	-0.41487	-6.818	0.449685607373638
37.75	-4.869	-1.3026	-0.753507063589569
35.394	-6.7244	-4.8998	-0.0689259813000711
33.256	-0.209	-5.6186	0.614163789146919
36.205	-2.6511	-0.80731	0.000703013983701101
26.632	-11.363	-3.9523	0.00200058457006032
29.493	-2.0896	-0.37662	-0.538161522319379
38.515	-5.1784	-2.2231	1.645
36.767	-7.3284	-1.2693	-0.47773952857019
37.199	-1.6237	-2.4917	-0.773311024642953
36.786	-8.3038	-2.0017	-0.874976583104185
33.764	-0.71277	-5.7633	1.61507098129818
36.488	-7.3251	-2.3262	-1.2857925707011
26.959	-11.641	-3.4896	-0.260960311095823
37.961	-4.5137	-3.6152	0.703595747989371
36.752	-3.5477	-2.6273	0.876701978991116
37.299	-4.6356	-4.2258	-0.833205091965846
36.304	-5.6636	-0.46282	-0.619164978182527
34.925	-1.4506	-5.7603	-0.217947358435881
33.353	-0.15211	-5.6436	-0.0898734755212137
34.816	-1.9829	-0.24815	0.381822031467265
36.783	-8.0664	-2.712	-0.439190158799136
18.117	-12.427	-2.7497	-1.13818273449666
34.689	-0.28268	-3.6521	0.712950288753201
35.769	-6.9619	-0.47515	-0.738188099875637
37.711	-5.9719	-3.357	-0.745155253998427
31.224	0.17342	-5.7504	-1.25530101664301
37.469	-3.1858	-2.9957	-1.06953299823674
24.712	2.8802	0.58317	1.29034723402427
35.328	-8.9384	-1.7754	-0.528134799457801
37.21	-4.2579	-4.7383	0.727351531100052
36.058	-0.71232	-3.8443	-1.50913004938691
27.938	-0.14693	-6.4389	-0.452517762591922
31.857	1.6245	-3.1076	0.811550123198775
35.877	-8.4213	-3.4308	1.05319231068435
25.703	0.22142	-6.7138	-0.0691061468056712
36.775	-7.7189	-0.67347	-0.982923888117555
28.144	-11.285	-3.6351	1.645
36.577	-3.213	-5.146	1.30275364295743
17.539	-12.176	-3.6076	-1.07497904533833
24.281	-0.95431	1.6062	-0.660695010533503
34.469	-3.1586	0.16337	0.420287671549861
28.704	-1.2358	0.73461	0.911027372465925
35.542	-6.5946	-1.1652	0.231755596395338
25.14	-11.017	-4.1427	-0.566544483120398
37.474	-3.0541	-2.0965	-0.998726292973584
37.488	-6.6095	-1.1444	0.270717574101208
34.803	-1.1978	-5.5854	-1.35144185091644
35.99	-2.0913	-5.2288	-0.88864819072576
35.311	-1.2939	-5.3454	-0.373132927012675
37.157	-2.2965	-4.1908	-0.284491668383139
35.983	-8.1255	-2.4158	-0.115386400703027
35.171	-6.1369	-1.2886	-0.933403174538455
37.418	-2.9354	-2.5082	-0.946521263892361
34.85	-8.5722	-4.0191	-0.259057545586337
36.231	-6.2373	-5.1256	-0.3641927737991
36.281	-2.7152	-5.341	0.47298965727489
38.053	-4.9272	-3.8114	0.965920499708059
36.751	-6.7733	-0.83624	0.623913436310345
37.75	-6.5893	-1.4592	-0.37245812866852
38.411	-5.9434	-2.5654	1.22180215294798
36.918	-7.5758	-1.5006	-0.636440752291687
37.26	-1.8777	-3.7953	-1.43660019331678
36.394	-7.593	-0.62675	-0.890564338547131
36.922	-5.6457	-4.9601	-0.658009555730396
36.13	-2.8164	-5.1146	-0.928194886399294
37.53	-4.251	-3.1865	-0.736553147797714
35.873	-6.1718	0.076158	0.213067561157487
30.989	1.3364	-1.2695	0.829200291973049
36.311	-6.2684	-0.71261	-0.974592106473072
37.759	-5.8941	-2.4694	-0.486004231217063
24.502	-11.889	-4.0808	0.586846662232072
29.642	-1.2463	-6.7948	1.645
37.434	-3.8318	-1.858	0.565705285534322
35.991	-7.1105	-0.27884	0.0727849910319343
28.143	-0.79826	-6.7107	1.645
33.362	0.38835	-1.7634	-1.56007177692872
37.674	-6.0117	-3.9316	-0.261505504603453
29.606	1.5715	-0.54431	-0.506578206779636
36.038	-5.389	-5.311	0.372651168484868
23.685	-0.6064	0.95115	1.645
29.628	1.4832	-0.091737	-0.60873769154846
36.627	-6.1571	-0.69163	0.62708598943657
37.307	-6.0201	-1.5607	-0.855363824405229
34.29	-0.70505	-5.4116	0.130469134737957
28.168	-0.41404	-6.7192	1.47722852855112
36.733	-2.908	-4.739	-0.980808025922449
37.264	-6.7331	-1.3042	1.20179097387663
29.408	-0.87213	-6.5897	-1.09559647279576
36.383	-2.5713	-5.1106	0.146969804941666
36.04	-8.1498	-3.5092	-0.551917335122896
30.715	1.0071	-0.9415	-0.367361577219659
34.933	-9.2861	-1.8374	-0.519137188127579
35.675	-7.1694	-0.86933	0.255561202571751
30.252	-10.709	-4.2735	-0.595835134690238
36.16	-6.2388	-4.6065	-0.97129011036623
38.205	-3.7763	-2.7418	0.123156589199232
36.949	-4.5689	-2.2549	-0.190560628181855
27.479	-1.1421	0.8687	-0.927015808957826
38.637	-6.5948	-1.8103	-0.0851500518379426
37.827	-3.3669	-2.5679	-0.63216747870905
37.929	-6.679	-1.6821	-0.700960323807021
30.092	-11.065	-3.1338	-0.871147799728721
36.842	-7.1254	-1.1484	-0.771292498978012
37.02	-3.3083	-1.0167	1.54842618240243
35.563	-2.7773	-0.24283	0.280613934451704
38.228	-5.9979	-2.4075	-0.855532712109968
24.948	-1.1145	1.1193	-0.858199775944702
26.259	-0.18253	-7.0548	-0.632768727335294
37.024	-5.0281	-5.0016	-0.667383961936678
36.441	-7.3309	-1.0821	-0.371357453915778
35.878	-8.1252	-1.6888	-0.957827999973208
37.897	-4.8967	-1.5729	-0.564694151923881
37.14	-4.964	-4.1295	0.319669815536734
34.271	-9.6149	-3.6763	-0.870125861239541
37.502	-6.2755	-1.1577	0.33959881126867
35.498	-8.087	-2.6598	1.63108121389993
37.692	-3.8642	-3.9815	-0.825033859692443
28.812	1.5111	-0.18542	0.243087567160604
31.882	0.099737	0.85538	-0.912129997716973
36.16	-3.0067	-5.1595	-0.715967050419154
34.889	-7.5416	-4.5362	-0.320906964654876
35.623	-7.3392	-1.1323	1.45711562412286
37.573	-3.3045	-2.1576	-1.58075919706108
35.576	-2.7145	-1.1661	-1.19192899758972
34.078	-0.040589	-5.3448	-0.594496972619237
36.293	-1.505	-4.5643	1.25036975514469
33.716	-7.4941	-2.944	-0.208161488634479
36.195	-4.2493	-5.2274	1.645
33.331	-0.8698	-4.6621	-0.852286320775136
35.868	-5.9551	-0.76246	-0.194553827987575
27.847	-1.0006	-6.7591	1.01493606471357
32.521	-10.366	-3.3013	-0.0825093188982668
37.262	-3.681	-4.3805	1.0993482788041
28.89	2.0927	-0.92713	0.862768373466534
37.117	-7.0294	-1.3152	-0.191257879729011
33.177	-9.7487	-2.9992	0.714022318531408
37.368	-6.4768	-2.9922	-0.666266897825089
37.742	-3.366	-3.0438	0.638740426549007
37.167	-6.6659	-1.13	-0.23906757015187
37.672	-6.7785	-0.78609	-0.959139544668308
36.164	-7.808	-2.0116	-0.942274816229206
34.205	-9.6351	-2.6179	0.71617651533009
36.72	-6.1892	-0.64828	-0.143387707250265
34.079	-9.9018	-3.0968	-0.0473584516743107
35.264	-7.1588	-0.50919	-0.31615035934175
33.859	-9.2605	-2.5721	1.645
35.883	-6.8386	-4.8344	-0.497147134376098
36.834	-6.7319	-1.2722	-1.08617541740856
26.577	2.4753	-0.54886	0.0921301509326732
37.049	-6.6954	-1.5441	-0.72534737815857
35.365	-1.0409	-4.4356	0.000645205061537767
34.705	-0.88028	-5.109	1.00602743939609
32.612	-9.982	-3.3678	-1.14218703009384
24.884	-12.03	-3.7199	-1.07029152780684
36.444	-7.3508	-0.80357	-1.35562509024062
33.845	-9.7813	-3.7695	-1.07388515414124
35.14	-0.37334	-2.7565	-0.252005438761429
27.955	2.3396	-0.87238	-0.940117643731491
35.951	-1.7764	-5.2628	0.0231542029540701
34.046	-7.7115	-0.99998	-0.979849367648889
33.436	-1.2899	-6.2745	0.72915910495751
30.382	1.5907	-0.49021	0.486661736748813
17.095	-12.321	-2.8753	1.645
28.049	-10.987	-4.007	-0.696813819403812
36.38	-6.6055	-0.06572	-0.895299201292693
27.162	-11.286	-4.1317	-1.01721776497641
34.702	-1.6396	-3.8829	-0.271815001340089
37.14	-3.0531	-2.5682	1.645
37.648	-2.9954	-2.6871	-0.848477332591616
36.626	-6.7312	-0.7282	0.410235017902777
35.94	-8.616	-2.4003	-0.485774719304706
35.868	-8.013	-3.1225	-1.12547717181656
36.318	-6.8931	-3.2431	1.58147938935096
35.608	-8.7425	-3.6319	-0.441983454728828
36.629	-7.321	-0.79914	1.645
30.247	-10.532	-3.9948	1.15411982579366
36.534	-2.8847	-3.859	0.276614159859372
27.815	-0.57083	-6.707	0.662424035574695
37.879	-3.3745	-3.9897	-1.30283085481539
35.763	-0.51963	-3.4807	-0.485728934445058
36.926	-6.1455	-1.226	-0.670758782551286
32.801	-10.494	-2.9191	-1.12293505545159
35.861	-2.605	-5.277	-1.46369570110427
35.633	-2.7754	-0.42644	-0.709255432008023
36.976	-6.7599	-1.9741	-1.02577543888924
36.514	-8.5327	-2.2652	-0.231030776140319
37.393	-3.4946	-4.3244	1.36082982030063
37.578	-6.9156	-1.9975	1.12121569463594
24.869	-11.715	-3.337	0.863053260288369
35.615	-2.2489	-4.7724	-0.53878839094152
34.09	-1.9336	-5.9096	-0.32136396905035
30.026	1.6761	-1.1057	-0.315770246752738
36.112	-7.3194	-0.71772	-0.197482604158761
37.412	-6.2447	-2.696	-0.742307944176392
35.664	-1.6218	-5.105	0.0330788599391875
31.845	1.0033	-1.1008	0.570375750157834
32.07	1.4293	-2.3833	1.14349592094327
36.339	-6.8364	-0.98471	0.716553682310809
37.301	-2.9975	-4.1287	-1.3031613127407
36.092	-3.3609	-0.37577	0.401429541496205
36.049	-2.8343	-0.31658	1.645
37.33	-2.1802	-2.9054	1.645
37.38	-3.0814	-1.6637	-1.11267312162934
36.17	-7.445	-0.85062	-0.965111078310427
36.039	-7.5015	-0.37316	-0.541315790023387
36.382	-2.1964	-0.9519	0.00283402622483128
36.82	-6.8749	-0.3813	-0.64916652123384
35.856	-6.2175	-4.9262	-0.118107440085172
36.513	-7.4862	-2.793	0.0316211557831668
34.092	-8.9227	-4.1576	-1.50114356793426
34.721	-8.3715	-4.579	-1.14198647553935
37.578	-3.8494	-4.4812	1.29413774532428
31.82	-1.1205	-6.6025	-0.742154748880403
37.348	-6.549	-3.1685	0.197911592330963
33.449	-0.6842	-5.706	-0.706852361987483
35.773	-7.8802	-0.81617	-0.839324491238732
37.914	-4.9455	-1.6546	-1.15555698458096
29.373	-1.8565	0.38733	1.38205251910622
35.622	-2.128	-5.639	-0.169747888441453
37.663	-3.1052	-2.6371	1.645
35.9	-7.2416	-0.67509	-0.835391418647394
23.754	-11.761	-3.3614	-0.37789819056534
37.804	-3.758	-2.5106	0.969308691562737
30.72	1.4517	-0.34053	0.623974929024728
33.532	-9.5404	-3.8361	-0.575988668409759
36.747	-2.8716	-4.7368	-0.641743961683802
37.946	-3.3618	-3.7233	-1.0182419476633
32.325	-6.7771	-5.2843	-0.69265251609532
18.772	-12.196	-3.1299	0.937070297689566
34.832	-7.3907	0.24362	-0.743345412891788
34.751	-2.076	-4.7894	-0.390620453697623
37.298	-6.2867	-4.72	-1.645
36.735	-2.0513	-4.5974	0.155410646519229
36.627	-2.2565	-4.6513	1.19171194498184
33.106	-8.9881	-4.6548	-0.811741416858382
27.895	2.1727	-0.70999	-0.845553657557684
35.475	-6.9959	-0.76676	0.817129926029151
36.064	-7.1385	-1.2273	-1.03198744638768
36.868	-7.3659	-3.4925	1.645
31.038	-10.399	-3.8462	-0.355244860159651
34.05	-7.3166	-5.0561	0.916646401747482
28.861	-2.2487	0.5869	-0.771359212896732
37.31	-7.5264	-2.6178	0.949238793874728
29.947	-10.855	-3.69	-0.0816886069365617
29.878	1.9333	-3.6835	-0.524219320732555
35.59	-2.7801	-5.4654	0.99644876390983
36.557	-6.012	0.058335	-1.37509377466024
35.742	-8.0212	-3.8443	-0.400999080384369
36.344	-2.7243	-5.0541	0.197373336925552
35.686	-6.1698	-4.8122	-1.18808431088124
34.273	-0.69818	-5.6839	-0.923737186200327
33.778	-8.1256	-0.58235	0.251132499630414
36.986	-3.4192	-4.8641	1.02602473383864
36.673	-7.7313	-1.7312	-0.871329193979206
36.514	-2.8311	-4.6458	-0.247602656446702
28.401	-0.6673	-6.6758	0.0887556879941732
34.516	-1.442	0.39769	0.831850342414452
36.623	-2.2417	-4.4946	0.177525215990136
36.261	-5.9674	-0.39885	-0.376551911493627
36.902	-7.0363	-0.65284	-0.0403330069740291
34.803	-7.3818	-0.18694	0.556842376596131
36.478	-7.7756	-0.57777	0.49925323292159
37.038	-4.3294	-1.0892	1.645
36.91	-3.242	-1.1441	-1.22056760182259
36.861	-1.5517	-4.234	-0.733165791004566
25.063	2.6942	0.50611	1.645
36.968	-3.0594	-1.5917	1.28232701213868
37.401	-2.788	-4.0256	0.256276650939051
27.474	2.3031	-0.87242	0.943740424986648
22.352	3.0673	1.2586	-0.905401090194149
35.679	-7.0002	-1.2115	0.289406955858307
33.597	-0.56617	-5.3621	0.00769700164670436
31.359	1.133	-1.4757	1.64045823423182
27.558	-11.495	-3.2371	0.60286931481821
28.577	-1.9917	0.59004	-0.808309953830486
37.58	-4.0989	-3.3811	0.0475600027618764
29.101	1.8205	-1.2912	-1.27908425586396
34.806	-8.8901	-2.973	-0.659363763857011
29.504	-10.993	-3.853	1.398980039906
35.233	-1.7225	-5.4094	1.645
30.542	1.6715	-0.25718	-1.07145930555606
36.054	-7.6498	-0.76852	-0.0910713116401719
35.771	-6.6465	-1.0204	0.326787106069699
36.681	-7.6883	-1.3233	0.372357039188745
35.258	-5.3219	-5.4431	0.882755688783194
26.936	-1.6129	1.3973	-0.41759169918937
36.806	-7.1946	-1.9069	1.63215982315708
37.579	-7.1001	-2.0947	-0.58641291163574
28.874	-11.12	-4.0281	-1.645
37.344	-5.4244	-3.918	-1.17315287684879
37.741	-3.5231	-1.6764	-0.517977431216544
37.36	-1.9229	-3.4248	-1.33576629906183
36.492	-7.4624	-0.46387	-1.0017549867348
36.099	-7.3386	-0.73775	-0.548887349691613
31.208	-10.341	-3.9103	-1.35846475558825
34.288	-1.2429	-5.9811	0.75364031567971
37.173	-2.6245	-3.9132	-0.964419913461717
26.933	2.2884	0.38868	-0.677100666208149
30.906	-10.083	-3.4443	-0.225576765396556
36.378	-8.7082	-2.2334	-1.09708249235987
37.744	-4.8284	-2.8158	-0.906945817827916
37.988	-3.183	-3.7179	-1.35715477049918
37.295	-4.7406	-4.9434	0.205341782433757
28.343	-11.733	-3.5872	-1.00279374264595
36.646	-6.9621	-4.4572	-0.451724731898594
37.809	-4.4404	-2.6843	-0.454693149476764
27.258	0.22043	-6.3336	0.240000037032347
37.447	-2.7711	-3.2962	0.35072994837064
37.211	-6.4572	-0.88182	-0.641943899322578
31.034	2.13	-1.503	0.692650372732715
24.255	-1.0753	1.209	-0.458116323322616
36.745	-7.1831	-2.3689	-0.150296604527265
35.669	-5.378	-5.4118	-0.248421252658001
21.085	3.772	0.79139	-0.674964166278474
36.221	-7.3412	-4.4751	1.02426216250906
27.737	-11.284	-3.2202	-0.745025190698929
38.014	-3.428	-3.3169	-0.296354896456843
34.719	-9.8405	-3.3063	0.761221803979222
23.422	-0.66444	0.89025	-0.76108923392281
36.177	-2.5183	-1.6875	-0.825147123355978
37.224	-5.958	-1.089	-0.290576819346153
35.407	-6.9301	-1.0617	-0.932261263170469
31.294	-7.8077	-4.7166	-0.614979269476597
27.089	-11.553	-3.8875	-0.0296385992802538
36.734	-4.8522	-4.9762	0.821281032146012
34.236	-10.016	-2.8261	0.374708573466222
37.948	-3.335	-3.8358	-1.11293802574195
34.473	-6.0424	-5.0366	0.549717284056894
31.828	1.1086	-2.2523	-0.593561196468731
36.839	-2.8458	-4.6107	1.26621498246022
34.572	-9.5317	-2.8881	0.697264245776055
37.82	-7.0502	-1.9993	-1.04850197538494
38.277	-5.7043	-2.5148	1.26841000657684
31.258	-10.897	-3.3516	-0.988407843049015
37.925	-7.2268	-2.1791	-0.887542324691102
37.734	-5.9544	-4.0513	0.46927215078866
37.332	-7.2515	-3.8961	-0.52837069301787
36.808	-7.1617	-1.0805	-0.707271041280595
36.223	-7.7271	-1.0545	0.851939960930084
35.874	-8.6177	-1.8043	-0.180069447436807
36.383	-6.8969	0.11651	1.21791627359872
26.628	-11.465	-3.5706	-0.120366952719743
28.68	-0.5989	-6.5866	-0.743325908030847
37.135	-6.6056	-1.2216	-0.218820742941922
36.084	-6.9266	-1.1155	1.60724000579035
35.975	-7.482	-0.79263	-0.367773810712488
27.763	-0.19828	-6.7383	0.432683234906005
37.832	-5.746	-1.2789	1.41486287615247
37.469	-3.0494	-4.2007	1.0526374542742
34.285	-0.88002	-5.7289	0.957254590383098
32.951	-2.1329	0.73755	0.738641246634827
37.129	-4.2692	-2.0975	-0.0256218285598383
29.893	-1.3723	-6.5831	0.676342380003678
36.496	-7.1131	-0.84695	-0.766144622558598
31.621	1.471	-2.1952	-0.577182366415046
37.496	-2.7345	-3.0657	1.17614541095992
36.059	-5.4499	-1.2052	1.06411940855201
29.989	-1.4419	-6.6104	-1.04408729111106
36.212	-2.8864	-4.4424	-0.0286657708880657
35.2	-1.6433	-5.5416	-0.638407552085071
35.304	-6.792	-4.5462	1.645
36.617	-3.1258	-4.9507	0.41261734065933
37.809	-7.1081	-3.5919	0.0524399824309758
28.187	-2.0153	0.64751	1.645
14.631	-11.506	-3.6427	-1.02433816011071
38.285	-6.068	-1.6478	1.58920959627014
36.37	-2.9592	-4.9675	-0.649254909701796
24.838	-11.328	-3.8629	-0.685439438950685
36.699	-4.6467	0.089536	-0.695383250736656
33.103	-10.306	-3.7632	1.645
36.409	-6.576	-1.957	-0.185923334002295
35.637	-6.7245	-0.37612	0.756403488279981
37.662	-2.5526	-3.9957	-0.830732391257972
36.086	-7.7136	-1.5338	-0.393848639126316
37.484	-2.9589	-2.2054	-0.916207088514164
24.91	-11.954	-3.5912	-1.16377883837302
31.683	-1.2044	1.0754	0.633566880879278
24.068	-11.949	-3.7635	0.317385605410468
37.131	-4.5617	-0.87893	0.521288534843799
37.254	-3.0555	-4.385	1.42233385979849
35.958	-2.3821	-5.0615	-1.27748121052787
37.729	-4.9993	-4.3855	-0.810123586488524
36.092	-7.0394	-3.7643	-0.551011316911485
36.237	-7.9567	-0.56517	-0.818801164250559
28.051	-11.463	-3.9954	1.00465365176489
32.833	-9.925	-3.8629	-0.93287926907834
37.93	-4.6532	-1.5629	0.613627065251737
36.998	-6.6701	-0.68066	-0.316530091831759
36.588	-2.8971	-0.65573	1.25993523450067
29.53	-11.489	-3.1516	0.951254184736606
29.772	1.7553	-0.20628	1.05178830059005
37.184	-1.7013	-2.732	1.2011980747055
26.332	2.8248	-0.26543	-0.0570173203527531
36.383	-1.4084	-1.6501	-1.54809179752426
29.524	1.8227	-0.21233	0.302789761960094
36.427	-6.7942	-0.72939	-1.14866488920975
38.35	-4.2938	-3.138	1.19381442476546
36.085	-8.2433	-1.0166	1.19332346360541
34.92	-2.2908	-0.34357	1.23994385296577
33.647	-9.5361	-2.9473	0.0546377184940723
36.568	-6.7341	-0.43936	0.569408718556942
33.897	-9.3231	-3.4479	1.645
35.732	-7.4659	-0.892	-0.582989624167477
37.59	-3.4846	-3.6459	-0.936105308228495
37.127	-7.6054	-3.972	-0.671509330578336
37.684	-3.9188	-3.9944	-0.80748457638794
38.211	-6.7695	-2.7243	0.125907047151237
37.23	-3.1353	-2.1204	-1.45998854051059
28.015	-11.269	-3.5031	0.916543355895364
30.867	-10.809	-3.5384	1.645
36.78	-7.3321	-1.024	1.645
35.989	-1.6761	-5.1643	1.645
37.065	-7.2034	-1.1197	-0.801449455967745
35.143	-3.4181	-0.3143	-0.945974434040697
24.371	-1.4143	1.2245	-0.344628513474192
37.336	-4.2892	-1.3951	-0.435571750458569
37.018	-2.1404	-3.4635	-0.545283725546948
36.875	-2.9204	-4.2667	-0.151493226362412
29.352	-10.501	-3.6657	0.312652764341587
35.801	-6.039	-0.10692	-0.658325009712465
35.769	-1.1302	-4.9338	-0.445959179463875
36.038	-0.75241	-2.4819	-1.21130032433221
36.903	-6.0825	-1.1782	-0.368880138509571
33.954	-0.85081	-5.874	-0.609366511553959
35.042	-7.5012	-4.9165	-1.12327583006675
28.693	1.9418	-0.84665	-0.131360003723265
31.148	1.1191	-1.7657	-0.673387492934187
35.209	-2.4738	-5.3197	1.645
36.139	-7.2369	-0.64364	-1.01483107913198
36.421	-8.4179	-2.0881	0.175371988570085
33.231	0.16905	-5.6528	-0.55871481510154
36.446	-6.3734	-4.8093	0.252857847834192
37.16	-6.6232	-0.7396	-0.542215575164198
36.627	-4.0545	-5.0559	1.645
33.339	-3.0923	-1.8954	-0.569127133257188
35.511	-1.8353	-5.3157	1.645
31.384	-10.126	-3.673	-0.75824788229257
36.67	-6.252	-0.26205	-0.323049543747446
34.944	-1.8333	-5.6746	1.645
36.307	-6.6518	-5.0565	1.645
36.897	-3.6054	-4.7352	-0.990728801408118
36.185	-1.9151	-5.1717	0.626445515514961
36.296	-3.9297	-1.4904	0.245173334180189
37.307	-3.9139	-4.5918	-0.281884761805083
20.474	-12.495	-3.206	-0.518041513059255
34.688	-1.4445	-4.5017	-0.107801240506638
31.151	-10.386	-3.707	-0.672530667793709
27.619	-11.723	-3.0238	0.29556779764224
37.836	-4.3579	-3.3202	1.645
36.495	-7.6701	-0.95526	1.645
35.629	-9.285	-3.1762	-1.00236632728018
35.983	-6.7157	-0.25748	0.0494904280569024
35.866	-3.3966	-1.9231	1.14127224743254
33.365	0.518	-1.5642	0.00417038044179757
36.935	-5.5179	-1.3782	-0.188661752331079
35.159	-1.6508	-5.7185	0.449146183170896
37.745	-6.0125	-2.6235	0.904872934308772
25.809	-11.625	-3.7767	-0.145012630477159
36.729	-7.5145	-3.1312	-0.572490681352802
36.82	-6.9642	-1.231	-0.743855977579459
35.735	-6.692	-0.29731	0.0242967585266778
26.937	-11.434	-4.0353	-1.645
33.235	-10.72	-2.9872	-1.40145809909385
26.188	-1.2389	0.73822	-0.980154577741267
34.549	-0.84299	-5.6394	1.645
19.483	-12.108	-3.7965	0.914118503010964
37.367	-3.737	-1.2535	-0.61776898553254
29.047	-11.285	-3.5116	0.925330054171817
30.193	1.1488	-0.66419	-0.383725112492512
31.452	-9.1478	-3.2273	1.645
35.045	-8.4451	-3.0206	-1.02899700426435
36.889	-6.3605	-0.64418	-0.352181597836495
36.927	-2.4784	-4.6331	-0.465406043562935
37.13	-3.482	-3.5833	-0.759029744121269
32.785	0.6827	-1.7577	-0.234031728921508
35.815	-7.8946	-0.37288	-0.754625895725434
35.818	-1.2328	-4.9674	0.189689188465341
35.219	-2.1202	-1.3575	-1.07566454129114
33.04	0.80558	-4.2231	0.98139119637382
37.4	-6.6576	-3.761	-0.627989189195851
36.626	-5.7911	-1.2278	-0.778837853353146
28.452	-0.64826	-6.6807	0.477066822394338
37.056	-2.086	-4.1943	0.086542396414617
35.233	-8.8871	-3.1131	0.179909357904621
36.034	-7.7111	-0.66814	-1.00128032683905
36.001	-6.2461	-0.9769	-0.839190447803275
34.864	-0.4048	-2.0771	-0.482719055041854
36.103	-2.9022	-4.7952	-0.542429184198431
35.503	-6.2815	0.51715	1.39428728592147
34.658	-0.62976	-5.3143	0.0828677295683907
27.416	-11.642	-3.608	0.556544401375168
35.609	-7.1077	-0.68315	0.0672158387663102
36.277	-7.249	-0.71106	1.645
36.332	-6.6978	-0.47076	1.32795601484589
37.342	-6.7824	-1.0638	0.98949457221858
30.821	-10.162	-3.2975	-0.426195305779469
35.464	-9.2253	-3.2972	1.03163846024032
22.178	3.5218	0.97528	1.61513191723291
37.033	-2.5461	-1.0928	0.581820323107255
28.169	-10.539	-4.4468	0.0719811478491822
36.758	-6.2914	-0.49534	0.385604628136888
38.105	-6.1144	-1.8308	-1.43045824128179
28.06	-11.31	-4.1272	-0.97533871124911
37.405	-2.8884	-4.2719	1.645
31.239	-10.563	-3.4322	0.0834761431400062
37.061	-6.5184	-1.2337	-0.904688312807666
32.65	-0.74971	-6.2361	1.61568327634411
36.879	-7.3031	-1.1171	-1.61453515403343
36.848	-6.5595	-2.1398	-0.216111925654161
36.212	-4.2356	-0.11937	1.26828287678736
37.907	-5.6622	-1.514	1.421627364714
36.537	-6.301	-1.1695	1.03322344164641
30.827	-10.451	-4.0079	0.033463575141021
37.508	-3.0489	-2.1855	-0.270576781137085
33.377	-10.479	-2.644	-0.260360343976901
31.698	-1.481	-6.3148	0.0787118860234261
34.899	-8.9036	-2.1978	-0.761896415524365
33.966	-0.18969	-0.95979	1.645
36.04	-7.8278	-3.3901	0.795657849247778
37.908	-5.4849	-2.8675	-0.338374687524032
37.964	-6.7002	-1.5893	-0.555949882182522
36.89	-7.2192	-1.1222	0.0809033125696792
37.104	-7.4099	-0.84084	-0.896973365996956
36.27	-3.1772	-4.7845	-1.11166407464656
38.079	-6.2421	-1.3115	-0.105233628031198
37.262	-7.6743	-2.5575	-0.987002677847171
36.787	-5.5935	-0.20183	-0.946893593171373
35.965	-2.0548	-5.2201	0.0300866087690035
33.607	-1.7542	0.66326	-0.645221349295755
33.679	-0.86234	-0.17042	0.795394981179813
35.295	-7.3557	-2.6164	1.645
35.452	-7.5059	-1.1164	-0.930670914846873
38.095	-4.4114	-3.0289	1.645
36.928	-3.1836	-4.6119	-0.589601722657004
36.366	-7.7739	-1.273	0.436393426848901
36.018	-6.3323	-1.1371	-0.673352117883192
27.877	-10.224	-4.2064	1.645
36.387	-2.0945	-4.6511	1.645
36.329	-1.779	-4.8389	0.216296794202967
36.439	-2.5243	-2.1194	1.40911978158275
35.668	-7.5501	-1.0858	0.256928319328617
35.146	-6.8688	-1.1453	-0.378694124579993
37.721	-2.718	-3.5393	0.401061165416306
35.898	-7.0416	-0.93679	-0.581806161660539
35.467	-1.2018	-5.1814	0.98489471695064
28.019	-0.25125	-6.6692	0.309933522030373
24.003	0.13853	1.4663	-0.710613853380808
34.119	-1.5572	-3.3554	-0.878366606077357
36.647	-7.5774	-0.80506	-0.398995272748169
25.402	-11.378	-4.1255	-0.782368272857468
33.156	0.051677	-0.95287	0.47630788379906
28.959	-10.732	-3.9835	1.02968289097363
36.261	-2.6379	-4.6789	0.911995082946628
31.478	0.98321	-0.87069	1.27470377057277
32.167	-10.434	-3.3169	-0.595168788123825
35.131	-9.2436	-3.3567	-0.417628830918112
37.704	-6.9036	-3.5007	0.207972175143208
35.013	-1.0942	-0.74452	-1.27300284057965
35.599	-6.7579	-0.15719	-1.58883712173882
37.172	-5.7699	-2.3884	-0.495062662602554
37.543	-6.6177	-3.9242	-1.27947319846264
35.68	-4.0853	-5.459	0.0986597302731062
36.115	-2.5821	-0.79798	-0.921576925268335
26.877	2.3493	0.26303	-0.820003474869119
35.159	-5.0452	-1.1061	-1.1199014187696
36.451	-2.0925	-4.9467	-0.830572877399499
31.618	-10.13	-4.2517	-0.835747237856376
36.349	-7.4662	-1.0629	-0.853573049175223
37.948	-6.3604	-1.6608	-0.138367403071531
36.517	-7.0275	-0.29672	0.0199594552242398
36.696	-3.7296	-4.7045	-1.02748095519489
35.556	-2.9167	-0.96308	-1.03223775792699
30.039	-10.6	-3.9322	1.645
35.769	-1.7993	-5.2612	1.645
32.99	-8.9546	-0.21807	1.645
33.378	-9.128	-3.986	1.40995633039068
35.762	-2.4738	-4.9674	-1.02149596993288
36.57	-1.9504	-4.6956	0.129984431306674
34.7	-1.2137	-5.6412	-0.263613166274143
33.715	-9.6432	-2.123	-0.604513989054464
33.459	-6.2113	-5.0877	1.24541523321777
36.744	-6.6862	-0.47204	-0.66785564940484
30.821	-10.653	-3.8519	-1.645
36.732	-7.2218	-0.73825	0.39461912403039
34.398	-1.8175	-6.1834	0.485054024873688
35.262	-6.5396	-0.11959	-0.0298131776138534
31.074	0.26967	-6.3372	1.645
27.563	-1.7829	0.9933	-0.721573272651393
35.687	-2.4359	-5.3201	0.781720552311393
38.541	-5.8464	-3.3132	0.0654548259094462
34.045	-9.3825	-2.7884	-0.815128143078546
35.028	-7.1752	-0.66195	0.165043793525435
37.128	-7.3755	-1.516	-1.15251715848146
22.237	-11.81	-3.5527	-0.606511026021132
34.872	-9.2335	-3.1798	-0.174438526328571
28.46	2.2846	-2.1237	-0.751190632331375
29.035	1.6447	-0.066406	-0.665589764762497
33.301	-0.8584	-6.2191	1.645
25.808	2.4843	0.20229	0.360817513905848
35.031	-0.73919	-5.3013	0.067504133152867
37.3	-4.165	-1.6175	-0.85837462191955
34.091	-7.9047	-4.067	0.232054830249564
33.506	-8.587	-3.743	0.217992264963969
38.398	-5.8134	-1.1318	-0.505320137655177
37.269	-6.4643	-1.3187	-0.880208215507621
30.47	-9.6622	-4.3325	1.645
31.505	-10.677	-3.5357	-0.294729968659445
28.368	-0.59665	-6.7559	-0.573248564633033
29.468	1.8323	-1.3242	-0.987834093860655
27.805	2.13	0.2655	0.0567551380750763
36.956	-3.2025	-4.4751	-0.430603355755025
37.878	-4.0903	-2.2179	-0.516327804164812
32.922	-10.36	-3.0592	-0.54595620107715
37.937	-4.7004	-4.0766	1.645
34.095	-9.7839	-3.228	0.241548495886558
27.177	-2.3797	0.14023	0.63108015558326
37.46	-4.4038	-1.0835	1.645
28.865	1.751	-0.48839	1.6302388173046
33.099	0.48603	-1.4884	0.99406936120371
37.523	-5.7548	-4.5898	0.401290071559029
35.811	-7.1054	-0.26252	-0.160226682446701
35.965	-1.3746	-5.0021	1.645
37.776	-3.2527	-3.708	0.445735310439713
36.115	-6.9508	-0.31193	-0.651729271621745
37.574	-2.8168	-1.8882	0.116479924532242
37.813	-3.2192	-2.0258	0.426460084890114
36.271	-7.3453	-1.3238	-0.562660829139949
35.127	-8.9068	-3.2601	0.706216125724091
29.891	1.399	-0.59674	-1.62683348847568
37.393	-5.8686	-0.98026	0.796756670317348
34.849	-9.695	-3.414	1.18129645165218
36.802	-7.1285	-0.91854	-0.3321288426973
33.721	-9.813	-3.1666	1.27243045990628
35.843	-6.6108	-1.5401	-0.962591369170642
37.175	-3.326	-4.0231	-0.769634128874838
36.404	-0.77396	-3.045	-1.32710049499732
21.515	-0.27706	1.74	-0.694007130256048
35.239	-3.0074	-0.11223	1.645
36.221	-2.9564	-0.61513	1.645
25.345	2.9604	0.81839	-0.302117364814243
22.655	-11.631	-3.7513	1.31779915583346
37.819	-3.8939	-4.081	-0.0557786985509022
36.841	-6.0594	-5.141	0.924111541243842
28.339	-11.288	-3.7747	-0.299949429034655
37.756	-7.1614	-3.4233	0.776021048240732
37.597	-4.7139	-4.268	1.645
38.086	-4.8205	-3.8928	-0.322151345716518
35.692	-8.8069	-1.7571	-0.189793426834215
37.016	-2.6871	-3.6991	1.645
37.241	-3.7254	-1.2785	-0.402806122888813
25.316	0.0397	0.96357	-0.927299003838441
35.607	-1.8209	-5.5017	1.645
36.607	-2.9684	-1.1872	-0.126722953555712
36.807	-6.8513	-1.4331	0.0476457070776507
36.331	-7.1059	-0.41523	-0.575597690167904
37.997	-4.8692	-1.9471	-0.675895864875029
35.349	-1.7696	-4.8635	0.0566116640716087
38.365	-5.7093	-3.163	-0.678759930459313
36.22	-7.0306	-1.8249	0.817439345626337
30.623	-10.628	-2.3359	0.536116417079349
37.501	-3.63	-3.2459	0.835913793877403
36.707	-6.8401	-1.3848	0.608028628769342
36.334	-6.388	-0.29077	-1.38683166005223
36.697	-2.4607	-4.6981	1.44246116214361
34.278	-8.7974	-3.7387	-0.866329736379151
36.955	-6.6936	-0.62468	-0.208310513653897
34.832	-1.3266	-5.3939	-0.508911288480082
34.17	-1.3725	0.13005	1.17012036499935
35.967	-2.729	-0.69909	-1.48768417646941
36.875	-6.5702	-0.73131	-0.599334979506317
29.377	1.7668	-0.97623	1.645
37.269	-6.594	-4.1428	0.348019193871909
36.059	-6.6724	0.099282	-0.850794817471702
28.725	1.7036	-0.72164	0.66751584989941
37.028	-3.37	-4.176	-0.659058491944611
24.282	-11.844	-3.4144	-0.692964991649743
38.09	-4.6696	-3.7878	-0.734846778414466
36.817	-3.992	-1.0023	0.282223068003485
35.052	-2.3438	-0.25459	0.721160803323475
28.05	2.1178	-0.84351	-1.2250475743545
35.929	-8.1243	-1.4357	-0.498524357962078
35.477	-1.5291	-5.0441	-0.635719910519186
28.167	2.2203	-0.26485	1.645
35.993	-7.0808	-1.3785	1.645
36.023	-3.1128	-0.9772	-0.650830374128522
38.074	-4.3028	-2.4632	-0.0480986105474515
38.453	-6.2205	-2.5167	-0.0138841041207633
37.573	-6.2663	-0.94834	1.44665708509217
35.336	-1.5855	-5.3664	-0.486748920452849
25.93	-1.2025	0.87789	0.251240800225762
38.241	-4.5629	-4.0563	-0.916947125601882
35.212	-2.5121	-5.7232	1.30593087144517
37.707	-3.9647	-4.055	0.0838496983878708
29.63	-0.92416	-6.7941	-0.891267771290685
27.664	-10.9	-3.9195	-1.23481552343007
38.382	-5.4187	-2.2298	0.378344418544255
38.042	-4.4673	-2.5642	0.0758679692761341
32.123	0.60269	-0.86491	-1.25907849597789
36.836	-2.003	-4.5542	-0.309916542894865
37.772	-3.5059	-3.3861	-0.531382096729703
31.616	-10.133	-3.0478	1.645
31.588	-10.845	-3.7152	-0.612994972539326
36.233	-7.5856	-0.90686	1.19203753481716
33.831	-0.82131	-5.9073	-0.255574590121944
34.005	-0.32428	-5.4688	-0.199783638385355
37.126	-1.7498	-4.0023	-0.0274469401507206
37.373	-6.9962	-0.69014	-1.24565213953176
37.485	-7.2194	-1.5734	0.934991577781322
36.667	-6.7386	-0.78268	0.0180678718461361
35.927	-2.6184	-5.194	-0.0875807934158241
29.457	-8.1844	-4.6495	-0.498510791771858
36.152	-7.3342	-0.95071	-0.609047201655022
27.857	-1.7479	0.28644	-0.672206086524004
35.727	-1.6297	-5.1851	0.366139772033955
25.499	-1.9116	0.89186	0.186775791858087
36.942	-6.4637	-0.66239	1.645
35.541	-0.99494	-3.919	0.462647830552807
35.88	-8.2388	-4.4135	-0.31217028345869
26.47	-1.2093	0.66759	-0.961250862753148
37.246	-2.3567	-4.2847	0.490268852215708
24.368	3.7988	0.25655	1.20713577082699
37.305	-7.1596	-1.4898	1.645
37.412	-4.5111	-2.4789	0.0246646924788936
33.965	0.34185	-2.8306	-0.486553453747406
34.672	-9.018	-2.7887	0.418795384304762
33.674	-1.1195	0.1615	0.822283013517593
37.105	-3.6061	-4.5524	-0.767892123610402
37.295	-3.7665	-1.2328	1.645
37.095	-4.2397	-4.9509	-1.0528040712779
36.785	-1.4031	-3.5604	-1.00882935520419
36.11	-7.4497	-1.499	1.23709709470384
37.838	-3.7151	-3.567	-0.826668540373094
36.385	-6.6891	-0.91737	1.645
27.399	1.8644	0.060854	-0.319815911157076
28.91	-10.416	-4.3339	-1.13702873900303
30.806	-9.287	-3.5933	-0.411716718569761
24.603	3.0977	0.72789	0.235396299705209
36.022	-6.828	-0.57731	-0.860923047838874
37.923	-3.705	-3.5402	-0.422950980711679
26.104	2.9775	0.38525	-0.731995067492623
29.757	-0.67542	-6.5392	0.94482681138939
33.946	0.48495	-2.0193	-0.813720177562869
35.282	-0.54191	-4.5888	0.102311209339226
31.359	1.2267	-0.79001	-0.118309209853215
36.937	-6.6664	-1.0888	-0.427165760580999
35.131	-7.9391	-1.5386	0.189149374900423
32.829	-2.2829	-5.3286	1.60246130598037
36.414	-6.6305	-0.54073	-1.05062589131668
36.371	-1.3748	-4.149	-0.807677889948117
35.451	-2.0421	-5.2604	-0.844576478384487
37.505	-3.3844	-3.665	0.935241960572151
35.946	-6.5489	-1.2203	-1.06545252302186
26.909	2.6637	0.026832	1.645
37.149	-6.3657	-1.3475	-0.986666116845502
37.252	-3.2123	-4.5515	-0.599139584659586
33.485	-9.167	-3.831	-0.818021008723916
36.105	-7.5793	-1.0388	0.0167477140594811
36.415	-2.8229	-5.3315	1.645
22.184	-12.39	-2.6067	1.28770966128423
37.27	-6.4269	-1.0324	0.740155878320568
36.619	-3.3442	-5.008	1.11249069628307
36.415	-3.3798	-0.64911	1.645
26.716	-11.636	-3.9302	0.967841442054864
33.073	-10.383	-3.0347	-0.355553349141733
21.996	-12.117	-3.2949	-0.421940549618814
37.298	-5.8161	-0.65225	-1.28821118154898
37.293	-2.0806	-4.0461	-0.952887015141299
27.989	0.13398	0.8053	1.645
27.83	-11.511	-3.6894	1.645
25.215	3.2448	-0.1568	0.88631958688196
37.034	-2.7736	-2.7544	-0.381231914982319
38.149	-5.5533	-1.2842	0.0243033035935339
29.455	1.4441	-0.33154	0.194178263320699
33.884	-9.4559	-2.2002	-1.445424225735
35.944	-7.7459	-1.3209	-0.596716505292356
37.853	-6.0901	-2.2477	-0.00952401211972356
26.621	-0.41676	-6.7491	1.645
28.11	-1.8263	0.47221	-0.194985391992594
36.601	-3.3263	-0.83788	-0.533403553299875
38.435	-6.2835	-2.839	0.503234243020264
35.444	-3.6749	-0.45329	0.780609151150889
29.049	2.1374	-1.2587	-1.1253641613851
30.135	-9.1454	-4.2499	-0.722548553599858
37.69	-2.9721	-2.3396	-0.321250967552927
37.664	-3.9756	-1.3644	1.64015991269935
26.865	-11.889	-3.6093	-0.313408500012845
34.357	-6.5455	-4.6842	-0.596813189731463
33.895	-8.0079	0.42918	0.853152665875048
35.711	-7.1492	-0.48083	1.645
37.317	-6.8573	-3.3818	-0.599073807869566
35.332	-3.4379	0.25797	1.09030461438575
37.261	-2.7718	-4.19	-1.57995325404546
33.708	-6.1344	-5.2625	-0.22921500018869
27.025	-1.1452	0.8769	-0.747249137600538
33.383	-10.034	-3.4276	-0.411255505624183
34.026	-9.7903	-3.2879	-0.831236293708545
22.571	-0.57713	1.5151	0.657159383293503
35.586	-6.7863	-0.30952	-0.647646968092101
37.737	-6.611	-1.2513	0.197200910196552
37.547	-3.1049	-3.4645	-0.127700679013325
36.501	-6.4825	-0.69156	-1.41828265318895
36.172	-0.92643	-4.2247	-0.777304865789008
33.853	-7.9412	-4.2012	-0.472007212689221
36.282	-1.236	-3.9953	-0.721430211222626
36.92	-3.6492	-4.6394	-0.476819648129251
38.032	-3.8433	-2.5224	-1.02453858852554
36.301	-1.469	-4.8456	-0.111448863665074
37.283	-5.6156	0.019012	-1.00828994854627
33.007	0.29962	-0.29684	-0.0849847954627617
37.109	-7.0105	-0.90472	1.14626015237078
32.649	-1.5728	0.16861	-1.645
37.766	-3.2181	-1.9562	-0.764061184674999
37.798	-6.4612	-2.1662	-0.711442318238875
28.562	-11.373	-3.9338	-0.828834467797955
37.069	-7.3037	-1.1191	0.251097125975697
32.388	-10.109	-3.1943	-0.450972562702122
14.2	-12.25	-2.7913	-0.863296956114799
36.149	-3.6882	-0.088772	-0.849055044987548
35.73	-7.9709	-0.66978	-0.611952386133303
36.885	-8.2585	-1.4113	-0.539215361070055
35.863	-2.4069	-2.5622	1.645
35.521	-7.0953	-0.81215	-1.45660629893399
37.14	-3.9296	-2.3872	1.645
36.345	-3.4584	-0.40195	0.0192490556193921
18.476	-11.922	-3.6567	-0.868068551288123
28.31	-11.059	-4.4058	-0.136766853317252
34.361	-1.276	-5.9627	0.139726228204655
37.485	-6.3438	-1.5371	-0.943692047078963
36.432	-2.9785	-1.8557	1.645
30.852	1.7849	-1.8279	-1.11272154869507
37.236	-5.8353	-2.0778	-0.949296866547906
35.936	-1.5523	-5.1143	1.35596242287897
26.728	-2.4993	0.37058	1.645
34.196	-9.5363	-3.2052	-0.852621448358044
34.387	-0.70831	-5.5504	0.463124333841181
37.587	-5.2175	-1.004	-1.25955484625802
36.574	-8.6753	-3.4189	-0.243136808866196
24.178	-11.704	-3.6301	-1.12408589304538
37.406	-4.0066	-3.9598	-1.13152383452339
33.023	-9.9253	-4.2566	-0.340288554048821
22.106	0.18732	1.8667	-0.84455909992042
36.978	-1.6567	-1.9199	0.544772546444988
25.224	-11.867	-3.7074	0.548433322742273
36.187	-7.133	-0.64214	-0.464197818399691
35.53	-1.198	-4.9193	-0.421274443694308
26.252	2.4373	0.2568	-1.06670009659703
36.1	-5.7452	-0.9397	-0.786222717133332
36.73	-2.8421	-4.3338	0.576046063236403
36.981	-6.59	-0.49138	-0.0966089308276148
35.587	-2.51	-0.4416	-0.66784037073157
34.547	-9.2514	-3.6529	-1.29139939955371
36.51	-6.2637	-0.54518	1.645
28.656	-0.89458	-6.9293	-1.03738831093738
31.076	-10.596	-3.1788	-0.126546186256327
36.67	-6.0862	-0.60603	-0.172270862395384
37.434	-4.6484	-2.4277	1.645
36.102	-3.0749	-5.1304	-0.617526518884213
35.136	-0.6424	-1.0237	-1.2351530967524
36.022	-5.6927	-0.69924	0.140302597779266
38.242	-5.918	-2.1091	0.231749284695059
34.806	-6.9562	-0.62806	-0.3709460973463
33.204	0.41913	-3.6203	-0.436349402191798
37.769	-5.0176	-1.871	1.30323632424985
31.457	-0.30158	-6.5963	-0.667078668590806
35.257	-2.0901	-4.006	1.645
27.536	2.4938	-0.31686	0.410959398664205
36.532	-2.2219	-4.9142	1.645
37.08	-2.6979	-1.4846	-0.909802109673043
38.26	-5.4613	-2.6107	0.366630803566849
33.203	-10.02	-3.7952	-0.308455555732676
36.482	-1.3979	-3.6565	-0.758962440365352
32.946	-10.118	-3.8613	-0.681366651806042
35.595	-7.1083	-1.4836	-0.668597985543397
35.563	-0.78294	-4.4159	-0.360718526245789
36.853	-6.3522	-2.1496	-0.698643923856516
35.352	-7.529	-3.7597	-0.554679127614129
29.747	1.7848	-0.64182	0.00783593911234947
37.247	-6.3258	-0.74275	0.095256809926106
35.014	-8.2377	-0.58041	0.137641482291743
34.187	-1.4715	-5.6999	1.645
38.329	-4.7319	-3.6869	-0.537703866236016
36.39	-6.9544	-0.46647	-0.573457899969424
33.046	-8.5364	-0.65937	0.501239409973208
36.52	-7.3394	-3.0192	0.635944222412897
32	-9.0904	-4.758	-0.0209849376013312
31.917	-9.7447	-4.6294	-0.684804723923472
36.017	-3.9337	-0.15164	-0.238604305747341
38.36	-5.3256	-2.9136	1.42615989114225
29.713	-1.3836	0.57155	-0.377956457460423
37.164	-3.1932	-4.4762	0.088700720828034
36.602	-7.2462	-0.74841	-0.700826275169696
37.393	-6.592	-1.4972	-1.09150352043699
31.26	-1.5383	-6.2118	-0.719947246821712
35.006	-5.2704	-0.66318	1.43652491752891
36.765	-2.6537	-0.90358	0.948015868809759
37.095	-3.2146	-1.7715	-1.55795205824174
36.442	-8.308	-1.1302	-0.166979007698307
36.966	-5.8746	-2.2644	0.325268798307585
37.138	-4.5323	-4.5154	1.645
24.997	-0.66669	1.1359	-0.656332227049158
36.321	-3.9637	-0.27042	0.316239096622655
35.222	-7.552	-0.12993	-0.71002698310117
36.223	-7.4272	-1.0084	0.084201592481947
28.246	-11.364	-3.9274	-1.0052849993544
24.148	-11.976	-3.5319	-0.887278620892341
36.358	-0.97953	-2.8211	-0.762942279892559
24.668	-11.654	-3.2159	-1.01414653624314
37.54	-3.8517	-4.3804	1.645
35.599	-6.05	-5.0311	0.574473904953145
35.249	-6.5454	-5.549	1.09546611815022
35.848	-8.0086	-0.74692	-0.556844151587097
36.432	-7.4201	-0.80639	0.925251718295299
29.6	-10.915	-3.8914	1.44226487554048
34.545	-0.57259	-5.36	1.14786374075559
35.391	-7.7354	-2.7639	-0.402535551291247
35.681	-7.0142	0.034118	-0.632774807000178
35.791	-7.0583	-0.31701	1.1631888036948
35.672	-1.7917	-5.3377	-0.369395519815987
35.285	-7.5377	0.066807	-1.07159884411571
27.402	2.3625	-0.79184	-0.630387094230755
37.136	-6.9179	-0.88602	-0.889872818512688
