30.252	-10.709	-4.2735
37.784	-3.0457	-3.1938
35.233	-1.7225	-5.4094
36.304	-5.6636	-0.46282
34.958	-1.4558	-5.6443
35.711	-7.1492	-0.48083
35.577	-2.1617	-5.7207
30.384	-1.1125	-6.3906
35.662	-6.8765	-0.14067
37.208	-4.7836	-0.79393
35.031	-0.73919	-5.3013
30.639	-1.4277	-6.4224
30.396	1.5929	-2.7118
37.36	-1.9229	-3.4248
38.053	-4.9272	-3.8114
25.215	3.2448	-0.1568
37.946	-3.3618	-3.7233
36.345	-3.4584	-0.40195
29.468	1.8323	-1.3242
35.221	-8.5458	-1.1697
37.076	-4.767	-1.1442
38.1	-6.0953	-1.2467
37.421	-4.2265	-4.3602
37.609	-6.1563	-1.2378
29.628	1.4832	-0.091737
30.886	-9.9839	-3.954
36.237	-7.9567	-0.56517
38.043	-6.8756	-1.8666
37.508	-3.0489	-2.1855
38.329	-4.7319	-3.6869
34.7	-1.2137	-5.6412
38.1	-3.8544	-2.0497
35.969	-7.2747	-0.90899
27.088	0.10397	-6.6888
37.973	-4.0567	-3.8317
27.649	-11.462	-3.5438
35.681	-8.7417	-2.8366
27.506	2.6504	-0.70193
29.352	-10.501	-3.6657
36.904	-6.9214	-1.6942
35.473	-9.362	-2.7353
36.27	-3.1772	-4.7845
28.019	-0.25125	-6.6692
33.485	-9.167	-3.831
34.236	-10.016	-2.8261
33.449	-0.6842	-5.706
36.817	-3.992	-1.0023
36.439	-2.5243	-2.1194
34.364	-0.084456	-4.3062
35.596	-0.68966	-4.4515
36.24	-2.3286	-1.4169
36.865	-7.6925	-1.6333
37.22	-6.5674	-1.1292
37.897	-4.8967	-1.5729
35.228	-2.001	-3.9949
33.384	-0.71081	-6.05
36.605	-7.0821	-2.621
34.196	-9.5363	-3.2052
30.378	-9.9318	-4.0164
35.451	-2.0421	-5.2604
37.029	-6.5279	-1.0449
36.22	-7.0306	-1.8249
35.361	-7.6139	-0.68234
37.68	-3.1829	-3.9933
34.157	-1.6204	0.0068926
37.485	-7.2194	-1.5734
36.966	-5.8746	-2.2644
36.318	-6.8931	-3.2431
34.278	-8.7974	-3.7387
31.307	-10.824	-3.7747
37.731	-4.9146	-1.0312
23.754	-11.761	-3.3614
36.647	-7.5774	-0.80506
37.798	-6.4612	-2.1662
37.754	-3.583	-4.2792
35.975	-7.482	-0.79263
37.505	-6.6685	-2.6847
35.53	-1.198	-4.9193
37.23	-3.1353	-2.1204
36.382	-2.1964	-0.9519
24.761	3.1961	0.59405
33.85	-8.5339	-4.1833
31.588	-10.845	-3.7152
34.348	-1.5875	-5.124
35.855	-8.5351	-4.1011
35.188	-7.5203	-0.50527
29.408	-0.87213	-6.5897
29.318	-10.906	-4.083
36.734	-4.8522	-4.9762
36.425	-0.63911	-3.5397
35.68	-4.0853	-5.459
37.21	-7.0648	-0.9211
35.97	-1.7404	-1.3486
36.73	-2.8421	-4.3338
35.127	-8.9068	-3.2601
34.516	-1.442	0.39769
26.621	-0.41676	-6.7491
33.447	-0.099584	0.24688
35.417	-9.3933	-3.2228
37.061	-6.5184	-1.2337
36.761	-4.0431	-2.5386
36.51	-6.2637	-0.54518
36.466	-7.3544	-0.70317
28.861	-2.2487	0.5869
37.211	-6.4572	-0.88182
37.444	-6.7964	-3.6172
36.601	-7.2495	-1.0362
27.931	-0.28496	-6.5634
31.618	-10.13	-4.2517
36.223	-7.4272	-1.0084
29.629	-10.882	-3.5421
29.947	-10.855	-3.69
37.298	-6.2867	-4.72
38.155	-4.6891	-2.4946
29.457	-8.1844	-4.6495
37.961	-6.4367	-2.1714
24.995	-12.011	-3.4335
37.283	-5.6156	0.019012
36.059	-5.4499	-1.2052
27.944	-0.12737	-6.92
33.895	-8.0079	0.42918
34.547	-9.2514	-3.6529
27.474	2.3031	-0.87242
36.897	-3.6054	-4.7352
34.858	-0.90232	-5.1763
27.282	1.8772	0.36123
26.937	-11.434	-4.0353
34.051	-7.057	-4.9855
36.385	-6.6891	-0.91737
36.707	-6.8401	-1.3848
36.43	-6.2279	-0.72841
37.485	-6.1472	-1.8209
37.336	-4.2892	-1.3951
36.534	-2.8847	-3.859
36.765	-2.6537	-0.90358
38.365	-5.7093	-3.163
26.795	-1.38	0.76789
37.736	-7.0645	-2.0451
27.947	-11.622	-3.3485
29.441	-2.4441	0.42788
34.545	-0.57259	-5.36
37.192	-7.2199	-0.97104
35.643	-1.0173	-4.7475
29.467	-10.775	-3.9691
36.573	-8.3132	-1.1099
36.38	-6.6055	-0.06572
36.872	-7.3054	-1.1125
31.012	0.82625	-1.0063
33.073	-10.383	-3.0347
33.721	-9.813	-3.1666
36.514	-2.8311	-4.6458
26.728	-2.4993	0.37058
35.137	-7.474	-0.47603
33.092	-2.3509	-0.10809
30.162	1.0924	-0.59141
35.653	-8.8056	-2.0148
37.55	-2.3992	-4.0514
28.167	2.2203	-0.26485
37.262	-7.6743	-2.5575
28.68	-0.5989	-6.5866
36.82	-6.8749	-0.3813
37.969	-4.1044	-3.9668
27.04	-0.27364	-6.8262
35.876	-2.8084	-4.9303
36.613	-7.1136	-0.79163
29.461	-1.419	0.7187
33.343	-10.105	-3.3928
35.407	-6.9301	-1.0617
36.67	-6.252	-0.26205
36.115	-6.9508	-0.31193
30.193	1.2549	-0.92182
36.741	-6.2321	-0.25214
35.394	-6.7244	-4.8998
35.901	-7.5783	-1.5121
36.212	-2.8864	-4.4424
36.519	-6.8297	-1.8835
36.757	-4.3829	-1.9128
37.299	-4.6356	-4.2258
36.961	-6.9266	-1.1732
35.464	-9.2253	-3.2972
35.372	-7.55	0.094466
37.434	-3.8318	-1.858
37.432	-2.5769	-3.2596
35.832	-1.7551	-5.3572
34.841	-1.1825	-5.6789
35.748	-1.2876	-4.9432
37.279	-7.3662	-1.4602
33.607	-1.7542	0.66326
36.366	-7.7739	-1.273
29.524	1.8227	-0.21233
24.281	-0.95431	1.6062
37.71	-3.7762	-3.6003
37.127	-6.706	-1.4274
37.568	-3.1113	-4.1591
36.105	-7.3621	-0.27467
36.68	-3.1089	-0.80076
37.185	-5.435	-1.2468
35.352	-7.529	-3.7597
37.144	-2.5994	-2.8073
36.629	-7.321	-0.79914
29.709	-1.2098	-6.7267
28.639	-1.7463	0.11451
33.884	-9.4559	-2.2002
29.769	-1.6298	0.65782
37.081	-2.2684	-3.7777
36.206	-7.2978	-1.6692
25.402	-11.378	-4.1255
37.885	-6.1483	-4.0581
31.038	-10.399	-3.8462
36.67	-6.0862	-0.60603
34.412	-0.72442	-5.3799
29.81	-10.35	-3.8864
33.106	-8.9881	-4.6548
29.473	-0.48085	-6.5681
35.74	-1.5646	-5.2828
37.574	-2.8168	-1.8882
32.89	0.72047	-2.1587
36.778	-6.6332	-1.1096
37.034	-3.681	-5.0419
27.479	-1.1421	0.8687
35.114	-8.5241	-4.0748
35.997	-3.0534	-4.6892
36.301	-1.469	-4.8456
33.033	0.14127	-0.89016
35.769	-1.0613	-4.7791
24.668	-11.654	-3.2159
28.566	2.1575	-0.46418
18.476	-11.922	-3.6567
31.902	-10.188	-3.1425
35.592	-6.7005	-0.93449
34.055	0.053927	-3.4849
29.642	-1.2463	-6.7948
37.359	-2.1066	-3.8716
28.656	-0.89458	-6.9293
37.672	-6.7785	-0.78609
35.668	-7.5501	-1.0858
36.261	-6.8152	-1.5389
36.834	-6.7319	-1.2722
36.996	-7.5969	-1.0678
30.542	-6.0829	-5.3952
35.304	-0.72865	-1.7241
32.167	-10.434	-3.3169
37.241	-6.6798	-1.5083
37.692	-3.8642	-3.9815
36.295	-7.3641	-1.1927
36.177	-1.3727	-4.7834
35.221	-1.4667	-5.6054
36.195	-3.0407	-2.149
20.821	-12.156	-3.2601
28.31	-11.059	-4.4058
37.112	-7.4161	-1.9881
35.304	-6.792	-4.5462
31.554	1.5166	-0.70294
35.332	-3.4379	0.25797
33.492	-9.8817	-3.9009
37.411	-6.3305	-1.4893
35.78	-6.7263	-1.6317
33.448	-0.77411	0.15523
35.375	-5.2242	-0.81239
33.301	-0.8584	-6.2191
33.996	-0.50546	-3.2843
36.135	-7.0239	-0.50614
35.965	-2.0548	-5.2201
36.394	-6.1789	-1.2919
37.406	-4.8724	-2.8986
36.04	-7.8278	-3.3901
36.003	-7.4847	-0.98669
37.505	-3.3844	-3.665
38.095	-4.4114	-3.0289
28.845	-0.3391	-6.3215
31.873	1.1603	-1.4668
37.224	-5.958	-1.089
37.745	-6.0125	-2.6235
32.761	-10.279	-3.5803
35.146	-6.8688	-1.1453
22.237	-11.81	-3.5527
36.309	-1.0166	-2.6914
32.789	-9.4975	-3.0511
38.051	-7.0224	-2.7249
37.117	-7.0294	-1.3152
29.757	-0.67542	-6.5392
37.809	-6.3381	-1.42
37.268	-4.9914	-0.25184
37.709	-3.5095	-2.5169
29.359	-1.6151	0.50232
35.72	-8.5251	-3.5035
35.965	-1.3746	-5.0021
36.316	-4.3292	-0.2157
32.677	-8.7274	-4.1685
38.36	-5.3256	-2.9136
36.221	-7.3412	-4.4751
34.415	-6.8325	0.075148
28.368	-0.59665	-6.7559
36.759	-3.5836	-0.81804
34.095	-9.7839	-3.228
37.368	-6.4768	-2.9922
37.332	-7.2515	-3.8961
35.258	-5.3219	-5.4431
36.321	-3.9637	-0.27042
36.03	-6.7396	-2.2656
36.297	-6.6218	-1.3064
36.623	-2.2417	-4.4946
30.035	-10.734	-3.8263
36.66	-6.6386	-0.37036
21.515	-0.27706	1.74
33.103	-10.306	-3.7632
36.952	-8.0395	-3.7747
22.571	-0.57713	1.5151
37.393	-3.4946	-4.3244
29.076	-11.036	-4.0158
27.77	-11.555	-3.6482
37.578	-3.8494	-4.4812
37.42	-3.8425	-1.2864
26.936	-1.6129	1.3973
36.112	-7.3194	-0.71772
35.791	-7.0583	-0.31701
30.4	-10.876	-4.4696
35.159	-1.6508	-5.7185
36.861	-1.5517	-4.234
26.877	2.3493	0.26303
20.474	-12.495	-3.206
27.177	-2.3797	0.14023
37.496	-2.3662	-2.2257
34.893	-8.2576	-0.2879
26.716	-11.636	-3.9302
34.889	-7.5416	-4.5362
36.442	-8.308	-1.1302
35.773	-7.8802	-0.81617
37.317	-6.8573	-3.3818
36.102	-3.0749	-5.1304
37.105	-2.5589	-3.5756
25.809	-11.625	-3.7767
31.857	1.6245	-3.1076
26.788	-1.3344	0.7076
37.049	-6.6954	-1.5441
30.72	1.4517	-0.34053
27.045	2.3681	0.63953
20.617	-0.3175	1.6639
37.887	-5.396	-1.5637
37.858	-5.3791	-3.9756
37.652	-4.4151	-4.0434
29.685	-10.994	-2.7076
33.751	-10.254	-2.9882
33.908	-0.57427	-1.1263
36.426	-7.9875	-4.213
33.919	-7.0507	-5.0645
37.54	-3.8517	-4.3804
35.577	-1.6453	-5.4049
38.032	-3.8433	-2.5224
26.259	-0.18253	-7.0548
35.993	-7.0808	-1.3785
34.187	-1.4715	-5.6999
38.371	-4.863	-2.051
36.918	-7.5758	-1.5006
36.473	-1.6404	-4.767
28.657	-0.49517	-6.6234
36.394	-7.593	-0.62675
36.478	-7.1979	-2.0881
35.184	-9.2901	-3.1965
33.753	-9.4761	-3.5559
38.074	-4.3028	-2.4632
36.292	-2.6554	-4.4174
37.272	-6.8375	-1.1314
33.715	-9.6432	-2.123
35.237	-0.69076	-4.8874
24.414	-12.142	-3.2013
37.569	-6.5148	-1.4642
36.96	-6.9343	-1.0159
37.294	-1.9809	-3.4145
37.737	-6.611	-1.2513
37.08	-2.6979	-1.4846
37.508	-7.0244	-1.8393
37.038	-4.3294	-1.0892
34.492	-7.3364	0.24994
27.619	-11.723	-3.0238
37.109	-7.0105	-0.90472
33.954	-0.85081	-5.874
25.499	-1.9116	0.89186
33.203	-10.02	-3.7952
36.949	-4.5689	-2.2549
38.43	-6.1105	-2.4777
36.281	-7.2612	-1.4428
36.205	-2.6511	-0.80731
31.294	-7.8077	-4.7166
28.036	-0.32208	-6.6729
37.033	-2.5461	-1.0928
33.627	-10.262	-3.7998
28.89	2.0927	-0.92713
36.811	-6.4165	0.35144
37.011	-5.9559	-0.4383
38.201	-3.9247	-2.182
36.854	-3.5895	-4.6313
37.373	-6.9962	-0.69014
38.149	-5.5533	-1.2842
36.144	-2.2189	-1.1147
35.14	-0.37334	-2.7565
36.902	-7.0363	-0.65284
36.446	-6.3734	-4.8093
36.044	-8.7182	-2.4083
34.719	-9.8405	-3.3063
36.437	-3.6993	-4.3082
34.532	-1.6199	-5.9276
24.371	-1.4143	1.2245
27.162	-11.286	-4.1317
35.233	-8.8871	-3.1131
34.886	-6.2481	-5.5571
34.45	-9.2067	-3.1109
35.822	-6.391	-2.1782
35.733	-1.9219	-0.14499
35.874	-8.6177	-1.8043
34.192	-8.3314	-3.5638
37.948	-6.3604	-1.6608
35.228	-8.4952	-3.2171
34.806	-6.9562	-0.62806
26.345	-1.1055	0.5634
25.296	-0.72466	1.6146
37.422	-3.4628	-2.3274
28.048	-11.488	-4.1721
37.105	-3.6061	-4.5524
36.419	-6.6899	-0.5559
35.34	-2.5809	-4.242
33.407	-9.7397	-3.9947
32.896	-9.6574	-3.1526
36.359	-7.4549	-1.0004
35.12	-1.2742	-2.8903
37.498	-3.5547	-4.4466
36.054	-7.6498	-0.76852
37.167	-6.6659	-1.13
37.129	-4.2692	-2.0975
36.978	-1.6567	-1.9199
29.606	1.5715	-0.54431
33.643	-1.3637	-2.5897
34.789	-7.3388	-0.54573
28.725	1.7036	-0.72164
24.712	2.8802	0.58317
36.593	-5.8661	-0.6886
36.284	-1.8405	-5.0251
29.893	-1.3723	-6.5831
36.546	-7.4554	-1.1895
35.946	-6.5489	-1.2203
36.537	-6.8783	-1.0337
20.317	-12.541	-3.2969
34.361	-1.276	-5.9627
37.923	-3.705	-3.5402
37.259	-3.0075	-4.4835
37.096	-3.0514	-4.6541
34.849	-9.695	-3.414
38.398	-5.8134	-1.1318
24.003	0.13853	1.4663
37.122	-3.4666	-4.8168
36.732	-7.2218	-0.73825
33.778	-8.1256	-0.58235
31.849	-10.422	-3.1593
37.14	-3.9296	-2.3872
36.72	-6.1892	-0.64828
36.229	-7.0194	-0.57746
31.782	-10.612	-2.5976
33.339	-3.0923	-1.8954
31.845	1.0033	-1.1008
34.623	-7.9058	-0.21977
36.82	-6.9642	-1.231
38.141	-4.2786	-2.7783
36.231	-6.2373	-5.1256
36.289	-2.5821	-5.4333
37.38	-3.0814	-1.6637
35.425	-1.3523	-5.359
35.754	-8.7903	-3.0805
36.588	-2.8971	-0.65573
28.461	0.98628	0.17033
36.185	-1.9151	-5.1717
36.577	-3.213	-5.146
36.786	-8.3038	-2.0017
37.997	-4.8692	-1.9471
37.103	-6.7509	-1.4273
38.09	-4.6696	-3.7878
25.277	-1.3055	1.488
36.099	-2.2894	-4.5739
31.698	-1.481	-6.3148
37.265	-6.8089	-1.3866
32.951	-2.1329	0.73755
35.127	-9.5065	-3.6642
36.16	-6.4134	-0.87063
37.729	-4.9993	-4.3855
32.13	-10.432	-3.3767
37.573	-3.3045	-2.1576
37.755	-3.5724	-3.9847
37.348	-6.6439	-1.5268
37.925	-7.2268	-2.1791
36.177	-1.8567	-5.0243
37.795	-6.7263	-1.3088
31.65	0.84958	-1.5053
36.07	-7.6448	-1.1824
22.184	-12.39	-2.6067
30.247	-10.532	-3.9948
37.393	-6.592	-1.4972
37.554	-2.4907	-3.7862
37.201	-7.6178	-1.6684
30.283	-1.7556	-6.5862
25.356	-12.145	-2.9767
35.172	-5.0249	-0.59907
37.305	-7.1596	-1.4898
35.947	-3.498	-4.6138
33.207	-10.28	-2.8261
28.016	2.2856	-0.45016
22.195	-0.52443	1.9394
35.802	-9.2502	-3.1529
36.956	-7.4289	-1.0991
38.171	-4.4907	-2.327
36.092	-7.0394	-3.7643
26.98	-11.301	-3.1408
35.669	-5.378	-5.4118
34.864	-0.4048	-2.0771
36.613	-7.0288	-0.34779
31.329	-9.8618	-4.0712
36.769	-3.844	-5.1959
30.827	-10.451	-4.0079
37.061	-7.7577	-3.156
34.483	-1.1037	-5.7561
35.73	-7.9709	-0.66978
26.612	-11.577	-3.6266
36.745	-7.1831	-2.3689
31.359	1.2267	-0.79001
34.084	-5.1555	-0.37926
38.29	-5.6387	-2.4153
22.106	0.18732	1.8667
35.735	-6.692	-0.29731
17.095	-12.321	-2.8753
36.501	-6.4825	-0.69156
26.577	2.4753	-0.54886
37.219	-2.0424	-2.5208
36.172	-0.92643	-4.2247
37.095	-4.2397	-4.9509
33.674	-1.1195	0.1615
36.517	-7.0275	-0.29672
31.972	-10.291	-4.3015
37.138	-4.5323	-4.5154
32.883	-8.6579	-4.8132
33.946	0.48495	-2.0193
33.226	-8.1007	-3.0252
36.037	-8.4397	-2.6454
32.196	-1.6907	0.61627
27.763	-0.19828	-6.7383
36.339	-6.8364	-0.98471
32.65	-0.74971	-6.2361
36.261	-2.6379	-4.6789
35.636	-9.2272	-3.3149
37.07	-2.1273	-3.4271
36.04	-8.1498	-3.5092
37.255	-6.7602	-0.97143
33.652	-9.6058	-2.9365
35.983	-8.1255	-2.4158
34.944	-8.9841	-4.1297
33.04	0.80558	-4.2231
37.059	-7.1464	-0.47755
35.629	-9.285	-3.1762
37.101	-2.5892	-4.5559
33.365	0.518	-1.5642
37.799	-3.4383	-3.9197
37.502	-6.2755	-1.1577
37.352	-7.3788	-1.6396
34.537	-0.89781	-0.21511
34.933	-9.2861	-1.8374
34.882	-6.9392	-0.59267
28.051	-11.463	-3.9954
38.583	-5.346	-2.3082
35.765	-2.3939	-5.2168
35.587	-2.51	-0.4416
37.18	-7.2877	-2.0295
36.955	-6.6936	-0.62468
33.145	0.72644	-3.0346
36.358	-1.9963	-3.3979
35.264	-7.1588	-0.50919
34.658	-0.62976	-5.3143
36.36	-2.2355	-0.98092
36.834	-7.6649	-2.6837
21.132	-1.0722	1.3773
13.152	-11.939	-3.2046
36.426	-6.7145	-0.56541
36.807	-6.8513	-1.4331
36.444	-7.3508	-0.80357
35.638	-1.1759	-3.9446
27.737	-11.284	-3.2202
36.113	-7.5229	-1.1566
34.689	-0.28268	-3.6521
37.379	-3.6702	-0.92475
38.099	-4.1749	-2.0066
38.276	-3.9029	-2.2387
35.502	-5.9782	-1.6541
36.584	-6.9242	-0.77023
35.672	-1.7917	-5.3377
36.752	-3.5477	-2.6273
34.205	-9.6351	-2.6179
36.673	-7.7313	-1.7312
34.93	-7.4385	0.28604
36.492	-7.1408	-1.0361
37.788	-4.174	-1.7582
36.965	-3.0487	-1.9398
38.23	-4.9132	-3.4835
36.663	-3.1631	-0.3802
33.099	0.055081	-5.2592
31.239	-10.563	-3.4322
35.881	-1.4853	-5.1216
33.57	-8.7984	-2.8098
37.128	-7.3755	-1.516
33.552	-9.7298	-1.7604
35.169	-9.4052	-2.0994
33.728	-7.5046	-4.2941
31.148	1.1191	-1.7657
36.1	-5.7452	-0.9397
14.2	-12.25	-2.7913
33.449	-0.70302	-0.86649
36.735	-2.0513	-4.5974
37.97	-6.9158	-1.8538
37.271	-6.6982	-1.6293
36.379	-3.7123	-1.4074
24.282	-11.844	-3.4144
36.613	-3.0796	-0.94265
35.771	-6.6465	-1.0204
29.6	1.593	-1.8446
37.883	-2.6633	-2.9858
31.258	-10.897	-3.3516
28.835	-0.9672	-6.622
26.632	-11.363	-3.9523
34.045	-9.3825	-2.7884
36.668	-5.7643	-0.36006
33.156	0.051677	-0.95287
33.764	-0.71277	-5.7633
35.295	-7.3557	-2.6164
34.803	-7.3818	-0.18694
34.462	-9.6263	-2.7398
35.186	-7.3743	-0.73991
36.568	-6.7341	-0.43936
37.311	-7.1319	-2.484
24.603	3.0977	0.72789
30.903	0.73487	-0.78254
36.998	-6.8792	-0.55387
33.493	-0.10664	-5.5756
38.411	-5.9434	-2.5654
23.875	-11.581	-3.7265
31.882	0.099737	0.85538
31.935	-9.6442	-3.1092
26.959	-11.641	-3.4896
27.536	2.4938	-0.31686
37.244	-6.5933	-1.2809
29.127	1.8274	-0.60295
37.126	-1.7498	-4.0023
37.964	-6.7002	-1.5893
29.648	-0.84476	0.71673
37.316	-6.1483	-0.43037
37.077	-7.9142	-1.4075
33.288	-0.28058	-5.9272
35.647	-8.0758	-4.3618
36.307	-7.1819	-0.72469
37.012	-7.3768	-2.6185
29.6	-10.915	-3.8914
37.241	-3.7254	-1.2785
36.381	-6.3235	-0.97449
38.228	-5.9979	-2.4075
29.683	2.3099	-1.5653
36.092	-3.3609	-0.37577
36.459	-2.2777	-4.9212
26.628	-11.465	-3.5706
37.597	-4.7139	-4.268
37.638	-2.9456	-1.7393
36.825	-5.2081	-2.5948
37.001	-3.1956	-1.9825
35.376	-7.6203	-0.86273
29.737	-10.997	-3.7093
36.646	-6.9621	-4.4572
35.599	-6.7579	-0.15719
31.82	-1.1205	-6.6025
36.406	-3.0178	-1.5552
33.897	-9.3231	-3.4479
32.105	-1.7627	-0.10838
36.277	-7.249	-0.71106
36.737	-5.862	-0.77037
36.388	-6.8777	-0.40505
37.261	-2.7718	-4.19
31.621	1.471	-2.1952
37.684	-3.9188	-3.9944
24.924	3.2424	0.63254
35.866	-3.3966	-1.9231
27.767	2.2237	-0.43318
35.011	-9.3326	-3.6961
36.754	-3.0007	-4.6999
28.246	-11.364	-3.9274
28.058	-0.40419	-6.5521
36.427	-6.7942	-0.72939
38.176	-3.9397	-2.3623
31.848	-10.514	-3.7276
32.421	-9.9028	-3.8736
37.445	-4.4388	-3.7318
35.951	-1.7764	-5.2628
35.052	-2.3438	-0.25459
37.046	-6.6266	-1.4054
35.805	-0.27107	-3.7675
37.018	-2.1404	-3.4635
29.485	-11.04	-4.0291
34.963	-0.91573	-4.2992
35	-8.9277	-3.0689
37.03	-6.9054	-0.89318
36.998	-6.6701	-0.68066
28.959	-10.732	-3.9835
28.796	2.6423	-1.0447
35.607	-1.8209	-5.5017
29.049	2.1374	-1.2587
36.564	-7.3469	-0.8169
37.58	-5.6603	-2.0723
31.865	0.77388	-1.3397
29.143	-1.0016	-6.5471
27.258	0.22043	-6.3336
35.159	-8.7272	-4.1003
35.815	-7.8946	-0.37288
37.493	-3.1652	-4.0554
36.963	-3.5361	-2.5995
37.393	-5.8686	-0.98026
37.813	-3.2192	-2.0258
37.005	-7.4155	-1.2923
36.678	-7.6703	-1.4146
36.409	-6.576	-1.957
36.077	-2.6253	-4.9514
36.243	-3.5794	-0.21717
36.026	-6.626	-0.1023
36.241	-3.1487	-1.2023
26.151	2.5267	-0.32816
37.961	-4.5137	-3.6152
34.751	-2.076	-4.7894
35.408	-1.3801	-5.2085
31.983	-8.192	0.43924
37.348	-4.3808	-3.4643
25.224	-11.867	-3.7074
29.185	-1.0694	-6.7569
34.119	-1.5572	-3.3554
35.665	-1.1446	-3.4708
37.853	-6.0901	-2.2477
36.103	-2.9022	-4.7952
36.835	-3.5596	-0.94827
36.17	-7.445	-0.85062
26.906	2.3831	-0.26394
36.06	-7.5642	-0.4854
37.14	-4.964	-4.1295
36.254	-2.536	-4.605
37.401	-2.788	-4.0256
36.424	-7.281	-0.91605
35.811	-7.1054	-0.26252
35.131	-7.9391	-1.5386
36.196	-2.2167	-5.2777
35.143	-3.4181	-0.3143
35.111	-2.7285	-5.6907
38.008	-3.2008	-3.5752
35.136	-0.6424	-1.0237
35.689	-6.7757	-2.8578
29.713	-1.3836	0.57155
30.906	-10.083	-3.4443
34.883	-4.4287	-1.5223
38.086	-4.8205	-3.8928
37.501	-3.63	-3.2459
35.843	-6.6108	-1.5401
31.505	-10.677	-3.5357
37.16	-6.6232	-0.7396
36.42	-7.2465	-0.79641
31.917	-9.7447	-4.6294
37.031	-6.9763	-1.0374
38.265	-5.2641	-1.6418
37.023	-7.7618	-3.0738
35.848	-8.0086	-0.74692
37.359	-3.4721	-4.3656
37.919	-4.1884	-3.3612
31.151	-10.386	-3.707
37.056	-2.086	-4.1943
38.006	-4.5622	-1.6132
36.625	-3.1859	-5.035
22.994	0.17768	1.5887
37.974	-3.5713	-2.2629
35.991	-7.1105	-0.27884
34.046	-7.7115	-0.99998
28.049	-10.987	-4.007
24.626	2.8702	0.65734
35.883	-6.8386	-4.8344
36.537	-6.301	-1.1695
36.684	-6.916	-0.54257
36.131	-6.7703	-0.6249
36.721	-7.1728	-1.6014
36.291	-3.2826	-5.4975
37.998	-6.5588	-1.1578
37.407	-3.279	-1.2402
34.719	-0.76652	-0.38087
24.667	-11.97	-3.4268
36.562	-7.8558	-2.4601
34.523	-6.4037	-5.2684
36.344	-2.7243	-5.0541
28.704	-1.2358	0.73461
35.112	-8.381	-1.5627
36.561	-8.08	-2.507
29.101	1.8205	-1.2912
35.878	-8.1252	-1.6888
33.057	0.84632	-2.7147
33.546	-0.34527	-5.445
31.882	-0.57295	-5.8092
24.91	-11.954	-3.5912
38.382	-5.4187	-2.2298
35.342	-0.84757	-4.9727
34.619	-5.6944	-5.4814
36.436	-7.5013	-0.96146
37.02	-3.3083	-1.0167
34.806	-8.8901	-2.973
34.347	-0.98887	-5.2431
32.922	-10.36	-3.0592
37.436	-2.0099	-3.387
27.802	-0.52154	-6.6001
36.324	-7.7981	-3.4379
33.436	-1.2899	-6.2745
33.177	-9.7487	-2.9992
27.274	2.4161	-0.10539
25.93	-1.2025	0.87789
36.272	-2.8487	-4.1937
37.157	-2.2965	-4.1908
30.682	1.0168	-1.2092
34.541	-2.8555	-1.6681
33.291	0.40457	-1.8331
37.406	-4.0066	-3.9598
24.997	-0.66669	1.1359
36.12	-6.4143	-1.0835
34.659	-1.9863	-5.9829
36.488	-7.3251	-2.3262
27.032	-11.414	-3.9168
33.231	0.16905	-5.6528
35.542	-6.5946	-1.1652
36.53	-7.222	-1.5122
35.769	-1.7993	-5.2612
35.546	-8.9878	-2.0374
36.791	-7.3313	-1.4707
29.891	1.399	-0.59674
35.835	-5.3318	-5.5868
28.257	-0.68969	-6.8239
37.377	-6.8635	-1.8859
27.464	-11.751	-2.8039
28.168	-0.41404	-6.7192
37.75	-4.869	-1.3026
35.944	-7.7459	-1.3209
38.082	-5.3314	-2.1137
33.007	0.29962	-0.29684
38.541	-5.8464	-3.3132
36.802	-7.1285	-0.91854
37.28	-2.8613	-4.4514
27.788	-0.7983	-6.5807
29.504	-10.993	-3.853
30.43	-10.246	-3.9492
35.675	-7.1694	-0.86933
37.326	-5.6839	-4.4112
36.829	-3.054	-4.6771
37.127	-7.6054	-3.972
32.465	0.75286	-1.4389
33.046	-8.5364	-0.65937
32.73	-10.178	-2.8586
34.579	-9.3204	-3.3467
33.708	-1.6614	0.33322
37.264	-6.7331	-1.3042
33.378	-9.128	-3.986
36.682	-6.2436	-0.22291
30.821	-10.162	-3.2975
36.51	-8.369	-3.6788
24.884	-12.03	-3.7199
35.633	-2.7754	-0.42644
36.718	-6.6751	-0.98773
35.556	-2.9167	-0.96308
27.416	-11.642	-3.608
35.042	-7.5012	-4.9165
37.034	-2.7736	-2.7544
37.879	-3.3745	-3.9897
28.693	1.9418	-0.84665
36.863	-4.6665	-0.57369
37.196	-2.9731	-1.8959
28.874	-11.12	-4.0281
37.449	-6.7361	-1.3597
35.503	-6.2815	0.51715
24.869	-11.715	-3.337
37.136	-6.9179	-0.88602
37.548	-3.7864	-2.5541
36.034	-7.4432	-0.97491
37.937	-4.7004	-4.0766
35.013	-1.0942	-0.74452
37.172	-5.7699	-2.3884
37.69	-2.9721	-2.3396
36.99	-7.0988	-1.0916
32.325	-6.7771	-5.2843
36.596	-8.2474	-2.108
34.624	-9.1756	-3.8766
36.626	-3.6918	-0.73483
36.301	-7.5684	-2.2311
35.615	-2.2489	-4.7724
37.742	-5.3859	-2.9074
36.329	-1.779	-4.8389
33.853	-7.9412	-4.2012
36.495	-7.6701	-0.95526
32.664	-10.854	-2.59
34.45	-0.82641	-5.3395
31.683	-1.2044	1.0754
36.139	-7.2369	-0.64364
37.14	-3.0531	-2.5682
37.645	-3.0373	-2.7639
33.42	-1.847	-0.09335
25.808	2.4843	0.20229
36.558	-3.477	-0.7264
37.076	-2.1343	-2.4981
37.295	-3.7665	-1.2328
36.868	-7.3659	-3.4925
25.14	-11.017	-4.1427
37.662	-2.5526	-3.9957
37.251	-3.3098	-4.4526
38.169	-4.0381	-2.3338
32.388	-10.109	-3.1943
34.469	-3.1586	0.16337
36.915	-7.9132	-1.4713
28.759	-11.084	-4.2342
29.454	-1.0348	-6.7118
36.981	-6.4968	-1.3048
23.9	3.4724	0.17699
36.503	-3.0435	-4.7703
31.809	-9.8667	-4.0254
36.414	-2.6558	-5.1461
37.586	-5.8647	-1.1041
35.487	-7.1229	-0.32773
27.695	2.5926	-0.75992
36.496	-7.1131	-0.84695
36.57	-1.9504	-4.6956
37.89	-3.3009	-2.8666
35.773	-3.3263	-5.1052
36.89	-5.1349	-4.9182
36.339	-7.668	-3.0652
37.425	-4.7946	-3.5831
36.89	-7.2192	-1.1222
36.973	-4.4217	-0.99545
18.117	-12.427	-2.7497
28.914	1.9943	-0.15523
35.884	-6.3224	-0.51641
22.895	-11.764	-3.655
29.674	1.9213	-1.1953
34.349	-1.3018	-5.8695
33.373	-6.1595	-5.613
36.107	-8.3833	-3.8955
33.708	-6.1344	-5.2625
25.941	-0.49807	1.7601
24.148	-11.976	-3.5319
35.762	-2.4738	-4.9674
34.387	-0.70831	-5.5504
37.663	-3.1052	-2.6371
37.474	-3.0541	-2.0965
33.383	-10.034	-3.4276
28.812	1.5111	-0.18542
36.922	-5.6457	-4.9601
37.488	-6.6095	-1.1444
28.073	-11.668	-3.1194
36.91	-3.242	-1.1441
36.175	-7.537	-1.5303
36.358	-0.97953	-2.8211
36.017	-3.9337	-0.15164
38.576	-4.8825	-2.3728
37.872	-5.7018	-1.026
36.697	-2.4607	-4.6981
36.349	-7.9935	-1.5244
37.175	-3.326	-4.0231
36.928	-3.1836	-4.6119
37.756	-7.1614	-3.4233
37.301	-2.9975	-4.1287
30.193	1.1488	-0.66419
28.46	2.2846	-2.1237
24.401	-1.0807	0.94528
27.402	2.3625	-0.79184
37.872	-6.6212	-3.506
29.53	-11.489	-3.1516
27.857	-1.7479	0.28644
35.484	-8.9282	-1.9391
27.673	-11.413	-4.0307
36.204	-0.51726	-2.602
28.13	-0.42296	-6.6429
29.047	-11.285	-3.5116
37.948	-3.335	-3.8358
36.671	-6.1766	-4.2952
36.841	-6.0594	-5.141
36.965	-4.6772	-4.0313
36.056	-7.7506	-4.4819
33.524	-0.99915	-6.1235
35.209	-2.4738	-5.3197
27.447	-11.476	-3.9333
36.676	-4.9225	-0.54227
36.187	-1.3059	-1.2429
29.373	-1.8565	0.38733
29.141	-10.738	-4.3405
37.819	-3.8939	-4.081
35.461	-6.7856	0.21
33.537	-8.6364	-4.1537
35.576	-2.7145	-1.1661
36.729	-7.5145	-3.1312
36.088	-6.6977	-0.52185
32.739	0.91199	-2.6954
37.836	-4.3579	-3.3202
36.018	-6.3323	-1.1371
37.469	-3.0494	-4.2007
35.606	-2.0846	-5.5897
35.933	-6.8829	-0.44488
35.493	-9.2462	-3.3582
37.53	-4.251	-3.1865
30.092	-11.065	-3.1338
32.99	-8.9546	-0.21807
37.519	-7.3869	-2.6661
37.079	-6.2808	-0.77346
36.022	-6.828	-0.57731
37.918	-7.0786	-3.0856
28.343	-11.733	-3.5872
37.494	-5.8069	-1.0089
34.273	-0.69818	-5.6839
26.188	-1.2389	0.73822
29.477	-10.678	-4.2809
29.977	-11.456	-3.3584
36.939	-3.7073	-4.6069
37.59	-3.4846	-3.6459
28.11	-1.8263	0.47221
35.99	-2.0913	-5.2288
31.074	0.26967	-6.3372
37.27	-6.4269	-1.0324
34.091	-7.9047	-4.067
36.52	-7.3394	-3.0192
37.4	-6.6576	-3.761
29.113	-0.98121	-6.9442
37.029	-4.7412	-3.0954
33.037	0.75239	-2.4438
22.655	-11.631	-3.7513
37.766	-3.2181	-1.9562
37.838	-3.7151	-3.567
37.285	-3.4399	-4.4883
27.184	-1.4529	0.40133
38.26	-5.4613	-2.6107
35.989	-1.6761	-5.1643
37.247	-5.6924	-4.4819
34.351	-9.3416	-4.3517
32.942	-10.187	-3.8424
36.258	-3.1272	-2.1291
37.522	-6.8014	-1.605
34.875	-7.5634	-0.67985
36.805	-6.8704	-0.46855
36.438	-5.6209	-1.0791
36.039	-7.5015	-0.37316
35.992	-6.343	-0.027214
38.018	-4.0021	-3.4175
36.085	-8.2433	-1.0166
38.197	-3.1683	-2.8039
37.221	-6.2661	-0.70586
24.495	-0.80438	1.506
19.894	-12.408	-3.0023
32.857	-1.747	1.0811
38.182	-4.7359	-4.0348
32.564	-8.7826	-4.3392
33.424	-10.297	-2.9498
37.001	-1.8216	-3.9956
32.612	-9.982	-3.3678
26.104	2.9775	0.38525
35.856	-6.2175	-4.9262
34.29	-0.70505	-5.4116
35.119	-8.7121	-3.9509
32.294	1.3388	-1.5872
26.933	2.2884	0.38868
27.989	0.13398	0.8053
37.348	-6.549	-3.1685
34.481	-0.83471	-4.8208
36.976	-6.7599	-1.9741
36.879	-7.3031	-1.1171
37.988	-3.183	-3.7179
37.929	-6.679	-1.6821
35.328	-8.9384	-1.7754
34.271	-9.6149	-3.6763
33.023	-9.9253	-4.2566
36.927	-6.6277	-0.54409
37.587	-7.0356	-2.9008
36.719	-7.5573	-3.667
37.13	-6.6506	-0.87502
33.331	-10.091	-3.2853
36.513	-6.807	-1.1852
28.452	-0.64826	-6.6807
35.608	-8.7425	-3.6319
36.084	-6.9266	-1.1155
34.803	-1.1978	-5.5854
30.623	-10.628	-2.3359
34.746	-0.83355	-5.3832
37.674	-6.0117	-3.9316
35.239	-7.2057	-0.80222
30.909	-10.532	-3.6165
34.081	-0.19025	-0.19369
36.16	-6.2388	-4.6065
34.061	-9.7107	-2.6267
28.401	-0.6673	-6.6758
34.108	-1.3907	0.43458
36.911	-4.0324	-0.88935
36.133	-7.4211	-1.9201
35.653	-7.9359	-0.91161
27.563	-1.7829	0.9933
35.686	-6.1698	-4.8122
35.599	-6.05	-5.0311
33.647	-9.5361	-2.9473
37.439	-7.1052	-1.3532
23.069	-0.86413	1.3787
37.717	-5.9636	-3.8253
37.26	-1.8777	-3.7953
37.331	-2.3602	-3.1346
29.747	1.7848	-0.64182
31.26	-1.5383	-6.2118
28.79	-0.60836	-6.4231
28.577	-1.9917	0.59004
36.944	-6.5048	0.15745
27.399	1.8644	0.060854
34.571	-8.8569	-2.5749
37.024	-6.2246	-3.3113
37.905	-5.2701	-3.6581
37.467	-3.1874	-2.2578
35.937	-7.7764	-1.2843
37.269	-6.4643	-1.3187
35.22	-2.8647	-5.4605
36.327	-3.639	-5.216
37.298	-5.8161	-0.65225
37.658	-4.6228	-3.5033
33.532	-9.5404	-3.8361
38.11	-4.4154	-1.7878
33.965	0.34185	-2.8306
18.681	-11.853	-3.5342
37.578	-6.9156	-1.9975
22.178	3.5218	0.97528
34.324	-1.491	-0.028499
27.877	-10.224	-4.2064
35.796	-7.3764	-0.93857
36.21	-7.1793	-0.91817
33.756	0.78472	-3.7174
34.832	-1.3266	-5.3939
36.693	-6.5135	-1.0092
37.262	-3.681	-4.3805
37.664	-2.5775	-2.7475
33.114	-0.44001	-5.9828
35.83	-8.0329	-0.94709
37.168	-2.8936	-4.4433
37.252	-3.2123	-4.5515
37.485	-6.3438	-1.5371
36.79	-1.1179	-1.9369
36.986	-3.4192	-4.8641
28.187	-2.0153	0.64751
36.115	-2.5821	-0.79798
32.441	-8.4786	-4.6004
32.516	-10.186	-4.2238
34.865	-8.7229	-3.4379
37.744	-4.8284	-2.8158
36.311	-6.2684	-0.71261
37.547	-3.1049	-3.4645
38.079	-6.2421	-1.3115
37.974	-3.6555	-3.1281
28.696	-0.68077	-6.8741
30.852	1.7849	-1.8279
34.821	-6.2335	-5.3327
14.631	-11.506	-3.6427
34.669	-0.46744	-3.1166
37.859	-5.8203	-2.0456
36.787	-5.5935	-0.20183
36.693	-3.4679	-1.3316
24.838	-11.328	-3.8629
35.763	-0.51963	-3.4807
35.201	-6.4466	-4.6978
32.044	-10.644	-3.7583
36.194	-6.8002	-1.6144
36.007	-6.7848	-4.2244
35.927	-7.6408	-0.39627
35.868	-8.013	-3.1225
36.808	-7.1617	-1.0805
36.946	-7.765	-1.2246
36.325	-6.6188	-4.8643
35.549	-6.4596	-0.15332
30.435	-2.0178	-5.0573
36.901	-2.8551	-4.7309
37.149	-6.3657	-1.3475
36.787	-3.2912	-4.7881
37.496	-2.7345	-3.0657
32.833	-9.925	-3.8629
37.75	-6.5893	-1.4592
36.038	-0.75241	-2.4819
28.133	-11.456	-3.6026
30.447	1.4981	0.012136
37.759	-5.8941	-2.4694
36.523	-6.9224	-0.55317
37.667	-3.3869	-1.5302
35.259	-0.56743	-3.8436
21.996	-12.117	-3.2949
36.696	-3.7296	-4.7045
36.844	-2.8627	-4.1771
35.141	-7.3093	-1.8385
37.236	-5.8353	-2.0778
27.895	2.1727	-0.70999
35.937	-7.577	-0.66075
36.415	-3.3798	-0.64911
37.914	-4.9455	-1.6546
37.81	-6.0972	-2.6215
36.059	-6.6724	0.099282
33.831	-0.82131	-5.9073
37.488	-4.8809	-1.9614
34.309	-1.5814	-3.0886
16.546	-12.122	-3.0507
26.475	2.8001	-0.13414
36.584	-3.2355	-4.7375
36.968	-3.0594	-1.5917
36.022	-5.6927	-0.69924
22.905	-1.2773	1.3333
36.937	-6.6664	-1.0888
38.435	-6.2835	-2.839
35.405	-0.70375	-4.8046
36.121	-2.9466	-5.1363
36.896	-1.6696	-2.1151
27.474	-0.29098	-6.7196
34.672	-9.018	-2.7887
36.78	-7.3321	-1.024
31.309	1.3203	-2.1248
34.816	-1.9829	-0.24815
31.034	2.13	-1.503
38.1	-4.3733	-2.6288
33.506	-8.587	-3.743
36.038	-5.389	-5.311
34.702	-1.6396	-3.8829
32.373	0.99622	-2.1654
35.958	-2.3821	-5.0615
37.447	-2.7711	-3.2962
34.224	-1.4421	-5.2872
25.823	2.7506	-0.30933
36.853	-6.3522	-2.1496
34.92	-2.181	-0.95545
31.384	-10.126	-3.673
36.331	-7.1059	-0.41523
29.704	-11.031	-4.1478
35.609	-7.1077	-0.68315
35.818	-1.2328	-4.9674
35.623	-7.3392	-1.1323
32.987	0.16537	-5.4076
36.38	-3.1166	-4.3906
36.763	-2.5223	-2.4664
30.806	-9.287	-3.5933
31.819	0.77723	-1.5751
34.867	-2.1455	-5.957
36.432	-2.9785	-1.8557
37.33	-2.1802	-2.9054
35.886	-6.8034	-0.66589
34.169	-2.2291	-0.29475
27.676	-0.63697	-6.9622
36.642	-7.6993	-2.0698
36.441	-7.3309	-1.0821
36.404	-0.77396	-3.045
32.197	1.205	-4.1368
33.119	-10.31	-2.9906
37.344	-5.4244	-3.918
30.026	1.6761	-1.1057
37.878	-4.0903	-2.2179
37.108	-2.6266	-1.3105
36.482	-1.3979	-3.6565
31.452	-9.1478	-3.2273
35.595	-7.1083	-1.4836
37.93	-4.6532	-1.5629
28.339	-11.288	-3.7747
34.572	-0.91389	-5.3163
27.025	-1.1452	0.8769
34.079	-9.9018	-3.0968
35.222	-7.552	-0.12993
37.707	-3.9647	-4.055
37.055	-7.808	-1.365
37.028	-8.0319	-2.3737
37.484	-2.9589	-2.2054
36.636	-1.8449	-4.6217
24.255	-1.0753	1.209
37.908	-5.4849	-2.8675
28.144	-11.285	-3.6351
36.304	-3.0943	-4.7781
36.383	-6.8969	0.11651
36.032	-2.4254	-5.2954
37.693	-6.9362	-2.1968
35.196	-7.2738	-0.20346
36.191	-1.9754	-1.1911
35.949	-7.0988	0.036498
32.924	-0.29634	0.38633
36.636	-8.1869	-3.6598
35.702	-1.5553	-5.3066
37.827	-3.3669	-2.5679
34.952	-6.4194	-5.1862
25.703	0.22142	-6.7138
37.718	-6.805	-2.3753
20.57	-11.951	-3.571
33.204	0.41913	-3.6203
36.349	-7.4662	-1.0629
32.301	0.83282	-1.4899
36.889	-6.3605	-0.64418
37.364	-6.6113	-2.4395
36.557	-6.012	0.058335
34.899	-8.9036	-2.1978
34.392	-0.67005	-5.3893
36.058	-0.71232	-3.8443
35.914	-2.1429	-5.1293
38.175	-6.4615	-2.3743
37.269	-6.594	-4.1428
36.296	-3.9297	-1.4904
34.929	-9.3154	-3.3453
33.624	-9.7678	-3.2114
35.452	-7.5059	-1.1164
36.034	-7.7111	-0.66814
37.161	-2.9571	-4.3767
35.801	-6.039	-0.10692
38.018	-6.5426	-1.8973
37.065	-2.8718	-1.9238
37.741	-3.5231	-1.6764
36.429	-1.94	-1.5444
38.124	-5.9004	-1.833
37.088	-2.7651	-4.3048
37.718	-6.2576	-0.89144
32.946	-10.118	-3.8613
38.042	-4.4673	-2.5642
35.311	-1.2939	-5.3454
36.716	-1.7406	-3.0904
37.657	-5.2865	-0.77623
28.415	-1.9853	0.6287
35.913	-2.1991	-5.1813
37.832	-5.746	-1.2789
37.809	-7.1081	-3.5919
37.022	-7.8526	-1.9066
35.963	-2.9456	-4.6888
29.139	-10.899	-4.2139
38.328	-5.5245	-1.6957
35.913	-3.5353	-0.26692
36.624	-2.5872	-4.7152
35.732	-7.4659	-0.892
37.405	-2.8884	-4.2719
27.224	-11.557	-2.9923
34.219	-0.7002	-5.219
36.409	-6.4671	-0.54685
29.133	0.029435	-6.8166
34.285	-0.88002	-5.7289
35.879	-1.4706	-5.0897
33.331	-0.8698	-4.6621
28.562	-11.373	-3.9338
34.954	-8.59	-1.2637
12.655	-12.024	-3.1062
33.259	-0.86748	-5.1327
38.313	-5.8634	-3.2643
36.875	-2.9204	-4.2667
36.875	-6.5702	-0.73131
32.785	0.6827	-1.7577
36.807	-2.7145	-1.7884
36.197	-2.5887	-0.88178
37.29	-3.1505	-4.2486
33.099	0.48603	-1.4884
34.092	-8.9227	-4.1576
37.012	-7.5666	-2.4787
36.947	-6.3535	-1.4057
24.144	-11.871	-4.1725
37.294	-5.8666	-0.45628
38.453	-6.2205	-2.5167
38.205	-3.7763	-2.7418
29.42	-11.225	-3.3753
37.148	-5.3387	-0.68234
26.075	-11.349	-3.6326
34.237	-0.72906	-5.5845
35.409	-7.9537	-0.78786
36.261	-5.9674	-0.39885
35.769	-1.1302	-4.9338
34.05	-7.3166	-5.0561
33.716	-7.4941	-2.944
36.741	-6.3389	-1.159
36.513	-7.4862	-2.793
36.212	-4.2356	-0.11937
30.542	1.6715	-0.25718
37.523	-5.7548	-4.5898
28.667	1.635	-0.37636
37.356	-5.2576	-1.0494
36.478	-7.7756	-0.57777
37.883	-3.842	-3.38
35.131	-9.2436	-3.3567
37.587	-5.2175	-1.004
36.221	-2.9564	-0.61513
38.637	-6.5948	-1.8103
36.956	-3.2025	-4.4751
29.985	-11.016	-3.6217
31.672	-6.1599	-5.747
36.491	-1.3732	-4.2775
37.131	-4.5617	-0.87893
31.827	0.24387	-1.1057
36.602	-7.2462	-0.74841
35.527	-1.6899	-5.4983
28.143	-0.79826	-6.7107
36.361	-7.4636	-0.51885
36.981	-6.59	-0.49138
37.82	-7.0502	-1.9993
36.574	-8.6753	-3.4189
37.993	-6.6047	-0.58157
36.619	-3.3442	-5.008
37.163	-4.0055	-1.8496
27.841	-0.46924	-6.7153
33.362	0.38835	-1.7634
38.275	-5.2304	-2.3682
36.744	-6.6862	-0.47204
29.038	-11.463	-3.3336
32	-9.0904	-4.758
34.952	-1.4921	-5.7799
35.586	-6.7863	-0.30952
29.473	-2.0004	1.2233
36.946	-7.1431	-0.98937
35.2	-1.6433	-5.5416
38.265	-6.0586	-2.7998
33.966	-0.18969	-0.95979
37.105	-2.5879	-1.2599
37.342	-6.7824	-1.0638
36.545	-7.0306	-0.54223
35.679	-7.0002	-1.2115
35.984	-1.9774	-4.2136
35.308	-9.5027	-2.4343
33.845	-9.7813	-3.7695
33.349	-0.35116	-2.0425
27.568	-0.41487	-6.818
33.366	-9.9976	-3.4617
19.483	-12.108	-3.7965
37.162	-5.5491	-4.7764
35.769	-6.9619	-0.47515
35.88	-8.2388	-4.4135
35.04	-7.5716	-1.0808
35.22	-1.6653	-1.0212
36.935	-5.5179	-1.3782
35.664	-1.6218	-5.105
26.332	2.8248	-0.26543
38.305	-4.7921	-2.3396
37.264	-6.0234	-0.95589
24.961	-12.173	-3.2356
36.493	-3.2037	-1.737
37.016	-2.6871	-3.6991
35.521	-7.0953	-0.81215
37.573	-6.2663	-0.94834
36.713	-2.7918	-3.6785
37.267	-2.9412	-1.1413
36.105	-7.5793	-1.0388
36.149	-3.6882	-0.088772
29.561	-2.1923	-0.92529
28.421	-10.501	-3.8962
37.543	-6.6177	-3.9242
36.013	-5.2962	-5.2194
31.616	-10.133	-3.0478
26.865	-11.889	-3.6093
34.944	-1.8333	-5.6746
33.974	-0.2086	-5.4289
27.421	-11.915	-3.1716
24.068	-11.949	-3.7635
36.904	-2.4271	-4.0264
32.829	-2.2829	-5.3286
36.607	-2.9684	-1.1872
36.922	-6.114	-0.78434
37.221	-6.042	-1.2144
35.954	-7.1988	-1.5628
35.692	-8.8069	-1.7571
37.491	-6.0219	-1.2997
35.9	-7.2416	-0.67509
36.618	-7.6655	-0.98104
29.945	-1.3699	-6.7296
32.161	0.91575	-1.7862
37.605	-6.5111	-0.87244
35.517	-6.5056	-0.50915
32.059	1.3109	-2.4168
29.196	-10.899	-4.0629
24.476	-1.1701	0.93116
36.747	-2.8716	-4.7368
38.014	-3.428	-3.3169
36.001	-6.2461	-0.9769
36.332	-6.6978	-0.47076
38.3	-5.7317	-1.6831
29.979	-11.824	-2.9049
37.151	-6.3028	-0.5405
36.12	-6.1442	-0.35725
36.271	-7.3453	-1.3238
36.488	-6.1858	-3.8549
35.366	-1.8119	-5.5672
36.371	-1.3748	-4.149
31.428	1.6486	-2.2588
30.715	1.0071	-0.9415
37.231	-3.9099	-4.7721
34.721	-8.3715	-4.579
36.514	-8.5327	-2.2652
36.083	-2.6015	-0.39972
35.498	-8.087	-2.6598
30.178	1.4558	-0.55411
33.074	-10.314	-3.0415
34.568	-8.0682	-4.3868
36.881	-6.9741	-1.2878
31.206	-10.908	-3.2517
20.185	-12.42	-3.592
37.199	-1.6237	-2.4917
36.947	-7.3373	-1.2444
33.778	0.11392	-0.5513
36.98	-3.2319	-1.217
36.125	-7.0592	-0.43751
30.989	1.3364	-1.2695
37.721	-2.718	-3.5393
36.492	-7.4624	-0.46387
35.897	-8.9728	-2.3728
36.92	-3.6492	-4.6394
36.993	-4.0546	-1.8566
34.583	-9.2741	-3.2361
34.344	-1.2254	-5.6987
35.742	-8.0212	-3.8443
37.001	-2.4226	-2.9225
35.171	-6.1369	-1.2886
37.028	-3.37	-4.176
33.298	0.35184	-3.695
30.361	0.79431	-0.83387
35.436	-6.7361	-0.95815
37.41	-6.4188	-0.83121
36.383	-1.4084	-1.6501
28.632	2.1882	-0.58482
34.186	-2.9176	0.81454
36.195	-4.2493	-5.2274
26.47	-1.2093	0.66759
36.233	-7.5856	-0.90686
36.421	-8.4179	-2.0881
37.469	-3.1858	-2.9957
35.257	-2.0901	-4.006
36.163	-7.092	-0.771
37.734	-5.9544	-4.0513
37.902	-5.9908	-2.0936
37.448	-6.4351	-3.4083
36.099	-7.3386	-0.73775
38.19	-5.2303	-3.4668
32.123	0.60269	-0.86491
32.053	1.3059	-1.5197
36.699	-4.6467	0.089536
27.83	-11.511	-3.6894
35.927	-2.6184	-5.194
36.378	-8.7082	-2.2334
37.434	-4.6484	-2.4277
36.422	-2.8263	-5.0446
37.128	-7.3771	-0.91807
36.806	-7.1946	-1.9069
34.659	-0.55942	-4.4261
36.328	-7.1272	-0.93379
36.281	-2.7152	-5.341
37.412	-6.2447	-2.696
35.967	-2.729	-0.69909
36.783	-8.0664	-2.712
36.508	-6.9874	-0.76697
37.295	-4.7406	-4.9434
37.907	-5.6622	-1.514
36.54	-2.6445	-3.9797
34.705	-0.88028	-5.109
35.571	-0.535	-3.7779
36.023	-3.1128	-0.9772
36.969	-6.9389	-2.1567
30.821	-10.653	-3.8519
34.81	-1.815	-0.71735
37.007	-3.2381	-4.6457
22.98	3.3486	0.063496
32.159	-10.433	-3.0039
37.195	-6.8729	-0.94274
34.005	-0.32428	-5.4688
37.776	-3.2527	-3.708
25.345	2.9604	0.81839
37.704	-6.9036	-3.5007
25.232	-11.836	-3.4376
35.212	-2.5121	-5.7232
38.366	-5.4234	-2.4492
29.989	-1.4419	-6.6104
37.702	-3.2554	-2.2478
36.695	-8.3244	-3.4796
22.216	-0.28528	1.8218
27.938	-0.14693	-6.4389
37.215	-2.1692	-3.2804
24.948	-1.1145	1.1193
35.868	-5.9551	-0.76246
28.015	-11.269	-3.5031
36.415	-2.8229	-5.3315
36.026	-2.1342	-5.1439
36.861	-6.3361	-0.60656
34.486	-9.5717	-3.7802
22.352	3.0673	1.2586
35.219	-2.1202	-1.3575
36.39	-6.9544	-0.46647
32.516	-0.5129	-6.2823
37.032	-6.1426	-0.88556
28.289	2.0839	-1.1024
33.548	-1.5978	0.067007
35.336	-1.5855	-5.3664
35.391	-7.7354	-2.7639
36.84	-7.9578	-3.3052
37.095	-3.2146	-1.7715
33.859	-9.2605	-2.5721
35.877	-8.4213	-3.4308
34.549	-0.84299	-5.6394
36.996	-7.5551	-2.6668
34.832	-7.3907	0.24362
33.235	-10.72	-2.9872
37.307	-6.0201	-1.5607
37.418	-2.9354	-2.5082
34.343	-1.6947	-5.9695
35.852	-6.3953	-0.66102
23.219	-11.625	-3.7246
25.658	-11.743	-4.0632
36.408	-7.0685	-0.74929
34.872	-9.2335	-3.1798
32.521	-10.366	-3.3013
35.301	-7.1362	-0.87532
36.981	-7.338	-4.1057
36.532	-2.2219	-4.9142
36.587	-6.9588	-0.9185
37.804	-3.758	-2.5106
37.188	-3.3266	-4.129
36.601	-3.3263	-0.83788
20.494	-12.103	-3.3423
37.343	-6.62	-3.3463
34.74	-1.4122	-5.6472
33.679	-0.86234	-0.17042
36.655	-3.0677	-4.4207
34.85	-8.5722	-4.0191
30.867	-10.809	-3.5384
37.307	-3.9139	-4.5918
36.667	-6.7386	-0.78268
31.457	-0.30158	-6.5963
35.913	-7.6121	-0.87189
36.13	-2.8164	-5.1146
35.209	-0.0088546	-1.6024
37.083	-6.3311	-0.76982
36.223	-7.7271	-1.0545
30.474	-10.434	-3.6727
35.745	-6.4161	-0.72233
34.25	-0.42419	-5.4538
35.158	-7.4175	-0.57039
37.835	-4.0336	-3.727
29.205	-1.0063	-6.6398
35.456	-3.3218	0.088323
29.803	-10.77	-3.5859
37.4	-5.3887	-1.203
38.39	-4.8164	-3.1837
28.169	-10.539	-4.4468
37.101	-6.2474	-1.5272
36.103	-2.9353	-0.50444
33.597	-0.56617	-5.3621
34.55	-8.264	-2.9045
35.071	-9.1648	-1.7033
37.21	-4.2579	-4.7383
35.826	-8.9178	-2.6398
29.572	-9.596	-4.4341
38.35	-4.2938	-3.138
33.688	-2.6749	1.0381
36.474	-2.0151	-4.8982
36.528	-6.7207	-0.3798
33.424	-10.084	-3.4669
35.861	-2.605	-5.277
34.46	-9.1908	-4.2253
38.32	-4.8525	-3.1108
37.496	-3.2443	-4.1554
26.909	2.6637	0.026832
23.052	-12.064	-3.317
37.644	-6.4692	-2.6675
36.848	-6.5595	-2.1398
29.035	1.6447	-0.066406
35.626	-7.5125	-0.57968
37.322	-7.6218	-1.4826
35.285	-8.2893	-0.64382
20.084	-12.312	-3.48
28.865	1.751	-0.48839
29.709	-10.969	-3.9119
37.772	-3.5059	-3.3861
36.942	-6.4637	-0.66239
33.758	0.38343	-3.2386
36.282	-1.236	-3.9953
36.872	-6.6326	-0.5159
27.991	-1.7102	0.46544
34.467	-0.7789	-5.5486
28.91	-10.416	-4.3339
36.451	-2.0925	-4.9467
29.772	1.7553	-0.20628
37.46	-4.4038	-1.0835
30.47	-9.6622	-4.3325
31.478	0.98321	-0.87069
36.431	-1.4634	-3.8262
36	-9.0717	-3.5695
37.711	-5.9719	-3.357
27.558	-11.495	-3.2371
24.502	-11.889	-4.0808
36.522	-7.3306	-1.1206
34.234	-9.0501	-4.1876
34.039	-8.7942	-4.1058
36.049	-2.8343	-0.31658
35.726	-3.108	-0.29894
37.247	-6.3258	-0.74275
36.663	-8.0185	-1.3392
36.819	-2.209	-4.6629
36.367	-7.0131	-1.7098
37.603	-3.5366	-2.3554
37.32	-2.9559	-2.0473
36.358	-3.1915	-4.9347
18.772	-12.196	-3.1299
32.75	-10.422	-2.8005
36.785	-1.4031	-3.5604
35.477	-1.5291	-5.0441
28.024	-11.618	-3.2678
38.028	-3.372	-3.8422
35.983	-6.7157	-0.25748
37.675	-7.2641	-2.5191
38.285	-6.068	-1.6478
37.648	-2.9954	-2.6871
36.758	-6.2914	-0.49534
37.3	-4.165	-1.6175
27.805	2.13	0.2655
33.741	-1.9733	-5.4226
36.11	-7.4497	-1.499
37.13	-3.482	-3.5833
37.065	-7.2034	-1.1197
35.676	-1.5634	-5.343
25.634	-1.2253	0.94194
36.345	-2.7504	-1.3676
35.006	-5.2704	-0.66318
21.515	-0.82075	1.3352
36.934	-7.1197	-1.3898
35.563	-2.7773	-0.24283
37.173	-2.6245	-3.9132
36.387	-2.0945	-4.6511
35.784	-2.114	-0.96068
37.664	-3.9756	-1.3644
33.453	-9.9212	-3.2833
28.418	-11.12	-3.9506
35.617	-3.9137	0.42156
35.863	-2.4069	-2.5622
35.028	-7.1752	-0.66195
35.812	-5.4805	-0.52955
35.948	-1.8128	-5.129
36.383	-2.5713	-5.1106
37.161	-6.9458	-4.105
33.48	-0.64767	-5.7709
36.767	-7.3284	-1.2693
34.688	-1.4445	-4.5017
35.727	-1.6297	-5.1851
27.955	2.3396	-0.87238
33.377	-10.479	-2.644
32.498	-1.6331	0.075498
37.362	-2.3661	-4.0574
37.957	-5.771	-1.0749
36.775	-7.7189	-0.67347
37.412	-4.5111	-2.4789
36.828	-7.5118	-1.7764
34.807	-9.2413	-0.70097
37.16	-6.5484	-1.2193
36.12	-6.8519	-0.23334
38.418	-4.7373	-1.7362
33.209	-1.3065	0.58739
36.674	-2.2954	-4.338
36.732	-2.5374	-4.5019
37.642	-6.2693	-1.2363
34.288	-1.2429	-5.9811
34.357	-6.5455	-4.6842
33.459	-6.2113	-5.0877
34.398	-1.8175	-6.1834
28.402	1.6858	-0.84161
36.054	-8.1439	-2.2738
36.711	-5.4696	-0.059321
36.851	-6.8	-1.1773
38.242	-5.918	-2.1091
37.137	-3.3898	-4.8805
37.779	-6.3044	-1.8107
34.925	-1.4506	-5.7603
36.307	-6.6518	-5.0565
37.216	-7.7869	-1.3901
34.201	-6.8832	-5.1613
37.024	-5.0281	-5.0016
31.076	-10.596	-3.1788
37.732	-3.9914	-1.8724
28.05	2.1178	-0.84351
29.068	1.9082	-0.13313
38.105	-6.1144	-1.8308
31.208	-10.341	-3.9103
37.164	-3.1932	-4.4762
35.947	-7.6318	-0.92707
26.384	-11.718	-3.1602
17.539	-12.176	-3.6076
27.847	-1.0006	-6.7591
28.06	-11.31	-4.1272
26.252	2.4373	0.2568
36.415	-1.8489	-3.4901
36.414	-6.6305	-0.54073
36.926	-6.1455	-1.226
37.013	-1.3675	-2.5758
31.516	-1.6663	-1.0651
23.685	-0.6064	0.95115
27.546	2.3168	-0.11179
36.582	-3.2051	-5.0006
37.103	-6.8195	-0.88503
36.399	-7.0935	-1.8265
35.481	-2.2084	-0.77026
27.377	2.5778	-0.06166
29.712	-0.9678	-6.7499
37.899	-7.3266	-2.9614
36.681	-7.6883	-1.3233
36.539	-6.8839	-1.4043
36.927	-2.4784	-4.6331
37.289	-5.8562	-1.1742
36.35	-1.06	-3.5694
36.839	-2.8458	-4.6107
34.409	-9.3628	-3.4874
21.749	-12.082	-3.1072
36.479	-2.3034	-4.7111
35.35	-9.2134	-2.9742
37.069	-7.3037	-1.1191
37.293	-2.0806	-4.0461
37.112	-7.3561	-1.2594
35.298	-7.0473	-0.77197
34.237	-8.2289	-3.8283
38.056	-5.1676	-2.5888
35.642	-2.2581	-5.5624
37.132	-6.4566	-0.84542
33.381	-2.7503	-0.92077
36.842	-7.1254	-1.1484
36.903	-6.0825	-1.1782
36.19	-1.7172	-3.5639
34.92	-2.2908	-0.34357
38.043	-4.5569	-3.3936
35.541	-0.99494	-3.919
37.769	-5.0176	-1.871
35.269	-8.6907	-0.96378
36.885	-8.2585	-1.4113
34.961	-9.0902	-2.5955
36.838	-3.1052	-0.58324
27.664	-10.9	-3.9195
23.422	-0.66444	0.89025
29.878	1.9333	-3.6835
38.515	-5.1784	-2.2231
38.137	-5.8416	-1.5113
37.654	-2.3191	-2.4915
35.139	-7.3104	-0.6746
29.667	-0.36181	-6.2471
34.572	-9.5317	-2.8881
36.627	-2.2565	-4.6513
38.041	-6.1191	-1.0396
35.898	-7.0416	-0.93679
33.998	-7.9864	-0.16569
35.179	-4.4275	-0.35156
35.475	-6.9959	-0.76676
32.07	1.4293	-2.3833
35.045	-8.4451	-3.0206
36.626	-6.7312	-0.7282
28.783	-1.1034	-6.5278
35.933	-8.4365	-1.8553
32.506	-10.224	-2.3987
34.744	-7.6455	-4.2175
35.716	-8.4489	-2.1184
31.72	-0.96702	0.3544
36.751	-6.7733	-0.83624
26.305	2.5123	-0.34699
37.254	-3.0555	-4.385
34.17	-1.3725	0.13005
36.772	-2.0808	-3.8427
28.764	-0.51537	-6.6424
38.014	-5.9577	-1.8809
34.574	-3.6874	0.49795
36.293	-1.505	-4.5643
36.234	-7.6629	-0.97961
34.65	-7.5723	-2.293
36.083	-8.5847	-3.8822
27.103	-1.7895	0.51807
36.16	-3.0067	-5.1595
33.832	-9.4165	-3.2844
35.349	-1.7696	-4.8635
37.166	-4.2299	-4.5378
34.808	-9.1052	-3.57
35.873	-6.1718	0.076158
35.622	-2.128	-5.639
37.437	-6.1818	-4.1612
36.152	-7.3342	-0.95071
35.261	-1.5128	-5.0484
33.824	-9.9319	-3.7705
35.159	-5.0452	-1.1061
30.039	-10.6	-3.9322
30.135	-9.1454	-4.2499
29.138	-11.188	-3.8476
35.92	-6.9901	-0.49628
31.224	0.17342	-5.7504
35.622	-3.6657	-1.0615
37.487	-6.2291	-1.7669
35.929	-8.1243	-1.4357
33.353	-0.15211	-5.6436
34.134	-10.156	-2.7773
35.54	-1.4891	-4.931
34.026	-9.7903	-3.2879
36.626	-5.7911	-1.2278
24.178	-11.704	-3.6301
37.404	-5.4861	-1.3972
33.892	-0.68384	-5.8885
24.368	3.7988	0.25655
25.316	0.0397	0.96357
36.37	-2.9592	-4.9675
36.177	-2.5183	-1.6875
34.494	-0.21675	-1.9609
36.989	-2.1522	-4.4694
29.538	-10.738	-4.0519
37.198	-6.5255	-1.0386
36.164	-7.808	-2.0116
26.615	-11.683	-3.4185
35.959	-8.016	-1.3819
37.27	-6.2276	-1.1357
36.454	-6.533	0.32032
36.452	-2.8956	-0.53636
33.279	-10.124	-3.4263
26.736	2.6919	-0.6298
37.768	-2.7583	-2.6984
35.59	-2.7801	-5.4654
37.579	-7.1001	-2.0947
36.093	-8.6628	-3.2445
33.734	-9.5652	-3.4776
38.216	-4.6273	-2.5373
27.089	-11.553	-3.8875
32.801	-10.494	-2.9191
38.241	-4.5629	-4.0563
37.785	-3.759	-1.4766
38.276	-5.2348	-2.0977
37.742	-3.366	-3.0438
27.815	-0.57083	-6.707
28.23	-0.50422	-6.5389
29.63	-0.92416	-6.7941
33.189	-2.0783	0.76822
34.078	-0.040589	-5.3448
36.923	-2.6406	-4.693
30.923	-10.273	-3.951
33.454	-0.75361	-5.856
37.946	-3.4073	-2.4633
24.271	-12.112	-3.4109
36.432	-7.4201	-0.80639
35.365	-1.0409	-4.4356
36.627	-4.0545	-5.0559
36.92	-5.8143	-0.62305
36.617	-3.1258	-4.9507
35.936	-1.5523	-5.1143
22.13	-12.369	-2.9595
35.285	-7.5377	0.066807
34.246	-1.9271	-6.1455
35.563	-0.78294	-4.4159
37.246	-2.3567	-4.2847
36.836	-2.003	-4.5542
35.681	-7.0142	0.034118
28.476	2.3052	-0.21928
36.702	-4.5632	-0.72328
35.022	-2.2931	-0.30106
36.997	-2.8596	-4.6194
31.828	1.1086	-2.2523
35.129	-7.3311	-0.43908
35.687	-2.4359	-5.3201
26.988	-0.92323	0.91876
31.846	-3.3065	-0.63738
33.401	-1.0653	-5.7202
36.04	-6.7814	-0.20054
34.114	-0.95412	-5.5611
36.599	-6.6278	-0.62335
37.135	-6.6056	-1.2216
38.176	-5.8106	-2.8118
37.58	-4.0989	-3.3811
35.637	-6.7245	-0.37612
35.282	-0.54191	-4.5888
35.082	-1.3413	-5.5522
35.866	-8.262	-4.0059
37.104	-7.4099	-0.84084
35.513	-9.1151	-3.2543
36.187	-7.133	-0.64214
35.107	-0.70271	-4.7009
37.184	-1.7013	-2.732
37.267	-6.9481	-1.9059
32.963	-0.82231	0.13576
35.467	-1.2018	-5.1814
19.144	-11.629	-3.5846
35.444	-3.6749	-0.45329
33.256	-0.209	-5.6186
38.277	-5.7043	-2.5148
35.262	-6.5396	-0.11959
36.147	-2.2079	-4.9607
25.063	2.6942	0.50611
35.954	-7.1833	-0.97152
31.359	1.133	-1.4757
36.883	-3.2841	-4.7561
37.07	-3.5895	-4.5398
29.455	1.4441	-0.33154
30.771	-10.607	-3.8479
35.249	-6.5454	-5.549
37.709	-3.0288	-3.4199
36.433	-4.7672	-1.4114
27.534	-0.34665	-6.4868
36.086	-7.7136	-1.5338
38.056	-6.0844	-2.1369
34.733	-2.7372	-1.1845
34.09	-1.9336	-5.9096
30.214	-10.125	-4.3742
36.733	-2.908	-4.739
32.649	-1.5728	0.16861
35.94	-8.616	-2.4003
38.211	-6.7695	-2.7243
34.473	-6.0424	-5.0366
36.627	-6.1571	-0.69163
36.064	-7.1385	-1.2273
28.21	-11.078	-3.6007
33.526	-9.8154	-3.646
37.809	-4.4404	-2.6843
36.294	-2.8729	-4.9081
36.932	-2.2441	-4.676
34.882	-7.8087	-4.7386
36.476	-7.382	-1.0621
37.275	-3.0113	-4.2995
37.16	-7.4515	-1.5202
29.493	-2.0896	-0.37662
36.008	-4.144	0.37998
33.871	-0.68123	-5.6772
26.97	-0.27744	-6.7405
34.878	-7.421	-4.5206
36.796	-7.0838	-1.2456
36.362	-7.0014	-1.1047
20.626	-11.99	-3.1838
37.31	-7.5264	-2.6178
30.671	-0.85242	-6.8893
16.859	-12.177	-3.2421
36.905	-4.2578	-0.4808
35.511	-1.8353	-5.3157
21.085	3.772	0.79139
37.367	-3.737	-1.2535
36.651	-7.5829	-1.2475
35.014	-8.2377	-0.58041
36.616	-6.8313	-0.47681
36.201	-2.0957	-4.461
36.759	-7.1446	-0.57465
35.043	-1.2339	-5.4064
36.334	-6.388	-0.29077
35.239	-3.0074	-0.11223
33.832	-8.7472	-3.3011
29.377	1.7668	-0.97623
36.531	-6.2769	-0.45093
35.735	-6.5504	-5.0381
36.185	-8.2947	-3.287
30.382	1.5907	-0.49021
36.292	-7.3381	-2.103
30.558	0.84485	-0.90212
